0 0.63671875 0.9027777777777778 0.638671875 0.9027777777777778 0.642578125 0.9131944444444444 0.642578125 0.9270833333333334 0.638671875 0.9270833333333334 0.63671875 0.9236111111111112 0.63671875 0.90625
0 0.623046875 0.4826388888888889 0.6328125 0.4826388888888889 0.63671875 0.4861111111111111 0.630859375 0.4965277777777778 0.634765625 0.5104166666666666 0.634765625 0.5451388888888888 0.630859375 0.5520833333333334 0.625 0.5520833333333334 0.625 0.5416666666666666 0.623046875 0.5381944444444444 0.623046875 0.5243055555555556 0.626953125 0.5069444444444444 0.626953125 0.4965277777777778 0.623046875 0.4861111111111111
0 0.494140625 0.6388888888888888 0.49609375 0.6388888888888888 0.501953125 0.6527777777777778 0.501953125 0.6736111111111112 0.5 0.6736111111111112 0.49609375 0.6631944444444444 0.494140625 0.6423611111111112
0 0.466796875 0.6319444444444444 0.47265625 0.6319444444444444 0.4765625 0.6388888888888888 0.4765625 0.6631944444444444 0.478515625 0.6666666666666666 0.478515625 0.6701388888888888 0.474609375 0.6701388888888888 0.474609375 0.6666666666666666 0.466796875 0.6527777777777778 0.46484375 0.6458333333333334 0.46484375 0.6388888888888888 0.466796875 0.6354166666666666
0 0.5078125 0.0625 0.521484375 0.0625 0.515625 0.07291666666666667 0.51953125 0.08680555555555555 0.51953125 0.09722222222222222 0.517578125 0.10069444444444445 0.517578125 0.1076388888888889 0.50390625 0.13194444444444445 0.49609375 0.13194444444444445 0.4921875 0.125 0.4921875 0.10069444444444445 0.490234375 0.09375 0.49609375 0.09375 0.509765625 0.06944444444444445 0.509765625 0.06597222222222222
0 0.609375 0.6805555555555556 0.609375 0.7013888888888888 0.61328125 0.7048611111111112 0.615234375 0.7118055555555556 0.611328125 0.7222222222222222 0.61328125 0.7291666666666666 0.599609375 0.7256944444444444 0.6015625 0.7222222222222222 0.6015625 0.7152777777777778 0.60546875 0.7118055555555556 0.60546875 0.7048611111111112 0.599609375 0.6944444444444444 0.607421875 0.6840277777777778
0 0.5 0.5694444444444444 0.50390625 0.5659722222222222 0.50390625 0.5729166666666666 0.509765625 0.5902777777777778 0.509765625 0.6076388888888888 0.5078125 0.6076388888888888 0.501953125 0.5729166666666666
0 0.439453125 0.010416666666666666 0.44140625 0.017361111111111112 0.44140625 0.06944444444444445 0.439453125 0.07291666666666667 0.4375 0.06944444444444445 0.4375 0.059027777777777776 0.435546875 0.05555555555555555 0.435546875 0.020833333333333332 0.4375 0.013888888888888888
0 0.49609375 0.3402777777777778 0.498046875 0.3402777777777778 0.5 0.3541666666666667 0.50390625 0.3645833333333333 0.50390625 0.375 0.501953125 0.375 0.5 0.3611111111111111 0.49609375 0.3506944444444444 0.49609375 0.34375
0 0.6484375 0.5486111111111112 0.650390625 0.5486111111111112 0.654296875 0.5625 0.654296875 0.5902777777777778 0.650390625 0.6006944444444444 0.646484375 0.6006944444444444 0.64453125 0.5972222222222222 0.64453125 0.5659722222222222 0.6484375 0.5520833333333334
0 0.65234375 0.4861111111111111 0.658203125 0.4826388888888889 0.658203125 0.5520833333333334 0.654296875 0.5486111111111112 0.654296875 0.53125 0.65234375 0.5277777777777778 0.65234375 0.5 0.654296875 0.4930555555555556 0.65234375 0.4895833333333333
0 0.484375 0.2638888888888889 0.486328125 0.2638888888888889 0.48828125 0.2708333333333333 0.48828125 0.2916666666666667 0.484375 0.2916666666666667 0.484375 0.2673611111111111
0 0.5859375 0.2152777777777778 0.58984375 0.2152777777777778 0.599609375 0.22569444444444445 0.611328125 0.25 0.61328125 0.2777777777777778 0.611328125 0.28125 0.611328125 0.3020833333333333 0.609375 0.3055555555555556 0.609375 0.3298611111111111 0.615234375 0.3472222222222222 0.607421875 0.3402777777777778 0.595703125 0.34375 0.595703125 0.3402777777777778 0.603515625 0.3263888888888889 0.603515625 0.3159722222222222 0.595703125 0.2986111111111111 0.591796875 0.2743055555555556 0.58984375 0.2708333333333333 0.5859375 0.2708333333333333 0.5859375 0.24305555555555555 0.583984375 0.23958333333333334 0.583984375 0.2222222222222222 0.5859375 0.21875
0 0.61328125 0.4965277777777778 0.619140625 0.4965277777777778 0.619140625 0.5138888888888888 0.62109375 0.5173611111111112 0.62109375 0.5486111111111112 0.619140625 0.5520833333333334 0.611328125 0.5520833333333334 0.609375 0.5451388888888888 0.609375 0.5243055555555556 0.61328125 0.5104166666666666 0.61328125 0.5
0 0.462890625 0.34375 0.466796875 0.3541666666666667 0.466796875 0.3680555555555556 0.46484375 0.3680555555555556 0.462890625 0.3472222222222222
0 0.63671875 0.9027777777777778 0.638671875 0.9027777777777778 0.642578125 0.9131944444444444 0.642578125 0.9270833333333334 0.64453125 0.9340277777777778 0.650390625 0.9409722222222222 0.646484375 0.9479166666666666 0.640625 0.9479166666666666 0.638671875 0.9444444444444444 0.63671875 0.90625
0 0.455078125 0.3020833333333333 0.458984375 0.3055555555555556 0.458984375 0.3125 0.462890625 0.3263888888888889 0.462890625 0.3333333333333333 0.4609375 0.3368055555555556 0.458984375 0.3333333333333333 0.455078125 0.3055555555555556
0 0.556640625 0.6423611111111112 0.560546875 0.6597222222222222 0.580078125 0.6597222222222222 0.580078125 0.6666666666666666 0.57421875 0.6666666666666666 0.5703125 0.6736111111111112 0.5703125 0.6840277777777778 0.568359375 0.6840277777777778 0.5625 0.6701388888888888 0.5546875 0.6666666666666666 0.5546875 0.6458333333333334
0 0.6341145833333334 0.08333333333333333 0.008854166666666666 0.06851851851851852
0 0.4765625 0.3263888888888889 0.478515625 0.3263888888888889 0.478515625 0.3333333333333333 0.482421875 0.34375 0.482421875 0.3576388888888889 0.484375 0.3611111111111111 0.482421875 0.3645833333333333 0.482421875 0.3576388888888889 0.4765625 0.3402777777777778 0.4765625 0.3298611111111111
0 0.474609375 0.2569444444444444 0.4765625 0.2569444444444444 0.4765625 0.2743055555555556 0.478515625 0.2777777777777778 0.4765625 0.2916666666666667 0.474609375 0.2916666666666667 0.474609375 0.2604166666666667
0 0.564453125 0.4131944444444444 0.56640625 0.4166666666666667 0.572265625 0.4166666666666667 0.572265625 0.4201388888888889 0.55859375 0.4201388888888889 0.556640625 0.4236111111111111 0.55078125 0.4236111111111111 0.548828125 0.4201388888888889 0.552734375 0.4131944444444444 0.5625 0.4131944444444444
0 0.49609375 0.2673611111111111 0.498046875 0.2673611111111111 0.498046875 0.28125 0.5 0.2847222222222222 0.5 0.2916666666666667 0.498046875 0.2951388888888889 0.498046875 0.2777777777777778 0.49609375 0.2708333333333333
0 0.498046875 0.3958333333333333 0.501953125 0.3958333333333333 0.50390625 0.4027777777777778 0.50390625 0.4201388888888889 0.501953125 0.4201388888888889 0.5 0.3993055555555556
0 0.4921875 0.59375 0.494140625 0.59375 0.498046875 0.6076388888888888 0.498046875 0.6145833333333334 0.501953125 0.6215277777777778 0.501953125 0.6354166666666666 0.49609375 0.6354166666666666 0.494140625 0.6284722222222222 0.494140625 0.6145833333333334 0.4921875 0.6111111111111112 0.4921875 0.5972222222222222
0 0.53125 0.2916666666666667 0.533203125 0.2881944444444444 0.537109375 0.2916666666666667 0.537109375 0.3229166666666667 0.53515625 0.3263888888888889 0.53515625 0.3368055555555556 0.533203125 0.3368055555555556 0.533203125 0.2951388888888889
0 0.61328125 0.6145833333333334 0.611328125 0.6076388888888888 0.611328125 0.5902777777777778 0.62109375 0.5520833333333334 0.625 0.5555555555555556 0.626953125 0.59375 0.62109375 0.6111111111111112 0.619140625 0.6145833333333334 0.615234375 0.6145833333333334
0 0.501953125 0.2881944444444444 0.50390625 0.2881944444444444 0.50390625 0.2951388888888889 0.505859375 0.2986111111111111 0.505859375 0.3194444444444444 0.50390625 0.3194444444444444 0.50390625 0.3020833333333333 0.501953125 0.2986111111111111 0.501953125 0.2916666666666667