0 0.62109375 0.9442508710801394 0.625 0.9442508710801394 0.626953125 0.9407665505226481 0.63671875 0.9442508710801394 0.63671875 0.9651567944250871 0.626953125 0.9651567944250871 0.625 0.9616724738675958 0.62109375 0.9616724738675958 0.62109375 0.9547038327526133 0.619140625 0.9512195121951219 0.615234375 0.9512195121951219 0.619140625 0.9512195121951219 0.62109375 0.9477351916376306
0 0.59765625 0.6236933797909407 0.603515625 0.6236933797909407 0.615234375 0.6376306620209059 0.615234375 0.6794425087108014 0.611328125 0.6829268292682927 0.60546875 0.6829268292682927 0.603515625 0.686411149825784 0.58984375 0.6829268292682927 0.58984375 0.6480836236933798 0.59375 0.6445993031358885 0.59375 0.6341463414634146 0.595703125 0.6341463414634146 0.59765625 0.627177700348432
0 0.4609375 0.4355400696864111 0.462890625 0.43902439024390244 0.47265625 0.4425087108013937 0.47265625 0.4529616724738676 0.46875 0.4529616724738676 0.466796875 0.4564459930313589 0.46484375 0.4564459930313589 0.46875 0.4529616724738676 0.466796875 0.44947735191637633 0.45703125 0.445993031358885 0.455078125 0.43902439024390244 0.451171875 0.43902439024390244 0.458984375 0.4355400696864111
0 0.546875 0.9442508710801394 0.55078125 0.9442508710801394 0.552734375 0.9407665505226481 0.5546875 0.9442508710801394 0.5625 0.9442508710801394 0.5625 0.9965156794425087 0.552734375 0.9965156794425087 0.552734375 0.9895470383275261 0.55078125 0.9860627177700348 0.546875 0.9860627177700348 0.546875 0.9477351916376306
0 0.525390625 0.4250871080139373 0.533203125 0.4250871080139373 0.53515625 0.43205574912891986 0.55859375 0.43205574912891986 0.55859375 0.4355400696864111 0.541015625 0.4355400696864111 0.53515625 0.4425087108013937 0.533203125 0.445993031358885 0.533203125 0.47038327526132406 0.53515625 0.4738675958188153 0.533203125 0.4738675958188153 0.53125 0.47038327526132406 0.525390625 0.47038327526132406 0.525390625 0.42857142857142855
0 0.47265625 0.8327526132404182 0.478515625 0.8327526132404182 0.48046875 0.8292682926829268 0.482421875 0.8327526132404182 0.490234375 0.8327526132404182 0.490234375 0.8501742160278746 0.484375 0.8501742160278746 0.484375 0.8432055749128919 0.482421875 0.8397212543554007 0.47265625 0.8397212543554007 0.47265625 0.8362369337979094
0 0.51171875 0.08710801393728224 0.52734375 0.08710801393728224 0.529296875 0.09407665505226481 0.5390625 0.10104529616724739 0.544921875 0.10104529616724739 0.55078125 0.10801393728222997 0.5546875 0.10801393728222997 0.55859375 0.11498257839721254 0.55859375 0.11846689895470383 0.5546875 0.12195121951219512 0.548828125 0.12195121951219512 0.546875 0.11846689895470383 0.533203125 0.11846689895470383 0.53125 0.11498257839721254 0.51953125 0.11498257839721254 0.509765625 0.10452961672473868 0.509765625 0.09407665505226481 0.51171875 0.09059233449477352
0 0.59375 0.7282229965156795 0.6015625 0.7282229965156795 0.6015625 0.7874564459930313 0.595703125 0.794425087108014 0.587890625 0.794425087108014 0.5859375 0.7979094076655052 0.572265625 0.794425087108014 0.572265625 0.7665505226480837 0.57421875 0.7665505226480837 0.576171875 0.759581881533101 0.58203125 0.7560975609756098 0.5859375 0.7456445993031359 0.591796875 0.7421602787456446 0.59375 0.7386759581881533 0.59375 0.7317073170731707
0 0.49609375 0.4912891986062718 0.513671875 0.4912891986062718 0.513671875 0.5087108013937283 0.509765625 0.5121951219512195 0.5078125 0.5121951219512195 0.5078125 0.5017421602787456 0.505859375 0.49825783972125437 0.49609375 0.49825783972125437 0.49609375 0.49477351916376305
0 0.650390625 0.17770034843205576 0.65625 0.17770034843205576 0.65625 0.20905923344947736 0.65234375 0.21254355400696864 0.638671875 0.20905923344947736 0.638671875 0.1916376306620209 0.6484375 0.1916376306620209 0.650390625 0.18815331010452963 0.650390625 0.18118466898954705
0 0.48046875 0.8397212543554007 0.486328125 0.8397212543554007 0.48828125 0.8362369337979094 0.4921875 0.8397212543554007 0.498046875 0.8397212543554007 0.498046875 0.8501742160278746 0.48046875 0.8501742160278746 0.48046875 0.8432055749128919
0 0.57421875 0.6097560975609756 0.578125 0.6132404181184669 0.578125 0.6167247386759582 0.58203125 0.6202090592334495 0.58203125 0.6236933797909407 0.5859375 0.627177700348432 0.587890625 0.6341463414634146 0.58984375 0.6341463414634146 0.58984375 0.6445993031358885 0.591796875 0.6480836236933798 0.591796875 0.6829268292682927 0.58984375 0.686411149825784 0.591796875 0.710801393728223 0.587890625 0.710801393728223 0.5859375 0.7142857142857143 0.58203125 0.710801393728223 0.57421875 0.710801393728223 0.572265625 0.7142857142857143 0.56640625 0.710801393728223 0.572265625 0.7073170731707317 0.580078125 0.6968641114982579 0.580078125 0.6933797909407665 0.576171875 0.6898954703832753 0.57421875 0.6759581881533101 0.5703125 0.6724738675958188 0.5703125 0.6585365853658537 0.5625 0.6515679442508711 0.5625 0.6445993031358885 0.56640625 0.6411149825783972 0.56640625 0.6132404181184669 0.572265625 0.6097560975609756
0 0.466796875 0.43902439024390244 0.4765625 0.43902439024390244 0.478515625 0.445993031358885 0.482421875 0.445993031358885 0.482421875 0.4634146341463415 0.478515625 0.4634146341463415 0.4765625 0.45993031358885017 0.47265625 0.45993031358885017 0.47265625 0.4529616724738676 0.470703125 0.44947735191637633 0.466796875 0.44947735191637633 0.466796875 0.4425087108013937
0 0.47265625 0.7909407665505227 0.482421875 0.7909407665505227 0.482421875 0.794425087108014 0.486328125 0.7979094076655052 0.486328125 0.8083623693379791 0.48046875 0.8118466898954704 0.484375 0.8083623693379791 0.482421875 0.8048780487804879 0.47265625 0.8013937282229965 0.47265625 0.794425087108014
0 0.478515625 0.42160278745644597 0.484375 0.42160278745644597 0.498046875 0.43205574912891986 0.498046875 0.445993031358885 0.49609375 0.445993031358885 0.494140625 0.43902439024390244 0.486328125 0.4355400696864111 0.484375 0.42857142857142855 0.478515625 0.4250871080139373
0 0.455078125 0.40418118466898956 0.47265625 0.40069686411149824 0.4765625 0.40418118466898956 0.4765625 0.41114982578397213 0.470703125 0.41114982578397213 0.46875 0.40418118466898956 0.45703125 0.40418118466898956
0 0.45703125 0.8048780487804879 0.474609375 0.8048780487804879 0.474609375 0.8153310104529616 0.470703125 0.818815331010453 0.46875 0.818815331010453 0.46875 0.8118466898954704 0.466796875 0.8083623693379791 0.45703125 0.8083623693379791
0 0.5234375 0.8501742160278746 0.525390625 0.8501742160278746 0.525390625 0.8536585365853658 0.529296875 0.8571428571428571 0.53125 0.8641114982578397 0.53515625 0.8641114982578397 0.53515625 0.867595818815331 0.5390625 0.8710801393728222 0.5390625 0.8780487804878049 0.54296875 0.8815331010452961 0.54296875 0.8954703832752613 0.533203125 0.8989547038327527 0.53125 0.89198606271777 0.52734375 0.8885017421602788 0.52734375 0.8815331010452961 0.5234375 0.8780487804878049 0.5234375 0.8536585365853658
0 0.330078125 0.2613240418118467 0.33203125 0.2613240418118467 0.33203125 0.2926829268292683 0.32421875 0.2961672473867596 0.318359375 0.30313588850174217 0.31640625 0.29965156794425085 0.310546875 0.29965156794425085 0.310546875 0.2787456445993031 0.31640625 0.2787456445993031 0.318359375 0.27177700348432055 0.322265625 0.27177700348432055 0.330078125 0.26480836236933797
0 0.455078125 0.4076655052264808 0.46484375 0.41114982578397213 0.46484375 0.4146341463414634 0.46875 0.4181184668989547 0.46875 0.43205574912891986 0.466796875 0.43205574912891986 0.46484375 0.4250871080139373 0.4609375 0.4250871080139373 0.458984375 0.4181184668989547 0.455078125 0.4181184668989547 0.455078125 0.41114982578397213
0 0.44921875 0.4738675958188153 0.46484375 0.4738675958188153 0.466796875 0.4808362369337979 0.470703125 0.4808362369337979 0.470703125 0.4878048780487805 0.466796875 0.4878048780487805 0.46484375 0.4912891986062718 0.466796875 0.4878048780487805 0.46484375 0.4843205574912892 0.4609375 0.4843205574912892 0.458984375 0.47735191637630664 0.451171875 0.4738675958188153
0 0.529296875 0.686411149825784 0.544921875 0.686411149825784 0.546875 0.6829268292682927 0.564453125 0.6829268292682927 0.56640625 0.686411149825784 0.5703125 0.686411149825784 0.5703125 0.6898954703832753 0.552734375 0.6898954703832753 0.55078125 0.6933797909407665 0.537109375 0.6933797909407665 0.53515625 0.6898954703832753 0.529296875 0.6898954703832753
0 0.4921875 0.43902439024390244 0.498046875 0.43902439024390244 0.501953125 0.4425087108013937 0.50390625 0.44947735191637633 0.509765625 0.44947735191637633 0.513671875 0.4529616724738676 0.515625 0.45993031358885017 0.517578125 0.45993031358885017 0.517578125 0.47038327526132406 0.51171875 0.47038327526132406 0.51171875 0.46689895470383275 0.50390625 0.45993031358885017 0.50390625 0.4564459930313589 0.5 0.4529616724738676 0.498046875 0.445993031358885 0.4921875 0.4425087108013937
0 0.6328125 0.8048780487804879 0.646484375 0.8048780487804879 0.646484375 0.8083623693379791 0.642578125 0.8118466898954704 0.646484375 0.8153310104529616 0.646484375 0.8222996515679443 0.650390625 0.8257839721254355 0.650390625 0.8292682926829268 0.654296875 0.8327526132404182 0.65625 0.8397212543554007 0.658203125 0.8397212543554007 0.658203125 0.8885017421602788 0.6484375 0.8885017421602788 0.646484375 0.89198606271777 0.640625 0.8885017421602788 0.640625 0.8815331010452961 0.63671875 0.8780487804878049 0.63671875 0.867595818815331 0.6328125 0.8641114982578397 0.6328125 0.8362369337979094 0.62890625 0.8327526132404182 0.62890625 0.8257839721254355 0.6328125 0.8222996515679443 0.6328125 0.8083623693379791
0 0.466796875 0.10801393728222997 0.470703125 0.10801393728222997 0.47265625 0.11498257839721254 0.4765625 0.11498257839721254 0.478515625 0.11846689895470383 0.490234375 0.11846689895470383 0.490234375 0.1254355400696864 0.482421875 0.13240418118466898 0.482421875 0.14634146341463414 0.484375 0.15331010452961671 0.48828125 0.156794425087108 0.48828125 0.18118466898954705 0.484375 0.18466898954703834 0.482421875 0.1986062717770035 0.47265625 0.20905923344947736 0.46875 0.20905923344947736 0.46484375 0.21602787456445993 0.458984375 0.21602787456445993 0.455078125 0.20905923344947736 0.451171875 0.20905923344947736 0.451171875 0.20209059233449478 0.44921875 0.1986062717770035 0.44921875 0.18118466898954705 0.4453125 0.17770034843205576 0.4453125 0.17421602787456447 0.453125 0.17073170731707318 0.45703125 0.1602787456445993 0.4609375 0.156794425087108 0.462890625 0.14634146341463414 0.474609375 0.13240418118466898 0.474609375 0.1254355400696864 0.46875 0.11846689895470383 0.466796875 0.11149825783972125
0 0.474609375 0.7874564459930313 0.486328125 0.7874564459930313 0.48828125 0.7839721254355401 0.49609375 0.7874564459930313 0.49609375 0.8013937282229965 0.48046875 0.7909407665505227 0.474609375 0.7909407665505227
0 0.611328125 0.156794425087108 0.61328125 0.156794425087108 0.61328125 0.20209059233449478 0.609375 0.20557491289198607 0.603515625 0.20557491289198607 0.6015625 0.20905923344947736 0.59765625 0.20209059233449478 0.591796875 0.20209059233449478 0.591796875 0.18815331010452963 0.59765625 0.18815331010452963 0.599609375 0.18466898954703834 0.599609375 0.17073170731707318 0.603515625 0.17073170731707318 0.60546875 0.16376306620209058 0.609375 0.16376306620209058 0.611328125 0.1602787456445993
0 0.634765625 0.05226480836236934 0.646484375 0.05226480836236934 0.65625 0.059233449477351915 0.65625 0.09407665505226481 0.654296875 0.09407665505226481 0.65234375 0.09059233449477352 0.6484375 0.09059233449477352 0.6484375 0.08362369337979095 0.646484375 0.08013937282229965 0.642578125 0.08013937282229965 0.642578125 0.07317073170731707 0.640625 0.06968641114982578 0.634765625 0.06968641114982578 0.634765625 0.05574912891986063
0 0.46484375 0.3623693379790941 0.486328125 0.3623693379790941 0.486328125 0.37282229965156793 0.484375 0.37282229965156793 0.482421875 0.3797909407665505 0.48046875 0.3797909407665505 0.4765625 0.36585365853658536 0.46484375 0.36585365853658536
0 0.49609375 0.8850174216027874 0.5 0.8815331010452961 0.509765625 0.8815331010452961 0.51171875 0.8885017421602788 0.517578125 0.89198606271777 0.517578125 0.8954703832752613 0.521484375 0.8989547038327527 0.521484375 0.9059233449477352 0.525390625 0.9094076655052264 0.525390625 0.9337979094076655 0.51953125 0.9337979094076655 0.517578125 0.926829268292683 0.51171875 0.9233449477351916 0.51171875 0.9198606271777003 0.5078125 0.9163763066202091 0.5078125 0.9094076655052264 0.50390625 0.9059233449477352 0.50390625 0.89198606271777 0.498046875 0.8850174216027874
0 0.537109375 0.7770034843205574 0.5546875 0.7770034843205574 0.5546875 0.7874564459930313 0.55078125 0.7909407665505227 0.548828125 0.7909407665505227 0.546875 0.7839721254355401 0.537109375 0.7839721254355401 0.537109375 0.7804878048780488