0 0.6484375 0.3923611111111111 0.6484375 0.3854166666666667 0.646484375 0.3819444444444444 0.646484375 0.3611111111111111 0.6484375 0.3576388888888889 0.6484375 0.3506944444444444 0.654296875 0.3368055555555556 0.658203125 0.3368055555555556 0.658203125 0.3888888888888889 0.65625 0.3923611111111111 0.650390625 0.3923611111111111
0 0.5192708333333333 0.11296296296296296 0.016666666666666666 0.02962962962962963
0 0.560546875 0.6388888888888888 0.564453125 0.6388888888888888 0.568359375 0.6458333333333334 0.583984375 0.6493055555555556 0.58203125 0.6527777777777778 0.58203125 0.6597222222222222 0.583984375 0.6631944444444444 0.587890625 0.6631944444444444 0.591796875 0.65625 0.591796875 0.6597222222222222 0.587890625 0.6631944444444444 0.587890625 0.6701388888888888 0.591796875 0.6770833333333334 0.58984375 0.6840277777777778 0.58203125 0.6909722222222222 0.5703125 0.6909722222222222 0.568359375 0.6875 0.560546875 0.6979166666666666 0.5546875 0.6979166666666666 0.556640625 0.6666666666666666 0.55859375 0.6631944444444444 0.55859375 0.6458333333333334 0.560546875 0.6423611111111112
0 0.60546875 0.8055555555555556 0.611328125 0.7986111111111112 0.615234375 0.8020833333333334 0.61328125 0.8055555555555556 0.61328125 0.8333333333333334 0.607421875 0.8333333333333334 0.603515625 0.8263888888888888 0.6015625 0.8159722222222222 0.60546875 0.8090277777777778
0 0.5546875 0.11805555555555555 0.55859375 0.11458333333333333 0.591796875 0.11458333333333333 0.59375 0.11805555555555555 0.603515625 0.11805555555555555 0.611328125 0.1076388888888889 0.6171875 0.10416666666666667 0.61328125 0.11805555555555555 0.607421875 0.12152777777777778 0.6015625 0.13194444444444445 0.58984375 0.1423611111111111 0.564453125 0.1423611111111111 0.556640625 0.13541666666666666 0.5546875 0.12152777777777778
0 0.37083333333333335 0.11018518518518519 0.0125 0.016666666666666666
0 0.416015625 0.08680555555555555 0.41796875 0.09375 0.412109375 0.09375 0.41015625 0.09722222222222222 0.404296875 0.09722222222222222 0.40234375 0.09375 0.40234375 0.08333333333333333 0.404296875 0.0798611111111111 0.41015625 0.0798611111111111 0.4140625 0.08680555555555555
0 0.58984375 0.3715277777777778 0.591796875 0.3784722222222222 0.578125 0.4027777777777778 0.578125 0.4201388888888889 0.576171875 0.4236111111111111 0.5703125 0.4166666666666667 0.564453125 0.4236111111111111 0.556640625 0.4270833333333333 0.5546875 0.4305555555555556 0.5546875 0.4444444444444444 0.544921875 0.4201388888888889 0.544921875 0.4131944444444444 0.546875 0.4097222222222222 0.546875 0.3888888888888889 0.544921875 0.3819444444444444 0.546875 0.3784722222222222 0.5546875 0.3784722222222222 0.556640625 0.3819444444444444 0.56640625 0.375 0.580078125 0.375 0.58203125 0.3715277777777778 0.587890625 0.3715277777777778
0 0.560546875 0.7916666666666666 0.564453125 0.8055555555555556 0.55859375 0.8125 0.556640625 0.8229166666666666 0.548828125 0.8298611111111112 0.544921875 0.8298611111111112 0.541015625 0.8368055555555556 0.537109375 0.8368055555555556 0.537109375 0.8229166666666666 0.5390625 0.8159722222222222 0.54296875 0.8090277777777778 0.546875 0.8055555555555556 0.552734375 0.8055555555555556 0.560546875 0.7951388888888888
0 0.517578125 0.4791666666666667 0.529296875 0.4965277777777778 0.529296875 0.5208333333333334 0.51953125 0.5104166666666666 0.515625 0.5104166666666666 0.51953125 0.5104166666666666 0.521484375 0.5069444444444444 0.517578125 0.4826388888888889
0 0.607421875 0.0763888888888889 0.611328125 0.0763888888888889 0.611328125 0.08680555555555555 0.607421875 0.08680555555555555 0.607421875 0.0798611111111111
0 0.390625 0.14930555555555555 0.390625 0.1597222222222222 0.3828125 0.1597222222222222 0.3828125 0.14930555555555555 0.384765625 0.14583333333333334 0.388671875 0.14930555555555555
0 0.4296875 0.059027777777777776 0.43359375 0.07291666666666667 0.431640625 0.0763888888888889 0.427734375 0.0763888888888889 0.42578125 0.06944444444444445 0.427734375 0.0625
0 0.509765625 0.3993055555555556 0.515625 0.3993055555555556 0.515625 0.4131944444444444 0.513671875 0.4201388888888889 0.51171875 0.4201388888888889 0.51171875 0.4097222222222222 0.509765625 0.4027777777777778
0 0.359375 0.2569444444444444 0.359375 0.25 0.3671875 0.24305555555555555 0.376953125 0.24305555555555555 0.380859375 0.25 0.384765625 0.25 0.38671875 0.2569444444444444 0.373046875 0.2569444444444444 0.37109375 0.2604166666666667 0.36328125 0.2604166666666667 0.361328125 0.2569444444444444
0 0.404296875 0.034722222222222224 0.412109375 0.041666666666666664 0.412109375 0.04861111111111111 0.408203125 0.04861111111111111 0.40625 0.052083333333333336 0.400390625 0.052083333333333336 0.396484375 0.04513888888888889 0.3984375 0.03819444444444445 0.40234375 0.034722222222222224
0 0.373046875 0.21180555555555555 0.373046875 0.2048611111111111 0.375 0.2013888888888889 0.376953125 0.2013888888888889 0.376953125 0.2152777777777778 0.375 0.21180555555555555
0 0.419921875 0.16319444444444445 0.42578125 0.16319444444444445 0.427734375 0.16666666666666666 0.427734375 0.17708333333333334 0.421875 0.17708333333333334 0.419921875 0.1736111111111111 0.419921875 0.16666666666666666
0 0.5453125 0.1273148148148148 0.007291666666666667 0.019444444444444445
0 0.630859375 0.6875 0.6484375 0.6909722222222222 0.650390625 0.6944444444444444 0.654296875 0.6944444444444444 0.658203125 0.7013888888888888 0.658203125 0.7951388888888888 0.640625 0.7951388888888888 0.634765625 0.7847222222222222 0.630859375 0.7708333333333334 0.630859375 0.7430555555555556 0.6328125 0.7395833333333334 0.6328125 0.7013888888888888 0.630859375 0.6979166666666666 0.630859375 0.6909722222222222
0 0.515625 0.3194444444444444 0.517578125 0.3194444444444444 0.51953125 0.3298611111111111 0.525390625 0.3368055555555556 0.521484375 0.34375 0.521484375 0.3506944444444444 0.515625 0.34375 0.513671875 0.3402777777777778 0.515625 0.3229166666666667
0 0.388671875 0.0798611111111111 0.388671875 0.08680555555555555 0.38671875 0.09027777777777778 0.376953125 0.09027777777777778 0.376953125 0.0798611111111111 0.37890625 0.0763888888888889 0.384765625 0.0763888888888889 0.38671875 0.0798611111111111