0 0.63671875 0.5958188153310104 0.638671875 0.6027874564459931 0.638671875 0.6515679442508711 0.63671875 0.6585365853658537 0.62890625 0.6585365853658537 0.626953125 0.662020905923345 0.6171875 0.6585365853658537 0.6171875 0.6515679442508711 0.61328125 0.6480836236933798 0.61328125 0.6341463414634146 0.615234375 0.6341463414634146 0.6171875 0.6306620209059234 0.6171875 0.6236933797909407 0.62109375 0.6202090592334495 0.62109375 0.5993031358885017 0.625 0.5958188153310104 0.634765625 0.5958188153310104
0 0.474609375 0.39372822299651566 0.484375 0.39372822299651566 0.484375 0.40069686411149824 0.48828125 0.40418118466898956 0.48828125 0.41114982578397213 0.486328125 0.4146341463414634 0.482421875 0.4146341463414634 0.482421875 0.41114982578397213 0.478515625 0.4076655052264808 0.474609375 0.397212543554007
0 0.5703125 0.9198606271777003 0.578125 0.9198606271777003 0.58203125 0.9233449477351916 0.58203125 0.9930313588850174 0.578125 0.9965156794425087 0.57421875 0.9930313588850174 0.57421875 0.9825783972125436 0.5703125 0.9790940766550522 0.5703125 0.9233449477351916
0 0.546875 0.397212543554007 0.560546875 0.39372822299651566 0.560546875 0.4355400696864111 0.556640625 0.43902439024390244 0.5546875 0.43902439024390244 0.552734375 0.43205574912891986 0.546875 0.43205574912891986 0.546875 0.40069686411149824
0 0.677734375 0.11846689895470383 0.677734375 0.13937282229965156 0.669921875 0.14285714285714285 0.669921875 0.13240418118466898 0.671875 0.13240418118466898 0.673828125 0.1289198606271777 0.673828125 0.12195121951219512 0.67578125 0.12195121951219512
0 0.533203125 0.020905923344947737 0.544921875 0.020905923344947737 0.546875 0.027874564459930314 0.556640625 0.03484320557491289 0.564453125 0.03484320557491289 0.576171875 0.04878048780487805 0.57421875 0.05574912891986063 0.5625 0.05574912891986063 0.560546875 0.05226480836236934 0.54296875 0.05226480836236934 0.541015625 0.04878048780487805 0.53515625 0.04878048780487805 0.53125 0.041811846689895474 0.53125 0.027874564459930314 0.533203125 0.024390243902439025
0 0.51953125 0.4529616724738676 0.53125 0.4529616724738676 0.533203125 0.45993031358885017 0.533203125 0.47038327526132406 0.529296875 0.47735191637630664 0.52734375 0.4738675958188153 0.529296875 0.47038327526132406 0.525390625 0.46689895470383275 0.525390625 0.4564459930313589 0.521484375 0.4529616724738676
0 0.501953125 0.818815331010453 0.515625 0.818815331010453 0.515625 0.8362369337979094 0.51171875 0.8397212543554007 0.5078125 0.8362369337979094 0.501953125 0.8362369337979094 0.501953125 0.8222996515679443
0 0.6484375 0.926829268292683 0.65234375 0.9233449477351916 0.654296875 0.926829268292683 0.66015625 0.926829268292683 0.66015625 0.9512195121951219 0.65234375 0.9512195121951219 0.6484375 0.9477351916376306 0.6484375 0.9303135888501742
0 0.48828125 0.04878048780487805 0.494140625 0.05574912891986063 0.505859375 0.05574912891986063 0.505859375 0.06620209059233449 0.498046875 0.07665505226480836 0.498046875 0.08710801393728224 0.501953125 0.09059233449477352 0.50390625 0.0975609756097561 0.50390625 0.1254355400696864 0.501953125 0.13240418118466898 0.498046875 0.13588850174216027 0.498046875 0.14285714285714285 0.4921875 0.15331010452961671 0.482421875 0.16376306620209058 0.474609375 0.16376306620209058 0.470703125 0.156794425087108 0.470703125 0.1289198606271777 0.46875 0.1254355400696864 0.46875 0.11498257839721254 0.474609375 0.11498257839721254 0.4765625 0.11149825783972125 0.48046875 0.08710801393728224 0.494140625 0.06968641114982578 0.494140625 0.06620209059233449 0.490234375 0.0627177700348432 0.48828125 0.05226480836236934
0 0.591796875 0.6515679442508711 0.591796875 0.6585365853658537 0.587890625 0.662020905923345 0.568359375 0.662020905923345 0.56640625 0.6655052264808362 0.5546875 0.662020905923345 0.556640625 0.6550522648083623 0.58984375 0.6515679442508711
0 0.673828125 0.11846689895470383 0.681640625 0.11498257839721254 0.681640625 0.1289198606271777 0.677734375 0.13240418118466898 0.677734375 0.13937282229965156 0.673828125 0.14285714285714285 0.6640625 0.13937282229965156 0.6640625 0.13588850174216027 0.66796875 0.13588850174216027 0.669921875 0.13240418118466898 0.669921875 0.1254355400696864 0.673828125 0.12195121951219512
0 0.595703125 0.5679442508710801 0.6015625 0.5749128919860628 0.603515625 0.5853658536585366 0.607421875 0.5888501742160279 0.609375 0.5958188153310104 0.609375 0.6062717770034843 0.61328125 0.6097560975609756 0.61328125 0.6341463414634146 0.615234375 0.6411149825783972 0.61328125 0.6480836236933798 0.609375 0.6515679442508711 0.609375 0.6585365853658537 0.615234375 0.6655052264808362 0.615234375 0.6759581881533101 0.609375 0.6689895470383276 0.603515625 0.6689895470383276 0.595703125 0.6794425087108014 0.591796875 0.6759581881533101 0.59375 0.6759581881533101 0.595703125 0.6689895470383276 0.6015625 0.662020905923345 0.6015625 0.6550522648083623 0.595703125 0.6480836236933798 0.595703125 0.6236933797909407 0.5859375 0.6132404181184669 0.5859375 0.6097560975609756 0.58984375 0.6062717770034843 0.58984375 0.578397212543554 0.591796875 0.5714285714285714 0.59375 0.5714285714285714
0 0.46875 0.43205574912891986 0.4765625 0.43205574912891986 0.478515625 0.43902439024390244 0.486328125 0.4425087108013937 0.486328125 0.44947735191637633 0.482421875 0.4529616724738676 0.474609375 0.445993031358885 0.47265625 0.43902439024390244 0.46875 0.43902439024390244 0.46875 0.4355400696864111
0 0.48828125 0.39372822299651566 0.494140625 0.3902439024390244 0.49609375 0.397212543554007 0.49609375 0.4181184668989547 0.49609375 0.4146341463414634 0.4921875 0.41114982578397213 0.4921875 0.40069686411149824 0.48828125 0.397212543554007
0 0.498046875 0.3797909407665505 0.505859375 0.3797909407665505 0.5078125 0.3867595818815331 0.515625 0.3902439024390244 0.515625 0.40418118466898956 0.51171875 0.4076655052264808 0.513671875 0.40418118466898956 0.513671875 0.397212543554007 0.50390625 0.3902439024390244 0.501953125 0.3832752613240418 0.498046875 0.3832752613240418
0 0.4765625 0.3554006968641115 0.484375 0.3554006968641115 0.486328125 0.3623693379790941 0.494140625 0.36585365853658536 0.4921875 0.3693379790940767 0.4765625 0.36585365853658536 0.4765625 0.3588850174216028
0 0.46484375 0.36585365853658536 0.470703125 0.36585365853658536 0.474609375 0.3623693379790941 0.478515625 0.36585365853658536 0.48046875 0.37282229965156793 0.486328125 0.37630662020905925 0.486328125 0.3867595818815331 0.482421875 0.3902439024390244 0.478515625 0.3902439024390244 0.48046875 0.3832752613240418 0.46875 0.37282229965156793 0.466796875 0.36585365853658536
0 0.544921875 0.8327526132404182 0.548828125 0.8327526132404182 0.556640625 0.8397212543554007 0.55859375 0.8501742160278746 0.5625 0.8536585365853658 0.5625 0.89198606271777 0.560546875 0.89198606271777 0.560546875 0.8885017421602788 0.5546875 0.8815331010452961 0.5546875 0.8745644599303136 0.55078125 0.8710801393728222 0.55078125 0.8536585365853658 0.548828125 0.8501742160278746 0.548828125 0.8432055749128919 0.544921875 0.8397212543554007 0.544921875 0.8362369337979094
0 0.525390625 0.8745644599303136 0.537109375 0.8745644599303136 0.5390625 0.8885017421602788 0.54296875 0.89198606271777 0.54296875 0.926829268292683 0.5390625 0.9303135888501742 0.541015625 0.926829268292683 0.5390625 0.9198606271777003 0.53515625 0.9163763066202091 0.533203125 0.9094076655052264 0.53125 0.9094076655052264 0.53125 0.9024390243902439 0.529296875 0.8989547038327527 0.529296875 0.8815331010452961 0.525390625 0.8780487804878049
0 0.494140625 0.7700348432055749 0.49609375 0.7735191637630662 0.5 0.7735191637630662 0.5 0.7770034843205574 0.50390625 0.7804878048780488 0.50390625 0.7909407665505227 0.5 0.794425087108014 0.501953125 0.7909407665505227 0.5 0.7874564459930313 0.4921875 0.7839721254355401 0.4921875 0.7735191637630662
0 0.66796875 0.7979094076655052 0.67578125 0.8013937282229965 0.67578125 0.8153310104529616 0.681640625 0.8222996515679443 0.681640625 0.8885017421602788 0.673828125 0.89198606271777 0.673828125 0.8885017421602788 0.669921875 0.8850174216027874 0.66796875 0.8606271777003485 0.6640625 0.8571428571428571 0.6640625 0.8397212543554007 0.66796875 0.8362369337979094 0.66796875 0.8013937282229965
0 0.337890625 0.20557491289198607 0.33984375 0.20557491289198607 0.33984375 0.23693379790940766 0.333984375 0.24041811846689895 0.33203125 0.24738675958188153 0.326171875 0.2508710801393728 0.326171875 0.21951219512195122 0.337890625 0.20905923344947736
0 0.62109375 0.710801393728223 0.62109375 0.7212543554006968 0.623046875 0.7247386759581882 0.623046875 0.7630662020905923 0.619140625 0.7665505226480837 0.615234375 0.7770034843205574 0.609375 0.7770034843205574 0.603515625 0.7839721254355401 0.59765625 0.7804878048780488 0.59765625 0.7421602787456446 0.599609375 0.7421602787456446 0.603515625 0.7317073170731707 0.607421875 0.7282229965156795 0.607421875 0.7212543554006968 0.611328125 0.7212543554006968 0.61328125 0.7142857142857143 0.619140625 0.710801393728223
0 0.32954545454545453 1.0011451962671474 0.01617588141025641 0.01871299432275042
0 0.525390625 0.40418118466898956 0.52734375 0.41114982578397213 0.53515625 0.4146341463414634 0.53515625 0.42857142857142855 0.5234375 0.4181184668989547 0.51953125 0.4076655052264808 0.513671875 0.4076655052264808 0.517578125 0.40418118466898956 0.5234375 0.40418118466898956
0 0.5078125 0.759581881533101 0.513671875 0.759581881533101 0.513671875 0.7630662020905923 0.517578125 0.7665505226480837 0.517578125 0.7770034843205574 0.515625 0.7839721254355401 0.51171875 0.7839721254355401 0.5 0.7735191637630662 0.5 0.7700348432055749 0.5078125 0.7630662020905923
0 0.57421875 0.6689895470383276 0.580078125 0.6689895470383276 0.580078125 0.6794425087108014 0.576171875 0.686411149825784 0.5703125 0.6794425087108014 0.56640625 0.6794425087108014 0.56640625 0.6759581881533101 0.572265625 0.6759581881533101 0.57421875 0.6724738675958188
0 0.478515625 0.7874564459930313 0.4921875 0.7874564459930313 0.4921875 0.8013937282229965 0.490234375 0.8048780487804879 0.486328125 0.8048780487804879 0.486328125 0.7979094076655052 0.484375 0.794425087108014 0.478515625 0.794425087108014 0.478515625 0.7909407665505227
0 0.55078125 0.3797909407665505 0.576171875 0.3832752613240418 0.576171875 0.3867595818815331 0.572265625 0.3867595818815331 0.5703125 0.3902439024390244 0.552734375 0.3902439024390244 0.55078125 0.3867595818815331 0.546875 0.3867595818815331 0.55078125 0.3832752613240418
0 0.57421875 0.7560975609756098 0.576171875 0.7560975609756098 0.578125 0.7630662020905923 0.578125 0.7700348432055749 0.57421875 0.7735191637630662 0.5703125 0.7665505226480837 0.5703125 0.7630662020905923 0.57421875 0.759581881533101
0 0.6328125 0.10801393728222997 0.634765625 0.10801393728222997 0.634765625 0.156794425087108 0.6328125 0.156794425087108 0.630859375 0.16376306620209058 0.626953125 0.1672473867595819 0.62109375 0.16376306620209058 0.62109375 0.13937282229965156 0.625 0.13588850174216027 0.625 0.1254355400696864 0.626953125 0.1254355400696864 0.62890625 0.11846689895470383 0.6328125 0.11498257839721254 0.6328125 0.11149825783972125
0 0.671875 0 0.681640625 0 0.681640625 0.0313588850174216 0.6796875 0.03832752613240418 0.677734375 0.03832752613240418 0.6796875 0.0313588850174216 0.67578125 0.027874564459930314 0.67578125 0.020905923344947737 0.673828125 0.017421602787456445 0.671875 0.017421602787456445 0.671875 0.003484320557491289
0 0.4921875 0.30662020905923343 0.50390625 0.30662020905923343 0.50390625 0.3310104529616725 0.5 0.3344947735191638 0.501953125 0.3310104529616725 0.5 0.3240418118466899 0.486328125 0.3170731707317073 0.486328125 0.313588850174216 0.490234375 0.313588850174216 0.4921875 0.31010452961672474
0 0.46794871794871795 0.4823794092086775 0.029579144813519812 1.0853536707195244