0 0.48828125 0.1840277777777778 0.4921875 0.1875 0.48828125 0.19791666666666666 0.484375 0.19791666666666666 0.482421875 0.2013888888888889 0.4609375 0.2013888888888889 0.458984375 0.2048611111111111 0.44921875 0.2048611111111111 0.447265625 0.20833333333333334 0.443359375 0.20833333333333334 0.435546875 0.21875 0.43359375 0.21875 0.43359375 0.19791666666666666 0.44140625 0.1909722222222222 0.453125 0.1909722222222222 0.455078125 0.1875 0.486328125 0.1875
0 0.169921875 0.4340277777777778 0.177734375 0.4409722222222222 0.177734375 0.4513888888888889 0.169921875 0.4548611111111111 0.1640625 0.4618055555555556 0.154296875 0.4618055555555556 0.15234375 0.4583333333333333 0.1484375 0.4583333333333333 0.142578125 0.4513888888888889 0.142578125 0.4444444444444444 0.14453125 0.4375 0.1484375 0.4375 0.150390625 0.4340277777777778 0.16796875 0.4340277777777778
0 0.7734375 0.3090277777777778 0.775390625 0.3125 0.783203125 0.3125 0.78515625 0.3159722222222222 0.794921875 0.3194444444444444 0.806640625 0.3298611111111111 0.810546875 0.3368055555555556 0.80078125 0.3368055555555556 0.794921875 0.3298611111111111 0.78125 0.3263888888888889 0.779296875 0.3229166666666667 0.75390625 0.3229166666666667 0.751953125 0.3194444444444444 0.748046875 0.3194444444444444 0.74609375 0.3125 0.771484375 0.3125
0 0.615234375 0.2743055555555556 0.6171875 0.2777777777777778 0.626953125 0.2777777777777778 0.62890625 0.2847222222222222 0.623046875 0.2916666666666667 0.62109375 0.3020833333333333 0.6171875 0.3020833333333333 0.615234375 0.2986111111111111 0.59375 0.2986111111111111 0.58203125 0.2881944444444444 0.58203125 0.28125 0.583984375 0.2777777777777778 0.58984375 0.2777777777777778 0.591796875 0.2743055555555556 0.61328125 0.2743055555555556
0 0.755859375 0.4131944444444444 0.76953125 0.4131944444444444 0.783203125 0.4236111111111111 0.79296875 0.4236111111111111 0.8046875 0.4340277777777778 0.8046875 0.4375 0.759765625 0.4340277777777778 0.755859375 0.4305555555555556 0.755859375 0.4166666666666667
0 0.607421875 0.2326388888888889 0.607421875 0.2465277777777778 0.59375 0.2673611111111111 0.58203125 0.2777777777777778 0.57421875 0.2777777777777778 0.5703125 0.2708333333333333 0.5703125 0.2638888888888889 0.568359375 0.2604166666666667 0.5703125 0.2534722222222222 0.56640625 0.2361111111111111 0.568359375 0.2326388888888889 0.580078125 0.2326388888888889 0.58203125 0.22916666666666666 0.60546875 0.2326388888888889
0 0.693359375 0.7152777777777778 0.728515625 0.7569444444444444 0.73046875 0.7638888888888888 0.73046875 0.7743055555555556 0.728515625 0.7777777777777778 0.720703125 0.7743055555555556 0.71484375 0.7638888888888888 0.701171875 0.7534722222222222 0.697265625 0.7465277777777778 0.693359375 0.7465277777777778 0.6796875 0.7291666666666666 0.677734375 0.7222222222222222 0.677734375 0.7152777777777778 0.6796875 0.7118055555555556 0.69140625 0.7152777777777778
0 0.91015625 0.5972222222222222 0.912109375 0.6006944444444444 0.923828125 0.6006944444444444 0.92578125 0.6041666666666666 0.931640625 0.6041666666666666 0.935546875 0.6076388888888888 0.9453125 0.625 0.947265625 0.625 0.947265625 0.6354166666666666 0.943359375 0.6388888888888888 0.9296875 0.6354166666666666 0.923828125 0.6284722222222222 0.91796875 0.6284722222222222 0.91015625 0.6180555555555556 0.904296875 0.6145833333333334 0.896484375 0.6041666666666666 0.90234375 0.5972222222222222 0.908203125 0.5972222222222222
0 0.658203125 0.4479166666666667 0.669921875 0.4583333333333333 0.669921875 0.4618055555555556 0.685546875 0.4861111111111111 0.693359375 0.5138888888888888 0.705078125 0.5381944444444444 0.708984375 0.5520833333333334 0.701171875 0.5486111111111112 0.6953125 0.5381944444444444 0.685546875 0.5277777777777778 0.685546875 0.5243055555555556 0.669921875 0.4965277777777778 0.66796875 0.4861111111111111 0.662109375 0.4791666666666667 0.658203125 0.46875 0.65625 0.46875 0.654296875 0.4618055555555556 0.654296875 0.4513888888888889 0.65625 0.4513888888888889
0 0.998046875 0.375 0.998046875 0.3888888888888889 0.994140625 0.3888888888888889 0.974609375 0.4027777777777778 0.9375 0.4027777777777778 0.935546875 0.3993055555555556 0.921875 0.3958333333333333 0.921875 0.3888888888888889 0.9296875 0.3819444444444444 0.939453125 0.3819444444444444 0.94140625 0.3784722222222222 0.94921875 0.3784722222222222 0.951171875 0.375 0.99609375 0.375
0 0.32421875 0.2534722222222222 0.33203125 0.2604166666666667 0.330078125 0.2743055555555556 0.314453125 0.2777777777777778 0.3125 0.28125 0.28125 0.28125 0.279296875 0.2847222222222222 0.2578125 0.2847222222222222 0.255859375 0.28125 0.251953125 0.28125 0.25 0.2777777777777778 0.25 0.2708333333333333 0.255859375 0.2638888888888889 0.263671875 0.2638888888888889 0.265625 0.2604166666666667 0.2734375 0.2604166666666667 0.275390625 0.2569444444444444 0.287109375 0.2569444444444444 0.2890625 0.2534722222222222 0.322265625 0.2534722222222222
0 0.470703125 0.40625 0.47265625 0.4097222222222222 0.47265625 0.4270833333333333 0.470703125 0.4305555555555556 0.462890625 0.4305555555555556 0.453125 0.4236111111111111 0.453125 0.4166666666666667 0.455078125 0.4131944444444444 0.46875 0.40625
0 0.697265625 0.3819444444444444 0.69921875 0.3854166666666667 0.69921875 0.3993055555555556 0.689453125 0.4201388888888889 0.6796875 0.4270833333333333 0.662109375 0.4270833333333333 0.66015625 0.4305555555555556 0.646484375 0.4305555555555556 0.64453125 0.4340277777777778 0.640625 0.4340277777777778 0.638671875 0.4305555555555556 0.638671875 0.4236111111111111 0.640625 0.4201388888888889 0.6484375 0.4201388888888889 0.66015625 0.40625 0.66796875 0.4027777777777778 0.671875 0.3958333333333333 0.67578125 0.3958333333333333 0.681640625 0.3888888888888889 0.6953125 0.3819444444444444
0 0.765625 0.2881944444444444 0.767578125 0.2916666666666667 0.814453125 0.2916666666666667 0.81640625 0.2951388888888889 0.806640625 0.3020833333333333 0.791015625 0.3020833333333333 0.783203125 0.3090277777777778 0.748046875 0.3090277777777778 0.74609375 0.3125 0.740234375 0.3125 0.73828125 0.3090277777777778 0.73046875 0.3090277777777778 0.73046875 0.3020833333333333 0.734375 0.2951388888888889 0.740234375 0.2951388888888889 0.7421875 0.2916666666666667 0.763671875 0.2916666666666667
0 0.1484375 0.3854166666666667 0.15234375 0.3993055555555556 0.1484375 0.3958333333333333 0.142578125 0.3958333333333333 0.107421875 0.4201388888888889 0.1015625 0.4201388888888889 0.099609375 0.4236111111111111 0.083984375 0.4236111111111111 0.08203125 0.4270833333333333 0.072265625 0.4270833333333333 0.0703125 0.4236111111111111 0.076171875 0.4131944444444444 0.080078125 0.4131944444444444 0.083984375 0.40625 0.087890625 0.40625 0.09375 0.3993055555555556 0.10546875 0.3958333333333333 0.107421875 0.3923611111111111 0.115234375 0.3923611111111111 0.1171875 0.3888888888888889 0.126953125 0.3888888888888889 0.12890625 0.3854166666666667 0.146484375 0.3854166666666667
0 0.19635416666666666 0.40138888888888885 0.01875 0.04722222222222222
0 0.4296875 0.2777777777777778 0.431640625 0.28125 0.431640625 0.2951388888888889 0.42578125 0.3020833333333333 0.421875 0.2986111111111111 0.41796875 0.2881944444444444 0.421875 0.2777777777777778 0.427734375 0.2777777777777778
0 0.951171875 0.5729166666666666 0.953125 0.5798611111111112 0.94921875 0.5868055555555556 0.943359375 0.5868055555555556 0.9296875 0.5972222222222222 0.91015625 0.5972222222222222 0.908203125 0.59375 0.896484375 0.5972222222222222 0.8984375 0.5902777777777778 0.91015625 0.5798611111111112 0.916015625 0.5798611111111112 0.91796875 0.5763888888888888 0.923828125 0.5763888888888888 0.93359375 0.5694444444444444 0.947265625 0.5694444444444444 0.94921875 0.5729166666666666
0 0.27734375 0.6284722222222222 0.279296875 0.6319444444444444 0.291015625 0.6354166666666666 0.30078125 0.6527777777777778 0.30078125 0.6597222222222222 0.302734375 0.6631944444444444 0.30078125 0.6875 0.294921875 0.6979166666666666 0.287109375 0.7013888888888888 0.283203125 0.7083333333333334 0.27734375 0.7118055555555556 0.275390625 0.71875 0.265625 0.7326388888888888 0.26171875 0.7326388888888888 0.25390625 0.7395833333333334 0.2421875 0.7395833333333334 0.232421875 0.7569444444444444 0.228515625 0.7534722222222222 0.228515625 0.7361111111111112 0.2265625 0.7291666666666666 0.232421875 0.7152777777777778 0.232421875 0.7013888888888888 0.234375 0.6979166666666666 0.234375 0.6875 0.236328125 0.6840277777777778 0.240234375 0.65625 0.244140625 0.6458333333333334 0.25390625 0.6319444444444444 0.2578125 0.6319444444444444 0.263671875 0.625 0.2734375 0.625 0.275390625 0.6284722222222222
0 0.302734375 0.3125 0.3046875 0.3159722222222222 0.314453125 0.3159722222222222 0.322265625 0.3229166666666667 0.33984375 0.3263888888888889 0.341796875 0.3298611111111111 0.341796875 0.3402777777777778 0.337890625 0.34375 0.330078125 0.34375 0.328125 0.3402777777777778 0.291015625 0.3402777777777778 0.2890625 0.34375 0.27734375 0.34375 0.275390625 0.3402777777777778 0.2578125 0.3368055555555556 0.24609375 0.3229166666666667 0.25 0.3125 0.255859375 0.3125 0.2578125 0.3090277777777778 0.287109375 0.3090277777777778 0.2890625 0.3125 0.30078125 0.3125
0 0.7421875 0.3472222222222222 0.748046875 0.3472222222222222 0.75390625 0.3715277777777778 0.75390625 0.3888888888888889 0.755859375 0.3923611111111111 0.755859375 0.40625 0.75390625 0.4097222222222222 0.75390625 0.4548611111111111 0.751953125 0.4618055555555556 0.748046875 0.4618055555555556 0.748046875 0.4409722222222222 0.7421875 0.4201388888888889 0.7421875 0.40625 0.740234375 0.4027777777777778 0.740234375 0.3541666666666667 0.7421875 0.3506944444444444
0 0.130859375 0.3333333333333333 0.138671875 0.3402777777777778 0.14453125 0.3402777777777778 0.1484375 0.3472222222222222 0.1484375 0.3541666666666667 0.142578125 0.3611111111111111 0.12890625 0.3611111111111111 0.126953125 0.3576388888888889 0.1171875 0.3541666666666667 0.111328125 0.3472222222222222 0.123046875 0.3333333333333333 0.12890625 0.3333333333333333
0 0.623046875 0.2222222222222222 0.638671875 0.2361111111111111 0.638671875 0.23958333333333334 0.646484375 0.2534722222222222 0.65234375 0.2569444444444444 0.64453125 0.2673611111111111 0.64453125 0.2743055555555556 0.642578125 0.2638888888888889 0.638671875 0.2569444444444444 0.625 0.2534722222222222 0.6171875 0.2465277777777778 0.609375 0.2465277777777778 0.607421875 0.24305555555555555 0.607421875 0.2361111111111111 0.603515625 0.22916666666666666 0.595703125 0.22916666666666666 0.59375 0.22569444444444445 0.59375 0.21875 0.595703125 0.2152777777777778 0.61328125 0.2152777777777778 0.62109375 0.2222222222222222
0 0.771484375 0.3680555555555556 0.7734375 0.3715277777777778 0.783203125 0.3715277777777778 0.78515625 0.375 0.80859375 0.3784722222222222 0.8203125 0.3958333333333333 0.81640625 0.3958333333333333 0.814453125 0.3923611111111111 0.78515625 0.3923611111111111 0.783203125 0.3958333333333333 0.76953125 0.3958333333333333 0.767578125 0.3993055555555556 0.755859375 0.3993055555555556 0.75390625 0.375 0.755859375 0.3715277777777778 0.765625 0.3715277777777778 0.76953125 0.3680555555555556
0 0.328125 0.3368055555555556 0.330078125 0.3402777777777778 0.33984375 0.3402777777777778 0.33984375 0.34375 0.33203125 0.34375 0.330078125 0.3472222222222222 0.326171875 0.3472222222222222 0.318359375 0.3541666666666667 0.3125 0.3541666666666667 0.310546875 0.3576388888888889 0.294921875 0.3576388888888889 0.29296875 0.3541666666666667 0.287109375 0.3541666666666667 0.28515625 0.3506944444444444 0.28515625 0.34375 0.326171875 0.3368055555555556
0 0.83984375 0.6666666666666666 0.84765625 0.6736111111111112 0.869140625 0.6805555555555556 0.890625 0.7013888888888888 0.904296875 0.7083333333333334 0.90625 0.7118055555555556 0.904296875 0.7152777777777778 0.90234375 0.7118055555555556 0.8984375 0.7152777777777778 0.884765625 0.7152777777777778 0.8828125 0.7118055555555556 0.876953125 0.7118055555555556 0.865234375 0.6979166666666666 0.859375 0.6979166666666666 0.849609375 0.6875 0.841796875 0.6840277777777778 0.837890625 0.6770833333333334 0.833984375 0.6770833333333334 0.833984375 0.6701388888888888 0.837890625 0.6666666666666666
0 0.201171875 0.3368055555555556 0.205078125 0.34375 0.203125 0.3611111111111111 0.19921875 0.3611111111111111 0.197265625 0.3576388888888889 0.193359375 0.3576388888888889 0.19140625 0.3611111111111111 0.1640625 0.3611111111111111 0.162109375 0.3576388888888889 0.154296875 0.3576388888888889 0.150390625 0.3541666666666667 0.1484375 0.3472222222222222 0.150390625 0.3402777777777778 0.16015625 0.3333333333333333 0.197265625 0.3333333333333333 0.19921875 0.3368055555555556
0 0.486328125 0.2152777777777778 0.48828125 0.21875 0.49609375 0.21875 0.498046875 0.2222222222222222 0.51953125 0.2222222222222222 0.5234375 0.22916666666666666 0.52734375 0.22916666666666666 0.529296875 0.2326388888888889 0.517578125 0.2361111111111111 0.515625 0.23958333333333334 0.509765625 0.23958333333333334 0.5078125 0.24305555555555555 0.498046875 0.24305555555555555 0.49609375 0.23958333333333334 0.482421875 0.2361111111111111 0.474609375 0.22916666666666666 0.470703125 0.21875 0.474609375 0.2152777777777778 0.484375 0.2152777777777778
0 0.330078125 0.3888888888888889 0.333984375 0.3993055555555556 0.333984375 0.40625 0.33203125 0.4131944444444444 0.328125 0.4166666666666667 0.322265625 0.4166666666666667 0.318359375 0.40625 0.318359375 0.3958333333333333 0.322265625 0.3888888888888889 0.328125 0.3888888888888889
0 0.22265625 0.23958333333333334 0.224609375 0.24305555555555555 0.224609375 0.2534722222222222 0.21484375 0.2534722222222222 0.208984375 0.2604166666666667 0.197265625 0.2638888888888889 0.1953125 0.2673611111111111 0.1875 0.2673611111111111 0.185546875 0.2638888888888889 0.1796875 0.2638888888888889 0.169921875 0.2569444444444444 0.169921875 0.2465277777777778 0.171875 0.24305555555555555 0.181640625 0.2361111111111111 0.2109375 0.2361111111111111 0.212890625 0.23958333333333334 0.220703125 0.23958333333333334
0 0.83984375 0.4166666666666667 0.841796875 0.4236111111111111 0.83984375 0.4270833333333333 0.83984375 0.4340277777777778 0.828125 0.4479166666666667 0.82421875 0.4479166666666667 0.82421875 0.4305555555555556 0.83203125 0.4166666666666667 0.837890625 0.4166666666666667
0 0.599609375 0.4305555555555556 0.603515625 0.4409722222222222 0.59765625 0.4479166666666667 0.58984375 0.4479166666666667 0.576171875 0.4340277777777778 0.578125 0.4270833333333333 0.595703125 0.4270833333333333 0.59765625 0.4305555555555556
0 0.1796875 0.4583333333333333 0.1796875 0.4409722222222222 0.1875 0.4305555555555556 0.193359375 0.4305555555555556 0.1953125 0.4270833333333333 0.21484375 0.4305555555555556 0.216796875 0.4444444444444444 0.208984375 0.4444444444444444 0.19921875 0.4583333333333333 0.181640625 0.4583333333333333
0 0.91796875 0.4965277777777778 0.923828125 0.5034722222222222 0.923828125 0.5104166666666666 0.91796875 0.5208333333333334 0.904296875 0.53125 0.888671875 0.53125 0.88671875 0.5347222222222222 0.8828125 0.53125 0.88671875 0.5173611111111112 0.892578125 0.5138888888888888 0.90625 0.4965277777777778 0.916015625 0.4965277777777778
0 0.21744791666666666 0.3912037037037037 0.033854166666666664 0.026851851851851852
0 0.11458333333333333 0.47685185185185186 0.021875 0.027777777777777776
0 0.15234375 0.2916666666666667 0.154296875 0.2916666666666667 0.150390625 0.3020833333333333 0.130859375 0.3263888888888889 0.115234375 0.3263888888888889 0.11328125 0.3229166666666667 0.115234375 0.3125 0.126953125 0.3020833333333333 0.140625 0.2986111111111111 0.150390625 0.2916666666666667
0 0.482421875 0.2986111111111111 0.482421875 0.2881944444444444 0.484375 0.2847222222222222 0.4921875 0.2847222222222222 0.494140625 0.28125 0.50390625 0.28125 0.505859375 0.2847222222222222 0.50390625 0.2881944444444444 0.505859375 0.2986111111111111 0.50390625 0.3020833333333333 0.490234375 0.3020833333333333 0.48828125 0.2986111111111111 0.484375 0.2986111111111111
0 0.599609375 0.3506944444444444 0.6015625 0.3541666666666667 0.61328125 0.3541666666666667 0.6171875 0.3576388888888889 0.619140625 0.3645833333333333 0.6171875 0.3715277777777778 0.611328125 0.3784722222222222 0.595703125 0.3819444444444444 0.59375 0.3854166666666667 0.57421875 0.3819444444444444 0.572265625 0.3784722222222222 0.546875 0.3784722222222222 0.54296875 0.3819444444444444 0.54296875 0.3715277777777778 0.546875 0.3645833333333333 0.55859375 0.3611111111111111 0.560546875 0.3576388888888889 0.56640625 0.3576388888888889 0.568359375 0.3541666666666667 0.578125 0.3541666666666667 0.580078125 0.3506944444444444 0.59765625 0.3506944444444444
0 0.263671875 0.3888888888888889 0.271484375 0.3958333333333333 0.271484375 0.4270833333333333 0.267578125 0.4270833333333333 0.259765625 0.4201388888888889 0.2578125 0.4131944444444444 0.25 0.3993055555555556 0.248046875 0.3993055555555556 0.248046875 0.3958333333333333 0.25390625 0.3854166666666667 0.259765625 0.3854166666666667 0.26171875 0.3888888888888889
0 0.107421875 0.3715277777777778 0.109375 0.375 0.130859375 0.375 0.130859375 0.3819444444444444 0.126953125 0.3854166666666667 0.107421875 0.3888888888888889 0.10546875 0.3923611111111111 0.09765625 0.3923611111111111 0.095703125 0.3958333333333333 0.0859375 0.3958333333333333 0.083984375 0.3993055555555556 0.068359375 0.3993055555555556 0.06640625 0.3958333333333333 0.060546875 0.3958333333333333 0.056640625 0.3854166666666667 0.056640625 0.3784722222222222 0.05859375 0.375 0.0703125 0.375 0.072265625 0.3715277777777778 0.10546875 0.3715277777777778
0 0.6953125 0.3159722222222222 0.69921875 0.3125 0.703125 0.3159722222222222 0.705078125 0.3125 0.7109375 0.3125 0.712890625 0.3159722222222222 0.740234375 0.3159722222222222 0.744140625 0.3194444444444444 0.744140625 0.3229166666666667 0.740234375 0.3263888888888889 0.734375 0.3263888888888889 0.732421875 0.3298611111111111 0.716796875 0.3298611111111111 0.71484375 0.3333333333333333 0.693359375 0.3333333333333333 0.69140625 0.3263888888888889 0.6953125 0.3194444444444444
0 0.947265625 0.5694444444444444 0.951171875 0.5729166666666666 0.951171875 0.5833333333333334 0.9375 0.5902777777777778 0.9296875 0.6006944444444444 0.947265625 0.6284722222222222 0.947265625 0.6354166666666666 0.943359375 0.6354166666666666 0.94140625 0.6388888888888888 0.939453125 0.6354166666666666 0.931640625 0.6354166666666666 0.9296875 0.6319444444444444 0.9140625 0.625 0.91015625 0.6180555555555556 0.8984375 0.6076388888888888 0.896484375 0.6041666666666666 0.896484375 0.59375 0.90625 0.5833333333333334 0.91015625 0.5833333333333334 0.91796875 0.5763888888888888 0.93359375 0.5729166666666666 0.935546875 0.5694444444444444 0.9453125 0.5694444444444444
0 0.986328125 0.4097222222222222 0.986328125 0.3993055555555556 0.9921875 0.3923611111111111 0.998046875 0.3923611111111111 0.998046875 0.4201388888888889 0.9921875 0.4166666666666667 0.98828125 0.4097222222222222
0 0.787109375 0.4652777777777778 0.7890625 0.46875 0.818359375 0.46875 0.8203125 0.4756944444444444 0.814453125 0.4826388888888889 0.78125 0.4826388888888889 0.779296875 0.4861111111111111 0.740234375 0.4861111111111111 0.73828125 0.4826388888888889 0.736328125 0.4861111111111111 0.7265625 0.4861111111111111 0.72265625 0.4826388888888889 0.720703125 0.4756944444444444 0.732421875 0.4652777777777778 0.78515625 0.4652777777777778
0 0.53125 0.2673611111111111 0.552734375 0.2673611111111111 0.5546875 0.2708333333333333 0.564453125 0.2708333333333333 0.56640625 0.2743055555555556 0.564453125 0.28125 0.560546875 0.28125 0.552734375 0.2881944444444444 0.537109375 0.2881944444444444 0.53125 0.2777777777777778 0.53125 0.2708333333333333
0 0.08541666666666667 0.350462962962963 0.07604166666666666 0.03796296296296296
0 0.345703125 0.4965277777777778 0.34375 0.5208333333333334 0.349609375 0.5347222222222222 0.345703125 0.5381944444444444 0.341796875 0.5451388888888888 0.341796875 0.5520833333333334 0.337890625 0.5555555555555556 0.3359375 0.5625 0.3359375 0.5798611111111112 0.333984375 0.5833333333333334 0.328125 0.5902777777777778 0.32421875 0.5833333333333334 0.328125 0.5729166666666666 0.326171875 0.5659722222222222 0.310546875 0.5659722222222222 0.306640625 0.5729166666666666 0.298828125 0.5729166666666666 0.296875 0.5763888888888888 0.287109375 0.5798611111111112 0.279296875 0.5902777777777778 0.275390625 0.5902777777777778 0.271484375 0.6076388888888888 0.263671875 0.6111111111111112 0.2578125 0.6180555555555556 0.25390625 0.6180555555555556 0.251953125 0.625 0.248046875 0.625 0.24609375 0.6319444444444444 0.234375 0.6319444444444444 0.232421875 0.6284722222222222 0.2109375 0.6284722222222222 0.208984375 0.6215277777777778 0.212890625 0.6111111111111112 0.248046875 0.5520833333333334 0.267578125 0.5347222222222222 0.271484375 0.5277777777777778 0.275390625 0.5277777777777778 0.294921875 0.5104166666666666 0.30078125 0.5104166666666666 0.302734375 0.5069444444444444 0.30859375 0.5069444444444444 0.318359375 0.5 0.34375 0.4965277777777778
0 0.705078125 0.2708333333333333 0.712890625 0.2604166666666667 0.75 0.2604166666666667 0.751953125 0.2638888888888889 0.767578125 0.2638888888888889 0.76953125 0.2673611111111111 0.76953125 0.2743055555555556 0.765625 0.2743055555555556 0.763671875 0.2777777777777778 0.74609375 0.2777777777777778 0.744140625 0.28125 0.71484375 0.28125 0.70703125 0.2743055555555556