0 0.34375 0.4878048780487805 0.345703125 0.4912891986062718 0.349609375 0.4912891986062718 0.349609375 0.5121951219512195 0.345703125 0.5121951219512195 0.34375 0.5156794425087108 0.33203125 0.5156794425087108 0.330078125 0.519163763066202 0.298828125 0.519163763066202 0.296875 0.5156794425087108 0.2890625 0.5156794425087108 0.2890625 0.5052264808362369 0.294921875 0.49825783972125437 0.3046875 0.49477351916376305 0.30859375 0.4878048780487805 0.3203125 0.4878048780487805 0.322265625 0.4843205574912892 0.3359375 0.4843205574912892 0.337890625 0.4878048780487805 0.341796875 0.4878048780487805
0 0.548828125 0.40418118466898956 0.548828125 0.3797909407665505 0.568359375 0.36585365853658536 0.58203125 0.36585365853658536 0.5859375 0.37282229965156793 0.58984375 0.37282229965156793 0.58984375 0.3832752613240418 0.5859375 0.3832752613240418 0.58203125 0.3902439024390244 0.58203125 0.40069686411149824 0.57421875 0.4076655052264808 0.556640625 0.4076655052264808 0.5546875 0.40418118466898956 0.55078125 0.40418118466898956
0 0.529296875 0.15331010452961671 0.53515625 0.1602787456445993 0.5390625 0.1602787456445993 0.5390625 0.17421602787456447 0.53515625 0.17421602787456447 0.533203125 0.17770034843205576 0.51953125 0.17770034843205576 0.505859375 0.16376306620209058 0.498046875 0.16376306620209058 0.498046875 0.156794425087108 0.501953125 0.15331010452961671 0.52734375 0.15331010452961671
0 0.533203125 0.6132404181184669 0.53515625 0.6167247386759582 0.53515625 0.6341463414634146 0.533203125 0.6376306620209059 0.533203125 0.6445993031358885 0.525390625 0.6445993031358885 0.5234375 0.6480836236933798 0.505859375 0.6480836236933798 0.501953125 0.6445993031358885 0.5 0.6376306620209059 0.498046875 0.6376306620209059 0.498046875 0.627177700348432 0.5 0.627177700348432 0.501953125 0.6236933797909407 0.501953125 0.6167247386759582 0.5078125 0.6097560975609756 0.53125 0.6132404181184669
0 0.4921875 0.445993031358885 0.49609375 0.44947735191637633 0.49609375 0.47038327526132406 0.490234375 0.47038327526132406 0.48828125 0.4738675958188153 0.484375 0.4738675958188153 0.48046875 0.46689895470383275 0.470703125 0.46689895470383275 0.466796875 0.4634146341463415 0.46484375 0.4564459930313589 0.462890625 0.4564459930313589 0.474609375 0.4425087108013937 0.48828125 0.4425087108013937 0.490234375 0.445993031358885
0 0.4765625 0.4912891986062718 0.4765625 0.49825783972125437 0.47265625 0.49825783972125437 0.470703125 0.5017421602787456 0.4609375 0.5017421602787456 0.45703125 0.49825783972125437 0.45703125 0.49477351916376305 0.4609375 0.4912891986062718 0.474609375 0.4912891986062718
0 0.591796875 0.9128919860627178 0.607421875 0.8989547038327527 0.62109375 0.8954703832752613 0.62109375 0.9337979094076655 0.603515625 0.9337979094076655 0.599609375 0.9303135888501742 0.599609375 0.926829268292683 0.595703125 0.9233449477351916 0.59375 0.9163763066202091 0.591796875 0.9163763066202091
0 0.44921875 0.156794425087108 0.46484375 0.156794425087108 0.46484375 0.1672473867595819 0.458984375 0.1672473867595819 0.45703125 0.17073170731707318 0.44921875 0.17073170731707318 0.4453125 0.1672473867595819 0.4453125 0.16376306620209058 0.44921875 0.1602787456445993
0 0.515625 0.4878048780487805 0.53125 0.49825783972125437 0.533203125 0.5017421602787456 0.533203125 0.519163763066202 0.50390625 0.5121951219512195 0.50390625 0.49825783972125437 0.505859375 0.49825783972125437 0.5078125 0.4912891986062718 0.513671875 0.4912891986062718
0 0.640625 0.4808362369337979 0.650390625 0.4808362369337979 0.650390625 0.519163763066202 0.642578125 0.5226480836236934 0.640625 0.519163763066202 0.625 0.5156794425087108 0.625 0.5052264808362369 0.626953125 0.5052264808362369 0.62890625 0.49825783972125437 0.6328125 0.49477351916376305 0.6328125 0.4912891986062718 0.640625 0.4843205574912892
0 0.361328125 0.5052264808362369 0.3671875 0.5052264808362369 0.369140625 0.5121951219512195 0.3828125 0.5121951219512195 0.3828125 0.5226480836236934 0.376953125 0.5226480836236934 0.373046875 0.5296167247386759 0.361328125 0.5296167247386759 0.357421875 0.5226480836236934 0.349609375 0.5226480836236934 0.349609375 0.5156794425087108 0.353515625 0.5121951219512195 0.359375 0.5121951219512195 0.361328125 0.5087108013937283
0 0.45703125 0.17770034843205576 0.458984375 0.17770034843205576 0.458984375 0.18815331010452963 0.455078125 0.18815331010452963 0.453125 0.1916376306620209 0.447265625 0.1916376306620209 0.4453125 0.18815331010452963 0.44921875 0.18815331010452963 0.45703125 0.18118466898954705
0 0.45703125 0.6097560975609756 0.458984375 0.6132404181184669 0.46484375 0.6132404181184669 0.46875 0.6236933797909407 0.46484375 0.6236933797909407 0.462890625 0.627177700348432 0.44921875 0.6236933797909407 0.44921875 0.6132404181184669 0.455078125 0.6132404181184669
0 0.3125 0.0975609756097561 0.328125 0.0975609756097561 0.330078125 0.10452961672473868 0.330078125 0.10801393728222997 0.32421875 0.10801393728222997 0.322265625 0.11149825783972125 0.310546875 0.11149825783972125 0.30859375 0.10801393728222997 0.30078125 0.10801393728222997 0.30078125 0.10452961672473868 0.310546875 0.10452961672473868 0.3125 0.10104529616724739
0 0.400390625 0.759581881533101 0.40234375 0.7630662020905923 0.419921875 0.7630662020905923 0.419921875 0.7874564459930313 0.40234375 0.7874564459930313 0.400390625 0.7909407665505227 0.380859375 0.7909407665505227 0.37890625 0.7874564459930313 0.37109375 0.7874564459930313 0.373046875 0.7874564459930313 0.375 0.7804878048780488 0.37890625 0.7804878048780488 0.3828125 0.7700348432055749 0.38671875 0.7700348432055749 0.388671875 0.7630662020905923 0.39453125 0.7630662020905923 0.3984375 0.759581881533101
0 0.54296875 0.7177700348432056 0.552734375 0.7247386759581882 0.55859375 0.7247386759581882 0.560546875 0.7282229965156795 0.578125 0.7282229965156795 0.58203125 0.7317073170731707 0.580078125 0.7456445993031359 0.58203125 0.7491289198606271 0.5859375 0.7491289198606271 0.587890625 0.7421602787456446 0.5859375 0.7491289198606271 0.58984375 0.759581881533101 0.58984375 0.7665505226480837 0.5859375 0.7735191637630662 0.580078125 0.7735191637630662 0.578125 0.7770034843205574 0.560546875 0.7770034843205574 0.55859375 0.7735191637630662 0.556640625 0.7770034843205574 0.552734375 0.7770034843205574 0.548828125 0.7874564459930313 0.537109375 0.7839721254355401 0.5390625 0.7770034843205574 0.5390625 0.759581881533101 0.54296875 0.7560975609756098 0.54296875 0.7212543554006968
0 0.34375 0.21602787456445993 0.34765625 0.21602787456445993 0.34765625 0.2264808362369338 0.341796875 0.23344947735191637 0.337890625 0.23344947735191637 0.3359375 0.2264808362369338 0.33203125 0.2264808362369338 0.341796875 0.2229965156794425 0.34375 0.21951219512195122
0 0.29296875 0.7386759581881533 0.3125 0.7386759581881533 0.3125 0.7491289198606271 0.30859375 0.7491289198606271 0.30078125 0.7560975609756098 0.298828125 0.7560975609756098 0.296875 0.7491289198606271 0.29296875 0.7491289198606271 0.29296875 0.7421602787456446
0 0.537109375 0.10452961672473868 0.54296875 0.10452961672473868 0.556640625 0.12195121951219512 0.60546875 0.12195121951219512 0.607421875 0.1254355400696864 0.62109375 0.1254355400696864 0.623046875 0.11846689895470383 0.6328125 0.10452961672473868 0.6328125 0.1289198606271777 0.62890625 0.13240418118466898 0.623046875 0.13240418118466898 0.62109375 0.13588850174216027 0.607421875 0.13588850174216027 0.60546875 0.14285714285714285 0.603515625 0.14285714285714285 0.59375 0.1602787456445993 0.583984375 0.1672473867595819 0.578125 0.1672473867595819 0.576171875 0.17073170731707318 0.56640625 0.17073170731707318 0.564453125 0.1672473867595819 0.552734375 0.16376306620209058 0.55078125 0.156794425087108 0.546875 0.15331010452961671 0.546875 0.1289198606271777 0.544921875 0.12195121951219512 0.5390625 0.11149825783972125 0.537109375 0.11149825783972125 0.537109375 0.10801393728222997
0 0.4609375 0.11846689895470383 0.46875 0.11846689895470383 0.46875 0.1289198606271777 0.46484375 0.13240418118466898 0.458984375 0.13240418118466898 0.455078125 0.1289198606271777 0.455078125 0.1254355400696864 0.458984375 0.1254355400696864 0.4609375 0.12195121951219512
0 0.453125 0.5574912891986062 0.474609375 0.5574912891986062 0.474609375 0.5679442508710801 0.470703125 0.5714285714285714 0.453125 0.5714285714285714 0.44921875 0.5679442508710801 0.451171875 0.5679442508710801 0.453125 0.5609756097560976
0 0.5390625 0.7177700348432056 0.54296875 0.7177700348432056 0.556640625 0.7282229965156795 0.5703125 0.7282229965156795 0.572265625 0.7317073170731707 0.576171875 0.7317073170731707 0.572265625 0.7421602787456446 0.57421875 0.7456445993031359 0.578125 0.7456445993031359 0.580078125 0.7421602787456446 0.580078125 0.7560975609756098 0.58203125 0.759581881533101 0.611328125 0.759581881533101 0.61328125 0.7630662020905923 0.625 0.7630662020905923 0.626953125 0.7665505226480837 0.646484375 0.7665505226480837 0.650390625 0.7700348432055749 0.650390625 0.8850174216027874 0.6484375 0.8850174216027874 0.64453125 0.8780487804878049 0.64453125 0.8710801393728222 0.640625 0.867595818815331 0.638671875 0.8606271777003485 0.63671875 0.8362369337979094 0.630859375 0.8257839721254355 0.626953125 0.8257839721254355 0.619140625 0.8153310104529616 0.61328125 0.8153310104529616 0.609375 0.8083623693379791 0.587890625 0.7909407665505227 0.578125 0.7770034843205574 0.55078125 0.7770034843205574 0.541015625 0.7874564459930313 0.53515625 0.7839721254355401 0.53515625 0.7804878048780488 0.5390625 0.7770034843205574 0.5390625 0.759581881533101 0.541015625 0.7560975609756098 0.541015625 0.7247386759581882 0.5390625 0.7212543554006968
0 0.48828125 0.156794425087108 0.48828125 0.1602787456445993 0.484375 0.1602787456445993 0.478515625 0.1672473867595819 0.46875 0.1602787456445993 0.486328125 0.156794425087108
0 0.490234375 0.34843205574912894 0.4921875 0.34843205574912894 0.494140625 0.3554006968641115 0.50390625 0.3554006968641115 0.5078125 0.3588850174216028 0.490234375 0.3623693379790941 0.48828125 0.3588850174216028 0.482421875 0.3588850174216028 0.490234375 0.3519163763066202
0 0.3203125 0.5400696864111498 0.322265625 0.5435540069686411 0.33203125 0.5435540069686411 0.333984375 0.5400696864111498 0.337890625 0.5400696864111498 0.337890625 0.554006968641115 0.328125 0.5574912891986062 0.3203125 0.5679442508710801 0.3125 0.5679442508710801 0.310546875 0.5714285714285714 0.298828125 0.5714285714285714 0.296875 0.5679442508710801 0.29296875 0.5679442508710801 0.29296875 0.5644599303135889 0.2890625 0.5609756097560976 0.291015625 0.5609756097560976 0.29296875 0.5574912891986062 0.29296875 0.5505226480836237 0.30078125 0.5400696864111498 0.318359375 0.5400696864111498
0 0.6171875 0.3588850174216028 0.619140625 0.3588850174216028 0.625 0.34843205574912894 0.62890625 0.34843205574912894 0.634765625 0.34146341463414637 0.640625 0.34146341463414637 0.64453125 0.3344947735191638 0.650390625 0.3344947735191638 0.650390625 0.3902439024390244 0.638671875 0.3902439024390244 0.623046875 0.4076655052264808 0.6171875 0.40418118466898956 0.615234375 0.4076655052264808 0.6171875 0.4146341463414634 0.607421875 0.41114982578397213 0.603515625 0.4076655052264808 0.603515625 0.3867595818815331 0.6015625 0.3832752613240418 0.6015625 0.37630662020905925 0.61328125 0.37630662020905925 0.6171875 0.3623693379790941