0 0.376953125 0.1840277777777778 0.37890625 0.1909722222222222 0.37109375 0.2048611111111111 0.369140625 0.2048611111111111 0.349609375 0.23958333333333334 0.349609375 0.24305555555555555 0.337890625 0.2638888888888889 0.337890625 0.2673611111111111 0.3359375 0.2673611111111111 0.330078125 0.2777777777777778 0.306640625 0.3020833333333333 0.287109375 0.3020833333333333 0.283203125 0.3090277777777778 0.283203125 0.3333333333333333 0.28125 0.3368055555555556 0.279296875 0.3368055555555556 0.27734375 0.3263888888888889 0.265625 0.3055555555555556 0.271484375 0.2986111111111111 0.275390625 0.2986111111111111 0.28125 0.2881944444444444 0.28515625 0.2743055555555556 0.28515625 0.2673611111111111 0.2890625 0.2569444444444444 0.2890625 0.25 0.287109375 0.2465277777777778 0.28125 0.2465277777777778 0.279296875 0.24305555555555555 0.2890625 0.2361111111111111 0.298828125 0.2361111111111111 0.326171875 0.21180555555555555 0.359375 0.20833333333333334 0.375 0.1875
0 0.814453125 0.10069444444444445 0.8203125 0.1076388888888889 0.830078125 0.1111111111111111 0.833984375 0.125 0.84375 0.1423611111111111 0.845703125 0.1423611111111111 0.849609375 0.1527777777777778 0.845703125 0.1527777777777778 0.833984375 0.1423611111111111 0.830078125 0.13541666666666666 0.81640625 0.1284722222222222 0.8125 0.12152777777777778 0.806640625 0.11805555555555555 0.80078125 0.1076388888888889 0.80078125 0.10416666666666667 0.8125 0.10069444444444445
0 0.638671875 0.06944444444444445 0.64453125 0.0625 0.666015625 0.0625 0.666015625 0.06944444444444445 0.662109375 0.0798611111111111 0.662109375 0.08680555555555555 0.658203125 0.10069444444444445 0.646484375 0.125 0.646484375 0.1284722222222222 0.64453125 0.1284722222222222 0.625 0.1597222222222222 0.61328125 0.1701388888888889 0.59765625 0.17708333333333334 0.580078125 0.2013888888888889 0.576171875 0.2013888888888889 0.576171875 0.19791666666666666 0.59375 0.1701388888888889 0.6015625 0.1423611111111111 0.61328125 0.11805555555555555 0.61328125 0.11458333333333333 0.638671875 0.07291666666666667
0 0.794921875 0.2916666666666667 0.802734375 0.2986111111111111 0.80859375 0.2986111111111111 0.833984375 0.3159722222222222 0.83984375 0.3159722222222222 0.841796875 0.3194444444444444 0.86328125 0.3298611111111111 0.880859375 0.3506944444444444 0.89453125 0.3611111111111111 0.8984375 0.3680555555555556 0.91015625 0.3784722222222222 0.921875 0.3819444444444444 0.923828125 0.3854166666666667 0.9453125 0.3854166666666667 0.947265625 0.3923611111111111 0.943359375 0.3958333333333333 0.935546875 0.3958333333333333 0.93359375 0.3923611111111111 0.896484375 0.3923611111111111 0.89453125 0.3958333333333333 0.86328125 0.3993055555555556 0.861328125 0.4027777777777778 0.837890625 0.3993055555555556 0.8359375 0.3958333333333333 0.818359375 0.3923611111111111 0.8125 0.3854166666666667 0.80859375 0.3854166666666667 0.794921875 0.375 0.775390625 0.3506944444444444 0.771484375 0.3506944444444444 0.76953125 0.3472222222222222 0.76171875 0.3472222222222222 0.75 0.3576388888888889 0.75390625 0.3402777777777778 0.748046875 0.3298611111111111 0.771484375 0.3298611111111111 0.7890625 0.3125 0.798828125 0.3125 0.80078125 0.3090277777777778 0.7890625 0.2951388888888889 0.79296875 0.2916666666666667
0 0.74609375 0.9722222222222222 0.75 0.96875 0.755859375 0.96875 0.763671875 0.9895833333333334 0.763671875 0.9965277777777778 0.74609375 0.9965277777777778 0.744140625 0.9930555555555556 0.744140625 0.9791666666666666 0.74609375 0.9756944444444444
0 0.234375 0.9479166666666666 0.23828125 0.9479166666666666 0.24609375 0.9583333333333334 0.251953125 0.9618055555555556 0.275390625 0.9965277777777778 0.228515625 0.9965277777777778 0.220703125 0.9791666666666666 0.216796875 0.9791666666666666 0.21484375 0.9756944444444444 0.21484375 0.96875 0.216796875 0.9652777777777778 0.220703125 0.9652777777777778 0.22265625 0.96875 0.236328125 0.96875 0.240234375 0.9618055555555556 0.23828125 0.9548611111111112 0.234375 0.9513888888888888
0 0.69921875 0.9791666666666666 0.708984375 0.9722222222222222 0.712890625 0.9756944444444444 0.712890625 0.9965277777777778 0.6953125 0.9965277777777778 0.6953125 0.9895833333333334 0.69921875 0.9826388888888888
0 0.251953125 0.06944444444444445 0.259765625 0.06944444444444445 0.26171875 0.07291666666666667 0.26171875 0.0798611111111111 0.271484375 0.11458333333333333 0.26953125 0.11805555555555555 0.267578125 0.11458333333333333 0.263671875 0.11458333333333333 0.255859375 0.10069444444444445 0.251953125 0.07291666666666667
0 0.41796875 0.06597222222222222 0.419921875 0.0625 0.45703125 0.0625 0.466796875 0.06944444444444445 0.48046875 0.09375 0.494140625 0.10416666666666667 0.494140625 0.1111111111111111 0.4921875 0.1111111111111111 0.478515625 0.09722222222222222 0.462890625 0.09375 0.4609375 0.09027777777777778 0.447265625 0.09027777777777778 0.419921875 0.06944444444444445
0 0.775390625 0.9097222222222222 0.802734375 0.9652777777777778 0.802734375 0.9791666666666666 0.8046875 0.9826388888888888 0.8046875 0.9930555555555556 0.802734375 0.9965277777777778 0.78125 0.9965277777777778 0.77734375 0.9826388888888888 0.763671875 0.9548611111111112 0.76171875 0.9444444444444444 0.755859375 0.9340277777777778 0.75 0.9340277777777778 0.748046875 0.9201388888888888 0.76171875 0.9027777777777778 0.771484375 0.9027777777777778 0.7734375 0.9097222222222222
0 0.322265625 0.9166666666666666 0.33203125 0.9305555555555556 0.349609375 0.9305555555555556 0.35546875 0.9236111111111112 0.3515625 0.9166666666666666 0.357421875 0.9270833333333334 0.359375 0.9270833333333334 0.375 0.9583333333333334 0.376953125 0.9583333333333334 0.376953125 0.9618055555555556 0.384765625 0.9756944444444444 0.388671875 0.9965277777777778 0.341796875 0.9965277777777778 0.337890625 0.9930555555555556 0.33203125 0.9826388888888888 0.326171875 0.9444444444444444 0.3203125 0.9375 0.31640625 0.9270833333333334 0.31640625 0.9201388888888888 0.3203125 0.9166666666666666