0 0.28515625 0.2152777777777778 0.2890625 0.21180555555555555 0.30078125 0.21180555555555555 0.302734375 0.20833333333333334 0.30859375 0.20833333333333334 0.322265625 0.19444444444444445 0.326171875 0.19444444444444445 0.333984375 0.1875 0.365234375 0.1875 0.380859375 0.16666666666666666 0.38671875 0.16666666666666666 0.38671875 0.1701388888888889 0.375 0.1840277777777778 0.34375 0.24305555555555555 0.32421875 0.2673611111111111 0.3203125 0.2673611111111111 0.31640625 0.2743055555555556 0.294921875 0.2743055555555556 0.2890625 0.2847222222222222 0.287109375 0.3055555555555556 0.28515625 0.3055555555555556 0.283203125 0.2951388888888889 0.275390625 0.2777777777777778 0.27734375 0.2708333333333333 0.28125 0.2708333333333333 0.2890625 0.2569444444444444 0.2890625 0.2465277777777778 0.296875 0.22916666666666666 0.296875 0.2222222222222222 0.294921875 0.21875 0.287109375 0.21875
0 0.640625 0.03819444444444445 0.640625 0.04513888888888889 0.63671875 0.052083333333333336 0.640625 0.059027777777777776 0.6484375 0.05555555555555555 0.654296875 0.04513888888888889 0.654296875 0.041666666666666664 0.65625 0.04513888888888889 0.65625 0.052083333333333336 0.654296875 0.05555555555555555 0.654296875 0.0625 0.6484375 0.07291666666666667 0.646484375 0.08680555555555555 0.634765625 0.11458333333333333 0.626953125 0.1284722222222222 0.625 0.1284722222222222 0.6171875 0.1423611111111111 0.60546875 0.15625 0.576171875 0.1701388888888889 0.55859375 0.1909722222222222 0.5546875 0.1909722222222222 0.5546875 0.1875 0.55859375 0.18055555555555555 0.564453125 0.17708333333333334 0.576171875 0.15625 0.578125 0.14583333333333334 0.599609375 0.10069444444444445 0.599609375 0.09722222222222222 0.6015625 0.09722222222222222 0.6171875 0.06944444444444445 0.634765625 0.04861111111111111 0.63671875 0.041666666666666664 0.638671875 0.041666666666666664
0 0.744140625 0.9305555555555556 0.74609375 0.9375 0.763671875 0.9652777777777778 0.76953125 0.9895833333333334 0.767578125 0.9965277777777778 0.744140625 0.9965277777777778 0.7421875 0.9930555555555556 0.7421875 0.9861111111111112 0.736328125 0.9722222222222222 0.736328125 0.9583333333333334 0.744140625 0.9409722222222222 0.744140625 0.9340277777777778
0 0.451171875 0.03819444444444445 0.455078125 0.041666666666666664 0.474609375 0.0798611111111111 0.4921875 0.09722222222222222 0.494140625 0.10416666666666667 0.47265625 0.08680555555555555 0.46484375 0.08680555555555555 0.455078125 0.0798611111111111 0.4453125 0.0798611111111111 0.435546875 0.07291666666666667 0.42578125 0.07291666666666667 0.42578125 0.06944444444444445 0.412109375 0.04861111111111111 0.4140625 0.041666666666666664 0.44921875 0.03819444444444445
0 0.814453125 0.2638888888888889 0.822265625 0.2638888888888889 0.828125 0.2708333333333333 0.837890625 0.2743055555555556 0.84765625 0.2847222222222222 0.8515625 0.2847222222222222 0.853515625 0.2881944444444444 0.86328125 0.2916666666666667 0.873046875 0.3020833333333333 0.876953125 0.3020833333333333 0.927734375 0.3611111111111111 0.935546875 0.3611111111111111 0.9453125 0.3680555555555556 0.958984375 0.3680555555555556 0.9609375 0.3715277777777778 0.958984375 0.3784722222222222 0.9375 0.375 0.935546875 0.3715277777777778 0.90234375 0.3715277777777778 0.900390625 0.375 0.88671875 0.375 0.884765625 0.3784722222222222 0.869140625 0.3784722222222222 0.8671875 0.375 0.859375 0.375 0.849609375 0.3680555555555556 0.841796875 0.3680555555555556 0.830078125 0.3576388888888889 0.8203125 0.3541666666666667 0.8046875 0.3368055555555556 0.791015625 0.3159722222222222 0.787109375 0.3125 0.7734375 0.3125 0.76953125 0.3159722222222222 0.76953125 0.3090277777777778 0.767578125 0.3055555555555556 0.767578125 0.2951388888888889 0.76953125 0.2916666666666667 0.79296875 0.2916666666666667 0.810546875 0.2777777777777778 0.818359375 0.2777777777777778 0.8203125 0.2743055555555556 0.814453125 0.2673611111111111
0 0.248046875 0.052083333333333336 0.255859375 0.052083333333333336 0.263671875 0.0798611111111111 0.263671875 0.09375 0.255859375 0.09027777777777778 0.25 0.0763888888888889 0.248046875 0.05555555555555555
0 0 0.7638888888888888 0.001953125 0.7638888888888888 0.001953125 0.7743055555555556 0.00390625 0.7777777777777778 0.00390625 0.8229166666666666 0.005859375 0.8263888888888888 0.00390625 0.8333333333333334 0.00390625 0.9444444444444444 0 0.9479166666666666 0 0.7673611111111112
0 0.755859375 0.8819444444444444 0.759765625 0.8819444444444444 0.76171875 0.8854166666666666 0.767578125 0.8784722222222222 0.779296875 0.9027777777777778 0.779296875 0.9097222222222222 0.783203125 0.9166666666666666 0.783203125 0.9236111111111112 0.787109375 0.9375 0.787109375 0.9618055555555556 0.7890625 0.9652777777777778 0.78515625 0.9965277777777778 0.7734375 0.9965277777777778 0.771484375 0.9930555555555556 0.771484375 0.9861111111111112 0.767578125 0.9756944444444444 0.767578125 0.9652777777777778 0.765625 0.9618055555555556 0.765625 0.9131944444444444 0.763671875 0.90625 0.7578125 0.8993055555555556 0.755859375 0.8854166666666666
0 0.79296875 0.03125 0.796875 0.027777777777777776 0.818359375 0.027777777777777776 0.8203125 0.03125 0.814453125 0.03819444444444445 0.80859375 0.03819444444444445 0.806640625 0.041666666666666664 0.802734375 0.03819444444444445 0.794921875 0.03819444444444445 0.79296875 0.034722222222222224
0 0.40234375 0.9513888888888888 0.408203125 0.9583333333333334 0.408203125 0.9618055555555556 0.423828125 0.9965277777777778 0.38671875 0.9965277777777778 0.38671875 0.9895833333333334 0.37890625 0.9826388888888888 0.37890625 0.9722222222222222 0.3828125 0.96875 0.390625 0.9722222222222222 0.3984375 0.9652777777777778 0.40234375 0.9548611111111112
0 0.810546875 0.08680555555555555 0.82421875 0.09722222222222222 0.830078125 0.11805555555555555 0.8359375 0.1284722222222222 0.845703125 0.1388888888888889 0.841796875 0.1423611111111111 0.837890625 0.13541666666666666 0.833984375 0.13541666666666666 0.818359375 0.11805555555555555 0.80859375 0.11458333333333333 0.796875 0.10416666666666667 0.79296875 0.09722222222222222 0.794921875 0.09027777777777778 0.798828125 0.08680555555555555 0.80859375 0.08680555555555555