0 0.392578125 0 0.4296875 0 0.4296875 0.024305555555555556 0.42578125 0.027777777777777776 0.419921875 0.027777777777777776 0.4140625 0.020833333333333332 0.408203125 0.020833333333333332 0.40625 0.013888888888888888 0.400390625 0.013888888888888888 0.400390625 0.010416666666666666 0.396484375 0.006944444444444444 0.39453125 0
0 0.6875 0.8854166666666666 0.689453125 0.8958333333333334 0.693359375 0.8993055555555556 0.701171875 0.9166666666666666 0.701171875 0.9479166666666666 0.697265625 0.9548611111111112 0.693359375 0.9548611111111112 0.69140625 0.9583333333333334 0.681640625 0.9583333333333334 0.6640625 0.9340277777777778 0.66796875 0.9097222222222222 0.681640625 0.8888888888888888 0.685546875 0.8888888888888888
0 0.4921875 0 0.494140625 0 0.48828125 0.010416666666666666 0.482421875 0.03125 0.482421875 0.041666666666666664 0.4765625 0.052083333333333336 0.47265625 0.06597222222222222 0.455078125 0.08680555555555555 0.453125 0.09375 0.443359375 0.10416666666666667 0.41015625 0.10416666666666667 0.40234375 0.11458333333333333 0.39453125 0.11458333333333333 0.392578125 0.11805555555555555 0.392578125 0.11458333333333333 0.40234375 0.10069444444444445 0.40625 0.08333333333333333 0.41015625 0.0763888888888889 0.41015625 0.06944444444444445 0.4140625 0.05555555555555555 0.41796875 0.052083333333333336 0.421875 0.041666666666666664 0.421875 0.034722222222222224 0.4375 0 0.490234375 0
0 0.6328125 0.9722222222222222 0.63671875 0.96875 0.650390625 0.96875 0.65234375 0.9722222222222222 0.65625 0.9722222222222222 0.658203125 0.9791666666666666 0.673828125 0.9826388888888888 0.673828125 0.9861111111111112 0.677734375 0.9895833333333334 0.677734375 0.9965277777777778 0.626953125 0.9965277777777778 0.626953125 0.9895833333333334 0.6328125 0.9756944444444444
0 0.333984375 0 0.376953125 0 0.37890625 0.006944444444444444 0.380859375 0.041666666666666664 0.38671875 0.052083333333333336 0.390625 0.06597222222222222 0.390625 0.0763888888888889 0.38671875 0.0763888888888889 0.384765625 0.06597222222222222 0.380859375 0.0625 0.375 0.04861111111111111 0.361328125 0.041666666666666664 0.357421875 0.03125 0.353515625 0.03125 0.3515625 0.024305555555555556 0.345703125 0.020833333333333332 0.341796875 0.010416666666666666 0.333984375 0.003472222222222222
0 0.751953125 0.024305555555555556 0.802734375 0.024305555555555556 0.8046875 0.027777777777777776 0.80859375 0.027777777777777776 0.814453125 0.052083333333333336 0.8203125 0.0625 0.822265625 0.0763888888888889 0.81640625 0.0763888888888889 0.80859375 0.06944444444444445 0.798828125 0.06944444444444445 0.796875 0.06597222222222222 0.78125 0.059027777777777776 0.7734375 0.04861111111111111 0.765625 0.04513888888888889 0.75390625 0.024305555555555556
0 0.17505787037037035 -0.011831275720164609 0.06199363425925926 0.029835390946502054
0 0.30078125 0.05555555555555555 0.3046875 0.05555555555555555 0.306640625 0.059027777777777776 0.30859375 0.06944444444444445 0.3203125 0.08680555555555555 0.3203125 0.09375 0.322265625 0.09722222222222222 0.322265625 0.1388888888888889 0.3203125 0.1423611111111111 0.30859375 0.14583333333333334 0.30859375 0.1423611111111111 0.298828125 0.1284722222222222 0.29296875 0.13541666666666666 0.287109375 0.13541666666666666 0.28515625 0.13194444444444445 0.28515625 0.09375 0.294921875 0.09722222222222222 0.298828125 0.09027777777777778 0.298828125 0.08333333333333333 0.302734375 0.07291666666666667 0.30078125 0.059027777777777776
0 0.93359375 0.1076388888888889 0.943359375 0.12152777777777778 0.947265625 0.12152777777777778 0.94921875 0.125 0.958984375 0.125 0.9609375 0.1284722222222222 0.974609375 0.125 0.978515625 0.13194444444444445 0.982421875 0.13194444444444445 0.984375 0.13541666666666666 0.98828125 0.13541666666666666 0.990234375 0.13194444444444445 0.990234375 0.11805555555555555 0.98828125 0.1111111111111111 0.9921875 0.1111111111111111 0.998046875 0.11805555555555555 0.998046875 0.2777777777777778 0.99609375 0.2777777777777778 0.9921875 0.2673611111111111 0.984375 0.2604166666666667 0.984375 0.2569444444444444 0.978515625 0.25 0.962890625 0.21875 0.9609375 0.21875 0.958984375 0.2048611111111111 0.953125 0.19791666666666666 0.953125 0.1909722222222222 0.94921875 0.1875 0.947265625 0.1736111111111111 0.943359375 0.1701388888888889 0.94140625 0.15625 0.9375 0.1527777777777778 0.93359375 0.1388888888888889 0.927734375 0.13194444444444445 0.919921875 0.13194444444444445 0.91796875 0.1284722222222222 0.90625 0.125 0.90625 0.11805555555555555 0.91015625 0.11805555555555555 0.91796875 0.1076388888888889 0.931640625 0.1076388888888889
0 0.732421875 0.8333333333333334 0.736328125 0.8333333333333334 0.7421875 0.8611111111111112 0.76171875 0.9027777777777778 0.76171875 0.9097222222222222 0.763671875 0.9131944444444444 0.763671875 0.9479166666666666 0.76171875 0.9513888888888888 0.744140625 0.9513888888888888 0.7421875 0.9479166666666666 0.73828125 0.9479166666666666 0.734375 0.9409722222222222 0.73046875 0.9409722222222222 0.71875 0.9201388888888888 0.71875 0.9166666666666666 0.712890625 0.9097222222222222 0.7109375 0.9027777777777778 0.7109375 0.8923611111111112 0.708984375 0.8888888888888888 0.708984375 0.8784722222222222 0.701171875 0.8645833333333334 0.69921875 0.8645833333333334 0.69921875 0.8576388888888888 0.703125 0.8541666666666666 0.70703125 0.8541666666666666 0.71484375 0.8611111111111112 0.71875 0.8611111111111112 0.720703125 0.8576388888888888 0.724609375 0.8611111111111112 0.734375 0.8576388888888888 0.736328125 0.8541666666666666 0.736328125 0.84375 0.732421875 0.8402777777777778 0.732421875 0.8368055555555556
0 -0.03211805555555555 0.024691358024691357 0.07819733796296297 0.10288065843621398