0 0.603515625 0.9861111111111112 0.609375 0.9861111111111112 0.611328125 0.9826388888888888 0.62890625 0.9826388888888888 0.62890625 0.9965277777777778 0.603515625 0.9965277777777778 0.603515625 0.9895833333333334
0 0.583984375 0.6458333333333334 0.583984375 0.6423611111111112 0.59375 0.6423611111111112 0.595703125 0.6493055555555556 0.6015625 0.6493055555555556 0.6015625 0.65625 0.603515625 0.6597222222222222 0.603515625 0.7083333333333334 0.591796875 0.7083333333333334 0.58984375 0.7118055555555556 0.580078125 0.7083333333333334 0.580078125 0.6701388888888888 0.583984375 0.6666666666666666 0.583984375 0.65625 0.587890625 0.6527777777777778 0.5859375 0.6458333333333334
0 0.439453125 0.4513888888888889 0.439453125 0.4444444444444444 0.44921875 0.4444444444444444 0.44921875 0.4479166666666667 0.453125 0.4513888888888889 0.453125 0.46875 0.4453125 0.4652777777777778 0.4453125 0.4548611111111111 0.44140625 0.4513888888888889
0 0.548828125 0.9895833333333334 0.548828125 0.9965277777777778 0.53515625 0.9965277777777778 0.53515625 0.9756944444444444 0.544921875 0.9756944444444444 0.544921875 0.9861111111111112 0.546875 0.9895833333333334
0 0.51171875 0.4409722222222222 0.521484375 0.4409722222222222 0.5234375 0.4444444444444444 0.544921875 0.4444444444444444 0.544921875 0.4479166666666667 0.529296875 0.4479166666666667 0.52734375 0.4513888888888889 0.5234375 0.4513888888888889 0.521484375 0.4548611111111111 0.521484375 0.4791666666666667 0.517578125 0.4826388888888889 0.51953125 0.4895833333333333 0.517578125 0.4861111111111111 0.51171875 0.4861111111111111 0.5078125 0.4826388888888889 0.5078125 0.4548611111111111 0.51171875 0.4513888888888889 0.51171875 0.4444444444444444
0 0.474609375 0.8645833333333334 0.474609375 0.8819444444444444 0.466796875 0.8819444444444444 0.466796875 0.8715277777777778 0.46484375 0.8680555555555556 0.4609375 0.8680555555555556 0.4609375 0.8576388888888888 0.470703125 0.8576388888888888 0.47265625 0.8645833333333334
0 0.490234375 0.09027777777777778 0.494140625 0.08680555555555555 0.51171875 0.08680555555555555 0.525390625 0.09722222222222222 0.533203125 0.09722222222222222 0.537109375 0.10416666666666667 0.546875 0.1111111111111111 0.546875 0.11805555555555555 0.54296875 0.11805555555555555 0.541015625 0.12152777777777778 0.537109375 0.11805555555555555 0.525390625 0.11805555555555555 0.5234375 0.11458333333333333 0.5 0.1111111111111111 0.490234375 0.10069444444444445 0.490234375 0.09375
0 0.583984375 0.7569444444444444 0.58984375 0.7569444444444444 0.58984375 0.8194444444444444 0.5859375 0.8229166666666666 0.576171875 0.8229166666666666 0.5703125 0.8298611111111112 0.56640625 0.8229166666666666 0.560546875 0.8229166666666666 0.560546875 0.7916666666666666 0.5625 0.7916666666666666 0.564453125 0.7847222222222222 0.578125 0.7743055555555556 0.580078125 0.7673611111111112 0.583984375 0.7638888888888888 0.583984375 0.7604166666666666
0 0.478515625 0.5104166666666666 0.5 0.5104166666666666 0.5 0.5277777777777778 0.490234375 0.5277777777777778 0.490234375 0.5173611111111112 0.48828125 0.5138888888888888 0.478515625 0.5138888888888888
0 0.646484375 0.16666666666666666 0.6484375 0.16666666666666666 0.6484375 0.21180555555555555 0.64453125 0.21180555555555555 0.642578125 0.2152777777777778 0.634765625 0.21180555555555555 0.634765625 0.2013888888888889 0.638671875 0.2013888888888889 0.640625 0.19791666666666666 0.640625 0.1840277777777778 0.64453125 0.1840277777777778 0.646484375 0.18055555555555555 0.646484375 0.1701388888888889
0 0.4609375 0.8784722222222222 0.4609375 0.8645833333333334 0.482421875 0.8645833333333334 0.482421875 0.8819444444444444 0.4765625 0.8819444444444444 0.474609375 0.8854166666666666 0.470703125 0.8784722222222222 0.462890625 0.8784722222222222
0 0.552734375 0.6354166666666666 0.5625 0.6354166666666666 0.5625 0.6388888888888888 0.56640625 0.6423611111111112 0.56640625 0.6458333333333334 0.5703125 0.6493055555555556 0.5703125 0.6527777777777778 0.57421875 0.65625 0.576171875 0.6631944444444444 0.578125 0.6631944444444444 0.578125 0.6701388888888888 0.58203125 0.6736111111111112 0.58203125 0.7118055555555556 0.578125 0.7152777777777778 0.578125 0.7256944444444444 0.58203125 0.7291666666666666 0.58203125 0.7361111111111112 0.576171875 0.7361111111111112 0.57421875 0.7395833333333334 0.5703125 0.7395833333333334 0.568359375 0.7361111111111112 0.5625 0.7361111111111112 0.560546875 0.7395833333333334 0.552734375 0.7361111111111112 0.564453125 0.7256944444444444 0.564453125 0.71875 0.560546875 0.7152777777777778 0.55859375 0.7083333333333334 0.556640625 0.7083333333333334 0.556640625 0.6944444444444444 0.552734375 0.6909722222222222 0.552734375 0.6840277777777778 0.544921875 0.6770833333333334 0.544921875 0.6736111111111112 0.552734375 0.6666666666666666 0.552734375 0.6388888888888888
0 0.451171875 0.4513888888888889 0.4609375 0.4513888888888889 0.46484375 0.4548611111111111 0.46484375 0.4756944444444444 0.45703125 0.4722222222222222 0.455078125 0.4652777777777778 0.451171875 0.4652777777777778 0.451171875 0.4548611111111111
0 0.447265625 0.8229166666666666 0.47265625 0.8263888888888888 0.47265625 0.8402777777777778 0.4609375 0.8402777777777778 0.453125 0.8333333333333334 0.447265625 0.8333333333333334 0.447265625 0.8263888888888888
0 0.4609375 0.4375 0.47265625 0.4375 0.474609375 0.4409722222222222 0.478515625 0.4409722222222222 0.48046875 0.4444444444444444 0.48046875 0.4548611111111111 0.4765625 0.4583333333333333 0.47265625 0.4583333333333333 0.474609375 0.4513888888888889 0.46875 0.4444444444444444 0.46484375 0.4444444444444444 0.462890625 0.4375
0 0.435546875 0.4201388888888889 0.439453125 0.4166666666666667 0.45703125 0.4166666666666667 0.458984375 0.4201388888888889 0.455078125 0.4201388888888889 0.453125 0.4236111111111111 0.44921875 0.4236111111111111 0.4453125 0.4166666666666667 0.439453125 0.4166666666666667 0.4375 0.4201388888888889
0 0.4375 0.8368055555555556 0.458984375 0.8368055555555556 0.458984375 0.8472222222222222 0.453125 0.8472222222222222 0.451171875 0.8506944444444444 0.447265625 0.8402777777777778 0.4375 0.8402777777777778
0 0.5078125 0.8854166666666666 0.51953125 0.8923611111111112 0.521484375 0.8993055555555556 0.525390625 0.8993055555555556 0.525390625 0.90625 0.52734375 0.9097222222222222 0.52734375 0.9305555555555556 0.51953125 0.9340277777777778 0.517578125 0.9305555555555556 0.517578125 0.9201388888888888 0.515625 0.9166666666666666 0.51171875 0.9166666666666666 0.51171875 0.90625 0.5078125 0.9027777777777778 0.5078125 0.8888888888888888
0 0.30859375 0.2673611111111111 0.30859375 0.2986111111111111 0.296875 0.3020833333333333 0.29296875 0.3090277777777778 0.291015625 0.3055555555555556 0.283203125 0.3055555555555556 0.283203125 0.28125 0.2890625 0.28125 0.291015625 0.2743055555555556 0.306640625 0.2673611111111111
0 0.427734375 0.4236111111111111 0.439453125 0.4236111111111111 0.44140625 0.4270833333333333 0.447265625 0.4270833333333333 0.44921875 0.4340277777777778 0.453125 0.4340277777777778 0.453125 0.4409722222222222 0.443359375 0.4444444444444444 0.439453125 0.4375 0.435546875 0.4375 0.43359375 0.4305555555555556 0.427734375 0.4305555555555556 0.427734375 0.4270833333333333
0 0.4296875 0.4895833333333333 0.44140625 0.4895833333333333 0.443359375 0.4930555555555556 0.455078125 0.4965277777777778 0.455078125 0.5 0.44921875 0.5 0.447265625 0.5069444444444444 0.443359375 0.5 0.4375 0.5 0.435546875 0.4930555555555556 0.4296875 0.4930555555555556
0 0.517578125 0.7118055555555556 0.51953125 0.7118055555555556 0.521484375 0.7048611111111112 0.55859375 0.7048611111111112 0.55859375 0.7152777777777778 0.53515625 0.7152777777777778 0.533203125 0.71875 0.517578125 0.7152777777777778
0 0.47265625 0.4548611111111111 0.4765625 0.4548611111111111 0.478515625 0.4479166666666667 0.484375 0.4479166666666667 0.484375 0.4548611111111111 0.486328125 0.4583333333333333 0.5 0.46875 0.501953125 0.4756944444444444 0.501953125 0.4861111111111111 0.494140625 0.4826388888888889 0.4921875 0.4756944444444444 0.486328125 0.4722222222222222 0.486328125 0.4652777777777778 0.484375 0.4618055555555556 0.474609375 0.4548611111111111
0 0.642578125 0.8541666666666666 0.642578125 0.8576388888888888 0.646484375 0.8611111111111112 0.646484375 0.8680555555555556 0.6484375 0.8715277777777778 0.6484375 0.9236111111111112 0.6328125 0.9236111111111112 0.6328125 0.9201388888888888 0.62890625 0.9166666666666666 0.62890625 0.9027777777777778 0.625 0.8993055555555556 0.625 0.8680555555555556 0.623046875 0.8645833333333334 0.619140625 0.8645833333333334 0.619140625 0.8576388888888888 0.623046875 0.8576388888888888 0.625 0.8541666666666666 0.625 0.8298611111111112 0.638671875 0.8298611111111112 0.638671875 0.8506944444444444 0.640625 0.8541666666666666
0 0.474609375 0.1111111111111111 0.47265625 0.125 0.466796875 0.13194444444444445 0.46875 0.14583333333333334 0.47265625 0.14930555555555555 0.47265625 0.1875 0.470703125 0.1875 0.46875 0.19444444444444445 0.462890625 0.2013888888888889 0.462890625 0.2048611111111111 0.447265625 0.21875 0.44140625 0.21875 0.439453125 0.2152777777777778 0.43359375 0.2152777777777778 0.4296875 0.21180555555555555 0.4296875 0.1840277777777778 0.42578125 0.18055555555555555 0.42578125 0.1736111111111111 0.4375 0.16666666666666666 0.439453125 0.16319444444444445 0.439453125 0.1527777777777778 0.44140625 0.1527777777777778 0.443359375 0.14583333333333334 0.451171875 0.13541666666666666 0.451171875 0.13194444444444445 0.45703125 0.13194444444444445 0.458984375 0.1284722222222222 0.458984375 0.12152777777777778 0.451171875 0.11458333333333333 0.44921875 0.10069444444444445 0.453125 0.10069444444444445 0.455078125 0.1076388888888889 0.458984375 0.1076388888888889 0.4609375 0.1111111111111111 0.47265625 0.1111111111111111
0 0.474609375 0.8194444444444444 0.4765625 0.8229166666666666 0.48046875 0.8229166666666666 0.482421875 0.8298611111111112 0.478515625 0.8298611111111112 0.4765625 0.8333333333333334 0.45703125 0.8229166666666666 0.4609375 0.8229166666666666 0.462890625 0.8194444444444444 0.47265625 0.8194444444444444
0 0.599609375 0.15625 0.603515625 0.15625 0.603515625 0.2048611111111111 0.599609375 0.2048611111111111 0.59765625 0.20833333333333334 0.5859375 0.20833333333333334 0.5859375 0.1701388888888889 0.59765625 0.16666666666666666 0.599609375 0.1597222222222222
0 0.6328125 0.04513888888888889 0.63671875 0.04513888888888889 0.63671875 0.04861111111111111 0.640625 0.052083333333333336 0.642578125 0.059027777777777776 0.646484375 0.059027777777777776 0.6484375 0.0625 0.6484375 0.09722222222222222 0.646484375 0.09375 0.642578125 0.09375 0.642578125 0.09027777777777778 0.638671875 0.08680555555555555 0.638671875 0.0798611111111111 0.63671875 0.0763888888888889 0.6328125 0.0763888888888889 0.6328125 0.06944444444444445 0.62890625 0.06597222222222222 0.62890625 0.052083333333333336 0.6328125 0.04861111111111111
0 0.470703125 0.3645833333333333 0.470703125 0.3854166666666667 0.466796875 0.3854166666666667 0.46484375 0.3888888888888889 0.462890625 0.3888888888888889 0.46484375 0.3854166666666667 0.4609375 0.3819444444444444 0.4609375 0.375 0.458984375 0.3715277777777778 0.451171875 0.3680555555555556 0.46875 0.3680555555555556
0 0.48046875 0.9166666666666666 0.48828125 0.9166666666666666 0.490234375 0.9097222222222222 0.49609375 0.9097222222222222 0.49609375 0.9166666666666666 0.50390625 0.9236111111111112 0.50390625 0.9305555555555556 0.5078125 0.9340277777777778 0.5078125 0.9444444444444444 0.509765625 0.9479166666666666 0.509765625 0.96875 0.505859375 0.96875 0.498046875 0.9618055555555556 0.498046875 0.9583333333333334 0.494140625 0.9548611111111112 0.494140625 0.9479166666666666 0.490234375 0.9444444444444444 0.490234375 0.9270833333333334 0.486328125 0.9236111111111112 0.484375 0.9166666666666666 0.482421875 0.9166666666666666
0 0.529296875 0.8055555555555556 0.54296875 0.8055555555555556 0.54296875 0.8159722222222222 0.5390625 0.8159722222222222 0.537109375 0.8194444444444444 0.529296875 0.8159722222222222 0.529296875 0.8090277777777778