0 0.509765625 0.3170731707317073 0.515625 0.3170731707317073 0.515625 0.3240418118466899 0.517578125 0.32752613240418116 0.517578125 0.3344947735191638 0.515625 0.33797909407665505 0.517578125 0.3344947735191638 0.509765625 0.32752613240418116 0.509765625 0.3205574912891986
0 0.6484375 0.5714285714285714 0.654296875 0.5714285714285714 0.65625 0.578397212543554 0.66015625 0.578397212543554 0.66015625 0.6376306620209059 0.64453125 0.6411149825783972 0.638671875 0.6341463414634146 0.638671875 0.6132404181184669 0.640625 0.6132404181184669 0.642578125 0.6062717770034843 0.646484375 0.6027874564459931 0.646484375 0.5958188153310104 0.6484375 0.5923344947735192 0.6484375 0.5749128919860628
0 0.537109375 0.8153310104529616 0.541015625 0.8153310104529616 0.54296875 0.8083623693379791 0.548828125 0.8153310104529616 0.548828125 0.8222996515679443 0.55078125 0.8257839721254355 0.55078125 0.8606271777003485 0.546875 0.8571428571428571 0.544921875 0.8501742160278746 0.54296875 0.8501742160278746 0.54296875 0.8222996515679443 0.5390625 0.8153310104529616
0 0.603515625 0.9477351916376306 0.607421875 0.9512195121951219 0.607421875 0.9581881533101045 0.609375 0.9616724738675958 0.609375 0.9965156794425087 0.599609375 0.9965156794425087 0.599609375 0.9930313588850174 0.595703125 0.9895470383275261 0.595703125 0.9512195121951219 0.6015625 0.9477351916376306
0 0.517578125 0.34843205574912894 0.52734375 0.34843205574912894 0.52734375 0.3519163763066202 0.5234375 0.3554006968641115 0.521484375 0.3519163763066202 0.517578125 0.3519163763066202
0 0.583984375 0.06968641114982578 0.5859375 0.07317073170731707 0.58984375 0.07317073170731707 0.59765625 0.08362369337979095 0.6015625 0.08362369337979095 0.607421875 0.09407665505226481 0.609375 0.10104529616724739 0.609375 0.1254355400696864 0.60546875 0.1289198606271777 0.59765625 0.1289198606271777 0.59765625 0.1254355400696864 0.6015625 0.1254355400696864 0.60546875 0.11846689895470383 0.6015625 0.10801393728222997 0.587890625 0.10104529616724739 0.583984375 0.09407665505226481 0.57421875 0.09407665505226481 0.572265625 0.08362369337979095 0.568359375 0.07665505226480836 0.568359375 0.06968641114982578 0.5703125 0.06620209059233449 0.580078125 0.06620209059233449 0.58203125 0.06968641114982578
0 0.541015625 0.44947735191637633 0.55078125 0.44947735191637633 0.55078125 0.4738675958188153 0.544921875 0.46689895470383275 0.544921875 0.45993031358885017 0.541015625 0.4564459930313589 0.541015625 0.4529616724738676
0 0.513671875 0.397212543554007 0.515625 0.397212543554007 0.515625 0.41114982578397213 0.513671875 0.41114982578397213 0.513671875 0.40069686411149824
0 0.515625 0.0627177700348432 0.51953125 0.06620209059233449 0.533203125 0.06620209059233449 0.533203125 0.07317073170731707 0.529296875 0.08013937282229965 0.529296875 0.09407665505226481 0.533203125 0.10801393728222997 0.533203125 0.1289198606271777 0.529296875 0.14634146341463414 0.52734375 0.14634146341463414 0.521484375 0.1602787456445993 0.5078125 0.1672473867595819 0.505859375 0.16376306620209058 0.501953125 0.16376306620209058 0.501953125 0.156794425087108 0.5 0.15331010452961671 0.5 0.13240418118466898 0.49609375 0.1289198606271777 0.49609375 0.1254355400696864 0.5 0.1254355400696864 0.50390625 0.11498257839721254 0.5078125 0.11149825783972125 0.509765625 0.0975609756097561 0.51953125 0.08362369337979095 0.51953125 0.07665505226480836 0.515625 0.06620209059233449
0 0.587890625 0.662020905923345 0.611328125 0.662020905923345 0.611328125 0.6724738675958188 0.578125 0.6724738675958188 0.578125 0.6689895470383276 0.5859375 0.6689895470383276 0.587890625 0.6655052264808362
0 0.701171875 0.04529616724738676 0.701171875 0.08013937282229965 0.69921875 0.08362369337979095 0.697265625 0.08362369337979095 0.701171875 0.08013937282229965 0.697265625 0.07665505226480836 0.6953125 0.06968641114982578 0.693359375 0.06968641114982578 0.693359375 0.059233449477351915 0.69140625 0.05574912891986063 0.6875 0.05574912891986063 0.6875 0.04878048780487805 0.69921875 0.04529616724738676
0 0.51953125 0.7839721254355401 0.525390625 0.7839721254355401 0.525390625 0.7909407665505227 0.529296875 0.794425087108014 0.529296875 0.8013937282229965 0.5234375 0.8013937282229965 0.51953125 0.7979094076655052 0.51953125 0.7874564459930313
0 0.689453125 0.9895470383275261 0.6953125 0.9895470383275261 0.6953125 0.9965156794425087 0.689453125 0.9965156794425087 0.689453125 0.9930313588850174
0 0.51171875 0.7491289198606271 0.515625 0.7526132404181185 0.515625 0.7665505226480837 0.509765625 0.7665505226480837 0.505859375 0.7630662020905923 0.505859375 0.7421602787456446 0.5078125 0.7421602787456446 0.509765625 0.7491289198606271
0 0.515625 0.7491289198606271 0.521484375 0.7491289198606271 0.521484375 0.7526132404181185 0.525390625 0.7560975609756098 0.525390625 0.759581881533101 0.521484375 0.7630662020905923 0.515625 0.7560975609756098 0.515625 0.7526132404181185
0 0.48828125 0.3623693379790941 0.49609375 0.3623693379790941 0.49609375 0.3693379790940767 0.501953125 0.37630662020905925 0.501953125 0.3867595818815331 0.498046875 0.3867595818815331 0.494140625 0.3832752613240418 0.494140625 0.37630662020905925 0.48828125 0.3693379790940767 0.48828125 0.36585365853658536
0 0.544921875 0.8327526132404182 0.552734375 0.8327526132404182 0.55859375 0.8397212543554007 0.55859375 0.8710801393728222 0.5546875 0.8710801393728222 0.55078125 0.867595818815331 0.55078125 0.8536585365853658 0.548828125 0.8501742160278746 0.544921875 0.8501742160278746 0.544921875 0.8362369337979094
0 0.560546875 0.7735191637630662 0.568359375 0.7735191637630662 0.568359375 0.7804878048780488 0.572265625 0.7839721254355401 0.572265625 0.7909407665505227 0.57421875 0.794425087108014 0.57421875 0.8327526132404182 0.57421875 0.8292682926829268 0.5703125 0.8257839721254355 0.568359375 0.818815331010453 0.56640625 0.818815331010453 0.564453125 0.7839721254355401 0.560546875 0.7804878048780488 0.560546875 0.7770034843205574
0 0.673828125 0.7177700348432056 0.68359375 0.7177700348432056 0.685546875 0.7282229965156795 0.689453125 0.7317073170731707 0.693359375 0.7456445993031359 0.693359375 0.7979094076655052 0.681640625 0.8013937282229965 0.677734375 0.7909407665505227 0.673828125 0.7874564459930313 0.673828125 0.7735191637630662 0.671875 0.7700348432055749 0.673828125 0.7212543554006968
0 0.361328125 0.2508710801393728 0.36328125 0.2508710801393728 0.36328125 0.27526132404181186 0.359375 0.27526132404181186 0.357421875 0.2787456445993031 0.353515625 0.27526132404181186 0.353515625 0.2578397212543554 0.359375 0.2578397212543554 0.361328125 0.25435540069686413
0 0.4921875 0.3519163763066202 0.49609375 0.3519163763066202 0.498046875 0.3588850174216028 0.505859375 0.36585365853658536 0.50390625 0.37282229965156793 0.501953125 0.3693379790940767 0.498046875 0.3693379790940767 0.49609375 0.3588850174216028 0.4921875 0.3554006968641115
0 0.673828125 0.9233449477351916 0.6796875 0.9233449477351916 0.681640625 0.9303135888501742 0.681640625 0.9547038327526133 0.677734375 0.9581881533101045 0.67578125 0.9547038327526133 0.66796875 0.9547038327526133 0.66796875 0.9303135888501742 0.671875 0.9303135888501742 0.673828125 0.926829268292683
0 0.35546875 0.9895470383275261 0.361328125 0.9895470383275261 0.361328125 0.9930313588850174 0.365234375 0.9965156794425087 0.35546875 0.9965156794425087 0.35546875 0.9930313588850174
0 0.6484375 0.6898954703832753 0.6484375 0.735191637630662 0.640625 0.735191637630662 0.638671875 0.7386759581881533 0.630859375 0.735191637630662 0.630859375 0.7317073170731707 0.638671875 0.7247386759581882 0.638671875 0.7212543554006968 0.634765625 0.7177700348432056 0.634765625 0.7003484320557491 0.63671875 0.7003484320557491 0.640625 0.6898954703832753 0.646484375 0.6898954703832753
0 0.6640625 0.024390243902439025 0.6640625 0.07665505226480836 0.66015625 0.07665505226480836 0.658203125 0.08013937282229965 0.650390625 0.07665505226480836 0.650390625 0.0627177700348432 0.654296875 0.0627177700348432 0.65625 0.059233449477351915 0.65625 0.04878048780487805 0.66015625 0.04529616724738676 0.66015625 0.03484320557491289 0.662109375 0.03484320557491289 0.6640625 0.027874564459930314
0 0.53515625 0.397212543554007 0.546875 0.4076655052264808 0.546875 0.4250871080139373 0.544921875 0.4250871080139373 0.544921875 0.4181184668989547 0.54296875 0.4146341463414634 0.537109375 0.41114982578397213 0.53515625 0.40418118466898956 0.529296875 0.40069686411149824 0.529296875 0.3902439024390244 0.53125 0.3902439024390244 0.533203125 0.397212543554007
0 0.5234375 0.735191637630662 0.529296875 0.735191637630662 0.533203125 0.7386759581881533 0.533203125 0.7526132404181185 0.53125 0.7560975609756098 0.529296875 0.7526132404181185 0.5234375 0.7526132404181185 0.5234375 0.7386759581881533
0 0.48828125 0.42160278745644597 0.49609375 0.42160278745644597 0.498046875 0.42857142857142855 0.501953125 0.42857142857142855 0.501953125 0.43902439024390244 0.498046875 0.43902439024390244 0.49609375 0.4355400696864111 0.48828125 0.4355400696864111 0.48828125 0.4250871080139373
0 0.505859375 0.7630662020905923 0.509765625 0.7630662020905923 0.509765625 0.7735191637630662 0.5078125 0.7770034843205574 0.505859375 0.7735191637630662 0.505859375 0.7665505226480837
0 0.49609375 0.39372822299651566 0.501953125 0.39372822299651566 0.505859375 0.397212543554007 0.50390625 0.41114982578397213 0.498046875 0.40069686411149824 0.49609375 0.40069686411149824 0.49609375 0.397212543554007
0 0.619140625 0.6236933797909407 0.626953125 0.6236933797909407 0.626953125 0.627177700348432 0.630859375 0.6306620209059234 0.6328125 0.6411149825783972 0.63671875 0.6445993031358885 0.63671875 0.710801393728223 0.62890625 0.710801393728223 0.625 0.7073170731707317 0.625 0.6898954703832753 0.623046875 0.686411149825784 0.623046875 0.6794425087108014 0.619140625 0.6759581881533101 0.619140625 0.6689895470383276 0.615234375 0.6655052264808362 0.615234375 0.6585365853658537 0.619140625 0.6550522648083623 0.619140625 0.627177700348432
0 0.51953125 0.37282229965156793 0.525390625 0.37282229965156793 0.525390625 0.3797909407665505 0.533203125 0.3867595818815331 0.533203125 0.3902439024390244 0.52734375 0.39372822299651566 0.51953125 0.3867595818815331 0.51953125 0.37630662020905925
0 0.56640625 0.37282229965156793 0.576171875 0.37282229965156793 0.576171875 0.4250871080139373 0.5703125 0.4250871080139373 0.5703125 0.3832752613240418 0.56640625 0.3797909407665505 0.56640625 0.37630662020905925
0 0.53515625 0.8118466898954704 0.54296875 0.8118466898954704 0.54296875 0.8153310104529616 0.546875 0.818815331010453 0.548828125 0.8257839721254355 0.556640625 0.8292682926829268 0.556640625 0.8710801393728222 0.5546875 0.8710801393728222 0.552734375 0.867595818815331 0.552734375 0.8606271777003485 0.548828125 0.8571428571428571 0.546875 0.8501742160278746 0.544921875 0.8501742160278746 0.544921875 0.8432055749128919 0.54296875 0.8397212543554007 0.54296875 0.8222996515679443 0.53515625 0.8153310104529616