0 0.4921875 0.0313588850174216 0.494140625 0.0313588850174216 0.49609375 0.03832752613240418 0.49609375 0.04529616724738676 0.494140625 0.04878048780487805 0.48828125 0.04878048780487805 0.482421875 0.041811846689895474 0.478515625 0.041811846689895474 0.482421875 0.03832752613240418 0.490234375 0.03832752613240418 0.4921875 0.03484320557491289
0 0.541015625 0.07317073170731707 0.544921875 0.06968641114982578 0.55078125 0.06968641114982578 0.552734375 0.07317073170731707 0.560546875 0.07317073170731707 0.5703125 0.08013937282229965 0.5703125 0.0975609756097561 0.568359375 0.10104529616724739 0.5625 0.10104529616724739 0.560546875 0.0975609756097561 0.556640625 0.0975609756097561 0.552734375 0.09059233449477352 0.548828125 0.09059233449477352 0.54296875 0.08013937282229965 0.541015625 0.08013937282229965 0.541015625 0.07665505226480836
0 0.328125 0 0.341796875 0 0.341796875 0.013937282229965157 0.333984375 0.013937282229965157 0.33203125 0.017421602787456445 0.328125 0.013937282229965157 0.328125 0.003484320557491289
0 0.34765625 0.29965156794425085 0.359375 0.313588850174216 0.359375 0.3205574912891986 0.365234375 0.3344947735191638 0.376953125 0.3344947735191638 0.376953125 0.34494773519163763 0.369140625 0.34494773519163763 0.35546875 0.3554006968641115 0.33203125 0.3554006968641115 0.328125 0.3519163763066202 0.328125 0.3205574912891986 0.345703125 0.30313588850174217
0 0.48046875 0.10801393728222997 0.48046875 0.12195121951219512 0.4765625 0.1254355400696864 0.47265625 0.1254355400696864 0.466796875 0.11846689895470383 0.478515625 0.10801393728222997
0 0.69140625 0.289198606271777 0.693359375 0.2926829268292683 0.69921875 0.2926829268292683 0.69921875 0.3170731707317073 0.697265625 0.3205574912891986 0.697265625 0.3310104529616725 0.6875 0.34494773519163763 0.662109375 0.34494773519163763 0.66015625 0.34843205574912894 0.654296875 0.34843205574912894 0.64453125 0.34146341463414637 0.64453125 0.32752613240418116 0.6484375 0.313588850174216 0.65625 0.30313588850174217 0.6640625 0.30313588850174217 0.66796875 0.29965156794425085 0.669921875 0.2926829268292683 0.673828125 0.2926829268292683 0.67578125 0.289198606271777 0.689453125 0.289198606271777
0 0.341796875 0.013937282229965157 0.34375 0.013937282229965157 0.34375 0.0313588850174216 0.341796875 0.03484320557491289 0.337890625 0.03484320557491289 0.337890625 0.0313588850174216 0.333984375 0.027874564459930314 0.3359375 0.027874564459930314 0.337890625 0.020905923344947737 0.341796875 0.017421602787456445
0 0.451171875 0.7073170731707317 0.455078125 0.7073170731707317 0.45703125 0.7142857142857143 0.46484375 0.7142857142857143 0.46875 0.7212543554006968 0.47265625 0.7142857142857143 0.47265625 0.7282229965156795 0.466796875 0.7317073170731707 0.462890625 0.7386759581881533 0.453125 0.7386759581881533 0.451171875 0.7421602787456446 0.431640625 0.7421602787456446 0.427734375 0.7386759581881533 0.4296875 0.7386759581881533 0.439453125 0.7177700348432056 0.443359375 0.7142857142857143 0.44921875 0.7142857142857143 0.451171875 0.710801393728223
0 0.494140625 0.06968641114982578 0.49609375 0.06968641114982578 0.498046875 0.07665505226480836 0.494140625 0.08710801393728224 0.48828125 0.08710801393728224 0.48046875 0.08013937282229965 0.484375 0.07665505226480836 0.4921875 0.07665505226480836 0.494140625 0.07317073170731707
0 0.66015625 0.8571428571428571 0.6640625 0.8571428571428571 0.6640625 0.8954703832752613 0.662109375 0.8989547038327527 0.65625 0.8989547038327527 0.650390625 0.89198606271777 0.650390625 0.8745644599303136 0.66015625 0.8606271777003485
0 0.693359375 0.4181184668989547 0.69921875 0.4181184668989547 0.69921875 0.46689895470383275 0.69140625 0.45993031358885017 0.68359375 0.45993031358885017 0.681640625 0.4529616724738676 0.677734375 0.44947735191637633 0.681640625 0.445993031358885 0.68359375 0.43205574912891986 0.693359375 0.42160278745644597
0 0.353515625 0.13588850174216027 0.37109375 0.13588850174216027 0.37109375 0.14982578397212543 0.3671875 0.14982578397212543 0.365234375 0.15331010452961671 0.353515625 0.14285714285714285 0.353515625 0.13937282229965156
0 0.59375 0.013937282229965157 0.59765625 0.017421602787456445 0.59765625 0.024390243902439025 0.607421875 0.041811846689895474 0.611328125 0.04529616724738676 0.626953125 0.04878048780487805 0.62890625 0.05226480836236934 0.634765625 0.05226480836236934 0.63671875 0.04878048780487805 0.65625 0.05226480836236934 0.666015625 0.027874564459930314 0.666015625 0.05226480836236934 0.658203125 0.059233449477351915 0.65234375 0.06968641114982578 0.65234375 0.07317073170731707 0.646484375 0.08013937282229965 0.640625 0.08013937282229965 0.634765625 0.08710801393728224 0.623046875 0.09059233449477352 0.62109375 0.09407665505226481 0.615234375 0.09407665505226481 0.61328125 0.0975609756097561 0.611328125 0.09407665505226481 0.60546875 0.09407665505226481 0.6015625 0.09059233449477352 0.595703125 0.07665505226480836 0.595703125 0.03832752613240418 0.59375 0.03484320557491289 0.59375 0.017421602787456445
0 0.36328125 0.4564459930313589 0.3671875 0.4564459930313589 0.3671875 0.4878048780487805 0.36328125 0.4912891986062718 0.357421875 0.4912891986062718 0.35546875 0.49477351916376305 0.349609375 0.4878048780487805 0.349609375 0.47038327526132406 0.36328125 0.45993031358885017
0 0.599609375 0.6724738675958188 0.609375 0.6829268292682927 0.62109375 0.6829268292682927 0.625 0.686411149825784 0.625 0.6898954703832753 0.62109375 0.6933797909407665 0.634765625 0.7142857142857143 0.66015625 0.7142857142857143 0.662109375 0.7177700348432056 0.677734375 0.7177700348432056 0.6796875 0.7212543554006968 0.69140625 0.7212543554006968 0.693359375 0.7247386759581882 0.697265625 0.7247386759581882 0.69921875 0.7282229965156795 0.69921875 0.8501742160278746 0.693359375 0.8466898954703833 0.689453125 0.8397212543554007 0.685546875 0.8222996515679443 0.685546875 0.8048780487804879 0.68359375 0.8013937282229965 0.68359375 0.794425087108014 0.6796875 0.7874564459930313 0.6640625 0.7735191637630662 0.66015625 0.7735191637630662 0.626953125 0.7317073170731707 0.603515625 0.7317073170731707 0.595703125 0.7421602787456446 0.58984375 0.7421602787456446 0.591796875 0.7038327526132404 0.59375 0.7003484320557491 0.59375 0.6759581881533101 0.59765625 0.6724738675958188
0 0.51171875 0.07665505226480836 0.517578125 0.07665505226480836 0.517578125 0.08710801393728224 0.515625 0.09059233449477352 0.509765625 0.09059233449477352 0.5078125 0.08710801393728224 0.5078125 0.08362369337979095 0.51171875 0.08013937282229965
0 0.58203125 0.42160278745644597 0.5859375 0.43205574912891986 0.591796875 0.4355400696864111 0.59765625 0.445993031358885 0.59765625 0.4738675958188153 0.59375 0.47735191637630664 0.591796875 0.47735191637630664 0.59375 0.4738675958188153 0.591796875 0.46689895470383275 0.576171875 0.4529616724738676 0.576171875 0.445993031358885 0.568359375 0.4355400696864111 0.568359375 0.4250871080139373 0.572265625 0.4146341463414634 0.578125 0.4146341463414634 0.580078125 0.42160278745644597
0 0.5 0.5644599303135889 0.51171875 0.5644599303135889 0.513671875 0.5714285714285714 0.513671875 0.578397212543554 0.505859375 0.578397212543554 0.49609375 0.5714285714285714 0.5 0.5679442508710801