0 0.849609375 0.4564459930313589 0.8515625 0.4564459930313589 0.853515625 0.4634146341463415 0.865234375 0.4634146341463415 0.876953125 0.4738675958188153 0.880859375 0.4738675958188153 0.8828125 0.4808362369337979 0.880859375 0.4843205574912892 0.853515625 0.4843205574912892 0.8515625 0.4808362369337979 0.84765625 0.4808362369337979 0.841796875 0.4738675958188153 0.841796875 0.46689895470383275 0.849609375 0.45993031358885017
0 0.26171875 0.6306620209059234 0.263671875 0.6341463414634146 0.275390625 0.6376306620209059 0.28515625 0.6515679442508711 0.287109375 0.6585365853658537 0.283203125 0.6759581881533101 0.267578125 0.6898954703832753 0.2578125 0.6898954703832753 0.255859375 0.6933797909407665 0.248046875 0.6933797909407665 0.24609375 0.6968641114982579 0.234375 0.6968641114982579 0.232421875 0.7003484320557491 0.21875 0.7003484320557491 0.21484375 0.7038327526132404 0.212890625 0.710801393728223 0.1484375 0.710801393728223 0.14453125 0.7003484320557491 0.140625 0.6968641114982579 0.140625 0.6724738675958188 0.14453125 0.6689895470383276 0.146484375 0.6585365853658537 0.150390625 0.6515679442508711 0.1640625 0.6515679442508711 0.166015625 0.6480836236933798 0.1640625 0.6445993031358885 0.1640625 0.6376306620209059 0.169921875 0.6306620209059234 0.173828125 0.627177700348432 0.1796875 0.627177700348432 0.181640625 0.6236933797909407 0.1875 0.6236933797909407 0.1953125 0.6167247386759582 0.236328125 0.6167247386759582 0.23828125 0.6202090592334495 0.24609375 0.6202090592334495 0.259765625 0.6306620209059234
0 0.7204840613931522 0.42598389890122546 0.05726092089728453 0.030540254803796137
0 0.7734375 0.3867595818815331 0.775390625 0.39372822299651566 0.767578125 0.40418118466898956 0.7421875 0.40418118466898956 0.740234375 0.4076655052264808 0.728515625 0.4076655052264808 0.7265625 0.41114982578397213 0.716796875 0.41114982578397213 0.712890625 0.4076655052264808 0.716796875 0.40069686411149824 0.736328125 0.3867595818815331 0.763671875 0.3832752613240418 0.771484375 0.3902439024390244
0 0.578125 0.18118466898954705 0.6171875 0.18118466898954705 0.619140625 0.18815331010452963 0.623046875 0.18466898954703834 0.625 0.18815331010452963 0.623046875 0.20557491289198607 0.568359375 0.20905923344947736 0.56640625 0.20557491289198607 0.5625 0.20557491289198607 0.5625 0.20209059233449478 0.568359375 0.1916376306620209 0.578125 0.18466898954703834
0 0.615234375 0.6515679442508711 0.6328125 0.6655052264808362 0.63671875 0.6724738675958188 0.64453125 0.6759581881533101 0.650390625 0.686411149825784 0.6640625 0.7003484320557491 0.671875 0.7142857142857143 0.67578125 0.7142857142857143 0.681640625 0.7247386759581882 0.6796875 0.7282229965156795 0.671875 0.7282229965156795 0.65625 0.7142857142857143 0.64453125 0.710801393728223 0.6171875 0.686411149825784 0.6015625 0.662020905923345 0.6015625 0.6550522648083623 0.603515625 0.6515679442508711 0.61328125 0.6515679442508711
0 0.6171875 0.20905923344947736 0.623046875 0.20905923344947736 0.623046875 0.2229965156794425 0.619140625 0.23344947735191637 0.615234375 0.23344947735191637 0.61328125 0.23693379790940766 0.603515625 0.23693379790940766 0.599609375 0.24041811846689895 0.59765625 0.23693379790940766 0.56640625 0.23344947735191637 0.56640625 0.21951219512195122 0.568359375 0.21602787456445993 0.609375 0.21951219512195122 0.6171875 0.21254355400696864
0 0 0.313588850174216 0 0.2857142857142857 0.001953125 0.28222996515679444 0.017578125 0.28222996515679444 0.01953125 0.2787456445993031 0.076171875 0.2787456445993031 0.078125 0.27526132404181186 0.083984375 0.27526132404181186 0.083984375 0.28222996515679444 0.087890625 0.2926829268292683 0.06640625 0.2926829268292683 0.064453125 0.2961672473867596 0.044921875 0.29965156794425085 0.0390625 0.30662020905923343 0.025390625 0.30662020905923343 0.0234375 0.31010452961672474 0.009765625 0.31010452961672474 0.0078125 0.313588850174216 0.001953125 0.313588850174216
0 0.3203125 0.49477351916376305 0.330078125 0.4843205574912892 0.3359375 0.4843205574912892 0.345703125 0.47735191637630664 0.35546875 0.47735191637630664 0.357421875 0.4738675958188153 0.3671875 0.4738675958188153 0.369140625 0.47735191637630664 0.369140625 0.4912891986062718 0.365234375 0.49477351916376305 0.361328125 0.49477351916376305 0.359375 0.49825783972125437 0.349609375 0.49825783972125437 0.34765625 0.5017421602787456 0.328125 0.5017421602787456 0.322265625 0.49477351916376305
0 0.61328125 0.0975609756097561 0.619140625 0.10452961672473868 0.619140625 0.11149825783972125 0.62109375 0.11498257839721254 0.62109375 0.13240418118466898 0.619140625 0.13588850174216027 0.58984375 0.13588850174216027 0.576171875 0.12195121951219512 0.576171875 0.11846689895470383 0.58203125 0.11149825783972125 0.5859375 0.11149825783972125 0.59375 0.10452961672473868 0.611328125 0.10104529616724739
0 0.357421875 0.6236933797909407 0.359375 0.627177700348432 0.35546875 0.6411149825783972 0.34375 0.6585365853658537 0.3359375 0.662020905923345 0.330078125 0.6829268292682927 0.326171875 0.6829268292682927 0.3203125 0.6933797909407665 0.306640625 0.6968641114982579 0.3046875 0.6933797909407665 0.310546875 0.6829268292682927 0.3125 0.6689895470383276 0.306640625 0.662020905923345 0.302734375 0.662020905923345 0.3046875 0.6585365853658537 0.294921875 0.6411149825783972 0.29296875 0.6306620209059234 0.296875 0.6202090592334495 0.298828125 0.6167247386759582 0.3046875 0.6167247386759582 0.306640625 0.6202090592334495 0.310546875 0.6202090592334495 0.3125 0.627177700348432 0.326171875 0.6306620209059234 0.3359375 0.6376306620209059 0.349609375 0.6341463414634146 0.35546875 0.627177700348432
0 0.33984375 0.3588850174216028 0.357421875 0.3588850174216028 0.357421875 0.3623693379790941 0.36328125 0.3693379790940767 0.365234375 0.37630662020905925 0.365234375 0.3832752613240418 0.361328125 0.3902439024390244 0.359375 0.3867595818815331 0.333984375 0.3867595818815331 0.318359375 0.397212543554007 0.298828125 0.397212543554007 0.296875 0.40069686411149824 0.287109375 0.40069686411149824 0.28515625 0.40418118466898956 0.27734375 0.40418118466898956 0.271484375 0.397212543554007 0.275390625 0.3902439024390244 0.28515625 0.3867595818815331 0.291015625 0.3797909407665505 0.296875 0.3797909407665505 0.298828125 0.37630662020905925 0.3046875 0.37630662020905925 0.314453125 0.3693379790940767 0.322265625 0.3693379790940767 0.32421875 0.36585365853658536 0.337890625 0.36585365853658536 0.33984375 0.3623693379790941
0 0.9921875 0.4181184668989547 0.998046875 0.4181184668989547 0.998046875 0.42857142857142855 0.994140625 0.42857142857142855 0.9921875 0.42160278745644597
0 0.25 0.21951219512195122 0.25390625 0.21951219512195122 0.255859375 0.2264808362369338 0.259765625 0.2264808362369338 0.2578125 0.24041811846689895 0.255859375 0.24390243902439024 0.251953125 0.24390243902439024 0.25 0.24041811846689895 0.248046875 0.24390243902439024 0.244140625 0.24390243902439024 0.2265625 0.27177700348432055 0.22265625 0.27177700348432055 0.21484375 0.2787456445993031 0.203125 0.2787456445993031 0.201171875 0.28222996515679444 0.17578125 0.28222996515679444 0.177734375 0.27526132404181186 0.228515625 0.22996515679442509 0.240234375 0.22996515679442509 0.25 0.2229965156794425
0 0.62109375 0.2682926829268293 0.619140625 0.27177700348432055 0.6171875 0.2961672473867596 0.61328125 0.30313588850174217 0.599609375 0.30313588850174217 0.58984375 0.2926829268292683 0.58984375 0.28222996515679444 0.59375 0.28222996515679444 0.599609375 0.27526132404181186 0.60546875 0.27526132404181186 0.61328125 0.2682926829268293 0.619140625 0.2682926829268293
0 0.55859375 0.4425087108013937 0.560546875 0.445993031358885 0.57421875 0.445993031358885 0.578125 0.44947735191637633 0.580078125 0.4564459930313589 0.576171875 0.45993031358885017 0.568359375 0.45993031358885017 0.56640625 0.4634146341463415 0.55078125 0.4634146341463415 0.55078125 0.445993031358885 0.556640625 0.445993031358885
0 0.05859375 0.3797909407665505 0.119140625 0.3797909407665505 0.12109375 0.3867595818815331 0.125 0.3867595818815331 0.126953125 0.3902439024390244 0.1484375 0.3902439024390244 0.158203125 0.3832752613240418 0.158203125 0.40418118466898956 0.109375 0.40418118466898956 0.107421875 0.4076655052264808 0.091796875 0.4076655052264808 0.08984375 0.41114982578397213 0.060546875 0.41114982578397213 0.05859375 0.4076655052264808 0.05078125 0.4076655052264808 0.044921875 0.40069686411149824 0.041015625 0.40069686411149824 0.041015625 0.39372822299651566 0.044921875 0.3902439024390244 0.05078125 0.3902439024390244 0.05859375 0.3832752613240418
0 0.197265625 0.31010452961672474 0.2109375 0.31010452961672474 0.212890625 0.3170731707317073 0.2265625 0.3170731707317073 0.228515625 0.3205574912891986 0.232421875 0.3170731707317073 0.234375 0.3205574912891986 0.234375 0.3240418118466899 0.228515625 0.3344947735191638 0.212890625 0.34146341463414637 0.20703125 0.34843205574912894 0.19140625 0.34843205574912894 0.189453125 0.3519163763066202 0.16015625 0.3519163763066202 0.158203125 0.34843205574912894 0.140625 0.34843205574912894 0.134765625 0.34146341463414637 0.13671875 0.34146341463414637 0.138671875 0.3344947735191638 0.154296875 0.3240418118466899 0.169921875 0.3205574912891986 0.171875 0.3170731707317073 0.1953125 0.3170731707317073 0.197265625 0.313588850174216
0 0.6171875 0.13937282229965156 0.623046875 0.156794425087108 0.619140625 0.16376306620209058 0.615234375 0.16376306620209058 0.609375 0.17073170731707318 0.599609375 0.17073170731707318 0.59765625 0.17421602787456447 0.572265625 0.17421602787456447 0.5703125 0.17073170731707318 0.5703125 0.14634146341463414 0.580078125 0.14634146341463414 0.58203125 0.14285714285714285 0.599609375 0.14285714285714285 0.6015625 0.13937282229965156 0.615234375 0.13937282229965156
0 0.185546875 0.39372822299651566 0.1875 0.397212543554007 0.1953125 0.397212543554007 0.19921875 0.40069686411149824 0.205078125 0.41114982578397213 0.20703125 0.41114982578397213 0.2109375 0.4250871080139373 0.197265625 0.4250871080139373 0.177734375 0.41114982578397213 0.173828125 0.40418118466898956 0.173828125 0.397212543554007 0.1796875 0.397212543554007 0.18359375 0.39372822299651566
0 0.17578125 0.3588850174216028 0.197265625 0.3588850174216028 0.201171875 0.3554006968641115 0.205078125 0.3623693379790941 0.203125 0.37630662020905925 0.189453125 0.37630662020905925 0.1875 0.3797909407665505 0.171875 0.3797909407665505 0.169921875 0.37630662020905925 0.1640625 0.37630662020905925 0.166015625 0.3693379790940767 0.17578125 0.3623693379790941
0 0.763671875 0.40418118466898956 0.765625 0.4076655052264808 0.775390625 0.41114982578397213 0.78125 0.4181184668989547 0.78515625 0.4181184668989547 0.796875 0.43205574912891986 0.802734375 0.43205574912891986 0.80078125 0.44947735191637633 0.796875 0.44947735191637633 0.794921875 0.445993031358885 0.779296875 0.445993031358885 0.77734375 0.4425087108013937 0.76953125 0.4425087108013937 0.767578125 0.43902439024390244 0.7578125 0.4355400696864111 0.751953125 0.42857142857142855 0.75 0.42160278745644597 0.7421875 0.41114982578397213 0.7421875 0.4076655052264808 0.74609375 0.4076655052264808 0.748046875 0.40418118466898956 0.76171875 0.40418118466898956
0 0.29296875 0.3554006968641115 0.296875 0.3554006968641115 0.298828125 0.3623693379790941 0.294921875 0.37282229965156793 0.287109375 0.37630662020905925 0.279296875 0.3867595818815331 0.2734375 0.3867595818815331 0.265625 0.39372822299651566 0.232421875 0.397212543554007 0.232421875 0.39372822299651566 0.23828125 0.3832752613240418 0.25390625 0.37630662020905925 0.259765625 0.3693379790940767 0.279296875 0.36585365853658536 0.28125 0.3623693379790941 0.291015625 0.3623693379790941 0.29296875 0.3588850174216028
0 0.232421875 0.4250871080139373 0.23828125 0.4250871080139373 0.240234375 0.42857142857142855 0.240234375 0.43902439024390244 0.236328125 0.445993031358885 0.220703125 0.445993031358885 0.216796875 0.44947735191637633 0.21484375 0.4529616724738676 0.21484375 0.4634146341463415 0.177734375 0.4634146341463415 0.17578125 0.46689895470383275 0.16015625 0.46689895470383275 0.158203125 0.47038327526132406 0.142578125 0.4634146341463415 0.142578125 0.45993031358885017 0.158203125 0.445993031358885 0.173828125 0.4425087108013937 0.18359375 0.4355400696864111 0.1953125 0.4355400696864111 0.197265625 0.43205574912891986 0.23046875 0.43205574912891986 0.232421875 0.42857142857142855
0 0.310546875 0.4181184668989547 0.314453125 0.42857142857142855 0.310546875 0.4355400696864111 0.302734375 0.4355400696864111 0.287109375 0.445993031358885 0.279296875 0.445993031358885 0.27734375 0.4425087108013937 0.265625 0.43902439024390244 0.265625 0.43205574912891986 0.271484375 0.42857142857142855 0.275390625 0.42160278745644597 0.28125 0.42160278745644597 0.283203125 0.4181184668989547 0.30859375 0.4181184668989547
0 0.10546875 0.4634146341463415 0.142578125 0.4634146341463415 0.146484375 0.4738675958188153 0.1484375 0.47038327526132406 0.150390625 0.4738675958188153 0.146484375 0.4808362369337979 0.142578125 0.4808362369337979 0.140625 0.4843205574912892 0.130859375 0.4843205574912892 0.123046875 0.4912891986062718 0.11328125 0.4912891986062718 0.111328125 0.49477351916376305 0.087890625 0.49477351916376305 0.0859375 0.49825783972125437 0.05078125 0.49477351916376305 0.05078125 0.4878048780487805 0.07421875 0.4843205574912892 0.08203125 0.47735191637630664 0.087890625 0.47735191637630664 0.08984375 0.4738675958188153 0.095703125 0.4738675958188153 0.10546875 0.46689895470383275
0 0.095703125 0.3205574912891986 0.103515625 0.3310104529616725 0.103515625 0.33797909407665505 0.099609375 0.34843205574912894 0.08984375 0.34843205574912894 0.078125 0.33797909407665505 0.078125 0.32752613240418116 0.087890625 0.3205574912891986 0.09375 0.3205574912891986
0 0.3515625 0.2926829268292683 0.357421875 0.29965156794425085 0.357421875 0.31010452961672474 0.359375 0.3170731707317073 0.353515625 0.3240418118466899 0.34765625 0.3240418118466899 0.345703125 0.32752613240418116 0.337890625 0.3240418118466899 0.33984375 0.30313588850174217 0.34375 0.2961672473867596 0.349609375 0.2961672473867596
0 0.587890625 0.39372822299651566 0.58984375 0.4146341463414634 0.591796875 0.4181184668989547 0.587890625 0.4250871080139373 0.583984375 0.42857142857142855 0.578125 0.42857142857142855 0.576171875 0.43205574912891986 0.5703125 0.43205574912891986 0.5625 0.4250871080139373 0.556640625 0.4250871080139373 0.552734375 0.4181184668989547 0.552734375 0.4076655052264808 0.55859375 0.397212543554007 0.5859375 0.39372822299651566
0 0.8359375 0.5435540069686411 0.865234375 0.5435540069686411 0.8671875 0.5505226480836237 0.876953125 0.5505226480836237 0.87890625 0.554006968641115 0.89453125 0.5574912891986062 0.896484375 0.5609756097560976 0.90625 0.5644599303135889 0.912109375 0.5714285714285714 0.92578125 0.5749128919860628 0.935546875 0.5818815331010453 0.935546875 0.5888501742160279 0.93359375 0.5923344947735192 0.92578125 0.5923344947735192 0.923828125 0.5888501742160279 0.888671875 0.5888501742160279 0.88671875 0.5853658536585366 0.869140625 0.5853658536585366 0.8671875 0.5818815331010453 0.859375 0.5818815331010453 0.857421875 0.578397212543554 0.84765625 0.578397212543554 0.845703125 0.5749128919860628 0.833984375 0.5714285714285714 0.82421875 0.5609756097560976 0.82421875 0.5574912891986062 0.8359375 0.5470383275261324
0 0.1640625 0.4076655052264808 0.166015625 0.4146341463414634 0.14453125 0.43205574912891986 0.140625 0.43902439024390244 0.13671875 0.43902439024390244 0.125 0.44947735191637633 0.119140625 0.44947735191637633 0.10546875 0.45993031358885017 0.08203125 0.45993031358885017 0.076171875 0.4529616724738676 0.080078125 0.4425087108013937 0.083984375 0.4425087108013937 0.099609375 0.42857142857142855 0.10546875 0.42857142857142855 0.12109375 0.4181184668989547 0.130859375 0.4181184668989547 0.1328125 0.4146341463414634 0.140625 0.4146341463414634 0.142578125 0.41114982578397213 0.150390625 0.41114982578397213 0.15234375 0.4076655052264808 0.162109375 0.4076655052264808
0 0.078125 0.36585365853658536 0.080078125 0.37282229965156793 0.076171875 0.3797909407665505 0.052734375 0.3797909407665505 0.044921875 0.3867595818815331 0.03125 0.3832752613240418 0.03515625 0.3797909407665505 0.044921875 0.3797909407665505 0.0546875 0.37282229965156793 0.068359375 0.37282229965156793 0.0703125 0.3693379790940767 0.076171875 0.3693379790940767
0 0.21875 0.2229965156794425 0.22265625 0.2264808362369338 0.21875 0.24041811846689895 0.2109375 0.24390243902439024 0.20703125 0.2508710801393728 0.18359375 0.27177700348432055 0.1796875 0.27177700348432055 0.166015625 0.28222996515679444 0.150390625 0.28222996515679444 0.1484375 0.2857142857142857 0.13671875 0.2857142857142857 0.134765625 0.28222996515679444 0.134765625 0.2787456445993031 0.138671875 0.2787456445993031 0.14453125 0.2682926829268293 0.15625 0.2578397212543554 0.16015625 0.2578397212543554 0.169921875 0.24738675958188153 0.17578125 0.24738675958188153 0.1953125 0.23344947735191637 0.208984375 0.23344947735191637 0.21875 0.2264808362369338
0 0.326171875 0.42160278745644597 0.330078125 0.42160278745644597 0.33203125 0.42857142857142855 0.345703125 0.43205574912891986 0.35546875 0.4425087108013937 0.36328125 0.4425087108013937 0.365234375 0.445993031358885 0.3671875 0.4425087108013937 0.3671875 0.44947735191637633 0.330078125 0.44947735191637633 0.318359375 0.43902439024390244 0.318359375 0.43205574912891986 0.326171875 0.4250871080139373