0 0.38671875 0.4305555555555556 0.390625 0.4305555555555556 0.3984375 0.4409722222222222 0.404296875 0.4409722222222222 0.40625 0.4375 0.421875 0.4375 0.42578125 0.4409722222222222 0.43359375 0.4583333333333333 0.43359375 0.4618055555555556 0.4296875 0.4618055555555556 0.427734375 0.4583333333333333 0.412109375 0.4583333333333333 0.40234375 0.4513888888888889 0.39453125 0.46875 0.390625 0.46875 0.39453125 0.4583333333333333 0.39453125 0.4479166666666667 0.38671875 0.4340277777777778
0 0.552734375 0.8402777777777778 0.552734375 0.8541666666666666 0.548828125 0.8680555555555556 0.544921875 0.8715277777777778 0.54296875 0.8680555555555556 0.54296875 0.8576388888888888 0.55078125 0.84375
0 0.36328125 0.6979166666666666 0.365234375 0.7013888888888888 0.365234375 0.7118055555555556 0.357421875 0.7118055555555556 0.35546875 0.7083333333333334 0.35546875 0.7013888888888888 0.361328125 0.6979166666666666
0 0.515625 0.1388888888888889 0.51953125 0.13194444444444445 0.525390625 0.13194444444444445 0.52734375 0.13541666666666666 0.52734375 0.1423611111111111 0.525390625 0.14583333333333334 0.517578125 0.1423611111111111
0 0.552734375 0.9131944444444444 0.5546875 0.9131944444444444 0.5625 0.8993055555555556 0.576171875 0.8993055555555556 0.587890625 0.9166666666666666 0.587890625 0.9236111111111112 0.59375 0.9375 0.603515625 0.9375 0.603515625 0.9409722222222222 0.599609375 0.9409722222222222 0.59765625 0.9444444444444444 0.595703125 0.9583333333333334 0.58984375 0.9479166666666666 0.576171875 0.9479166666666666 0.5703125 0.9548611111111112 0.5625 0.9409722222222222 0.560546875 0.9409722222222222 0.5546875 0.9270833333333334 0.552734375 0.9270833333333334 0.552734375 0.9166666666666666
0 0.521484375 0.5625 0.52734375 0.5625 0.53515625 0.5729166666666666 0.533203125 0.6041666666666666 0.52734375 0.59375 0.52734375 0.5868055555555556 0.5234375 0.5798611111111112 0.521484375 0.5659722222222222
0 0.373046875 0.010416666666666666 0.376953125 0.013888888888888888 0.376953125 0.017361111111111112 0.369140625 0.017361111111111112 0.3671875 0.013888888888888888 0.37109375 0.010416666666666666
0 0.38671875 0.006944444444444444 0.396484375 0.006944444444444444 0.39453125 0.013888888888888888 0.392578125 0.010416666666666666 0.38671875 0.010416666666666666
0 0.48828125 0.4722222222222222 0.48828125 0.4791666666666667 0.486328125 0.4826388888888889 0.48046875 0.4826388888888889 0.478515625 0.4791666666666667 0.48046875 0.4722222222222222 0.486328125 0.4722222222222222
0 0.6244791666666667 0.837962962962963 0.014583333333333334 0.03888888888888889
0 0.443359375 0.1597222222222222 0.451171875 0.16666666666666666 0.451171875 0.1701388888888889 0.4375 0.1701388888888889 0.4375 0.16319444444444445 0.44140625 0.1597222222222222
0 0.572265625 0.6631944444444444 0.595703125 0.6666666666666666 0.59765625 0.6736111111111112 0.595703125 0.6805555555555556 0.599609375 0.6909722222222222 0.60546875 0.6979166666666666 0.60546875 0.7013888888888888 0.603515625 0.7013888888888888 0.59765625 0.7118055555555556 0.580078125 0.7118055555555556 0.5703125 0.7222222222222222 0.568359375 0.71875 0.568359375 0.7083333333333334 0.5703125 0.7048611111111112 0.5703125 0.6701388888888888 0.572265625 0.6666666666666666
0 0.6515625 0.462037037037037 0.013541666666666667 0.044444444444444446
0 0.48046875 0.5659722222222222 0.486328125 0.5659722222222222 0.486328125 0.5729166666666666 0.48046875 0.5729166666666666 0.48046875 0.5694444444444444
0 0.3828125 0.11805555555555555 0.396484375 0.11805555555555555 0.3984375 0.12152777777777778 0.3984375 0.1284722222222222 0.396484375 0.13194444444444445 0.390625 0.13194444444444445 0.384765625 0.12152777777777778
0 0.3515625 0.4479166666666667 0.3515625 0.4375 0.353515625 0.4340277777777778 0.357421875 0.4375 0.357421875 0.4513888888888889 0.353515625 0.4479166666666667
0 0.466796875 0.5138888888888888 0.4765625 0.5138888888888888 0.486328125 0.5243055555555556 0.48046875 0.5243055555555556 0.474609375 0.53125 0.46875 0.53125 0.46484375 0.5243055555555556 0.466796875 0.5173611111111112
0 0.421875 0.7048611111111112 0.42578125 0.7083333333333334 0.427734375 0.7152777777777778 0.431640625 0.7083333333333334 0.43359375 0.7118055555555556 0.43359375 0.7256944444444444 0.431640625 0.7291666666666666 0.4296875 0.7256944444444444 0.427734375 0.7291666666666666 0.408203125 0.7291666666666666 0.40234375 0.7222222222222222 0.40234375 0.7152777777777778 0.40625 0.7083333333333334 0.41015625 0.7048611111111112 0.419921875 0.7048611111111112
0 0.64453125 0.09375 0.646484375 0.09375 0.646484375 0.10069444444444445 0.642578125 0.11458333333333333 0.6328125 0.13194444444444445 0.62890625 0.13194444444444445 0.626953125 0.13541666666666666 0.623046875 0.13541666666666666 0.611328125 0.11458333333333333 0.607421875 0.11458333333333333 0.60546875 0.1111111111111111 0.607421875 0.11458333333333333 0.615234375 0.11458333333333333 0.6171875 0.1111111111111111 0.63671875 0.11458333333333333 0.64453125 0.10069444444444445 0.64453125 0.09722222222222222
0 0.37734375 0.21481481481481482 0.008854166666666666 0.014814814814814815
0 0.630859375 0.6979166666666666 0.6328125 0.7013888888888888 0.65625 0.7048611111111112 0.658203125 0.7083333333333334 0.658203125 0.8090277777777778 0.654296875 0.8090277777777778 0.6484375 0.7916666666666666 0.646484375 0.7743055555555556 0.638671875 0.7569444444444444 0.625 0.7465277777777778 0.61328125 0.7291666666666666 0.599609375 0.7152777777777778 0.599609375 0.7118055555555556 0.607421875 0.6979166666666666 0.62890625 0.6979166666666666
0 0.361328125 0.46875 0.37109375 0.46875 0.37890625 0.4756944444444444 0.37890625 0.4826388888888889 0.375 0.4861111111111111 0.373046875 0.4826388888888889 0.365234375 0.4826388888888889 0.361328125 0.4791666666666667 0.361328125 0.4722222222222222
0 0.34765625 0.53125 0.34765625 0.5069444444444444 0.349609375 0.5034722222222222 0.353515625 0.5069444444444444 0.353515625 0.5277777777777778 0.349609375 0.53125
0 0.517578125 0.3402777777777778 0.52734375 0.3402777777777778 0.529296875 0.34375 0.529296875 0.3576388888888889 0.521484375 0.3576388888888889 0.517578125 0.34375
0 0.623046875 0.5104166666666666 0.625 0.5034722222222222 0.6328125 0.4965277777777778 0.65625 0.5 0.658203125 0.5034722222222222 0.658203125 0.5277777777777778 0.654296875 0.5277777777777778 0.65234375 0.5243055555555556 0.640625 0.5243055555555556 0.638671875 0.5208333333333334 0.62890625 0.5173611111111112 0.625 0.5104166666666666
0 0.646484375 0.3125 0.654296875 0.3229166666666667 0.654296875 0.3298611111111111 0.65234375 0.3333333333333333 0.640625 0.34375 0.623046875 0.3402777777777778 0.619140625 0.3506944444444444 0.615234375 0.3333333333333333 0.623046875 0.3333333333333333 0.6328125 0.3159722222222222 0.64453125 0.3125
0 0.48046875 0.3888888888888889 0.486328125 0.4027777777777778 0.486328125 0.4166666666666667 0.484375 0.4201388888888889 0.48046875 0.40625 0.48046875 0.3923611111111111
0 0.578125 0.6631944444444444 0.5859375 0.6701388888888888 0.59375 0.6666666666666666 0.595703125 0.6701388888888888 0.595703125 0.6805555555555556 0.60546875 0.6979166666666666 0.630859375 0.6979166666666666 0.6328125 0.7013888888888888 0.65625 0.7048611111111112 0.658203125 0.7083333333333334 0.658203125 0.8090277777777778 0.654296875 0.8090277777777778 0.65234375 0.7986111111111112 0.6484375 0.7916666666666666 0.6484375 0.78125 0.646484375 0.7743055555555556 0.638671875 0.7569444444444444 0.630859375 0.7534722222222222 0.59765625 0.7118055555555556 0.59375 0.7118055555555556 0.591796875 0.7152777777777778 0.58984375 0.7118055555555556 0.580078125 0.7118055555555556 0.5703125 0.7222222222222222 0.568359375 0.71875 0.568359375 0.7118055555555556 0.5703125 0.7083333333333334 0.5703125 0.6701388888888888 0.576171875 0.6631944444444444
0 0.5151041666666667 0.17083333333333334 0.013541666666666667 0.01574074074074074
0 0.3515625 0.3472222222222222 0.35546875 0.3472222222222222 0.369140625 0.3784722222222222 0.369140625 0.3923611111111111 0.3671875 0.3958333333333333 0.34765625 0.3958333333333333 0.34375 0.3923611111111111 0.341796875 0.3888888888888889 0.341796875 0.3645833333333333 0.3515625 0.3506944444444444
0 0.50390625 0.6388888888888888 0.505859375 0.6423611111111112 0.5078125 0.6597222222222222 0.50390625 0.6666666666666666 0.498046875 0.6666666666666666 0.501953125 0.6423611111111112