0 0.5390625 0.12152777777777778 0.54296875 0.12152777777777778 0.544921875 0.125 0.544921875 0.13194444444444445 0.5390625 0.13194444444444445 0.5390625 0.125
0 0.51171875 0.10416666666666667 0.517578125 0.10069444444444445 0.521484375 0.10416666666666667 0.52734375 0.11805555555555555 0.52734375 0.125 0.525390625 0.1284722222222222 0.5234375 0.125 0.51953125 0.125 0.51171875 0.1111111111111111 0.51171875 0.1076388888888889
0 0.615234375 0.7986111111111112 0.615234375 0.8090277777777778 0.61328125 0.8125 0.615234375 0.8194444444444444 0.615234375 0.8298611111111112 0.61328125 0.8333333333333334 0.607421875 0.8333333333333334 0.603515625 0.8263888888888888 0.603515625 0.8125 0.611328125 0.7986111111111112 0.61328125 0.7986111111111112
0 0.646484375 0.4270833333333333 0.658203125 0.4236111111111111 0.658203125 0.4791666666666667 0.65625 0.4791666666666667 0.65234375 0.46875 0.646484375 0.4652777777777778 0.638671875 0.4548611111111111 0.640625 0.4409722222222222 0.646484375 0.4305555555555556
0 0.529296875 0.5520833333333334 0.529296875 0.5625 0.52734375 0.5659722222222222 0.517578125 0.5659722222222222 0.515625 0.5625 0.51953125 0.5555555555555556 0.52734375 0.5520833333333334
0 0.408203125 0.08333333333333333 0.4140625 0.09027777777777778 0.408203125 0.09722222222222222 0.404296875 0.09375 0.3984375 0.09375 0.396484375 0.09027777777777778 0.396484375 0.08333333333333333 0.3984375 0.0798611111111111 0.404296875 0.0798611111111111 0.40625 0.08333333333333333
0 0.595703125 0.3680555555555556 0.595703125 0.375 0.587890625 0.3888888888888889 0.587890625 0.3923611111111111 0.583984375 0.3958333333333333 0.578125 0.4201388888888889 0.57421875 0.4131944444444444 0.5703125 0.4131944444444444 0.5625 0.4201388888888889 0.556640625 0.4305555555555556 0.556640625 0.4340277777777778 0.552734375 0.4375 0.546875 0.4340277777777778 0.5390625 0.4131944444444444 0.544921875 0.4131944444444444 0.546875 0.4097222222222222 0.546875 0.3888888888888889 0.5390625 0.3819444444444444 0.546875 0.3784722222222222 0.55078125 0.3854166666666667 0.552734375 0.3819444444444444 0.556640625 0.3819444444444444 0.560546875 0.375 0.56640625 0.375 0.568359375 0.3715277777777778 0.59375 0.3680555555555556
0 0.55859375 0.7986111111111112 0.560546875 0.7986111111111112 0.5625 0.8125 0.560546875 0.8125 0.548828125 0.8368055555555556 0.541015625 0.84375 0.53515625 0.84375 0.533203125 0.8402777777777778 0.533203125 0.8298611111111112 0.5390625 0.8194444444444444 0.546875 0.8125 0.552734375 0.8125 0.55859375 0.8020833333333334
0 0.6072916666666667 0.08240740740740742 0.009375 0.016666666666666666
0 0.384765625 0.14930555555555555 0.390625 0.15625 0.384765625 0.16319444444444445 0.37890625 0.1597222222222222 0.37890625 0.1527777777777778 0.3828125 0.14930555555555555
0 0.380859375 0.0798611111111111 0.380859375 0.08680555555555555 0.37890625 0.09027777777777778 0.373046875 0.09027777777777778 0.373046875 0.0798611111111111 0.375 0.0763888888888889 0.37890625 0.0798611111111111
0 0.431640625 0.0625 0.435546875 0.07291666666666667 0.43359375 0.0798611111111111 0.4296875 0.0798611111111111 0.42578125 0.07291666666666667 0.42578125 0.06597222222222222 0.4296875 0.0625
0 0.587890625 0.6666666666666666 0.591796875 0.6770833333333334 0.62109375 0.6805555555555556 0.630859375 0.6875 0.642578125 0.6875 0.658203125 0.6979166666666666 0.658203125 0.7708333333333334 0.65625 0.7743055555555556 0.65625 0.7951388888888888 0.642578125 0.7951388888888888 0.63671875 0.7881944444444444 0.630859375 0.7638888888888888 0.630859375 0.7465277777777778 0.62109375 0.7326388888888888 0.61328125 0.7256944444444444 0.609375 0.7256944444444444 0.5859375 0.6909722222222222 0.5703125 0.6909722222222222 0.568359375 0.6875 0.560546875 0.6979166666666666 0.556640625 0.6979166666666666 0.5546875 0.6944444444444444 0.556640625 0.6909722222222222 0.55859375 0.6527777777777778 0.5625 0.6388888888888888 0.57421875 0.6493055555555556 0.58203125 0.6493055555555556 0.58203125 0.6597222222222222 0.5859375 0.6666666666666666
0 0.513671875 0.3958333333333333 0.515625 0.3993055555555556 0.515625 0.4201388888888889 0.51171875 0.4236111111111111 0.51171875 0.3993055555555556
0 0.494140625 0.6145833333333334 0.498046875 0.6215277777777778 0.509765625 0.6215277777777778 0.51171875 0.625 0.51953125 0.625 0.5234375 0.6215277777777778 0.5234375 0.6319444444444444 0.5078125 0.6458333333333334 0.486328125 0.6493055555555556 0.484375 0.6423611111111112 0.490234375 0.6319444444444444 0.494140625 0.6180555555555556
0 0.39453125 0.034722222222222224 0.400390625 0.034722222222222224 0.408203125 0.041666666666666664 0.408203125 0.04861111111111111 0.39453125 0.04861111111111111 0.392578125 0.04513888888888889 0.39453125 0.03819444444444445
0 0.421875 0.16319444444444445 0.423828125 0.16666666666666666 0.427734375 0.16666666666666666 0.427734375 0.1736111111111111 0.42578125 0.17708333333333334 0.41796875 0.17708333333333334 0.416015625 0.1736111111111111 0.416015625 0.16666666666666666 0.419921875 0.16319444444444445
0 0.546875 0.375 0.552734375 0.3819444444444444 0.552734375 0.3854166666666667 0.546875 0.3923611111111111 0.5390625 0.3854166666666667 0.5390625 0.3784722222222222 0.544921875 0.375
0 0.515625 0.3194444444444444 0.517578125 0.3194444444444444 0.521484375 0.3333333333333333 0.525390625 0.3368055555555556 0.5234375 0.3368055555555556 0.51953125 0.3472222222222222 0.515625 0.34375 0.513671875 0.3402777777777778 0.515625 0.3229166666666667
0 0.376953125 0.1076388888888889 0.376953125 0.11805555555555555 0.37109375 0.11805555555555555 0.3671875 0.1111111111111111 0.369140625 0.1076388888888889 0.375 0.1076388888888889
0 0.517578125 0.4861111111111111 0.525390625 0.4930555555555556 0.53125 0.5069444444444444 0.53125 0.5208333333333334 0.529296875 0.5243055555555556 0.521484375 0.5138888888888888 0.515625 0.5138888888888888 0.51953125 0.5138888888888888 0.521484375 0.5104166666666666 0.521484375 0.5034722222222222 0.517578125 0.4895833333333333
0 0.640625 0.36203703703703705 0.035416666666666666 0.10925925925925925