0 0.5546875 0.13194444444444445 0.5625 0.13194444444444445 0.5703125 0.1388888888888889 0.58203125 0.16319444444444445 0.5859375 0.17708333333333334 0.5859375 0.19444444444444445 0.583984375 0.19791666666666666 0.583984375 0.2326388888888889 0.58203125 0.2361111111111111 0.580078125 0.2326388888888889 0.5703125 0.2326388888888889 0.578125 0.21875 0.578125 0.2048611111111111 0.5703125 0.1909722222222222 0.568359375 0.18055555555555555 0.55859375 0.16319444444444445 0.55859375 0.15625 0.5546875 0.14583333333333334 0.5546875 0.13541666666666666
0 0.607421875 0.6145833333333334 0.611328125 0.6180555555555556 0.611328125 0.6284722222222222 0.61328125 0.6319444444444444 0.61328125 0.6458333333333334 0.615234375 0.6493055555555556 0.61328125 0.65625 0.61328125 0.6666666666666666 0.607421875 0.6770833333333334 0.60546875 0.6770833333333334 0.603515625 0.6736111111111112 0.599609375 0.6736111111111112 0.599609375 0.6666666666666666 0.59765625 0.6631944444444444 0.599609375 0.6458333333333334 0.607421875 0.6180555555555556
0 0.5703125 0.9479166666666666 0.572265625 0.9479166666666666 0.578125 0.9583333333333334 0.580078125 0.9652777777777778 0.580078125 0.9756944444444444 0.58203125 0.9791666666666666 0.58203125 0.9965277777777778 0.57421875 0.9965277777777778 0.572265625 0.9930555555555556 0.572265625 0.9826388888888888 0.5703125 0.9791666666666666 0.5703125 0.9513888888888888
0 0.505859375 0.4305555555555556 0.5078125 0.4305555555555556 0.5078125 0.4375 0.513671875 0.4513888888888889 0.513671875 0.4583333333333333 0.509765625 0.4548611111111111 0.505859375 0.4340277777777778
0 0.4609375 0.3333333333333333 0.462890625 0.3333333333333333 0.46875 0.3472222222222222 0.46875 0.3541666666666667 0.4609375 0.3368055555555556
0 0.6364583333333333 0.9120370370370371 0.009375 0.02962962962962963
0 0.490234375 0.0763888888888889 0.494140625 0.0763888888888889 0.49609375 0.0798611111111111 0.505859375 0.0798611111111111 0.505859375 0.08333333333333333 0.5 0.09375 0.5 0.10416666666666667 0.50390625 0.11805555555555555 0.501953125 0.14583333333333334 0.490234375 0.1701388888888889 0.486328125 0.1701388888888889 0.484375 0.1736111111111111 0.48046875 0.16666666666666666 0.48046875 0.1388888888888889 0.478515625 0.13541666666666666 0.478515625 0.1284722222222222 0.48046875 0.1284722222222222 0.486328125 0.11805555555555555 0.486328125 0.1111111111111111 0.49609375 0.09375 0.490234375 0.0798611111111111
0 0.564453125 0.7118055555555556 0.56640625 0.7152777777777778 0.56640625 0.7361111111111112 0.564453125 0.7361111111111112 0.564453125 0.7222222222222222 0.5625 0.7152777777777778
0 0.486328125 0.3333333333333333 0.48828125 0.3333333333333333 0.48828125 0.3402777777777778 0.490234375 0.34375 0.490234375 0.3541666666666667 0.48828125 0.3541666666666667 0.486328125 0.3368055555555556
0 0.4765625 0.6909722222222222 0.48046875 0.6944444444444444 0.48046875 0.7013888888888888 0.482421875 0.7048611111111112 0.482421875 0.7118055555555556 0.48046875 0.7118055555555556 0.4765625 0.6944444444444444
0 0.544921875 0.4166666666666667 0.56640625 0.4166666666666667 0.56640625 0.4201388888888889 0.5625 0.4201388888888889 0.560546875 0.4236111111111111 0.55859375 0.4201388888888889 0.548828125 0.4201388888888889 0.544921875 0.4236111111111111 0.544921875 0.4201388888888889
0 0.61328125 0.5736111111111111 0.015104166666666667 0.06018518518518518
0 0.45703125 0.3680555555555556 0.462890625 0.3680555555555556 0.466796875 0.375 0.466796875 0.3784722222222222 0.462890625 0.3784722222222222 0.45703125 0.3715277777777778
0 0.478515625 0.3854166666666667 0.48046875 0.3854166666666667 0.484375 0.3993055555555556 0.48046875 0.3993055555555556 0.478515625 0.3888888888888889
0 0.625 0.6076388888888888 0.6328125 0.6076388888888888 0.6328125 0.6215277777777778 0.63671875 0.6284722222222222 0.63671875 0.6354166666666666 0.638671875 0.6388888888888888 0.638671875 0.6701388888888888 0.6328125 0.6805555555555556 0.62890625 0.6770833333333334 0.62890625 0.6666666666666666 0.626953125 0.6631944444444444 0.626953125 0.6180555555555556 0.625 0.6111111111111112
0 0.5234375 0.6875 0.525390625 0.6875 0.53125 0.7118055555555556 0.53125 0.7361111111111112 0.529296875 0.7395833333333334 0.529296875 0.7326388888888888 0.52734375 0.7291666666666666 0.52734375 0.7083333333333334 0.5234375 0.6909722222222222
0 0.65234375 0.11458333333333333 0.654296875 0.11458333333333333 0.658203125 0.125 0.658203125 0.1527777777777778 0.65625 0.1527777777777778 0.65234375 0.13541666666666666 0.65234375 0.11805555555555555
0 0.48046875 0.71875 0.482421875 0.71875 0.48828125 0.7395833333333334 0.48828125 0.7430555555555556 0.486328125 0.7430555555555556 0.48046875 0.7361111111111112 0.48046875 0.7222222222222222
0 0.3442708333333333 0.9500000000000001 0.005208333333333333 0.014814814814814815
0 0.55078125 0.6597222222222222 0.56640625 0.6597222222222222 0.568359375 0.65625 0.576171875 0.6597222222222222 0.576171875 0.6631944444444444 0.55859375 0.6631944444444444 0.556640625 0.6666666666666666 0.55078125 0.6631944444444444
0 0.5651041666666666 0.6791666666666667 0.00625 0.01574074074074074
0 0.458984375 0.4027777777777778 0.4609375 0.4027777777777778 0.466796875 0.4166666666666667 0.466796875 0.4201388888888889 0.46484375 0.4201388888888889 0.4609375 0.4131944444444444 0.4609375 0.40625
0 0.46875 0.3819444444444444 0.47265625 0.3819444444444444 0.47265625 0.3888888888888889 0.474609375 0.3923611111111111 0.470703125 0.3958333333333333 0.470703125 0.3888888888888889 0.46875 0.3854166666666667
0 0.533203125 0.3541666666666667 0.537109375 0.3611111111111111 0.537109375 0.3923611111111111 0.53515625 0.3993055555555556 0.533203125 0.3993055555555556 0.533203125 0.3888888888888889 0.53125 0.3854166666666667 0.533203125 0.3576388888888889
0 0.51171875 0.7569444444444444 0.515625 0.7569444444444444 0.517578125 0.7604166666666666 0.517578125 0.7847222222222222 0.513671875 0.78125 0.51171875 0.7604166666666666
0 0.484375 0.6875 0.48828125 0.6875 0.48828125 0.6944444444444444 0.490234375 0.6979166666666666 0.490234375 0.7048611111111112 0.48828125 0.7048611111111112 0.486328125 0.6909722222222222
0 0.646484375 0.9375 0.6484375 0.9375 0.65234375 0.9479166666666666 0.65234375 0.9861111111111112 0.650390625 0.9895833333333334 0.646484375 0.9756944444444444 0.646484375 0.9409722222222222
0 0.498046875 0.3888888888888889 0.505859375 0.40625 0.505859375 0.4097222222222222 0.501953125 0.4097222222222222 0.498046875 0.3923611111111111
0 0.59765625 0.6770833333333334 0.603515625 0.6909722222222222 0.603515625 0.71875 0.595703125 0.71875 0.591796875 0.7256944444444444 0.59375 0.7152777777777778 0.58984375 0.7013888888888888 0.58984375 0.6909722222222222 0.591796875 0.6875 0.591796875 0.6805555555555556 0.595703125 0.6770833333333334
0 0.4817708333333333 0.3351851851851852 0.00625 0.012962962962962963
0 0.498046875 0.3472222222222222 0.5 0.3715277777777778 0.49609375 0.375 0.49609375 0.3506944444444444
0 0.505859375 0.7083333333333334 0.509765625 0.7083333333333334 0.51171875 0.7291666666666666 0.513671875 0.7326388888888888 0.513671875 0.7569444444444444 0.509765625 0.7569444444444444 0.5078125 0.75 0.5078125 0.7152777777777778 0.505859375 0.7118055555555556
0 0.55078125 0.6875 0.552734375 0.6875 0.55078125 0.7048611111111112 0.548828125 0.7048611111111112 0.548828125 0.6944444444444444 0.55078125 0.6909722222222222