0 0.6340508806262231 0.4425087108013937 0.6360078277886497 0.4425087108013937 0.6379647749510763 0.44947735191637633 0.6477495107632094 0.44947735191637633 0.6477495107632094 0.4564459930313589 0.6438356164383562 0.45993031358885017 0.6438356164383562 0.47038327526132406 0.6477495107632094 0.47735191637630664 0.6477495107632094 0.5087108013937283 0.6418786692759295 0.5226480836236934 0.6340508806262231 0.5261324041811847 0.6320939334637965 0.5226480836236934 0.6320939334637965 0.5087108013937283 0.6301369863013698 0.5052264808362369 0.6301369863013698 0.4843205574912892 0.6360078277886497 0.46689895470383275 0.6340508806262231 0.445993031358885
0 0.4500978473581213 0.6445993031358885 0.45596868884540115 0.6445993031358885 0.4598825831702544 0.6480836236933798 0.4598825831702544 0.6689895470383276 0.45792563600782776 0.6724738675958188 0.45596868884540115 0.6655052264808362 0.4500978473581213 0.662020905923345 0.4500978473581213 0.6480836236933798
0 0.4657534246575342 0.2961672473867596 0.47162426614481406 0.2961672473867596 0.47162426614481406 0.30662020905923343 0.4735812133072407 0.31010452961672474 0.4735812133072407 0.32752613240418116 0.47162426614481406 0.3240418118466899 0.47162426614481406 0.31010452961672474 0.46966731898238745 0.30662020905923343 0.4657534246575342 0.30662020905923343 0.4657534246575342 0.29965156794425085
0 0.50293542074364 0.2264808362369338 0.50293542074364 0.2682926829268293 0.5009784735812133 0.27177700348432055 0.49706457925636005 0.2682926829268293 0.49706457925636005 0.22996515679442509 0.5009784735812133 0.22996515679442509
0 0.45401174168297453 0 0.45596868884540115 0 0.45596868884540115 0.013937282229965157 0.4520547945205479 0.020905923344947737 0.4383561643835616 0.0313588850174216 0.44422700587084146 0.013937282229965157 0.45401174168297453 0.003484320557491289
0 0.5616438356164384 0.6376306620209059 0.5616438356164384 0.6550522648083623 0.5538160469667319 0.6585365853658537 0.5557729941291585 0.6550522648083623 0.5557729941291585 0.6480836236933798 0.5616438356164384 0.6411149825783972
0 0.5675146771037182 0.7177700348432056 0.5733855185909981 0.7177700348432056 0.5733855185909981 0.7282229965156795 0.5714285714285714 0.7317073170731707 0.5675146771037182 0.7282229965156795 0.5675146771037182 0.7212543554006968
0 0.49510763209393344 0.3693379790940767 0.49510763209393344 0.37630662020905925 0.49706457925636005 0.3797909407665505 0.49706457925636005 0.39372822299651566 0.49510763209393344 0.39372822299651566 0.49510763209393344 0.37282229965156793
0 0.6203522504892368 0.4808362369337979 0.6262230919765166 0.4808362369337979 0.6281800391389433 0.4878048780487805 0.6320939334637965 0.4878048780487805 0.6320939334637965 0.5261324041811847 0.6340508806262231 0.5296167247386759 0.6320939334637965 0.5331010452961672 0.6320939334637965 0.5470383275261324 0.6262230919765166 0.5470383275261324 0.6223091976516634 0.554006968641115 0.6183953033268101 0.554006968641115 0.6183953033268101 0.5505226480836237 0.6144814090019569 0.5470383275261324 0.6144814090019569 0.5226480836236934 0.6183953033268101 0.519163763066202 0.6203522504892368 0.49825783972125437 0.62426614481409 0.49477351916376305 0.6203522504892368 0.4843205574912892
0 0.45596868884540115 0.29965156794425085 0.4598825831702544 0.2961672473867596 0.461839530332681 0.30313588850174217 0.461839530332681 0.3240418118466899 0.461839530332681 0.3170731707317073 0.45792563600782776 0.313588850174216 0.45792563600782776 0.30313588850174217
0 0.4911937377690802 0.21602787456445993 0.4931506849315068 0.21602787456445993 0.4931506849315068 0.22996515679442509 0.487279843444227 0.23344947735191637 0.48532289628180036 0.24041811846689895 0.48140900195694714 0.24041811846689895 0.4794520547945205 0.23344947735191637 0.4794520547945205 0.2264808362369338 0.48336594911937375 0.2229965156794425 0.4892367906066536 0.2229965156794425 0.4911937377690802 0.21951219512195122
0 0.512720156555773 0.013937282229965157 0.5185909980430529 0.013937282229965157 0.5244618395303327 0.020905923344947737 0.5322896281800391 0.013937282229965157 0.5322896281800391 0.020905923344947737 0.5264187866927593 0.027874564459930314 0.5283757338551859 0.04878048780487805 0.5068493150684932 0.08013937282229965 0.4931506849315068 0.08013937282229965 0.4911937377690802 0.07665505226480836 0.4911937377690802 0.041811846689895474 0.49902152641878667 0.041811846689895474 0.50293542074364 0.03484320557491289 0.512720156555773 0.0313588850174216 0.5166340508806262 0.024390243902439025 0.512720156555773 0.017421602787456445
0 0.6144814090019569 0.2682926829268293 0.6164383561643836 0.27177700348432055 0.62426614481409 0.27177700348432055 0.6301369863013698 0.28222996515679444 0.6301369863013698 0.2857142857142857 0.6379647749510763 0.2961672473867596 0.6438356164383562 0.3170731707317073 0.6438356164383562 0.36585365853658536 0.6418786692759295 0.3693379790940767 0.6418786692759295 0.3902439024390244 0.6438356164383562 0.39372822299651566 0.6438356164383562 0.40418118466898956 0.6281800391389433 0.40418118466898956 0.6262230919765166 0.4076655052264808 0.6223091976516634 0.4076655052264808 0.6340508806262231 0.3902439024390244 0.6340508806262231 0.3832752613240418 0.6320939334637965 0.37630662020905925 0.6281800391389433 0.37282229965156793 0.6223091976516634 0.3588850174216028 0.6203522504892368 0.3588850174216028 0.6183953033268101 0.34494773519163763 0.6125244618395304 0.3344947735191638 0.6105675146771037 0.3344947735191638 0.6086105675146771 0.32752613240418116 0.6066536203522505 0.32752613240418116 0.6105675146771037 0.3240418118466899 0.6105675146771037 0.313588850174216 0.6066536203522505 0.31010452961672474 0.6066536203522505 0.27177700348432055 0.6125244618395304 0.2682926829268293
0 0.47162426614481406 0.2682926829268293 0.4774951076320939 0.2682926829268293 0.4774951076320939 0.30662020905923343 0.47162426614481406 0.29965156794425085 0.47162426614481406 0.27177700348432055
0 0.649706457925636 0.975609756097561 0.649706457925636 0.9965156794425087 0.6438356164383562 0.9965156794425087 0.6438356164383562 0.9825783972125436 0.6477495107632094 0.9825783972125436 0.649706457925636 0.9790940766550522
0 0.43052837573385516 0.013937282229965157 0.4324853228962818 0.020905923344947737 0.4324853228962818 0.07665505226480836 0.4344422700587084 0.08013937282229965 0.4344422700587084 0.08710801393728224 0.42661448140900193 0.07665505226480836 0.42661448140900193 0.0627177700348432 0.4246575342465753 0.059233449477351915 0.4246575342465753 0.017421602787456445 0.42857142857142855 0.013937282229965157
0 0.30833962324752284 1.0148563585786585 0.03210494559319817 0.044965299761857105
0 0.5772994129158513 0.662020905923345 0.5772994129158513 0.6794425087108014 0.5753424657534246 0.686411149825784 0.5733855185909981 0.686411149825784 0.5714285714285714 0.6794425087108014 0.5714285714285714 0.6689895470383276 0.5753424657534246 0.6689895470383276 0.5772994129158513 0.6655052264808362
0 0.5577299412915852 0.7003484320557491 0.5831702544031311 0.7003484320557491 0.5831702544031311 0.7073170731707317 0.5792563600782779 0.710801393728223 0.5557729941291585 0.710801393728223 0.5577299412915852 0.7038327526132404
0 0.46771037181996084 0.6132404181184669 0.4735812133072407 0.6132404181184669 0.4735812133072407 0.6167247386759582 0.4774951076320939 0.6202090592334495 0.4774951076320939 0.6445993031358885 0.4735812133072407 0.6411149825783972 0.4755381604696673 0.6376306620209059 0.47162426614481406 0.6341463414634146 0.46966731898238745 0.627177700348432 0.46771037181996084 0.627177700348432 0.46771037181996084 0.6167247386759582
0 0.4500978473581213 0.24738675958188153 0.45596868884540115 0.24738675958188153 0.45596868884540115 0.27177700348432055 0.45401174168297453 0.2787456445993031 0.4500978473581213 0.27177700348432055 0.4500978473581213 0.2508710801393728
0 0.6125244618395304 0.7038327526132404 0.6183953033268101 0.7038327526132404 0.6164383561643836 0.7247386759581882 0.6223091976516634 0.7421602787456446 0.6223091976516634 0.7839721254355401 0.6144814090019569 0.7874564459930313 0.6105675146771037 0.7804878048780488 0.6086105675146771 0.7700348432055749 0.6046966731898239 0.7665505226480837 0.6086105675146771 0.7630662020905923 0.6086105675146771 0.7421602787456446 0.6105675146771037 0.7386759581881533 0.6086105675146771 0.7317073170731707 0.6086105675146771 0.7212543554006968 0.6046966731898239 0.7177700348432056 0.6066536203522505 0.7177700348432056 0.6125244618395304 0.7073170731707317
0 0.29354207436399216 0.6097560975609756 0.299412915851272 0.6097560975609756 0.299412915851272 0.6202090592334495 0.29354207436399216 0.6202090592334495 0.29354207436399216 0.6132404181184669
0 0.639921722113503 0.5331010452961672 0.6418786692759295 0.5400696864111498 0.6418786692759295 0.554006968641115 0.6438356164383562 0.5574912891986062 0.6438356164383562 0.5853658536585366 0.6418786692759295 0.5923344947735192 0.6320939334637965 0.6062717770034843 0.6262230919765166 0.6062717770034843 0.6262230919765166 0.5958188153310104 0.6223091976516634 0.5923344947735192 0.6223091976516634 0.578397212543554 0.6262230919765166 0.5749128919860628 0.6262230919765166 0.5679442508710801 0.6340508806262231 0.5470383275261324 0.6340508806262231 0.5365853658536586 0.6379647749510763 0.5365853658536586
0 0.48140900195694714 0.5261324041811847 0.48336594911937375 0.5331010452961672 0.487279843444227 0.5365853658536586 0.4931506849315068 0.5574912891986062 0.4931506849315068 0.5644599303135889 0.4892367906066536 0.5679442508710801 0.4892367906066536 0.5574912891986062 0.48532289628180036 0.554006968641115 0.48140900195694714 0.5435540069686411 0.48140900195694714 0.5365853658536586 0.4755381604696673 0.5296167247386759 0.4794520547945205 0.5296167247386759
0 0.46966731898238745 0.554006968641115 0.47162426614481406 0.5609756097560976 0.4755381604696673 0.5609756097560976 0.4755381604696673 0.5714285714285714 0.4794520547945205 0.578397212543554 0.4794520547945205 0.5958188153310104 0.4755381604696673 0.5993031358885017 0.4735812133072407 0.5923344947735192 0.4735812133072407 0.5818815331010453 0.46966731898238745 0.5679442508710801 0.46966731898238745 0.5574912891986062
0 0.5362035225048923 0.24041811846689895 0.5401174168297456 0.24041811846689895 0.5401174168297456 0.27526132404181186 0.538160469667319 0.2787456445993031 0.538160469667319 0.289198606271777 0.5342465753424658 0.289198606271777 0.5322896281800391 0.2926829268292683 0.5303326810176126 0.289198606271777 0.5303326810176126 0.2578397212543554 0.5342465753424658 0.25435540069686413 0.5362035225048923 0.24390243902439024
0 0.48140900195694714 0.21254355400696864 0.48140900195694714 0.22996515679442509 0.4774951076320939 0.23693379790940766 0.4735812133072407 0.23344947735191637 0.4755381604696673 0.22996515679442509 0.4755381604696673 0.21602787456445993 0.4794520547945205 0.21254355400696864
0 0.48336594911937375 0.30313588850174217 0.4931506849315068 0.2961672473867596 0.4931506849315068 0.3344947735191638 0.487279843444227 0.3310104529616725 0.487279843444227 0.3170731707317073 0.48336594911937375 0.313588850174216 0.48336594911937375 0.30662020905923343
0 0.649706457925636 0.08362369337979095 0.649706457925636 0.10801393728222997 0.6438356164383562 0.11498257839721254 0.6340508806262231 0.11498257839721254 0.6320939334637965 0.11149825783972125 0.6320939334637965 0.10452961672473868 0.6281800391389433 0.10104529616724739 0.6281800391389433 0.09407665505226481 0.6418786692759295 0.0975609756097561 0.6477495107632094 0.08710801393728224
0 0.5518590998043053 0.4250871080139373 0.5772994129158513 0.4250871080139373 0.5753424657534246 0.43205574912891986 0.5499021526418787 0.43205574912891986 0.5518590998043053 0.42857142857142855
0 0.4931506849315068 0.21951219512195122 0.49510763209393344 0.21951219512195122 0.49510763209393344 0.2508710801393728 0.4931506849315068 0.2508710801393728 0.4931506849315068 0.2229965156794425