0 0.6171875 0.5958188153310104 0.630859375 0.5958188153310104 0.630859375 0.6515679442508711 0.62890625 0.6550522648083623 0.619140625 0.6550522648083623 0.6171875 0.6585365853658537 0.609375 0.6515679442508711 0.609375 0.627177700348432 0.611328125 0.627177700348432 0.61328125 0.6236933797909407 0.61328125 0.6167247386759582 0.6171875 0.6132404181184669 0.6171875 0.5993031358885017
0 0.470703125 0.397212543554007 0.47265625 0.397212543554007 0.474609375 0.3902439024390244 0.48046875 0.3902439024390244 0.48046875 0.39372822299651566 0.484375 0.397212543554007 0.484375 0.4146341463414634 0.482421875 0.4181184668989547 0.482421875 0.4146341463414634 0.478515625 0.41114982578397213 0.478515625 0.40418118466898956 0.47265625 0.397212543554007
0 0.560546875 0.9094076655052264 0.57421875 0.9094076655052264 0.57421875 0.9163763066202091 0.578125 0.9198606271777003 0.578125 0.9825783972125436 0.56640625 0.9825783972125436 0.56640625 0.9651567944250871 0.564453125 0.9616724738675958 0.560546875 0.9616724738675958 0.560546875 0.9128919860627178
0 0.548828125 0.397212543554007 0.5546875 0.397212543554007 0.5546875 0.4355400696864111 0.55078125 0.43902439024390244 0.548828125 0.4355400696864111 0.548828125 0.40069686411149824
0 0.669921875 0.1289198606271777 0.669921875 0.14634146341463414 0.662109375 0.14982578397212543 0.666015625 0.14634146341463414 0.666015625 0.13240418118466898 0.66796875 0.13240418118466898
0 0.525390625 0.04529616724738676 0.52734375 0.04529616724738676 0.53125 0.03484320557491289 0.541015625 0.03484320557491289 0.5546875 0.04529616724738676 0.560546875 0.04529616724738676 0.564453125 0.05226480836236934 0.568359375 0.05226480836236934 0.5703125 0.059233449477351915 0.568359375 0.06620209059233449 0.564453125 0.06620209059233449 0.5625 0.0627177700348432 0.55078125 0.0627177700348432 0.548828125 0.059233449477351915 0.53515625 0.059233449477351915 0.53125 0.05574912891986063 0.52734375 0.04529616724738676
0 0.51953125 0.44947735191637633 0.525390625 0.4425087108013937 0.52734375 0.44947735191637633 0.52734375 0.4738675958188153 0.52734375 0.47038327526132406 0.5234375 0.46689895470383275 0.5234375 0.4529616724738676 0.521484375 0.44947735191637633
0 0.498046875 0.8153310104529616 0.51171875 0.8153310104529616 0.51171875 0.8257839721254355 0.5078125 0.8292682926829268 0.50390625 0.8257839721254355 0.498046875 0.8257839721254355 0.498046875 0.818815331010453
0 0.638671875 0.9233449477351916 0.642578125 0.9233449477351916 0.64453125 0.9198606271777003 0.64453125 0.9128919860627178 0.650390625 0.9128919860627178 0.65234375 0.9198606271777003 0.65234375 0.9372822299651568 0.64453125 0.9372822299651568 0.64453125 0.9337979094076655 0.642578125 0.9303135888501742 0.638671875 0.9303135888501742 0.638671875 0.926829268292683
0 0.484375 0.059233449477351915 0.48828125 0.059233449477351915 0.494140625 0.06620209059233449 0.501953125 0.06620209059233449 0.501953125 0.07665505226480836 0.5 0.07665505226480836 0.498046875 0.08362369337979095 0.494140625 0.08710801393728224 0.494140625 0.09059233449477352 0.498046875 0.09407665505226481 0.498046875 0.10104529616724739 0.5 0.10452961672473868 0.5 0.13588850174216027 0.498046875 0.13937282229965156 0.498046875 0.14634146341463414 0.494140625 0.14982578397212543 0.48828125 0.1672473867595819 0.474609375 0.17073170731707318 0.47265625 0.1672473867595819 0.46875 0.1672473867595819 0.466796875 0.1602787456445993 0.466796875 0.13240418118466898 0.46484375 0.1289198606271777 0.466796875 0.1254355400696864 0.470703125 0.1254355400696864 0.474609375 0.11846689895470383 0.4765625 0.0975609756097561 0.490234375 0.08013937282229965 0.490234375 0.07317073170731707 0.486328125 0.06968641114982578 0.484375 0.0627177700348432
0 0.552734375 0.6550522648083623 0.55859375 0.6550522648083623 0.560546875 0.6515679442508711 0.5859375 0.6515679442508711 0.5859375 0.6550522648083623 0.5546875 0.6585365853658537
0 0.666015625 0.1289198606271777 0.673828125 0.1254355400696864 0.673828125 0.13937282229965156 0.671875 0.13937282229965156 0.669921875 0.14634146341463414 0.662109375 0.14982578397212543 0.662109375 0.13588850174216027 0.666015625 0.13240418118466898
0 0.58984375 0.5644599303135889 0.58984375 0.5609756097560976 0.58984375 0.5644599303135889 0.595703125 0.5714285714285714 0.59765625 0.5818815331010453 0.6015625 0.5853658536585366 0.603515625 0.5993031358885017 0.607421875 0.6027874564459931 0.607421875 0.6341463414634146 0.609375 0.6411149825783972 0.607421875 0.6480836236933798 0.603515625 0.6515679442508711 0.603515625 0.6550522648083623 0.607421875 0.6585365853658537 0.609375 0.6689895470383276 0.591796875 0.6689895470383276 0.58984375 0.6724738675958188 0.58984375 0.6689895470383276 0.595703125 0.662020905923345 0.595703125 0.6515679442508711 0.58984375 0.6445993031358885 0.58984375 0.6236933797909407 0.5859375 0.6202090592334495 0.5859375 0.6132404181184669 0.583984375 0.6097560975609756 0.583984375 0.5749128919860628 0.5859375 0.5679442508710801 0.587890625 0.5679442508710801
0 0.466796875 0.4355400696864111 0.466796875 0.42857142857142855 0.474609375 0.42857142857142855 0.4765625 0.4355400696864111 0.48046875 0.4355400696864111 0.48046875 0.43902439024390244 0.484375 0.4425087108013937 0.484375 0.4529616724738676 0.47265625 0.445993031358885 0.47265625 0.43902439024390244 0.46875 0.4355400696864111
0 0.48046875 0.397212543554007 0.4921875 0.397212543554007 0.494140625 0.40418118466898956 0.494140625 0.42160278745644597 0.4921875 0.4250871080139373 0.490234375 0.4250871080139373 0.494140625 0.42160278745644597 0.490234375 0.4181184668989547 0.48828125 0.41114982578397213 0.486328125 0.41114982578397213 0.486328125 0.40069686411149824 0.482421875 0.397212543554007
0 0.494140625 0.3867595818815331 0.498046875 0.3867595818815331 0.5 0.3797909407665505 0.501953125 0.3797909407665505 0.50390625 0.3867595818815331 0.5078125 0.3867595818815331 0.5078125 0.3902439024390244 0.51171875 0.39372822299651566 0.51171875 0.40418118466898956 0.509765625 0.4076655052264808 0.5078125 0.4076655052264808 0.509765625 0.40418118466898956 0.5078125 0.397212543554007 0.50390625 0.397212543554007 0.5 0.39372822299651566 0.498046875 0.3867595818815331 0.49609375 0.3867595818815331
0 0.46875 0.3623693379790941 0.46875 0.3554006968641115 0.482421875 0.3554006968641115 0.484375 0.3623693379790941 0.490234375 0.3623693379790941 0.490234375 0.37282229965156793 0.4765625 0.3693379790940767 0.474609375 0.3623693379790941 0.470703125 0.3623693379790941
0 0.462890625 0.3693379790940767 0.47265625 0.3693379790940767 0.474609375 0.37630662020905925 0.484375 0.3832752613240418 0.484375 0.3867595818815331 0.48046875 0.3902439024390244 0.474609375 0.3902439024390244 0.474609375 0.3867595818815331 0.470703125 0.3832752613240418 0.46875 0.37630662020905925 0.462890625 0.37282229965156793
0 0.53515625 0.8292682926829268 0.537109375 0.8292682926829268 0.5390625 0.8222996515679443 0.544921875 0.8222996515679443 0.544921875 0.8257839721254355 0.548828125 0.8292682926829268 0.548828125 0.8327526132404182 0.552734375 0.8362369337979094 0.5546875 0.8432055749128919 0.556640625 0.8432055749128919 0.556640625 0.8815331010452961 0.5546875 0.8815331010452961 0.5546875 0.8780487804878049 0.55078125 0.8745644599303136 0.548828125 0.867595818815331 0.546875 0.867595818815331 0.546875 0.8536585365853658 0.54296875 0.8501742160278746 0.54296875 0.8362369337979094 0.537109375 0.8292682926829268
0 0.521484375 0.8641114982578397 0.525390625 0.8606271777003485 0.529296875 0.8641114982578397 0.529296875 0.867595818815331 0.533203125 0.8710801393728222 0.537109375 0.8815331010452961 0.5390625 0.8815331010452961 0.5390625 0.9163763066202091 0.537109375 0.9163763066202091 0.537109375 0.9128919860627178 0.53125 0.9059233449477352 0.529296875 0.8989547038327527 0.52734375 0.8989547038327527 0.525390625 0.8745644599303136 0.521484375 0.8710801393728222 0.521484375 0.867595818815331
0 0.484375 0.7700348432055749 0.484375 0.759581881533101 0.48828125 0.759581881533101 0.490234375 0.7665505226480837 0.498046875 0.7665505226480837 0.501953125 0.7700348432055749 0.501953125 0.7839721254355401 0.494140625 0.7839721254355401 0.490234375 0.7804878048780488 0.490234375 0.7735191637630662 0.486328125 0.7700348432055749
0 0.673828125 0.8118466898954704 0.673828125 0.8815331010452961 0.666015625 0.8815331010452961 0.666015625 0.8745644599303136 0.662109375 0.8710801393728222 0.66015625 0.8501742160278746 0.65625 0.8466898954703833 0.65625 0.8257839721254355 0.66015625 0.8222996515679443 0.66015625 0.7874564459930313 0.66796875 0.7874564459930313 0.66796875 0.7979094076655052 0.671875 0.8118466898954704
0 0.337890625 0.21602787456445993 0.33984375 0.21602787456445993 0.33984375 0.24390243902439024 0.328125 0.2578397212543554 0.326171875 0.25435540069686413 0.326171875 0.22996515679442509 0.337890625 0.21951219512195122
0 0.59375 0.7735191637630662 0.59375 0.735191637630662 0.599609375 0.7282229965156795 0.599609375 0.7177700348432056 0.609375 0.7073170731707317 0.611328125 0.7003484320557491 0.615234375 0.7003484320557491 0.615234375 0.759581881533101 0.61328125 0.759581881533101 0.611328125 0.7665505226480837 0.60546875 0.7735191637630662 0.595703125 0.7735191637630662
0 0.33020477815699656 0.9873747884236521 0.01602273535267349 0.014781605641507415
0 0.521484375 0.4076655052264808 0.5234375 0.4146341463414634 0.53125 0.4181184668989547 0.53125 0.43205574912891986 0.529296875 0.4355400696864111 0.52734375 0.4355400696864111 0.529296875 0.43205574912891986 0.525390625 0.4250871080139373 0.51953125 0.42160278745644597 0.515625 0.41114982578397213 0.509765625 0.41114982578397213 0.513671875 0.4076655052264808 0.51953125 0.4076655052264808
0 0.49609375 0.759581881533101 0.5 0.7560975609756098 0.5 0.7491289198606271 0.513671875 0.7491289198606271 0.513671875 0.7735191637630662 0.50390625 0.7735191637630662 0.5 0.7700348432055749 0.5 0.7630662020905923 0.498046875 0.759581881533101
0 0.560546875 0.6689895470383276 0.56640625 0.6689895470383276 0.568359375 0.662020905923345 0.57421875 0.662020905923345 0.57421875 0.6794425087108014 0.560546875 0.6794425087108014 0.560546875 0.6724738675958188
0 0.482421875 0.794425087108014 0.482421875 0.7770034843205574 0.48828125 0.7770034843205574 0.48828125 0.794425087108014 0.484375 0.794425087108014
0 0.55078125 0.3797909407665505 0.5546875 0.3797909407665505 0.556640625 0.3867595818815331 0.5703125 0.3867595818815331 0.5703125 0.3902439024390244 0.544921875 0.3902439024390244 0.544921875 0.3867595818815331 0.548828125 0.3867595818815331 0.55078125 0.3832752613240418
0 0.560546875 0.7526132404181185 0.564453125 0.7526132404181185 0.56640625 0.7456445993031359 0.57421875 0.7456445993031359 0.57421875 0.7630662020905923 0.56640625 0.7630662020905923 0.56640625 0.7560975609756098 0.5625 0.7526132404181185
0 0.626953125 0.11846689895470383 0.62890625 0.11846689895470383 0.62890625 0.16376306620209058 0.626953125 0.16376306620209058 0.625 0.17073170731707318 0.62109375 0.17073170731707318 0.619140625 0.17421602787456447 0.615234375 0.17073170731707318 0.615234375 0.14285714285714285 0.6171875 0.14285714285714285 0.619140625 0.13937282229965156 0.619140625 0.13240418118466898 0.625 0.1289198606271777 0.626953125 0.12195121951219512
0 0.66015625 0 0.673828125 0 0.673828125 0.041811846689895474 0.671875 0.04529616724738676 0.669921875 0.04529616724738676 0.671875 0.041811846689895474 0.66796875 0.03832752613240418 0.66796875 0.0313588850174216 0.6640625 0.027874564459930314 0.6640625 0.006968641114982578 0.66015625 0.003484320557491289
0 0.48828125 0.313588850174216 0.5 0.313588850174216 0.5 0.3310104529616725 0.498046875 0.3344947735191638 0.4921875 0.3310104529616725 0.4921875 0.32752613240418116 0.48828125 0.3240418118466899 0.48828125 0.3170731707317073
0 0.4765625 0.9825783972125436 0.4765625 0.9965156794425087 0.47265625 0.9965156794425087 0.47265625 0.9860627177700348 0.474609375 0.9860627177700348