0 0.60546875 0.3576388888888889 0.607421875 0.3611111111111111 0.60546875 0.3680555555555556 0.59375 0.3854166666666667 0.59375 0.3923611111111111 0.591796875 0.3958333333333333 0.580078125 0.3958333333333333 0.572265625 0.4027777777777778 0.564453125 0.4166666666666667 0.560546875 0.40625 0.5546875 0.40625 0.55078125 0.4131944444444444 0.55078125 0.4201388888888889 0.546875 0.4201388888888889 0.546875 0.4097222222222222 0.54296875 0.3958333333333333 0.544921875 0.3923611111111111 0.55078125 0.3958333333333333 0.55859375 0.375 0.56640625 0.3715277777777778 0.57421875 0.3611111111111111 0.583984375 0.3611111111111111 0.5859375 0.3576388888888889 0.603515625 0.3576388888888889
0 0.533203125 0.12152777777777778 0.537109375 0.125 0.537109375 0.13194444444444445 0.53515625 0.13541666666666666 0.533203125 0.13541666666666666 0.533203125 0.125
0 0.515625 0.09375 0.515625 0.09722222222222222 0.521484375 0.1076388888888889 0.525390625 0.1076388888888889 0.529296875 0.12152777777777778 0.52734375 0.1284722222222222 0.5234375 0.1284722222222222 0.51171875 0.11458333333333333 0.515625 0.1076388888888889 0.515625 0.09722222222222222
0 0.51953125 0.4965277777777778 0.521484375 0.5 0.52734375 0.5 0.533203125 0.5104166666666666 0.537109375 0.5243055555555556 0.537109375 0.5277777777777778 0.533203125 0.53125 0.529296875 0.5277777777777778 0.5234375 0.5173611111111112 0.5234375 0.5104166666666666 0.51953125 0.5
0 0.509765625 0.5625 0.513671875 0.5555555555555556 0.5234375 0.5555555555555556 0.52734375 0.5625 0.5234375 0.5659722222222222 0.51171875 0.5659722222222222
0 0.533203125 0.3194444444444444 0.533203125 0.3298611111111111 0.525390625 0.3402777777777778 0.525390625 0.3506944444444444 0.521484375 0.3506944444444444 0.51953125 0.34375 0.513671875 0.34375 0.51171875 0.3472222222222222 0.509765625 0.3263888888888889 0.521484375 0.3125 0.52734375 0.3125 0.53125 0.3194444444444444
0 0.541015625 0.3784722222222222 0.546875 0.3854166666666667 0.546875 0.3923611111111111 0.53515625 0.3923611111111111 0.533203125 0.3888888888888889 0.529296875 0.3888888888888889 0.52734375 0.3854166666666667 0.53125 0.3784722222222222 0.53515625 0.375 0.5390625 0.3784722222222222
0 0.6114583333333333 0.8166666666666667 0.014583333333333334 0.03888888888888889
0 0.5625 0.6388888888888888 0.57421875 0.6493055555555556 0.583984375 0.6493055555555556 0.5859375 0.6527777777777778 0.583984375 0.6597222222222222 0.591796875 0.6770833333333334 0.591796875 0.6840277777777778 0.5859375 0.6909722222222222 0.56640625 0.6909722222222222 0.564453125 0.6979166666666666 0.55859375 0.7013888888888888 0.556640625 0.6979166666666666 0.556640625 0.6909722222222222 0.55859375 0.6875 0.560546875 0.6458333333333334 0.5625 0.6423611111111112
0 0.373046875 0.2013888888888889 0.376953125 0.2152777777777778 0.373046875 0.2152777777777778 0.3671875 0.20833333333333334 0.3671875 0.2048611111111111 0.37109375 0.2013888888888889
0 0.396484375 0.08680555555555555 0.400390625 0.09027777777777778 0.392578125 0.10069444444444445 0.38671875 0.09722222222222222 0.384765625 0.09375 0.384765625 0.08680555555555555 0.38671875 0.08333333333333333 0.392578125 0.08333333333333333 0.39453125 0.08680555555555555
0 0.609375 0.3854166666666667 0.611328125 0.3888888888888889 0.611328125 0.3993055555555556 0.615234375 0.4097222222222222 0.609375 0.4201388888888889 0.609375 0.4409722222222222 0.607421875 0.4444444444444444 0.607421875 0.4548611111111111 0.59375 0.4652777777777778 0.58984375 0.4583333333333333 0.58984375 0.4513888888888889 0.587890625 0.4479166666666667 0.587890625 0.4270833333333333 0.591796875 0.4166666666666667 0.599609375 0.4131944444444444 0.607421875 0.4027777777777778 0.607421875 0.3888888888888889
0 0.513671875 0.4131944444444444 0.515625 0.4131944444444444 0.515625 0.4409722222222222 0.51171875 0.4375 0.513671875 0.4166666666666667
0 0.533203125 0.28125 0.537109375 0.28125 0.537109375 0.2951388888888889 0.533203125 0.3020833333333333 0.53125 0.2986111111111111 0.53125 0.2881944444444444 0.533203125 0.2847222222222222
0 0.51171875 0.625 0.51171875 0.6423611111111112 0.5078125 0.6423611111111112 0.49609375 0.65625 0.47265625 0.6597222222222222 0.474609375 0.6493055555555556 0.482421875 0.6354166666666666 0.49609375 0.6319444444444444 0.498046875 0.6284722222222222 0.505859375 0.6354166666666666 0.51171875 0.6284722222222222
0 0.4296875 0.07291666666666667 0.439453125 0.07291666666666667 0.443359375 0.0798611111111111 0.443359375 0.08680555555555555 0.4375 0.09027777777777778 0.43359375 0.08680555555555555 0.4296875 0.0763888888888889
0 0.357421875 0.3888888888888889 0.361328125 0.3923611111111111 0.36328125 0.4027777777777778 0.3671875 0.4097222222222222 0.3671875 0.4131944444444444 0.361328125 0.4201388888888889 0.35546875 0.4097222222222222 0.357421875 0.40625 0.357421875 0.3923611111111111
0 0.55078125 0.8194444444444444 0.552734375 0.8263888888888888 0.552734375 0.8368055555555556 0.546875 0.84375 0.54296875 0.8576388888888888 0.537109375 0.8576388888888888 0.529296875 0.8645833333333334 0.525390625 0.8541666666666666 0.525390625 0.8472222222222222 0.53125 0.8333333333333334 0.544921875 0.8333333333333334 0.55078125 0.8229166666666666
0 0.65625 0.4791666666666667 0.65625 0.4756944444444444 0.650390625 0.4652777777777778 0.646484375 0.4652777777777778 0.638671875 0.4548611111111111 0.64453125 0.4340277777777778 0.65234375 0.4236111111111111 0.658203125 0.4236111111111111 0.658203125 0.4791666666666667
0 0.3763020833333333 0.09444444444444444 0.0109375 0.02037037037037037
0 0.392578125 0.03819444444444445 0.39453125 0.041666666666666664 0.39453125 0.04861111111111111 0.392578125 0.052083333333333336 0.384765625 0.052083333333333336 0.3828125 0.04513888888888889 0.384765625 0.03819444444444445 0.390625 0.03819444444444445
0 0.408203125 0.16666666666666666 0.416015625 0.1701388888888889 0.416015625 0.1736111111111111 0.412109375 0.17708333333333334 0.408203125 0.17708333333333334 0.408203125 0.1701388888888889
0 0.6328125 0.6875 0.640625 0.6875 0.642578125 0.6909722222222222 0.6484375 0.6909722222222222 0.658203125 0.6979166666666666 0.658203125 0.7951388888888888 0.64453125 0.7951388888888888 0.63671875 0.7847222222222222 0.63671875 0.7777777777777778 0.6328125 0.7708333333333334 0.6328125 0.7430555555555556 0.634765625 0.7395833333333334 0.634765625 0.7222222222222222 0.63671875 0.71875 0.63671875 0.7048611111111112 0.6328125 0.6979166666666666 0.6328125 0.6909722222222222
0 0.591796875 0.09027777777777778 0.59375 0.08333333333333333 0.59765625 0.0798611111111111 0.59765625 0.09027777777777778 0.59375 0.09375
0 0.619140625 0.3541666666666667 0.619140625 0.3402777777777778 0.626953125 0.3194444444444444 0.630859375 0.3159722222222222 0.638671875 0.3159722222222222 0.640625 0.3125 0.6484375 0.3125 0.65625 0.2986111111111111 0.658203125 0.2986111111111111 0.658203125 0.3368055555555556 0.650390625 0.3402777777777778 0.646484375 0.3472222222222222 0.646484375 0.3611111111111111 0.638671875 0.3541666666666667 0.62109375 0.3541666666666667