0 0.890625 0 0.904296875 0 0.904296875 0.017482517482517484 0.900390625 0.017482517482517484 0.8984375 0.02097902097902098 0.896484375 0.02097902097902098 0.896484375 0.013986013986013986 0.89453125 0.01048951048951049 0.890625 0.01048951048951049 0.890625 0.0034965034965034965
0 0.94140625 0.3041958041958042 0.955078125 0.3041958041958042 0.955078125 0.3146853146853147 0.93359375 0.3146853146853147 0.939453125 0.3146853146853147 0.94140625 0.3076923076923077
0 0.16015625 0.2867132867132867 0.169921875 0.2867132867132867 0.171875 0.2937062937062937 0.17578125 0.2937062937062937 0.181640625 0.3006993006993007 0.181640625 0.3076923076923077 0.1875 0.3146853146853147 0.1875 0.3321678321678322 0.169921875 0.3321678321678322 0.16796875 0.3356643356643357 0.142578125 0.3321678321678322 0.142578125 0.3146853146853147 0.146484375 0.3111888111888112 0.1484375 0.3041958041958042 0.154296875 0.2972027972027972 0.154296875 0.2937062937062937 0.158203125 0.2937062937062937 0.16015625 0.2902097902097902
0 0.291015625 0.055944055944055944 0.29296875 0.055944055944055944 0.294921875 0.06293706293706294 0.30078125 0.06293706293706294 0.306640625 0.06993006993006994 0.31640625 0.06993006993006994 0.31640625 0.07342657342657342 0.3203125 0.07692307692307693 0.3203125 0.0944055944055944 0.302734375 0.0944055944055944 0.294921875 0.08741258741258741 0.294921875 0.07692307692307693 0.291015625 0.07342657342657342 0.291015625 0.05944055944055944
0 0.833984375 0.24475524475524477 0.837890625 0.24475524475524477 0.83984375 0.2517482517482518 0.84765625 0.2517482517482518 0.849609375 0.25524475524475526 0.859375 0.25874125874125875 0.861328125 0.26573426573426573 0.87109375 0.26573426573426573 0.875 0.27972027972027974 0.875 0.28321678321678323 0.853515625 0.28321678321678323 0.845703125 0.2762237762237762 0.84375 0.2692307692307692 0.828125 0.26223776223776224 0.826171875 0.25524475524475526 0.833984375 0.24825174825174826
0 1.007679180887372 0.28716675815651926 0.037809300341296925 0.02532280006682737
0 0.97265625 0.2902097902097902 0.984375 0.2902097902097902 0.98828125 0.3006993006993007 0.998046875 0.3076923076923077 0.998046875 0.32167832167832167 0.986328125 0.32167832167832167 0.984375 0.3146853146853147 0.9765625 0.3111888111888112 0.9765625 0.3041958041958042 0.97265625 0.3006993006993007 0.97265625 0.2937062937062937
0 0.921875 0.36363636363636365 0.935546875 0.36363636363636365 0.9375 0.3706293706293706 0.9453125 0.3706293706293706 0.947265625 0.3741258741258741 0.953125 0.3741258741258741 0.955078125 0.3811188811188811 0.96875 0.38461538461538464 0.96875 0.3951048951048951 0.9609375 0.3951048951048951 0.958984375 0.3986013986013986 0.953125 0.3986013986013986 0.951171875 0.3951048951048951 0.9296875 0.3951048951048951 0.927734375 0.3916083916083916 0.921875 0.3916083916083916 0.921875 0.3881118881118881 0.916015625 0.3811188811188811 0.912109375 0.3811188811188811 0.912109375 0.3741258741258741 0.921875 0.36713286713286714
0 0.771484375 0.2062937062937063 0.775390625 0.20279720279720279 0.78515625 0.20279720279720279 0.78515625 0.23426573426573427 0.775390625 0.23426573426573427 0.7734375 0.23776223776223776 0.759765625 0.23426573426573427 0.767578125 0.22727272727272727 0.767578125 0.21678321678321677 0.76953125 0.21678321678321677 0.771484375 0.2097902097902098
0 0.951171875 0.07342657342657342 0.951171875 0.0979020979020979 0.9453125 0.1048951048951049 0.921875 0.1048951048951049 0.921875 0.10139860139860139 0.931640625 0.0944055944055944 0.93359375 0.09090909090909091 0.93359375 0.08391608391608392 0.9375 0.08391608391608392 0.94921875 0.07342657342657342
0 0.8984375 0.0979020979020979 0.931640625 0.0979020979020979 0.931640625 0.10839160839160839 0.919921875 0.10839160839160839 0.91796875 0.11188811188811189 0.8984375 0.11188811188811189 0.896484375 0.10839160839160839 0.890625 0.10839160839160839 0.890625 0.1048951048951049 0.896484375 0.1048951048951049 0.8984375 0.10139860139860139
0 0.939453125 0.11188811188811189 0.951171875 0.11188811188811189 0.962890625 0.12237762237762238 0.970703125 0.12237762237762238 0.974609375 0.12937062937062938 0.986328125 0.13286713286713286 0.98828125 0.13986013986013987 0.998046875 0.14335664335664336 0.998046875 0.17832167832167833 0.9921875 0.17132867132867133 0.984375 0.16783216783216784 0.978515625 0.16083916083916083 0.9765625 0.15384615384615385 0.97265625 0.15384615384615385 0.96484375 0.14685314685314685 0.962890625 0.13986013986013987 0.958984375 0.13986013986013987 0.95703125 0.13286713286713286 0.943359375 0.11888111888111888 0.939453125 0.11888111888111888 0.939453125 0.11538461538461539