0 0.244140625 0.2961672473867596 0.248046875 0.29965156794425085 0.248046875 0.30313588850174217 0.236328125 0.30313588850174217 0.2109375 0.32752613240418116 0.205078125 0.33797909407665505 0.20703125 0.34494773519163763 0.20703125 0.3554006968641115 0.208984375 0.3588850174216028 0.208984375 0.3693379790940767 0.20703125 0.37282229965156793 0.20703125 0.3693379790940767 0.18359375 0.3310104529616725 0.181640625 0.3310104529616725 0.181640625 0.32752613240418116 0.193359375 0.313588850174216 0.197265625 0.313588850174216 0.203125 0.30662020905923343 0.20703125 0.30662020905923343 0.21484375 0.29965156794425085 0.22265625 0.29965156794425085 0.224609375 0.2961672473867596 0.232421875 0.2961672473867596 0.234375 0.2926829268292683 0.240234375 0.2926829268292683 0.2421875 0.2961672473867596
0 0.62890625 0.30662020905923343 0.6328125 0.30313588850174217 0.638671875 0.30313588850174217 0.646484375 0.313588850174216 0.650390625 0.313588850174216 0.654296875 0.3205574912891986 0.654296875 0.3588850174216028 0.650390625 0.3623693379790941 0.64453125 0.34843205574912894 0.638671875 0.34494773519163763 0.630859375 0.3310104529616725 0.62890625 0.3240418118466899 0.62890625 0.31010452961672474
0 0.658203125 0.23344947735191637 0.666015625 0.23344947735191637 0.669921875 0.24390243902439024 0.673828125 0.24390243902439024 0.677734375 0.2508710801393728 0.69140625 0.2578397212543554 0.701171875 0.2682926829268293 0.69921875 0.27177700348432055 0.693359375 0.27177700348432055 0.685546875 0.26480836236933797 0.650390625 0.26480836236933797 0.6484375 0.2578397212543554 0.6484375 0.24390243902439024 0.658203125 0.23693379790940766
0 0.56640625 0.14982578397212543 0.578125 0.14982578397212543 0.580078125 0.156794425087108 0.5859375 0.156794425087108 0.5859375 0.17073170731707318 0.578125 0.18118466898954705 0.556640625 0.18118466898954705 0.55078125 0.17073170731707318 0.55078125 0.1672473867595819 0.5546875 0.156794425087108 0.564453125 0.156794425087108 0.56640625 0.15331010452961671
0 0.609375 0.36585365853658536 0.6484375 0.36585365853658536 0.6484375 0.3693379790940767 0.65625 0.37630662020905925 0.66015625 0.3867595818815331 0.658203125 0.3902439024390244 0.640625 0.3902439024390244 0.638671875 0.3867595818815331 0.611328125 0.3832752613240418 0.607421875 0.3797909407665505 0.607421875 0.37282229965156793 0.609375 0.3693379790940767
0 0.58203125 0.6585365853658537 0.6171875 0.6585365853658537 0.619140625 0.6655052264808362 0.63671875 0.6689895470383276 0.638671875 0.6724738675958188 0.654296875 0.6794425087108014 0.658203125 0.686411149825784 0.66015625 0.6829268292682927 0.66015625 0.6898954703832753 0.658203125 0.6933797909407665 0.587890625 0.686411149825784 0.5859375 0.6829268292682927 0.580078125 0.6829268292682927 0.576171875 0.6759581881533101 0.576171875 0.6689895470383276 0.58203125 0.662020905923345
0 0.0859375 0.2787456445993031 0.0859375 0.2857142857142857 0.08984375 0.2926829268292683 0.076171875 0.289198606271777 0.07421875 0.2926829268292683 0.068359375 0.2926829268292683 0.05859375 0.29965156794425085 0.037109375 0.30313588850174217 0.03515625 0.30662020905923343 0.02734375 0.30662020905923343 0.025390625 0.31010452961672474 0.0234375 0.30662020905923343 0.01171875 0.30662020905923343 0.005859375 0.2961672473867596 0.005859375 0.2857142857142857 0.015625 0.2787456445993031 0.02734375 0.2787456445993031 0.029296875 0.27526132404181186 0.0703125 0.27526132404181186 0.072265625 0.2787456445993031 0.083984375 0.2787456445993031
0 0.69140625 0.43902439024390244 0.693359375 0.4425087108013937 0.703125 0.4425087108013937 0.703125 0.4529616724738676 0.69921875 0.4564459930313589 0.6796875 0.45993031358885017 0.677734375 0.4634146341463415 0.662109375 0.4634146341463415 0.66015625 0.46689895470383275 0.640625 0.46689895470383275 0.638671875 0.4634146341463415 0.626953125 0.4634146341463415 0.625 0.45993031358885017 0.625 0.4529616724738676 0.626953125 0.44947735191637633 0.640625 0.445993031358885 0.642578125 0.4425087108013937 0.650390625 0.4425087108013937 0.65234375 0.43902439024390244 0.689453125 0.43902439024390244
0 0.87109375 0.5226480836236934 0.890625 0.5365853658536586 0.8984375 0.5574912891986062 0.89453125 0.5574912891986062 0.892578125 0.5609756097560976 0.888671875 0.5574912891986062 0.87109375 0.554006968641115 0.84375 0.5296167247386759 0.84375 0.5261324041811847 0.853515625 0.519163763066202 0.86328125 0.519163763066202 0.865234375 0.5226480836236934 0.869140625 0.5226480836236934
0 0.97265625 0.5052264808362369 0.982421875 0.5052264808362369 0.984375 0.5017421602787456 0.994140625 0.5017421602787456 0.998046875 0.5052264808362369 0.99609375 0.519163763066202 0.990234375 0.5261324041811847 0.986328125 0.5261324041811847 0.98046875 0.5331010452961672 0.96875 0.5365853658536586 0.966796875 0.5400696864111498 0.935546875 0.5365853658536586 0.955078125 0.519163763066202 0.958984375 0.519163763066202 0.97265625 0.5087108013937283
0 0.822265625 0.3588850174216028 0.826171875 0.3588850174216028 0.828125 0.36585365853658536 0.8359375 0.37282229965156793 0.8359375 0.3867595818815331 0.830078125 0.397212543554007 0.828125 0.397212543554007 0.818359375 0.37630662020905925 0.818359375 0.36585365853658536 0.822265625 0.3623693379790941
0 0.58203125 0.30662020905923343 0.587890625 0.313588850174216 0.587890625 0.3240418118466899 0.5859375 0.32752613240418116 0.583984375 0.34494773519163763 0.58203125 0.34843205574912894 0.572265625 0.34843205574912894 0.5703125 0.3519163763066202 0.568359375 0.34843205574912894 0.564453125 0.34843205574912894 0.56640625 0.34494773519163763 0.568359375 0.3240418118466899 0.576171875 0.313588850174216 0.580078125 0.313588850174216 0.58203125 0.31010452961672474
0 0.48828125 0.22996515679442509 0.505859375 0.22996515679442509 0.5078125 0.23344947735191637 0.5078125 0.2508710801393728 0.50390625 0.2508710801393728 0.501953125 0.25435540069686413 0.482421875 0.24738675958188153 0.484375 0.23693379790940766 0.48828125 0.23344947735191637
0 0.451171875 0.3693379790940767 0.462890625 0.3693379790940767 0.46484375 0.37282229965156793 0.474609375 0.37282229965156793 0.4765625 0.37630662020905925 0.47265625 0.3867595818815331 0.46875 0.3867595818815331 0.466796875 0.3902439024390244 0.455078125 0.3902439024390244 0.455078125 0.3832752613240418 0.451171875 0.3797909407665505 0.451171875 0.37282229965156793
0 0.177734375 0.20557491289198607 0.22265625 0.20557491289198607 0.224609375 0.21254355400696864 0.220703125 0.21951219512195122 0.208984375 0.2229965156794425 0.197265625 0.23344947735191637 0.19140625 0.23344947735191637 0.181640625 0.24041811846689895 0.16796875 0.24041811846689895 0.146484375 0.26480836236933797 0.119140625 0.2682926829268293 0.126953125 0.2508710801393728 0.1328125 0.24390243902439024 0.13671875 0.24390243902439024 0.150390625 0.2229965156794425 0.16015625 0.21602787456445993 0.169921875 0.21602787456445993 0.177734375 0.20905923344947736
0 0.609375 0.21951219512195122 0.611328125 0.2229965156794425 0.62890625 0.2264808362369338 0.6328125 0.22996515679442509 0.6328125 0.23344947735191637 0.619140625 0.23344947735191637 0.6171875 0.23693379790940766 0.615234375 0.23344947735191637 0.611328125 0.23344947735191637 0.609375 0.23693379790940766 0.58984375 0.23693379790940766 0.587890625 0.24041811846689895 0.572265625 0.24041811846689895 0.5703125 0.23693379790940766 0.564453125 0.23693379790940766 0.5625 0.23344947735191637 0.5625 0.2264808362369338 0.564453125 0.2229965156794425 0.568359375 0.2229965156794425 0.5703125 0.21951219512195122 0.607421875 0.21951219512195122
0 0.65625 0.33797909407665505 0.662109375 0.3310104529616725 0.6875 0.3310104529616725 0.6953125 0.33797909407665505 0.70703125 0.33797909407665505 0.70703125 0.34146341463414637 0.701171875 0.34146341463414637 0.6953125 0.34843205574912894 0.689453125 0.34843205574912894 0.681640625 0.3554006968641115 0.66015625 0.3554006968641115 0.66015625 0.3519163763066202 0.65625 0.34843205574912894 0.65625 0.34146341463414637
0 0.619140625 0.23344947735191637 0.63671875 0.23344947735191637 0.640625 0.23693379790940766 0.638671875 0.24390243902439024 0.638671875 0.25435540069686413 0.62890625 0.25435540069686413 0.626953125 0.2578397212543554 0.576171875 0.2578397212543554 0.57421875 0.25435540069686413 0.578125 0.24390243902439024 0.6171875 0.24041811846689895 0.619140625 0.23693379790940766
0 0.12890625 0.34494773519163763 0.1328125 0.34494773519163763 0.13671875 0.3554006968641115 0.13671875 0.397212543554007 0.1328125 0.397212543554007 0.130859375 0.3902439024390244 0.119140625 0.3902439024390244 0.11328125 0.37630662020905925 0.115234375 0.3693379790940767 0.12890625 0.34843205574912894
0 0.044921875 0.30662020905923343 0.05859375 0.30662020905923343 0.07421875 0.3205574912891986 0.08203125 0.3240418118466899 0.0859375 0.3310104529616725 0.08203125 0.34494773519163763 0.076171875 0.34494773519163763 0.072265625 0.33797909407665505 0.0625 0.3310104529616725 0.046875 0.30662020905923343
0 0.44921875 0.2578397212543554 0.451171875 0.26480836236933797 0.451171875 0.2857142857142857 0.44921875 0.289198606271777 0.44140625 0.289198606271777 0.435546875 0.28222996515679444 0.435546875 0.27526132404181186 0.447265625 0.2613240418118467
0 0.44140625 0.17770034843205576 0.44140625 0.1672473867595819 0.455078125 0.15331010452961671 0.458984375 0.15331010452961671 0.466796875 0.14634146341463414 0.478515625 0.14634146341463414 0.482421875 0.13937282229965156 0.5 0.13937282229965156 0.501953125 0.13588850174216027 0.5078125 0.13588850174216027 0.51171875 0.1289198606271777 0.513671875 0.1289198606271777 0.51171875 0.13588850174216027 0.51171875 0.14285714285714285 0.513671875 0.14634146341463414 0.51171875 0.14982578397212543 0.501953125 0.14982578397212543 0.49609375 0.156794425087108 0.4921875 0.156794425087108 0.486328125 0.16376306620209058 0.482421875 0.16376306620209058 0.46875 0.17770034843205576 0.46484375 0.17770034843205576 0.45703125 0.18466898954703834 0.4453125 0.18118466898954705 0.443359375 0.17770034843205576
0 0.44140625 0.24041811846689895 0.447265625 0.24041811846689895 0.44921875 0.24390243902439024 0.44921875 0.2578397212543554 0.447265625 0.26480836236933797 0.439453125 0.26480836236933797 0.4375 0.2682926829268293 0.419921875 0.2682926829268293 0.421875 0.2578397212543554 0.42578125 0.2578397212543554 0.44140625 0.24390243902439024
0 0.1015625 0.397212543554007 0.10546875 0.40418118466898956 0.109375 0.4181184668989547 0.109375 0.4250871080139373 0.10546875 0.42857142857142855 0.08984375 0.43205574912891986 0.087890625 0.4355400696864111 0.080078125 0.4355400696864111 0.078125 0.43902439024390244 0.06640625 0.43902439024390244 0.064453125 0.4355400696864111 0.025390625 0.4355400696864111 0.021484375 0.4250871080139373 0.02734375 0.4181184668989547 0.037109375 0.4146341463414634 0.0390625 0.41114982578397213 0.044921875 0.41114982578397213 0.052734375 0.40418118466898956 0.06640625 0.40418118466898956 0.068359375 0.40069686411149824 0.099609375 0.40069686411149824
0 0.91796875 0.445993031358885 0.931640625 0.445993031358885 0.931640625 0.44947735191637633 0.9375 0.4564459930313589 0.9375 0.47735191637630664 0.93359375 0.4912891986062718 0.927734375 0.49825783972125437 0.908203125 0.5017421602787456 0.923828125 0.4808362369337979 0.923828125 0.4738675958188153 0.91796875 0.4564459930313589 0.91796875 0.44947735191637633
0 0.2421875 0.6062717770034843 0.244140625 0.6097560975609756 0.248046875 0.6097560975609756 0.251953125 0.6167247386759582 0.271484375 0.6167247386759582 0.2734375 0.6202090592334495 0.275390625 0.627177700348432 0.275390625 0.6341463414634146 0.271484375 0.6480836236933798 0.2734375 0.6898954703832753 0.271484375 0.6933797909407665 0.255859375 0.6933797909407665 0.248046875 0.7073170731707317 0.23828125 0.7142857142857143 0.234375 0.7212543554006968 0.205078125 0.7247386759581882 0.1953125 0.7177700348432056 0.18359375 0.7177700348432056 0.181640625 0.7212543554006968 0.1796875 0.7421602787456446 0.17578125 0.7491289198606271 0.169921875 0.7491289198606271 0.169921875 0.7177700348432056 0.1640625 0.7038327526132404 0.162109375 0.6933797909407665 0.15625 0.686411149825784 0.15625 0.6689895470383276 0.1875 0.6689895470383276 0.20703125 0.6341463414634146 0.20703125 0.6306620209059234 0.2265625 0.6097560975609756 0.240234375 0.6062717770034843
0 0.173828125 0.2613240418118467 0.17578125 0.2613240418118467 0.17578125 0.2682926829268293 0.177734375 0.27177700348432055 0.177734375 0.2926829268292683 0.171875 0.30313588850174217 0.166015625 0.30313588850174217 0.166015625 0.2961672473867596 0.1640625 0.2926829268292683 0.1640625 0.2787456445993031 0.173828125 0.26480836236933797
0 0.01171875 0.37282229965156793 0.033203125 0.37282229965156793 0.037109375 0.3832752613240418 0.0390625 0.3797909407665505 0.041015625 0.3832752613240418 0.037109375 0.3867595818815331 0.03125 0.3867595818815331 0.029296875 0.3902439024390244 0.021484375 0.3902439024390244 0.01953125 0.39372822299651566 0.0078125 0.397212543554007 0 0.40418118466898956 0 0.3832752613240418 0.009765625 0.3797909407665505 0.01171875 0.37630662020905925
0 0.111328125 0.18815331010452963 0.126953125 0.20209059233449478 0.140625 0.20905923344947736 0.140625 0.2229965156794425 0.09765625 0.21602787456445993 0.08203125 0.20209059233449478 0.078125 0.20209059233449478 0.072265625 0.1951219512195122 0.08203125 0.18466898954703834 0.099609375 0.18466898954703834 0.1015625 0.18815331010452963 0.109375 0.18815331010452963
0 0.640625 0.34494773519163763 0.6484375 0.3519163763066202 0.650390625 0.34843205574912894 0.646484375 0.3588850174216028 0.642578125 0.3554006968641115 0.630859375 0.3554006968641115 0.62890625 0.3519163763066202 0.62890625 0.34494773519163763 0.630859375 0.34146341463414637 0.63671875 0.34146341463414637 0.638671875 0.34494773519163763
0 0.669921875 0.17073170731707318 0.671875 0.17770034843205576 0.685546875 0.17770034843205576 0.6875 0.18118466898954705 0.6953125 0.18118466898954705 0.697265625 0.18466898954703834 0.71875 0.1916376306620209 0.72265625 0.1986062717770035 0.7265625 0.1986062717770035 0.728515625 0.20557491289198607 0.728515625 0.21602787456445993 0.7265625 0.2229965156794425 0.724609375 0.2229965156794425 0.72265625 0.21602787456445993 0.716796875 0.21602787456445993 0.71484375 0.21254355400696864 0.697265625 0.21254355400696864 0.6953125 0.20905923344947736 0.6796875 0.20557491289198607 0.671875 0.1986062717770035 0.6640625 0.20209059233449478 0.658203125 0.18118466898954705 0.66015625 0.17770034843205576 0.66796875 0.17770034843205576 0.669921875 0.17421602787456447
0 0.556640625 0.27526132404181186 0.56640625 0.27526132404181186 0.568359375 0.28222996515679444 0.5859375 0.28222996515679444 0.587890625 0.2857142857142857 0.59375 0.2857142857142857 0.603515625 0.2926829268292683 0.60546875 0.289198606271777 0.60546875 0.2961672473867596 0.583984375 0.2961672473867596 0.58203125 0.29965156794425085 0.572265625 0.29965156794425085 0.5703125 0.2961672473867596 0.54296875 0.2961672473867596 0.53515625 0.289198606271777 0.5390625 0.28222996515679444 0.5546875 0.28222996515679444 0.556640625 0.2787456445993031
0 0.98828125 0.5017421602787456 0.9921875 0.5017421602787456 0.994140625 0.5087108013937283 0.998046875 0.5087108013937283 0.99609375 0.5121951219512195 0.99609375 0.519163763066202 0.98046875 0.5331010452961672 0.9765625 0.5331010452961672 0.96875 0.5435540069686411 0.96875 0.5470383275261324 0.974609375 0.5574912891986062 0.974609375 0.5749128919860628 0.970703125 0.578397212543554 0.943359375 0.578397212543554 0.94140625 0.5749128919860628 0.93359375 0.5749128919860628 0.931640625 0.5714285714285714 0.921875 0.5714285714285714 0.896484375 0.554006968641115 0.892578125 0.5435540069686411 0.896484375 0.5365853658536586 0.935546875 0.5365853658536586 0.9609375 0.5156794425087108 0.966796875 0.5156794425087108 0.974609375 0.5087108013937283 0.986328125 0.5087108013937283 0.98828125 0.5052264808362369
0 0.111328125 0.3240418118466899 0.12890625 0.3240418118466899 0.130859375 0.3310104529616725 0.1484375 0.3310104529616725 0.150390625 0.3344947735191638 0.1484375 0.34146341463414637 0.138671875 0.34146341463414637 0.13671875 0.34494773519163763 0.123046875 0.34843205574912894 0.12109375 0.3519163763066202 0.11328125 0.3519163763066202 0.111328125 0.3554006968641115 0.095703125 0.3554006968641115 0.09375 0.3519163763066202 0.0859375 0.3519163763066202 0.08203125 0.34843205574912894 0.083984375 0.34146341463414637 0.09765625 0.3310104529616725 0.109375 0.3310104529616725 0.111328125 0.32752613240418116
0 0 0.31010452961672474 0.025390625 0.31010452961672474 0.025390625 0.3170731707317073 0.0234375 0.3240418118466899 0.017578125 0.3310104529616725 0.017578125 0.33797909407665505 0.009765625 0.33797909407665505 0.0078125 0.34146341463414637 0 0.34146341463414637 0 0.313588850174216
0 0.96484375 0.6794425087108014 0.984375 0.6794425087108014 0.986328125 0.686411149825784 0.998046875 0.686411149825784 0.998046875 0.7038327526132404 0.9921875 0.7038327526132404 0.990234375 0.7073170731707317 0.953125 0.7073170731707317 0.951171875 0.7038327526132404 0.916015625 0.7038327526132404 0.9140625 0.7003484320557491 0.91015625 0.7003484320557491 0.91015625 0.6933797909407665 0.91796875 0.6933797909407665 0.919921875 0.6898954703832753 0.93359375 0.6898954703832753 0.935546875 0.686411149825784 0.962890625 0.686411149825784 0.96484375 0.6829268292682927
0 0.931640625 0.5331010452961672 0.93359375 0.5365853658536586 0.939453125 0.5365853658536586 0.94921875 0.5435540069686411 0.962890625 0.5435540069686411 0.97265625 0.5505226480836237 0.9765625 0.5644599303135889 0.970703125 0.578397212543554 0.9453125 0.578397212543554 0.9296875 0.5679442508710801 0.921875 0.5679442508710801 0.896484375 0.5505226480836237 0.89453125 0.5470383275261324 0.89453125 0.5365853658536586 0.896484375 0.5331010452961672 0.9296875 0.5331010452961672
0 0.298828125 0.47735191637630664 0.298828125 0.4912891986062718 0.294921875 0.5052264808362369 0.29296875 0.5261324041811847 0.28125 0.5435540069686411 0.28125 0.554006968641115 0.279296875 0.5574912891986062 0.279296875 0.5679442508710801 0.27734375 0.5749128919860628 0.2734375 0.578397212543554 0.25390625 0.5818815331010453 0.240234375 0.5993031358885017 0.236328125 0.5993031358885017 0.23046875 0.6062717770034843 0.224609375 0.6062717770034843 0.220703125 0.6132404181184669 0.205078125 0.627177700348432 0.19921875 0.627177700348432 0.19140625 0.6341463414634146 0.185546875 0.6341463414634146 0.18359375 0.6376306620209059 0.173828125 0.6411149825783972 0.1640625 0.6515679442508711 0.16015625 0.6515679442508711 0.15234375 0.6585365853658537 0.14453125 0.6585365853658537 0.142578125 0.662020905923345 0.134765625 0.662020905923345 0.12890625 0.6689895470383276 0.12109375 0.6689895470383276 0.12109375 0.6655052264808362 0.11328125 0.6515679442508711 0.11328125 0.6341463414634146 0.115234375 0.6306620209059234 0.115234375 0.6236933797909407 0.126953125 0.5923344947735192 0.12890625 0.5923344947735192 0.130859375 0.5853658536585366 0.1328125 0.5853658536585366 0.14453125 0.5644599303135889 0.15625 0.5505226480836237 0.169921875 0.5400696864111498 0.173828125 0.5331010452961672 0.177734375 0.5331010452961672 0.193359375 0.519163763066202 0.220703125 0.5052264808362369 0.2265625 0.49825783972125437 0.232421875 0.49825783972125437 0.234375 0.49477351916376305 0.24609375 0.4912891986062718 0.248046875 0.4878048780487805 0.25390625 0.4878048780487805 0.255859375 0.4843205574912892 0.26953125 0.4878048780487805 0.271484375 0.4843205574912892 0.279296875 0.4843205574912892 0.287109375 0.47735191637630664 0.296875 0.47735191637630664
0 0.541015625 0.3170731707317073 0.546875 0.3170731707317073 0.548828125 0.3240418118466899 0.56640625 0.3240418118466899 0.5625 0.34146341463414637 0.546875 0.34494773519163763 0.544921875 0.34843205574912894 0.5234375 0.34843205574912894 0.521484375 0.34494773519163763 0.517578125 0.34494773519163763 0.517578125 0.34146341463414637 0.513671875 0.33797909407665505 0.513671875 0.3310104529616725 0.517578125 0.32752613240418116 0.521484375 0.32752613240418116 0.5234375 0.3240418118466899 0.5390625 0.3240418118466899 0.541015625 0.3205574912891986
0 0.87890625 0.3344947735191638 0.9375 0.3344947735191638 0.939453125 0.34146341463414637 0.943359375 0.34146341463414637 0.9453125 0.34494773519163763 0.96484375 0.34494773519163763 0.97265625 0.33797909407665505 0.96875 0.34843205574912894 0.96875 0.3554006968641115 0.955078125 0.3588850174216028 0.947265625 0.36585365853658536 0.892578125 0.36585365853658536 0.890625 0.3693379790940767 0.8359375 0.3693379790940767 0.826171875 0.3588850174216028 0.8359375 0.34843205574912894 0.841796875 0.34843205574912894 0.84375 0.34494773519163763 0.853515625 0.34494773519163763 0.85546875 0.34146341463414637 0.876953125 0.34146341463414637 0.87890625 0.33797909407665505