0 0.650390625 0.5435540069686411 0.666015625 0.5435540069686411 0.666015625 0.5470383275261324 0.66015625 0.554006968641115 0.66015625 0.5574912891986062 0.666015625 0.5644599303135889 0.666015625 0.6097560975609756 0.6640625 0.6167247386759582 0.66015625 0.6167247386759582 0.658203125 0.6202090592334495 0.650390625 0.6167247386759582 0.650390625 0.5958188153310104 0.6484375 0.5888501742160279 0.64453125 0.5853658536585366 0.6484375 0.5818815331010453 0.64453125 0.578397212543554 0.64453125 0.5749128919860628 0.6484375 0.5714285714285714 0.650390625 0.5470383275261324
0 0.626953125 0.7142857142857143 0.63671875 0.7142857142857143 0.63671875 0.7317073170731707 0.634765625 0.7317073170731707 0.6328125 0.7386759581881533 0.62109375 0.735191637630662 0.62109375 0.7247386759581882 0.619140625 0.7212543554006968 0.625 0.7212543554006968 0.626953125 0.7177700348432056
0 0.4453125 0 0.44921875 0.017421602787456445 0.4453125 0.013937282229965157 0.4453125 0.003484320557491289
0 0.658203125 0.9303135888501742 0.662109375 0.9303135888501742 0.6640625 0.926829268292683 0.671875 0.9303135888501742 0.671875 0.9547038327526133 0.658203125 0.9512195121951219 0.658203125 0.9337979094076655
0 0.58984375 0.7003484320557491 0.591796875 0.7003484320557491 0.591796875 0.7177700348432056 0.58984375 0.7212543554006968 0.58203125 0.7177700348432056 0.58203125 0.710801393728223 0.587890625 0.710801393728223 0.58984375 0.7038327526132404
0 0.6796875 0.11846689895470383 0.689453125 0.11846689895470383 0.689453125 0.14285714285714285 0.6875 0.14982578397212543 0.6875 0.13937282229965156 0.685546875 0.13588850174216027 0.6796875 0.13588850174216027 0.6796875 0.12195121951219512
0 0.59375 0.14285714285714285 0.599609375 0.14285714285714285 0.599609375 0.14634146341463414 0.60546875 0.156794425087108 0.611328125 0.156794425087108 0.62109375 0.17073170731707318 0.625 0.18466898954703834 0.625 0.20209059233449478 0.626953125 0.20557491289198607 0.626953125 0.23344947735191637 0.625 0.23693379790940766 0.625 0.25435540069686413 0.623046875 0.2578397212543554 0.626953125 0.27526132404181186 0.626953125 0.289198606271777 0.623046875 0.289198606271777 0.619140625 0.2787456445993031 0.607421875 0.2857142857142857 0.607421875 0.2787456445993031 0.609375 0.2787456445993031 0.6171875 0.26480836236933797 0.6171875 0.25435540069686413 0.609375 0.24041811846689895 0.607421875 0.24041811846689895 0.603515625 0.22996515679442509 0.6015625 0.20905923344947736 0.59765625 0.20209059233449478 0.58984375 0.20557491289198607 0.58984375 0.1986062717770035 0.59375 0.1916376306620209 0.58984375 0.15331010452961671 0.59375 0.14634146341463414
0 0.4921875 0.289198606271777 0.501953125 0.289198606271777 0.501953125 0.31010452961672474 0.5 0.313588850174216 0.498046875 0.31010452961672474 0.5 0.30313588850174217 0.498046875 0.29965156794425085 0.4921875 0.29965156794425085 0.4921875 0.2926829268292683
0 0.677734375 0.9407665505226481 0.685546875 0.9407665505226481 0.685546875 0.9965156794425087 0.677734375 0.9965156794425087 0.677734375 0.9790940766550522 0.67578125 0.975609756097561 0.671875 0.975609756097561 0.671875 0.9547038327526133 0.67578125 0.9547038327526133 0.677734375 0.9512195121951219 0.677734375 0.9442508710801394
0 0.640625 0.519163763066202 0.646484375 0.519163763066202 0.646484375 0.5853658536585366 0.63671875 0.5853658536585366 0.63671875 0.578397212543554 0.6328125 0.5749128919860628 0.630859375 0.5679442508710801 0.62890625 0.5679442508710801 0.62890625 0.5574912891986062 0.6328125 0.554006968641115 0.6328125 0.5435540069686411 0.634765625 0.5435540069686411 0.63671875 0.5365853658536586 0.640625 0.5331010452961672 0.640625 0.5226480836236934
0 0.466796875 0.3344947735191638 0.48046875 0.34146341463414637 0.48046875 0.3519163763066202 0.4765625 0.3554006968641115 0.4765625 0.34843205574912894 0.466796875 0.33797909407665505
0 0.515625 0.05226480836236934 0.51953125 0.05226480836236934 0.521484375 0.059233449477351915 0.52734375 0.059233449477351915 0.529296875 0.0627177700348432 0.53515625 0.059233449477351915 0.53515625 0.0627177700348432 0.53125 0.0627177700348432 0.529296875 0.06620209059233449 0.533203125 0.07665505226480836 0.533203125 0.09407665505226481 0.529296875 0.10452961672473868 0.529296875 0.11149825783972125 0.525390625 0.11498257839721254 0.521484375 0.1254355400696864 0.515625 0.1254355400696864 0.51171875 0.13240418118466898 0.505859375 0.13240418118466898 0.501953125 0.1254355400696864 0.501953125 0.11846689895470383 0.5 0.11498257839721254 0.501953125 0.11149825783972125 0.5 0.10801393728222997 0.498046875 0.08710801393728224 0.5 0.09059233449477352 0.505859375 0.08710801393728224 0.515625 0.06620209059233449 0.51953125 0.06620209059233449 0.521484375 0.0627177700348432 0.515625 0.05574912891986063
0 0.513671875 0.3170731707317073 0.5234375 0.3170731707317073 0.5234375 0.34146341463414637 0.521484375 0.34494773519163763 0.51953125 0.34494773519163763 0.521484375 0.34146341463414637 0.521484375 0.3240418118466899 0.51953125 0.3205574912891986 0.513671875 0.3205574912891986
0 0.6015625 0.6689895470383276 0.603515625 0.6724738675958188 0.603515625 0.6794425087108014 0.599609375 0.6794425087108014 0.59765625 0.6829268292682927 0.580078125 0.6829268292682927 0.578125 0.6898954703832753 0.57421875 0.6933797909407665 0.5703125 0.6898954703832753 0.5703125 0.6794425087108014 0.572265625 0.6794425087108014 0.57421875 0.6724738675958188 0.578125 0.6689895470383276 0.599609375 0.6689895470383276
0 0.533203125 0.6376306620209059 0.537109375 0.6411149825783972 0.537109375 0.6515679442508711 0.541015625 0.6550522648083623 0.541015625 0.6794425087108014 0.5390625 0.6794425087108014 0.5390625 0.662020905923345 0.53515625 0.6585365853658537 0.533203125 0.6515679442508711 0.52734375 0.6480836236933798 0.52734375 0.6411149825783972 0.53125 0.6411149825783972
0 0.5538888888888889 -0.0029732868757259 0.22225694444444444 0.05748354626403407
0 0.49609375 0.6759581881533101 0.5 0.6759581881533101 0.5 0.7212543554006968 0.498046875 0.7247386759581882 0.49609375 0.7177700348432056 0.4921875 0.7142857142857143 0.4921875 0.7073170731707317 0.490234375 0.7038327526132404 0.486328125 0.7038327526132404 0.486328125 0.6898954703832753 0.490234375 0.6898954703832753 0.4921875 0.6829268292682927 0.49609375 0.6794425087108014
0 0.4921875 0.3554006968641115 0.498046875 0.3554006968641115 0.501953125 0.3588850174216028 0.501953125 0.37630662020905925 0.5 0.37630662020905925 0.498046875 0.3693379790940767 0.4921875 0.3693379790940767 0.4921875 0.3588850174216028
0 0.482421875 0.28222996515679444 0.484375 0.28222996515679444 0.484375 0.2961672473867596 0.482421875 0.2961672473867596 0.482421875 0.2857142857142857
0 0.673828125 0.5958188153310104 0.681640625 0.5993031358885017 0.681640625 0.6411149825783972 0.677734375 0.6445993031358885 0.671875 0.6445993031358885 0.671875 0.6411149825783972 0.66796875 0.6376306620209059 0.66796875 0.6132404181184669 0.671875 0.6097560975609756 0.671875 0.6027874564459931 0.673828125 0.5993031358885017
0 0.509765625 0.2857142857142857 0.513671875 0.2857142857142857 0.513671875 0.31010452961672474 0.51171875 0.3170731707317073 0.509765625 0.313588850174216 0.509765625 0.30662020905923343 0.5078125 0.30313588850174217 0.50390625 0.30313588850174217 0.50390625 0.2926829268292683 0.5078125 0.2926829268292683 0.509765625 0.289198606271777
0 0.509765625 0.3588850174216028 0.513671875 0.3588850174216028 0.513671875 0.36585365853658536 0.5234375 0.37630662020905925 0.5234375 0.3867595818815331 0.521484375 0.3867595818815331 0.515625 0.3797909407665505 0.513671875 0.37282229965156793 0.509765625 0.37282229965156793 0.509765625 0.3623693379790941
0 0.4921875 0.3554006968641115 0.494140625 0.3554006968641115 0.494140625 0.3693379790940767 0.4921875 0.37282229965156793 0.490234375 0.3693379790940767 0.4921875 0.36585365853658536 0.4921875 0.3588850174216028
0 0.546875 0.313588850174216 0.552734375 0.313588850174216 0.556640625 0.31010452961672474 0.556640625 0.3623693379790941 0.5546875 0.36585365853658536 0.5546875 0.3519163763066202 0.552734375 0.34843205574912894 0.546875 0.34843205574912894 0.546875 0.3170731707317073
0 0.52734375 0.710801393728223 0.529296875 0.710801393728223 0.529296875 0.7386759581881533 0.52734375 0.7386759581881533 0.52734375 0.7317073170731707 0.525390625 0.7282229965156795 0.51953125 0.7282229965156795 0.51953125 0.7177700348432056 0.525390625 0.7177700348432056 0.52734375 0.7142857142857143
0 0.6796875 0.5400696864111498 0.689453125 0.5400696864111498 0.689453125 0.5923344947735192 0.6875 0.5993031358885017 0.68359375 0.5888501742160279 0.6796875 0.5853658536585366 0.6796875 0.5435540069686411
0 0.640625 0.5923344947735192 0.646484375 0.5923344947735192 0.6484375 0.5993031358885017 0.6484375 0.6480836236933798 0.64453125 0.6550522648083623 0.634765625 0.662020905923345 0.626953125 0.6585365853658537 0.626953125 0.6306620209059234 0.6328125 0.6236933797909407 0.63671875 0.6097560975609756 0.63671875 0.6027874564459931 0.638671875 0.6027874564459931 0.640625 0.5958188153310104
0 0.56640625 0.41114982578397213 0.591796875 0.41114982578397213 0.58984375 0.4181184668989547 0.568359375 0.4181184668989547 0.56640625 0.4146341463414634
0 0.521484375 0.6550522648083623 0.525390625 0.6550522648083623 0.525390625 0.6655052264808362 0.529296875 0.6689895470383276 0.529296875 0.6759581881533101 0.53125 0.6794425087108014 0.53125 0.7073170731707317 0.529296875 0.710801393728223 0.525390625 0.710801393728223 0.5234375 0.7073170731707317 0.5234375 0.6968641114982579 0.521484375 0.6933797909407665 0.521484375 0.6689895470383276 0.513671875 0.662020905923345 0.51953125 0.662020905923345 0.521484375 0.6585365853658537
0 0.47265625 0.37282229965156793 0.478515625 0.37282229965156793 0.482421875 0.37630662020905925 0.482421875 0.3867595818815331 0.48046875 0.3902439024390244 0.48046875 0.3867595818815331 0.4765625 0.3832752613240418 0.474609375 0.37630662020905925 0.47265625 0.37630662020905925
0 0.515625 0.40418118466898956 0.5234375 0.40418118466898956 0.5234375 0.4076655052264808 0.529296875 0.4146341463414634 0.529296875 0.4355400696864111 0.529296875 0.43205574912891986 0.525390625 0.42857142857142855 0.525390625 0.42160278745644597 0.521484375 0.4181184668989547 0.51953125 0.41114982578397213 0.515625 0.41114982578397213 0.515625 0.4076655052264808