0 0.244140625 0.2326388888888889 0.248046875 0.2222222222222222 0.251953125 0.2222222222222222 0.265625 0.20833333333333334 0.27734375 0.2048611111111111 0.279296875 0.2013888888888889 0.28515625 0.2013888888888889 0.287109375 0.19791666666666666 0.30859375 0.19791666666666666 0.30859375 0.2013888888888889 0.287109375 0.21875 0.27734375 0.2326388888888889 0.26171875 0.2326388888888889 0.259765625 0.2361111111111111 0.25 0.2361111111111111 0.24609375 0.2326388888888889
0 0.748046875 0.3958333333333333 0.751953125 0.4027777777777778 0.751953125 0.4097222222222222 0.75390625 0.4131944444444444 0.75390625 0.4201388888888889 0.751953125 0.4236111111111111 0.736328125 0.4236111111111111 0.724609375 0.4097222222222222 0.724609375 0.3993055555555556 0.73046875 0.3923611111111111 0.744140625 0.3923611111111111 0.74609375 0.3958333333333333
0 0.244140625 0.5902777777777778 0.248046875 0.59375 0.251953125 0.6041666666666666 0.24609375 0.625 0.248046875 0.6319444444444444 0.2421875 0.6423611111111112 0.23828125 0.6423611111111112 0.236328125 0.6458333333333334 0.224609375 0.6458333333333334 0.22265625 0.6493055555555556 0.2109375 0.6493055555555556 0.208984375 0.6527777777777778 0.185546875 0.6493055555555556 0.171875 0.6319444444444444 0.171875 0.6076388888888888 0.1796875 0.5972222222222222 0.177734375 0.5833333333333334 0.189453125 0.5694444444444444 0.20703125 0.5694444444444444 0.208984375 0.5729166666666666 0.2265625 0.5763888888888888 0.228515625 0.5798611111111112 0.23828125 0.5833333333333334 0.2421875 0.5902777777777778
0 0.61875 0.3902777777777777 0.041666666666666664 0.02314814814814815
0 0.740234375 0.3402777777777778 0.744140625 0.3368055555555556 0.763671875 0.3368055555555556 0.765625 0.3333333333333333 0.76953125 0.3368055555555556 0.79296875 0.3368055555555556 0.794921875 0.3402777777777778 0.79296875 0.3472222222222222 0.7890625 0.3472222222222222 0.783203125 0.3541666666666667 0.779296875 0.3541666666666667 0.77734375 0.3576388888888889 0.763671875 0.3576388888888889 0.76171875 0.3611111111111111 0.73828125 0.3611111111111111 0.73828125 0.3506944444444444 0.740234375 0.34375
0 0.5744791666666667 0.19444444444444445 0.06354166666666666 0.03333333333333333
0 0.625 0.4479166666666667 0.626953125 0.4409722222222222 0.6328125 0.4375 0.640625 0.4270833333333333 0.65234375 0.4236111111111111 0.654296875 0.4201388888888889 0.662109375 0.4201388888888889 0.6640625 0.4166666666666667 0.677734375 0.4166666666666667 0.6796875 0.4131944444444444 0.693359375 0.4131944444444444 0.693359375 0.4166666666666667 0.673828125 0.4340277777777778 0.66796875 0.4340277777777778 0.666015625 0.4375 0.65625 0.4409722222222222 0.650390625 0.4479166666666667 0.646484375 0.4444444444444444 0.640625 0.4444444444444444 0.630859375 0.4513888888888889 0.626953125 0.4479166666666667
0 0.56640625 0.6076388888888888 0.580078125 0.6076388888888888 0.587890625 0.6145833333333334 0.607421875 0.6388888888888888 0.61328125 0.6423611111111112 0.619140625 0.6527777777777778 0.63671875 0.6736111111111112 0.63671875 0.6770833333333334 0.62890625 0.6805555555555556 0.626953125 0.6770833333333334 0.623046875 0.6770833333333334 0.619140625 0.6701388888888888 0.615234375 0.6701388888888888 0.611328125 0.6631944444444444 0.6015625 0.6597222222222222 0.578125 0.6388888888888888 0.568359375 0.6215277777777778 0.56640625 0.6111111111111112
0 0.625 0.2534722222222222 0.626953125 0.2569444444444444 0.64453125 0.2569444444444444 0.64453125 0.2604166666666667 0.640625 0.2673611111111111 0.625 0.2673611111111111 0.623046875 0.2708333333333333 0.609375 0.2708333333333333 0.607421875 0.2673611111111111 0.607421875 0.2604166666666667 0.6171875 0.2534722222222222 0.623046875 0.2534722222222222
0 0.134765625 0.2708333333333333 0.13671875 0.2743055555555556 0.150390625 0.2777777777777778 0.150390625 0.2847222222222222 0.1484375 0.2881944444444444 0.14453125 0.2881944444444444 0.142578125 0.2847222222222222 0.115234375 0.2847222222222222 0.109375 0.2916666666666667 0.080078125 0.2916666666666667 0.078125 0.2881944444444444 0.0703125 0.2881944444444444 0.06640625 0.28125 0.068359375 0.2743055555555556 0.080078125 0.2708333333333333 0.08203125 0.2673611111111111 0.126953125 0.2673611111111111 0.12890625 0.2708333333333333 0.1328125 0.2708333333333333
0 0.369140625 0.3298611111111111 0.3671875 0.3368055555555556 0.35546875 0.3506944444444444 0.3515625 0.3506944444444444 0.330078125 0.3680555555555556 0.30859375 0.3680555555555556 0.310546875 0.3576388888888889 0.322265625 0.3472222222222222 0.326171875 0.3472222222222222 0.333984375 0.3402777777777778 0.33984375 0.3402777777777778 0.345703125 0.3333333333333333 0.3671875 0.3298611111111111
0 0.36041666666666666 0.3574074074074074 0.029166666666666667 0.024074074074074074
0 0.57421875 0.4131944444444444 0.57421875 0.4270833333333333 0.5703125 0.4305555555555556 0.546875 0.4340277777777778 0.544921875 0.4375 0.5390625 0.4375 0.533203125 0.4305555555555556 0.533203125 0.4201388888888889 0.53515625 0.4166666666666667 0.5625 0.4131944444444444 0.564453125 0.4097222222222222 0.572265625 0.4131944444444444
0 0.19140625 0.3611111111111111 0.193359375 0.3645833333333333 0.19921875 0.3645833333333333 0.19921875 0.3715277777777778 0.1953125 0.375 0.19140625 0.375 0.189453125 0.3784722222222222 0.1796875 0.3784722222222222 0.177734375 0.3819444444444444 0.162109375 0.3819444444444444 0.16015625 0.3854166666666667 0.126953125 0.3854166666666667 0.125 0.3819444444444444 0.115234375 0.3819444444444444 0.11328125 0.3784722222222222 0.109375 0.3784722222222222 0.109375 0.3715277777777778 0.1171875 0.3611111111111111 0.189453125 0.3611111111111111
0 0.234375 0.375 0.224609375 0.3819444444444444 0.212890625 0.3819444444444444 0.201171875 0.3923611111111111 0.19140625 0.40625 0.18359375 0.40625 0.181640625 0.4097222222222222 0.15625 0.4097222222222222 0.15625 0.4027777777777778 0.158203125 0.3993055555555556 0.173828125 0.3854166666666667 0.1875 0.3819444444444444 0.1953125 0.375 0.232421875 0.375
0 0.369140625 0.2569444444444444 0.373046875 0.2638888888888889 0.373046875 0.28125 0.369140625 0.2881944444444444 0.35546875 0.2881944444444444 0.353515625 0.2916666666666667 0.34765625 0.2916666666666667 0.349609375 0.2708333333333333 0.353515625 0.2638888888888889 0.3671875 0.2569444444444444
0 0.23854166666666665 0.31851851851851853 0.08125 0.04074074074074074
0 0.73046875 0.3819444444444444 0.73046875 0.3888888888888889 0.72265625 0.3958333333333333 0.6875 0.3958333333333333 0.681640625 0.3888888888888889 0.693359375 0.3784722222222222 0.7265625 0.3784722222222222 0.728515625 0.3819444444444444
0 0.22161458333333334 0.43472222222222223 0.04739583333333333 0.0287037037037037
0 0.595703125 0.1111111111111111 0.599609375 0.11805555555555555 0.599609375 0.13541666666666666 0.59765625 0.1388888888888889 0.587890625 0.1388888888888889 0.5859375 0.1423611111111111 0.572265625 0.1423611111111111 0.5625 0.13194444444444445 0.56640625 0.125 0.57421875 0.11805555555555555 0.578125 0.11805555555555555 0.583984375 0.1111111111111111 0.59375 0.1111111111111111
0 0.3203125 0.3819444444444444 0.322265625 0.3854166666666667 0.330078125 0.3854166666666667 0.330078125 0.3888888888888889 0.322265625 0.3993055555555556 0.318359375 0.3993055555555556 0.314453125 0.40625 0.298828125 0.40625 0.296875 0.4027777777777778 0.296875 0.3958333333333333 0.302734375 0.3854166666666667 0.318359375 0.3819444444444444
0 0.52734375 0.3125 0.53125 0.3194444444444444 0.53125 0.3298611111111111 0.5234375 0.3368055555555556 0.5078125 0.3333333333333333 0.50390625 0.3263888888888889 0.501953125 0.3159722222222222 0.505859375 0.3159722222222222 0.5078125 0.3125 0.525390625 0.3125
0 0.32421875 0.3125 0.32421875 0.3229166666666667 0.3203125 0.3263888888888889 0.314453125 0.3402777777777778 0.298828125 0.3541666666666667 0.2890625 0.3541666666666667 0.2890625 0.34375 0.298828125 0.3298611111111111 0.310546875 0.3194444444444444 0.322265625 0.3159722222222222
0 0.130859375 0.4444444444444444 0.14453125 0.4340277777777778 0.154296875 0.4340277777777778 0.15625 0.4305555555555556 0.201171875 0.4305555555555556 0.203125 0.4340277777777778 0.197265625 0.4409722222222222 0.1875 0.4409722222222222 0.171875 0.4513888888888889 0.16015625 0.4513888888888889 0.158203125 0.4548611111111111 0.142578125 0.4548611111111111 0.140625 0.4513888888888889 0.1328125 0.4513888888888889 0.130859375 0.4479166666666667
0 0.1953125 0.4027777777777778 0.20703125 0.3923611111111111 0.2109375 0.3854166666666667 0.224609375 0.3854166666666667 0.2265625 0.3819444444444444 0.26171875 0.3819444444444444 0.263671875 0.3784722222222222 0.279296875 0.375 0.275390625 0.3888888888888889 0.255859375 0.3923611111111111 0.236328125 0.40625 0.21484375 0.4097222222222222 0.212890625 0.4131944444444444 0.205078125 0.4131944444444444 0.203125 0.4166666666666667 0.1953125 0.4131944444444444 0.1953125 0.40625
0 0.86328125 0.4270833333333333 0.865234375 0.4305555555555556 0.880859375 0.4305555555555556 0.884765625 0.4375 0.876953125 0.4375 0.875 0.4409722222222222 0.859375 0.4409722222222222 0.849609375 0.4479166666666667 0.814453125 0.4479166666666667 0.8125 0.4444444444444444 0.8046875 0.4444444444444444 0.802734375 0.4409722222222222 0.802734375 0.4340277777777778 0.806640625 0.4305555555555556 0.814453125 0.4305555555555556 0.81640625 0.4270833333333333 0.861328125 0.4270833333333333
0 0.5768229166666666 0.16157407407407406 0.05572916666666666 0.03796296296296296
0 0.9765625 0.4583333333333333 0.99609375 0.4583333333333333 0.998046875 0.4618055555555556 0.998046875 0.4895833333333333 0.9921875 0.4895833333333333 0.98046875 0.4791666666666667 0.9765625 0.4722222222222222 0.9765625 0.4618055555555556
0 0.083984375 0.375 0.083984375 0.3645833333333333 0.095703125 0.3541666666666667 0.1015625 0.3541666666666667 0.109375 0.3472222222222222 0.125 0.34375 0.126953125 0.3402777777777778 0.138671875 0.3402777777777778 0.140625 0.3368055555555556 0.15234375 0.3368055555555556 0.154296875 0.3333333333333333 0.1640625 0.3333333333333333 0.1640625 0.3402777777777778 0.150390625 0.3472222222222222 0.14453125 0.3541666666666667 0.13671875 0.3541666666666667 0.134765625 0.3576388888888889 0.1171875 0.3576388888888889 0.10546875 0.375 0.0859375 0.375
0 0.240234375 0.2361111111111111 0.244140625 0.2326388888888889 0.248046875 0.2361111111111111 0.279296875 0.2361111111111111 0.28125 0.23958333333333334 0.29296875 0.23958333333333334 0.294921875 0.24305555555555555 0.291015625 0.25 0.28125 0.25 0.279296875 0.2534722222222222 0.26953125 0.2534722222222222 0.267578125 0.2569444444444444 0.25 0.2569444444444444 0.248046875 0.2534722222222222 0.23828125 0.2534722222222222 0.236328125 0.25 0.236328125 0.24305555555555555 0.240234375 0.23958333333333334
0 0.140625 0.4340277777777778 0.12890625 0.4479166666666667 0.125 0.4479166666666667 0.103515625 0.4652777777777778 0.091796875 0.4652777777777778 0.087890625 0.4618055555555556 0.0859375 0.4583333333333333 0.0859375 0.4444444444444444 0.08984375 0.4409722222222222 0.099609375 0.4409722222222222 0.1015625 0.4375 0.138671875 0.4340277777777778
0 0.2734375 0.19444444444444445 0.26953125 0.2048611111111111 0.2578125 0.2152777777777778 0.25390625 0.2152777777777778 0.24609375 0.22569444444444445 0.2421875 0.22569444444444445 0.216796875 0.24305555555555555 0.19921875 0.24305555555555555 0.19921875 0.2326388888888889 0.205078125 0.22569444444444445 0.2265625 0.20833333333333334 0.271484375 0.19444444444444445
0 0.572265625 0.3645833333333333 0.576171875 0.3680555555555556 0.572265625 0.375 0.572265625 0.3854166666666667 0.564453125 0.3993055555555556 0.546875 0.3993055555555556 0.54296875 0.3958333333333333 0.54296875 0.3888888888888889 0.560546875 0.3715277777777778 0.5703125 0.3680555555555556
0 0.8046875 0.5069444444444444 0.806640625 0.5104166666666666 0.810546875 0.5069444444444444 0.8125 0.5104166666666666 0.830078125 0.5104166666666666 0.83203125 0.5138888888888888 0.841796875 0.5138888888888888 0.8515625 0.5208333333333334 0.8671875 0.5243055555555556 0.873046875 0.53125 0.888671875 0.5381944444444444 0.888671875 0.5451388888888888 0.88671875 0.5486111111111112 0.876953125 0.5486111111111112 0.875 0.5451388888888888 0.833984375 0.5451388888888888 0.83203125 0.5416666666666666 0.82421875 0.5416666666666666 0.822265625 0.5381944444444444 0.81640625 0.5381944444444444 0.810546875 0.53125 0.8046875 0.53125 0.796875 0.5243055555555556 0.794921875 0.5208333333333334 0.794921875 0.5138888888888888 0.796875 0.5104166666666666 0.802734375 0.5104166666666666
0 0.568359375 0.21180555555555555 0.5703125 0.2152777777777778 0.57421875 0.21180555555555555 0.6015625 0.21180555555555555 0.60546875 0.2152777777777778 0.603515625 0.2222222222222222 0.587890625 0.2326388888888889 0.560546875 0.2326388888888889 0.552734375 0.22569444444444445 0.55078125 0.21875 0.552734375 0.21180555555555555 0.56640625 0.21180555555555555
0 0.4296875 0.3958333333333333 0.4375 0.3958333333333333 0.439453125 0.3923611111111111 0.4453125 0.3923611111111111 0.447265625 0.3958333333333333 0.4453125 0.40625 0.44140625 0.4097222222222222 0.435546875 0.4097222222222222 0.43359375 0.4131944444444444 0.4296875 0.4097222222222222 0.4296875 0.3993055555555556
0 0.52734375 0.3125 0.53125 0.3194444444444444 0.53125 0.3298611111111111 0.521484375 0.3368055555555556 0.509765625 0.3333333333333333 0.501953125 0.3194444444444444 0.501953125 0.3159722222222222 0.505859375 0.3159722222222222 0.5078125 0.3125 0.525390625 0.3125
0 0.54296875 0.3888888888888889 0.560546875 0.3715277777777778 0.572265625 0.3680555555555556 0.5703125 0.3854166666666667 0.56640625 0.3958333333333333 0.5625 0.3958333333333333 0.560546875 0.3993055555555556 0.546875 0.3993055555555556 0.54296875 0.3923611111111111
0 0.134765625 0.2708333333333333 0.142578125 0.2777777777777778 0.150390625 0.2777777777777778 0.150390625 0.2847222222222222 0.1484375 0.2881944444444444 0.142578125 0.2881944444444444 0.140625 0.2847222222222222 0.130859375 0.2847222222222222 0.126953125 0.2881944444444444 0.125 0.2916666666666667 0.130859375 0.3055555555555556 0.130859375 0.3159722222222222 0.12890625 0.3194444444444444 0.123046875 0.3194444444444444 0.109375 0.2916666666666667 0.078125 0.2916666666666667 0.076171875 0.2881944444444444 0.0703125 0.2881944444444444 0.06640625 0.2777777777777778 0.08203125 0.2673611111111111 0.126953125 0.2673611111111111 0.12890625 0.2708333333333333 0.1328125 0.2708333333333333
0 0.287109375 0.6215277777777778 0.326171875 0.625 0.333984375 0.6111111111111112 0.333984375 0.6076388888888888 0.349609375 0.5833333333333334 0.361328125 0.5729166666666666 0.365234375 0.5763888888888888 0.36328125 0.5902777777777778 0.35546875 0.6180555555555556 0.357421875 0.6423611111111112 0.359375 0.6458333333333334 0.359375 0.6527777777777778 0.35546875 0.6597222222222222 0.3515625 0.6597222222222222 0.349609375 0.6631944444444444 0.33203125 0.6597222222222222 0.330078125 0.6631944444444444 0.322265625 0.6631944444444444 0.306640625 0.6736111111111112 0.3046875 0.6701388888888888 0.30078125 0.6701388888888888 0.302734375 0.6631944444444444 0.302734375 0.6493055555555556 0.2890625 0.6319444444444444 0.287109375 0.625
0 0.654296875 0.1875 0.66015625 0.19791666666666666 0.673828125 0.21180555555555555 0.673828125 0.2222222222222222 0.669921875 0.22916666666666666 0.666015625 0.22916666666666666 0.6640625 0.2326388888888889 0.6328125 0.2326388888888889 0.6171875 0.20833333333333334 0.640625 0.1840277777777778 0.650390625 0.1840277777777778 0.65234375 0.1875
0 0.212890625 0.3368055555555556 0.21484375 0.3402777777777778 0.228515625 0.3402777777777778 0.228515625 0.3472222222222222 0.220703125 0.3541666666666667 0.193359375 0.3541666666666667 0.19140625 0.3472222222222222 0.2109375 0.3368055555555556
0 0.353515625 0.4583333333333333 0.365234375 0.4444444444444444 0.375 0.4444444444444444 0.375 0.4583333333333333 0.373046875 0.4618055555555556 0.35546875 0.4618055555555556
0 0.375 0.4027777777777778 0.376953125 0.40625 0.376953125 0.4131944444444444 0.373046875 0.4201388888888889 0.365234375 0.4201388888888889 0.36328125 0.4236111111111111 0.349609375 0.4236111111111111 0.33984375 0.4166666666666667 0.337890625 0.4097222222222222 0.341796875 0.4027777777777778 0.34765625 0.4027777777777778 0.349609375 0.3993055555555556 0.37109375 0.3993055555555556 0.373046875 0.4027777777777778
0 0.998046875 0.34375 0.998046875 0.3576388888888889 0.99609375 0.3611111111111111 0.986328125 0.3680555555555556 0.98046875 0.3680555555555556 0.978515625 0.3715277777777778 0.96875 0.3715277777777778 0.966796875 0.375 0.9375 0.375 0.935546875 0.3680555555555556 0.94140625 0.3611111111111111 0.947265625 0.3611111111111111 0.94921875 0.3576388888888889 0.962890625 0.3541666666666667 0.96484375 0.3506944444444444 0.9921875 0.3472222222222222 0.99609375 0.34375