0 0.599609375 0.5470383275261324 0.61328125 0.5470383275261324 0.61328125 0.6202090592334495 0.603515625 0.6202090592334495 0.603515625 0.6167247386759582 0.599609375 0.6132404181184669 0.599609375 0.5993031358885017 0.595703125 0.5958188153310104 0.595703125 0.5714285714285714 0.599609375 0.5679442508710801 0.599609375 0.5574912891986062 0.595703125 0.554006968641115 0.599609375 0.5505226480836237
0 0.4375 0.686411149825784 0.443359375 0.686411149825784 0.443359375 0.6898954703832753 0.447265625 0.6933797909407665 0.447265625 0.7282229965156795 0.4453125 0.7282229965156795 0.443359375 0.7212543554006968 0.4375 0.7177700348432056 0.4375 0.7142857142857143 0.43359375 0.710801393728223 0.431640625 0.7038327526132404 0.4296875 0.7038327526132404 0.4296875 0.7003484320557491 0.431640625 0.7003484320557491 0.43359375 0.6933797909407665 0.4375 0.6898954703832753
0 0.390625 0 0.3984375 0 0.3984375 0.0313588850174216 0.39453125 0.0313588850174216 0.39453125 0.027874564459930314 0.390625 0.024390243902439025 0.390625 0.003484320557491289
0 0.458984375 0.37630662020905925 0.466796875 0.37630662020905925 0.466796875 0.3832752613240418 0.47265625 0.3902439024390244 0.47265625 0.40069686411149824 0.470703125 0.40418118466898956 0.466796875 0.39372822299651566 0.458984375 0.39372822299651566 0.458984375 0.3797909407665505
0 0.544921875 0.17073170731707318 0.55078125 0.17073170731707318 0.55078125 0.17421602787456447 0.556640625 0.18466898954703834 0.5625 0.18466898954703834 0.57421875 0.20209059233449478 0.578125 0.21602787456445993 0.578125 0.28222996515679444 0.576171875 0.2857142857142857 0.576171875 0.2926829268292683 0.580078125 0.30662020905923343 0.580078125 0.3205574912891986 0.57421875 0.313588850174216 0.560546875 0.313588850174216 0.560546875 0.31010452961672474 0.5625 0.31010452961672474 0.5703125 0.2961672473867596 0.5703125 0.289198606271777 0.568359375 0.28222996515679444 0.55859375 0.2682926829268293 0.55859375 0.2613240418118467 0.5546875 0.2508710801393728 0.5546875 0.24041811846689895 0.55078125 0.23344947735191637 0.54296875 0.22996515679442509 0.546875 0.21602787456445993 0.54296875 0.1986062717770035 0.54296875 0.18118466898954705 0.544921875 0.17421602787456447
0 0.541015625 0.7073170731707317 0.54296875 0.7073170731707317 0.54296875 0.7317073170731707 0.533203125 0.7317073170731707 0.533203125 0.7177700348432056 0.5390625 0.7177700348432056 0.541015625 0.710801393728223
0 0.62890625 0.13240418118466898 0.638671875 0.13240418118466898 0.638671875 0.16376306620209058 0.63671875 0.16376306620209058 0.63671875 0.14982578397212543 0.634765625 0.14634146341463414 0.62890625 0.14634146341463414 0.62890625 0.13588850174216027
0 0.416015625 0.33797909407665505 0.419921875 0.33797909407665505 0.419921875 0.34146341463414637 0.4296875 0.3554006968641115 0.4296875 0.3693379790940767 0.421875 0.36585365853658536 0.419921875 0.3519163763066202 0.416015625 0.34843205574912894 0.416015625 0.34146341463414637
0 0.619140625 0.5923344947735192 0.626953125 0.5923344947735192 0.626953125 0.5958188153310104 0.62890625 0.5993031358885017 0.6328125 0.5993031358885017 0.6328125 0.6062717770034843 0.63671875 0.6097560975609756 0.63671875 0.6655052264808362 0.623046875 0.6655052264808362 0.623046875 0.6585365853658537 0.619140625 0.6550522648083623 0.619140625 0.6062717770034843 0.615234375 0.6027874564459931 0.615234375 0.5993031358885017 0.619140625 0.5958188153310104
0 0.44921875 0.30313588850174217 0.451171875 0.30313588850174217 0.451171875 0.3240418118466899 0.447265625 0.3240418118466899 0.44921875 0.3205574912891986 0.44921875 0.30662020905923343
0 0.587890625 0.5365853658536586 0.59765625 0.5365853658536586 0.59765625 0.5958188153310104 0.59375 0.5993031358885017 0.587890625 0.5993031358885017 0.580078125 0.5923344947735192 0.580078125 0.5609756097560976 0.58203125 0.5609756097560976 0.583984375 0.554006968641115 0.5859375 0.554006968641115 0.587890625 0.5470383275261324 0.591796875 0.5435540069686411 0.587890625 0.5400696864111498
0 0.427734375 0.37630662020905925 0.4296875 0.37630662020905925 0.4296875 0.40069686411149824 0.427734375 0.40069686411149824 0.427734375 0.3902439024390244 0.42578125 0.3867595818815331 0.419921875 0.3867595818815331 0.419921875 0.3832752613240418 0.42578125 0.3832752613240418 0.427734375 0.3797909407665505
0 0.5297222222222222 0.4350909794812234 0.03170138888888889 0.015377468060394889
0 0.470703125 0.07317073170731707 0.474609375 0.07317073170731707 0.482421875 0.08013937282229965 0.484375 0.07665505226480836 0.48828125 0.07665505226480836 0.48828125 0.08013937282229965 0.484375 0.08013937282229965 0.482421875 0.08362369337979095 0.482421875 0.09059233449477352 0.484375 0.09407665505226481 0.482421875 0.11846689895470383 0.478515625 0.12195121951219512 0.470703125 0.13937282229965156 0.466796875 0.13937282229965156 0.46484375 0.14285714285714285 0.455078125 0.14285714285714285 0.451171875 0.13588850174216027 0.451171875 0.11498257839721254 0.44921875 0.11149825783972125 0.44921875 0.10452961672473868 0.45703125 0.10452961672473868 0.458984375 0.0975609756097561 0.46484375 0.08710801393728224 0.46875 0.08710801393728224 0.47265625 0.07665505226480836
0 0.47265625 0.3205574912891986 0.47265625 0.3554006968641115 0.470703125 0.3588850174216028 0.47265625 0.3554006968641115 0.47265625 0.3240418118466899
0 0.54296875 0.686411149825784 0.5546875 0.686411149825784 0.556640625 0.6933797909407665 0.5546875 0.7003484320557491 0.53125 0.7003484320557491 0.525390625 0.7073170731707317 0.51953125 0.7038327526132404 0.51953125 0.7003484320557491 0.525390625 0.6933797909407665 0.541015625 0.6933797909407665 0.54296875 0.6898954703832753
0 0.625 0.5435540069686411 0.638671875 0.5435540069686411 0.638671875 0.6097560975609756 0.63671875 0.6132404181184669 0.634765625 0.6097560975609756 0.634765625 0.6027874564459931 0.62890625 0.5958188153310104 0.630859375 0.5574912891986062 0.625 0.5505226480836237 0.625 0.5470383275261324
0 0.474609375 0.6480836236933798 0.482421875 0.6445993031358885 0.484375 0.6480836236933798 0.484375 0.6550522648083623 0.48828125 0.6585365853658537 0.48828125 0.6724738675958188 0.486328125 0.6724738675958188 0.486328125 0.6655052264808362 0.48046875 0.6585365853658537 0.478515625 0.6515679442508711 0.4765625 0.6515679442508711
0 0.6015625 0 0.609375 0 0.609375 0.04529616724738676 0.607421875 0.04878048780487805 0.60546875 0.04529616724738676 0.60546875 0.03832752613240418 0.6015625 0.03484320557491289 0.6015625 0.020905923344947737 0.599609375 0.017421602787456445 0.595703125 0.017421602787456445 0.595703125 0.010452961672473868 0.599609375 0.010452961672473868 0.6015625 0.003484320557491289
0 0.435546875 0.3554006968641115 0.44140625 0.3554006968641115 0.44140625 0.36585365853658536 0.4453125 0.37282229965156793 0.451171875 0.37630662020905925 0.453125 0.3832752613240418 0.453125 0.39372822299651566 0.447265625 0.3867595818815331 0.439453125 0.3867595818815331 0.439453125 0.37630662020905925 0.435546875 0.37282229965156793 0.435546875 0.3588850174216028
0 0.427734375 0.2961672473867596 0.4375 0.2961672473867596 0.4375 0.32752613240418116 0.43359375 0.3310104529616725 0.435546875 0.3240418118466899 0.43359375 0.3205574912891986 0.427734375 0.3205574912891986 0.427734375 0.29965156794425085
0 0.587890625 0.6027874564459931 0.591796875 0.6027874564459931 0.59375 0.5958188153310104 0.59765625 0.5958188153310104 0.599609375 0.6027874564459931 0.599609375 0.6550522648083623 0.59765625 0.662020905923345 0.591796875 0.6689895470383276 0.578125 0.6689895470383276 0.578125 0.6411149825783972 0.580078125 0.6341463414634146 0.583984375 0.6306620209059234 0.587890625 0.6062717770034843
0 0.458984375 0.2961672473867596 0.4609375 0.2961672473867596 0.4609375 0.30313588850174217 0.462890625 0.30662020905923343 0.462890625 0.32752613240418116 0.4609375 0.3310104529616725 0.458984375 0.32752613240418116 0.455078125 0.32752613240418116 0.455078125 0.30313588850174217 0.458984375 0.29965156794425085
0 0.46484375 0.42160278745644597 0.470703125 0.42160278745644597 0.470703125 0.4250871080139373 0.474609375 0.42857142857142855 0.4765625 0.43902439024390244 0.48046875 0.4425087108013937 0.48046875 0.44947735191637633 0.4765625 0.4529616724738676 0.4765625 0.44947735191637633 0.47265625 0.445993031358885 0.470703125 0.43205574912891986 0.46875 0.42857142857142855 0.46484375 0.42857142857142855 0.46484375 0.4250871080139373
0 0.47265625 0.6585365853658537 0.474609375 0.6585365853658537 0.474609375 0.6724738675958188 0.478515625 0.6759581881533101 0.478515625 0.710801393728223 0.4765625 0.7142857142857143 0.47265625 0.710801393728223 0.47265625 0.7003484320557491 0.46875 0.6968641114982579 0.46875 0.6724738675958188 0.4609375 0.6655052264808362 0.470703125 0.6655052264808362 0.47265625 0.662020905923345
0 0.466796875 0.710801393728223 0.47265625 0.710801393728223 0.474609375 0.7177700348432056 0.48046875 0.7212543554006968 0.48046875 0.7491289198606271 0.4765625 0.7526132404181185 0.474609375 0.7456445993031359 0.470703125 0.7421602787456446 0.470703125 0.7317073170731707 0.466796875 0.7282229965156795 0.466796875 0.7142857142857143
0 0.50390625 0.3205574912891986 0.505859375 0.3205574912891986 0.505859375 0.37282229965156793 0.50390625 0.37282229965156793 0.50390625 0.36585365853658536 0.501953125 0.3623693379790941 0.49609375 0.3623693379790941 0.49609375 0.34146341463414637 0.501953125 0.34146341463414637 0.50390625 0.33797909407665505 0.50390625 0.3240418118466899