0 0.57421875 0.25 0.591796875 0.25 0.59375 0.2534722222222222 0.6015625 0.2534722222222222 0.603515625 0.2569444444444444 0.619140625 0.2604166666666667 0.63671875 0.2743055555555556 0.642578125 0.2743055555555556 0.640625 0.28125 0.59765625 0.2777777777777778 0.595703125 0.2743055555555556 0.58984375 0.2743055555555556 0.576171875 0.2638888888888889 0.572265625 0.2569444444444444 0.57421875 0.2534722222222222
0 0.623046875 0.2986111111111111 0.630859375 0.3055555555555556 0.630859375 0.3159722222222222 0.6171875 0.3159722222222222 0.615234375 0.3194444444444444 0.595703125 0.3159722222222222 0.59375 0.3125 0.58984375 0.3125 0.5859375 0.3020833333333333 0.59375 0.2951388888888889 0.619140625 0.2951388888888889 0.62109375 0.2986111111111111
0 0.779296875 0.3819444444444444 0.779296875 0.3854166666666667 0.763671875 0.3854166666666667 0.76171875 0.3888888888888889 0.748046875 0.3888888888888889 0.74609375 0.3923611111111111 0.724609375 0.3923611111111111 0.71875 0.3854166666666667 0.71875 0.3819444444444444 0.728515625 0.375 0.76171875 0.375 0.76953125 0.3819444444444444 0.77734375 0.3819444444444444
0 0.146484375 0.5694444444444444 0.162109375 0.5694444444444444 0.1640625 0.5729166666666666 0.173828125 0.5763888888888888 0.1796875 0.5868055555555556 0.18359375 0.5868055555555556 0.19140625 0.59375 0.201171875 0.59375 0.203125 0.5972222222222222 0.20703125 0.5972222222222222 0.212890625 0.6076388888888888 0.212890625 0.6111111111111112 0.205078125 0.625 0.201171875 0.625 0.19921875 0.6284722222222222 0.173828125 0.6319444444444444 0.171875 0.6354166666666666 0.154296875 0.6354166666666666 0.150390625 0.6215277777777778 0.15234375 0.6180555555555556 0.15234375 0.6111111111111112 0.146484375 0.59375 0.146484375 0.5868055555555556 0.15234375 0.5763888888888888 0.150390625 0.5729166666666666 0.146484375 0.5729166666666666
0 0.533203125 0.23958333333333334 0.53515625 0.2534722222222222 0.529296875 0.2604166666666667 0.521484375 0.2604166666666667 0.51953125 0.2638888888888889 0.5078125 0.2638888888888889 0.505859375 0.2604166666666667 0.501953125 0.2604166666666667 0.498046875 0.2534722222222222 0.49609375 0.24305555555555555 0.498046875 0.23958333333333334 0.53125 0.23958333333333334
0 0.67578125 0.4097222222222222 0.697265625 0.4097222222222222 0.69921875 0.4131944444444444 0.708984375 0.4131944444444444 0.71875 0.4236111111111111 0.72265625 0.4236111111111111 0.73046875 0.4305555555555556 0.740234375 0.4305555555555556 0.7421875 0.4340277777777778 0.7421875 0.4409722222222222 0.73828125 0.4444444444444444 0.734375 0.4444444444444444 0.732421875 0.4409722222222222 0.7109375 0.4409722222222222 0.708984375 0.4375 0.701171875 0.4375 0.69921875 0.4340277777777778 0.693359375 0.4340277777777778 0.6875 0.4270833333333333 0.68359375 0.4270833333333333 0.67578125 0.4201388888888889 0.67578125 0.4131944444444444
0 0.58984375 0.6527777777777778 0.591796875 0.65625 0.6015625 0.65625 0.60546875 0.6631944444444444 0.603515625 0.6666666666666666 0.599609375 0.6666666666666666 0.59765625 0.6701388888888888 0.5859375 0.6701388888888888 0.583984375 0.6736111111111112 0.576171875 0.6736111111111112 0.57421875 0.6770833333333334 0.564453125 0.6770833333333334 0.5625 0.6805555555555556 0.53125 0.6805555555555556 0.5234375 0.6736111111111112 0.521484375 0.6666666666666666 0.53515625 0.65625 0.544921875 0.65625 0.546875 0.6527777777777778 0.587890625 0.6527777777777778
0 0.123046875 0.24305555555555555 0.125 0.2465277777777778 0.142578125 0.2465277777777778 0.14453125 0.25 0.14453125 0.2569444444444444 0.140625 0.2604166666666667 0.125 0.2604166666666667 0.119140625 0.2673611111111111 0.11328125 0.2673611111111111 0.111328125 0.2708333333333333 0.083984375 0.2708333333333333 0.08203125 0.2673611111111111 0.076171875 0.2673611111111111 0.072265625 0.2569444444444444 0.076171875 0.25 0.080078125 0.25 0.08203125 0.2465277777777778 0.09375 0.2465277777777778 0.095703125 0.24305555555555555 0.12109375 0.24305555555555555
0 0.986328125 0.40625 0.998046875 0.4166666666666667 0.998046875 0.4479166666666667 0.98828125 0.4375 0.984375 0.4375 0.978515625 0.4270833333333333 0.97265625 0.4236111111111111 0.966796875 0.4097222222222222 0.96875 0.4027777777777778 0.982421875 0.4027777777777778 0.984375 0.40625
0 0.560546875 0.40625 0.564453125 0.4027777777777778 0.5859375 0.4027777777777778 0.595703125 0.4097222222222222 0.607421875 0.4097222222222222 0.61328125 0.4166666666666667 0.611328125 0.4236111111111111 0.58203125 0.4236111111111111 0.580078125 0.4201388888888889 0.57421875 0.4201388888888889 0.560546875 0.4097222222222222
0 0.396484375 0.3159722222222222 0.39453125 0.3020833333333333 0.3984375 0.2916666666666667 0.412109375 0.2916666666666667 0.412109375 0.2986111111111111 0.4140625 0.3020833333333333 0.4140625 0.3125 0.412109375 0.3159722222222222 0.40625 0.3159722222222222 0.404296875 0.3194444444444444 0.3984375 0.3159722222222222
0 0.30078125 0.2847222222222222 0.302734375 0.2916666666666667 0.306640625 0.2916666666666667 0.30859375 0.2951388888888889 0.32421875 0.2951388888888889 0.328125 0.3055555555555556 0.326171875 0.3125 0.322265625 0.3159722222222222 0.302734375 0.3159722222222222 0.30078125 0.3125 0.294921875 0.3125 0.29296875 0.3159722222222222 0.287109375 0.3159722222222222 0.27734375 0.3229166666666667 0.265625 0.3229166666666667 0.263671875 0.3263888888888889 0.2578125 0.3263888888888889 0.248046875 0.3333333333333333 0.228515625 0.3333333333333333 0.2265625 0.3263888888888889 0.232421875 0.3159722222222222 0.236328125 0.3159722222222222 0.251953125 0.3020833333333333 0.263671875 0.2986111111111111 0.27734375 0.2881944444444444 0.291015625 0.2881944444444444 0.29296875 0.2847222222222222 0.298828125 0.2847222222222222
0 0.646484375 0.3576388888888889 0.6484375 0.3611111111111111 0.6484375 0.3680555555555556 0.64453125 0.3784722222222222 0.62109375 0.3784722222222222 0.609375 0.3923611111111111 0.568359375 0.3923611111111111 0.56640625 0.3854166666666667 0.5703125 0.3784722222222222 0.578125 0.3715277777777778 0.5859375 0.3715277777777778 0.587890625 0.3680555555555556 0.634765625 0.3645833333333333 0.64453125 0.3576388888888889
0 0.212890625 0.3854166666666667 0.216796875 0.3923611111111111 0.21484375 0.3993055555555556 0.2109375 0.3993055555555556 0.18359375 0.4270833333333333 0.17578125 0.4270833333333333 0.173828125 0.4305555555555556 0.166015625 0.4305555555555556 0.1640625 0.4340277777777778 0.16015625 0.4340277777777778 0.15625 0.4270833333333333 0.1640625 0.4131944444444444 0.16796875 0.4131944444444444 0.177734375 0.4027777777777778 0.189453125 0.3993055555555556 0.19140625 0.3958333333333333 0.201171875 0.3958333333333333 0.2109375 0.3888888888888889
0 0.177734375 0.3055555555555556 0.1796875 0.3090277777777778 0.1796875 0.3159722222222222 0.171875 0.3159722222222222 0.150390625 0.3333333333333333 0.14453125 0.3333333333333333 0.142578125 0.3368055555555556 0.130859375 0.3368055555555556 0.12890625 0.3402777777777778 0.11328125 0.3402777777777778 0.109375 0.3368055555555556 0.107421875 0.3298611111111111 0.1171875 0.3194444444444444 0.12890625 0.3159722222222222 0.130859375 0.3125 0.15234375 0.3090277777777778 0.154296875 0.3055555555555556 0.17578125 0.3055555555555556
0 0.814453125 0.3715277777777778 0.814453125 0.4027777777777778 0.8125 0.3993055555555556 0.806640625 0.3993055555555556 0.78125 0.4201388888888889 0.7734375 0.4201388888888889 0.771484375 0.4236111111111111 0.740234375 0.4236111111111111 0.73046875 0.4166666666666667 0.7265625 0.40625 0.734375 0.3958333333333333 0.748046875 0.3958333333333333 0.75 0.3923611111111111 0.759765625 0.3923611111111111 0.76171875 0.3888888888888889 0.8046875 0.3888888888888889 0.80859375 0.3854166666666667 0.8125 0.375
0 0.2890625 0.3020833333333333 0.296875 0.2951388888888889 0.310546875 0.2951388888888889 0.3125 0.2916666666666667 0.322265625 0.2916666666666667 0.328125 0.3020833333333333 0.328125 0.3125 0.326171875 0.3159722222222222 0.287109375 0.3159722222222222 0.287109375 0.3090277777777778 0.2890625 0.3055555555555556
0 0.544921875 0.18055555555555555 0.546875 0.1840277777777778 0.556640625 0.1840277777777778 0.556640625 0.19444444444444445 0.55078125 0.2013888888888889 0.54296875 0.2013888888888889 0.541015625 0.2048611111111111 0.5234375 0.2048611111111111 0.521484375 0.20833333333333334 0.509765625 0.20833333333333334 0.5078125 0.21180555555555555 0.498046875 0.21180555555555555 0.494140625 0.20833333333333334 0.494140625 0.2013888888888889 0.498046875 0.1909722222222222 0.51171875 0.1875 0.513671875 0.1840277777777778 0.54296875 0.18055555555555555
0 0.154296875 0.2604166666666667 0.158203125 0.2638888888888889 0.158203125 0.2743055555555556 0.14453125 0.2743055555555556 0.134765625 0.2847222222222222 0.1171875 0.2847222222222222 0.11328125 0.28125 0.11328125 0.2708333333333333 0.115234375 0.2673611111111111 0.12890625 0.2638888888888889 0.130859375 0.2604166666666667 0.15234375 0.2604166666666667
0 0.11119791666666666 0.41759259259259257 0.07552083333333333 0.03333333333333333
0 0.650390625 0.4652777777777778 0.65234375 0.46875 0.65234375 0.4756944444444444 0.64453125 0.4861111111111111 0.640625 0.4861111111111111 0.638671875 0.4826388888888889 0.630859375 0.4826388888888889 0.626953125 0.4861111111111111 0.625 0.4826388888888889 0.62109375 0.4826388888888889 0.62109375 0.4791666666666667 0.625 0.4722222222222222 0.630859375 0.4722222222222222 0.6328125 0.46875 0.64453125 0.46875 0.6484375 0.4652777777777778
0 0.94140625 0.4236111111111111 0.94140625 0.4270833333333333 0.9375 0.4305555555555556 0.931640625 0.4305555555555556 0.91796875 0.4409722222222222 0.912109375 0.4409722222222222 0.904296875 0.4479166666666667 0.8984375 0.4479166666666667 0.896484375 0.4513888888888889 0.8828125 0.4548611111111111 0.880859375 0.4583333333333333 0.857421875 0.4583333333333333 0.857421875 0.4513888888888889 0.865234375 0.4409722222222222 0.869140625 0.4409722222222222 0.8828125 0.4305555555555556 0.888671875 0.4305555555555556 0.890625 0.4270833333333333 0.900390625 0.4270833333333333 0.90234375 0.4236111111111111 0.92578125 0.4236111111111111 0.927734375 0.4201388888888889 0.9375 0.4201388888888889 0.939453125 0.4236111111111111
0 0.203125 0.4270833333333333 0.203125 0.4340277777777778 0.19921875 0.4409722222222222 0.185546875 0.4513888888888889 0.1796875 0.4513888888888889 0.177734375 0.4479166666666667 0.177734375 0.4409722222222222 0.18359375 0.4305555555555556 0.1875 0.4270833333333333 0.201171875 0.4270833333333333
0 0.29296875 0.20833333333333334 0.29296875 0.2152777777777778 0.279296875 0.2222222222222222 0.2734375 0.22916666666666666 0.2421875 0.22916666666666666 0.23828125 0.22569444444444445 0.2421875 0.2152777777777778 0.24609375 0.2152777777777778 0.25390625 0.20833333333333334 0.291015625 0.20833333333333334
0 0.2890625 0.21875 0.30078125 0.21875 0.302734375 0.2222222222222222 0.306640625 0.2222222222222222 0.322265625 0.2361111111111111 0.326171875 0.25 0.32421875 0.2569444444444444 0.3203125 0.2534722222222222 0.310546875 0.2534722222222222 0.306640625 0.2465277777777778 0.296875 0.23958333333333334 0.2890625 0.22569444444444445 0.2890625 0.2222222222222222
0 0.9140625 0.4930555555555556 0.912109375 0.5069444444444444 0.888671875 0.5104166666666666 0.876953125 0.5208333333333334 0.861328125 0.5243055555555556 0.859375 0.5277777777777778 0.8515625 0.5277777777777778 0.849609375 0.53125 0.83984375 0.53125 0.837890625 0.5347222222222222 0.802734375 0.5347222222222222 0.802734375 0.5277777777777778 0.814453125 0.5104166666666666 0.830078125 0.5069444444444444 0.83203125 0.5034722222222222 0.84765625 0.5 0.849609375 0.4965277777777778 0.904296875 0.4965277777777778 0.90625 0.4930555555555556 0.912109375 0.4930555555555556
0 0.32421875 0.3611111111111111 0.32421875 0.3680555555555556 0.3203125 0.3715277777777778 0.318359375 0.3784722222222222 0.302734375 0.3888888888888889 0.294921875 0.3854166666666667 0.294921875 0.375 0.296875 0.3715277777777778 0.30859375 0.3611111111111111 0.322265625 0.3611111111111111
0 0.1953125 0.3298611111111111 0.197265625 0.3333333333333333 0.197265625 0.3402777777777778 0.1953125 0.34375 0.1875 0.34375 0.181640625 0.3506944444444444 0.177734375 0.3506944444444444 0.16796875 0.3645833333333333 0.15625 0.3645833333333333 0.154296875 0.3680555555555556 0.146484375 0.3680555555555556 0.14453125 0.3715277777777778 0.126953125 0.3715277777777778 0.125 0.3680555555555556 0.12109375 0.3680555555555556 0.119140625 0.3645833333333333 0.119140625 0.3576388888888889 0.126953125 0.3472222222222222 0.142578125 0.34375 0.14453125 0.3402777777777778 0.15234375 0.3402777777777778 0.154296875 0.3368055555555556 0.162109375 0.3368055555555556 0.1640625 0.3333333333333333 0.185546875 0.3333333333333333 0.1875 0.3298611111111111 0.193359375 0.3298611111111111
0 0.203125 0.3611111111111111 0.2109375 0.3541666666666667 0.228515625 0.3506944444444444 0.23046875 0.3472222222222222 0.271484375 0.3472222222222222 0.271484375 0.3576388888888889 0.263671875 0.3645833333333333 0.2578125 0.3645833333333333 0.248046875 0.3715277777777778 0.240234375 0.3715277777777778 0.23828125 0.375 0.228515625 0.375 0.2265625 0.3784722222222222 0.205078125 0.3784722222222222 0.201171875 0.3715277777777778 0.203125 0.3645833333333333
0 0.27734375 0.1701388888888889 0.279296875 0.1736111111111111 0.291015625 0.1736111111111111 0.298828125 0.1840277777777778 0.294921875 0.1840277777777778 0.29296875 0.1875 0.283203125 0.1875 0.28125 0.1909722222222222 0.271484375 0.1909722222222222 0.26953125 0.19444444444444445 0.26171875 0.19444444444444445 0.259765625 0.19791666666666666 0.236328125 0.19791666666666666 0.234375 0.2013888888888889 0.220703125 0.2013888888888889 0.216796875 0.1875 0.22265625 0.18055555555555555 0.2265625 0.18055555555555555 0.228515625 0.17708333333333334 0.23828125 0.17708333333333334 0.240234375 0.1736111111111111 0.267578125 0.1736111111111111 0.26953125 0.1701388888888889 0.275390625 0.1701388888888889
0 0.064453125 0.3402777777777778 0.068359375 0.34375 0.0703125 0.3506944444444444 0.068359375 0.3576388888888889 0.064453125 0.3611111111111111 0.05078125 0.3611111111111111 0.048828125 0.3576388888888889 0.04296875 0.3576388888888889 0.03125 0.34375 0.033203125 0.3402777777777778 0.0625 0.3402777777777778
0 0.453125 0.2777777777777778 0.46875 0.2777777777777778 0.478515625 0.2847222222222222 0.48046875 0.2916666666666667 0.48046875 0.2986111111111111 0.45703125 0.2986111111111111 0.453125 0.2951388888888889 0.451171875 0.2881944444444444 0.453125 0.28125
0 0.359375 0.5798611111111112 0.359375 0.5833333333333334 0.34765625 0.5833333333333334 0.34375 0.5902777777777778 0.34375 0.5972222222222222 0.33984375 0.6076388888888888 0.33984375 0.6423611111111112 0.341796875 0.6458333333333334 0.341796875 0.6527777777777778 0.33984375 0.65625 0.33984375 0.6631944444444444 0.33203125 0.6770833333333334 0.32421875 0.6770833333333334 0.314453125 0.6944444444444444 0.302734375 0.6944444444444444 0.29296875 0.7013888888888888 0.271484375 0.7013888888888888 0.26953125 0.6979166666666666 0.267578125 0.7013888888888888 0.248046875 0.7013888888888888 0.23828125 0.7152777777777778 0.236328125 0.7118055555555556 0.236328125 0.7013888888888888 0.234375 0.6944444444444444 0.22265625 0.6770833333333334 0.21875 0.6631944444444444 0.23046875 0.6631944444444444 0.232421875 0.6666666666666666 0.236328125 0.6666666666666666 0.240234375 0.6736111111111112 0.24609375 0.6736111111111112 0.25390625 0.6631944444444444 0.259765625 0.6631944444444444 0.267578125 0.65625 0.28515625 0.6180555555555556 0.310546875 0.59375 0.31640625 0.59375 0.318359375 0.5902777777777778 0.322265625 0.5902777777777778 0.330078125 0.5833333333333334 0.337890625 0.5833333333333334 0.33984375 0.5798611111111112 0.357421875 0.5798611111111112
0 0.19921875 0.3715277777777778 0.203125 0.3784722222222222 0.208984375 0.3819444444444444 0.201171875 0.3923611111111111 0.19140625 0.3923611111111111 0.189453125 0.3958333333333333 0.162109375 0.3958333333333333 0.162109375 0.3923611111111111 0.177734375 0.3784722222222222 0.189453125 0.375 0.19140625 0.3715277777777778 0.197265625 0.3715277777777778
0 0.857421875 0.3402777777777778 0.859375 0.34375 0.87109375 0.34375 0.875 0.3472222222222222 0.873046875 0.3541666666666667 0.859375 0.3541666666666667 0.857421875 0.3576388888888889 0.818359375 0.3576388888888889 0.81640625 0.3611111111111111 0.8125 0.3576388888888889 0.802734375 0.3576388888888889 0.80078125 0.3541666666666667 0.787109375 0.3506944444444444 0.78515625 0.3472222222222222 0.78515625 0.3402777777777778 0.791015625 0.3333333333333333 0.83203125 0.3333333333333333 0.833984375 0.3368055555555556 0.85546875 0.3402777777777778