0 0.873046875 0.34375 0.875 0.3472222222222222 0.896484375 0.3506944444444444 0.896484375 0.3576388888888889 0.89453125 0.3611111111111111 0.880859375 0.3611111111111111 0.87890625 0.3645833333333333 0.8671875 0.3645833333333333 0.865234375 0.3680555555555556 0.841796875 0.3680555555555556 0.83984375 0.3645833333333333 0.828125 0.3645833333333333 0.826171875 0.3611111111111111 0.814453125 0.3576388888888889 0.8125 0.3506944444444444 0.822265625 0.34375 0.87109375 0.34375
0 0.59765625 0.2951388888888889 0.6015625 0.2916666666666667 0.607421875 0.2916666666666667 0.609375 0.2951388888888889 0.619140625 0.2986111111111111 0.625 0.3090277777777778 0.626953125 0.3090277777777778 0.638671875 0.3402777777777778 0.63671875 0.3472222222222222 0.630859375 0.3472222222222222 0.60546875 0.3159722222222222 0.59765625 0.3020833333333333 0.59765625 0.2986111111111111
0 0.099609375 0.4965277777777778 0.10546875 0.5034722222222222 0.10546875 0.5104166666666666 0.103515625 0.5138888888888888 0.103515625 0.5243055555555556 0.1015625 0.53125 0.09765625 0.5347222222222222 0.091796875 0.5347222222222222 0.0859375 0.5277777777777778 0.0859375 0.5173611111111112 0.08984375 0.5 0.091796875 0.4965277777777778 0.09765625 0.4965277777777778
0 0.546875 0.2569444444444444 0.548828125 0.2534722222222222 0.548828125 0.2465277777777778 0.552734375 0.23958333333333334 0.564453125 0.2361111111111111 0.56640625 0.2326388888888889 0.572265625 0.2326388888888889 0.57421875 0.22916666666666666 0.5859375 0.22916666666666666 0.595703125 0.2222222222222222 0.599609375 0.22569444444444445 0.59765625 0.2326388888888889 0.587890625 0.23958333333333334 0.58203125 0.23958333333333334 0.568359375 0.2569444444444444 0.564453125 0.2569444444444444 0.55859375 0.2638888888888889 0.552734375 0.2638888888888889 0.548828125 0.2569444444444444
0 0.72265625 0.4652777777777778 0.724609375 0.4618055555555556 0.7421875 0.4618055555555556 0.744140625 0.4652777777777778 0.751953125 0.4652777777777778 0.75390625 0.46875 0.763671875 0.4722222222222222 0.775390625 0.4826388888888889 0.78125 0.4826388888888889 0.783203125 0.4861111111111111 0.78125 0.4895833333333333 0.73828125 0.4895833333333333 0.7265625 0.4756944444444444 0.724609375 0.46875
0 0.599609375 0.6527777777777778 0.6015625 0.6527777777777778 0.59375 0.6631944444444444 0.5859375 0.6631944444444444 0.583984375 0.6666666666666666 0.578125 0.6666666666666666 0.568359375 0.6736111111111112 0.55859375 0.6736111111111112 0.556640625 0.6770833333333334 0.5234375 0.6770833333333334 0.51953125 0.6736111111111112 0.517578125 0.6666666666666666 0.525390625 0.65625 0.529296875 0.65625 0.53125 0.6527777777777778 0.548828125 0.6527777777777778 0.55078125 0.6493055555555556 0.580078125 0.6493055555555556 0.58203125 0.6527777777777778 0.59765625 0.6527777777777778
0 0.60546875 0.2569444444444444 0.607421875 0.2604166666666667 0.6171875 0.2604166666666667 0.619140625 0.2638888888888889 0.625 0.2638888888888889 0.630859375 0.2708333333333333 0.642578125 0.2743055555555556 0.640625 0.2777777777777778 0.640625 0.2881944444444444 0.634765625 0.28125 0.62890625 0.28125 0.626953125 0.2777777777777778 0.62109375 0.2777777777777778 0.619140625 0.28125 0.603515625 0.28125 0.6015625 0.2777777777777778 0.58984375 0.2777777777777778 0.587890625 0.2743055555555556 0.578125 0.2708333333333333 0.57421875 0.2673611111111111 0.572265625 0.2604166666666667 0.57421875 0.2569444444444444 0.58203125 0.2569444444444444 0.583984375 0.2534722222222222 0.587890625 0.2569444444444444 0.603515625 0.2569444444444444
0 0.12109375 0.2361111111111111 0.123046875 0.23958333333333334 0.142578125 0.23958333333333334 0.142578125 0.24305555555555555 0.134765625 0.2534722222222222 0.125 0.2534722222222222 0.1171875 0.2604166666666667 0.08203125 0.2604166666666667 0.080078125 0.2569444444444444 0.076171875 0.2569444444444444 0.072265625 0.25 0.07421875 0.24305555555555555 0.08203125 0.2361111111111111 0.119140625 0.2361111111111111
0 0.26953125 0.625 0.271484375 0.625 0.279296875 0.6111111111111112 0.283203125 0.6111111111111112 0.298828125 0.5972222222222222 0.314453125 0.59375 0.322265625 0.6006944444444444 0.32421875 0.6076388888888888 0.32421875 0.6284722222222222 0.330078125 0.6458333333333334 0.330078125 0.6527777777777778 0.326171875 0.6631944444444444 0.31640625 0.6701388888888888 0.310546875 0.6701388888888888 0.302734375 0.6875 0.287109375 0.6909722222222222 0.283203125 0.6979166666666666 0.27734375 0.6979166666666666 0.275390625 0.7013888888888888 0.24609375 0.7013888888888888 0.244140625 0.7048611111111112 0.240234375 0.7048611111111112 0.23046875 0.7222222222222222 0.23046875 0.7291666666666666 0.224609375 0.7361111111111112 0.22265625 0.7291666666666666 0.224609375 0.7222222222222222 0.22265625 0.7083333333333334 0.2109375 0.6875 0.203125 0.6840277777777778 0.203125 0.6770833333333334 0.20703125 0.6770833333333334 0.208984375 0.6736111111111112 0.23828125 0.6736111111111112 0.24609375 0.6666666666666666 0.2578125 0.6458333333333334 0.265625 0.6527777777777778 0.26953125 0.6527777777777778 0.271484375 0.6493055555555556 0.26953125 0.6284722222222222
0 0.2890625 0.1701388888888889 0.291015625 0.1736111111111111 0.302734375 0.1736111111111111 0.3046875 0.17708333333333334 0.3046875 0.1840277777777778 0.28125 0.1875 0.279296875 0.1909722222222222 0.2578125 0.1909722222222222 0.255859375 0.19444444444444445 0.236328125 0.19444444444444445 0.2265625 0.1840277777777778 0.2265625 0.18055555555555555 0.232421875 0.1736111111111111 0.24609375 0.1701388888888889 0.248046875 0.16666666666666666 0.28515625 0.16666666666666666 0.287109375 0.1701388888888889
0 0.587890625 0.3993055555555556 0.58984375 0.4027777777777778 0.603515625 0.4027777777777778 0.60546875 0.40625 0.61328125 0.40625 0.615234375 0.4097222222222222 0.611328125 0.4166666666666667 0.5859375 0.4166666666666667 0.583984375 0.4201388888888889 0.55859375 0.4201388888888889 0.55078125 0.4131944444444444 0.55078125 0.40625 0.556640625 0.3993055555555556 0.5859375 0.3993055555555556
0 0.966796875 0.3958333333333333 0.984375 0.3958333333333333 0.990234375 0.4027777777777778 0.998046875 0.40625 0.998046875 0.4375 0.994140625 0.4375 0.974609375 0.4201388888888889 0.966796875 0.40625 0.966796875 0.3993055555555556
0 0.640625 0.3576388888888889 0.646484375 0.3645833333333333 0.64453125 0.3715277777777778 0.6328125 0.3715277777777778 0.630859375 0.375 0.625 0.375 0.611328125 0.3854166666666667 0.6015625 0.3854166666666667 0.599609375 0.3888888888888889 0.576171875 0.3888888888888889 0.57421875 0.3854166666666667 0.5703125 0.3854166666666667 0.5703125 0.3784722222222222 0.576171875 0.3715277777777778 0.58984375 0.3680555555555556 0.591796875 0.3645833333333333 0.638671875 0.3611111111111111
0 0.2799479166666667 0.2962962962962963 0.0671875 0.05
0 0.189453125 0.4270833333333333 0.19140625 0.4305555555555556 0.189453125 0.4409722222222222 0.18359375 0.4513888888888889 0.1796875 0.4513888888888889 0.177734375 0.4548611111111111 0.17578125 0.4548611111111111 0.171875 0.4444444444444444 0.177734375 0.4340277777777778 0.177734375 0.4305555555555556 0.181640625 0.4270833333333333 0.1875 0.4270833333333333
0 0.146484375 0.3923611111111111 0.16796875 0.375 0.17578125 0.375 0.177734375 0.3715277777777778 0.19921875 0.3715277777777778 0.201171875 0.375 0.19921875 0.3819444444444444 0.1875 0.3854166666666667 0.1796875 0.3923611111111111 0.16015625 0.3923611111111111 0.158203125 0.3958333333333333 0.1484375 0.3958333333333333
0 0.8359375 0.3680555555555556 0.83203125 0.375 0.830078125 0.3888888888888889 0.82421875 0.3888888888888889 0.822265625 0.3854166666666667 0.8203125 0.3888888888888889 0.80859375 0.3923611111111111 0.783203125 0.4097222222222222 0.765625 0.4131944444444444 0.763671875 0.4166666666666667 0.73828125 0.4166666666666667 0.732421875 0.4097222222222222 0.732421875 0.40625 0.736328125 0.3993055555555556 0.7421875 0.3958333333333333 0.748046875 0.3854166666666667 0.748046875 0.3819444444444444 0.75390625 0.3819444444444444 0.7578125 0.375 0.78515625 0.375 0.787109375 0.3715277777777778 0.798828125 0.3715277777777778 0.80078125 0.375 0.814453125 0.3784722222222222 0.81640625 0.375 0.822265625 0.375 0.828125 0.3680555555555556 0.833984375 0.3680555555555556
0 0.56640625 0.19444444444444445 0.568359375 0.19791666666666666 0.57421875 0.19791666666666666 0.5703125 0.2048611111111111 0.564453125 0.2048611111111111 0.548828125 0.2152777777777778 0.541015625 0.2152777777777778 0.533203125 0.2222222222222222 0.51953125 0.21875 0.509765625 0.21180555555555555 0.509765625 0.2048611111111111 0.51171875 0.2013888888888889 0.51953125 0.19444444444444445 0.564453125 0.19444444444444445
0 0.140625 0.25 0.142578125 0.2534722222222222 0.15234375 0.2534722222222222 0.154296875 0.2569444444444444 0.17578125 0.2569444444444444 0.177734375 0.2604166666666667 0.17578125 0.2673611111111111 0.1640625 0.2673611111111111 0.162109375 0.2708333333333333 0.154296875 0.2708333333333333 0.146484375 0.2777777777777778 0.126953125 0.2777777777777778 0.125 0.2743055555555556 0.119140625 0.2743055555555556 0.1171875 0.2708333333333333 0.1171875 0.2638888888888889 0.123046875 0.2569444444444444 0.138671875 0.2534722222222222
0 0.232421875 0.34375 0.234375 0.3472222222222222 0.248046875 0.3472222222222222 0.25 0.34375 0.27734375 0.34375 0.287109375 0.3333333333333333 0.283203125 0.34375 0.28515625 0.3506944444444444 0.271484375 0.3541666666666667 0.26171875 0.3611111111111111 0.2578125 0.3680555555555556 0.251953125 0.3680555555555556 0.25 0.3715277777777778 0.21484375 0.3715277777777778 0.2109375 0.3680555555555556 0.20703125 0.3576388888888889 0.2109375 0.3472222222222222 0.21484375 0.3472222222222222 0.216796875 0.34375 0.23046875 0.34375
0 0.248046875 0.53125 0.25 0.5381944444444444 0.248046875 0.5416666666666666 0.24609375 0.5868055555555556 0.25390625 0.6145833333333334 0.26953125 0.6388888888888888 0.26953125 0.6458333333333334 0.263671875 0.6458333333333334 0.251953125 0.625 0.23046875 0.6076388888888888 0.22265625 0.6076388888888888 0.216796875 0.6145833333333334 0.2109375 0.6145833333333334 0.208984375 0.6180555555555556 0.203125 0.6180555555555556 0.19921875 0.6215277777777778 0.193359375 0.6284722222222222 0.18359375 0.6493055555555556 0.158203125 0.6493055555555556 0.154296875 0.6423611111111112 0.14453125 0.6423611111111112 0.140625 0.6284722222222222 0.140625 0.6041666666666666 0.142578125 0.6006944444444444 0.142578125 0.59375 0.1484375 0.5798611111111112 0.16015625 0.5694444444444444 0.1875 0.5659722222222222 0.189453125 0.5625 0.201171875 0.5659722222222222 0.203125 0.5694444444444444 0.2109375 0.5694444444444444 0.212890625 0.5729166666666666 0.224609375 0.5729166666666666 0.236328125 0.5625 0.2421875 0.5520833333333334 0.24609375 0.5347222222222222
0 0.4375 0.2847222222222222 0.44140625 0.2847222222222222 0.451171875 0.2743055555555556 0.4609375 0.2743055555555556 0.46484375 0.28125 0.46484375 0.2881944444444444 0.458984375 0.2951388888888889 0.44140625 0.2951388888888889 0.4375 0.2916666666666667 0.4375 0.2881944444444444
0 0.296875 0.1909722222222222 0.298828125 0.19444444444444445 0.302734375 0.19444444444444445 0.302734375 0.2048611111111111 0.291015625 0.2152777777777778 0.28125 0.2152777777777778 0.279296875 0.21875 0.275390625 0.21875 0.26953125 0.22569444444444445 0.24609375 0.21875 0.24609375 0.20833333333333334 0.25 0.2048611111111111 0.265625 0.2013888888888889 0.271484375 0.19444444444444445 0.294921875 0.1909722222222222
0 0.140625 0.3854166666666667 0.142578125 0.3888888888888889 0.140625 0.3958333333333333 0.126953125 0.3993055555555556 0.12109375 0.40625 0.1171875 0.40625 0.111328125 0.4131944444444444 0.107421875 0.4131944444444444 0.099609375 0.4201388888888889 0.07421875 0.4201388888888889 0.072265625 0.4166666666666667 0.072265625 0.4097222222222222 0.07421875 0.40625 0.08203125 0.3993055555555556 0.087890625 0.3993055555555556 0.08984375 0.3958333333333333 0.103515625 0.3923611111111111 0.10546875 0.3888888888888889 0.130859375 0.3888888888888889 0.1328125 0.3854166666666667 0.138671875 0.3854166666666667
0 0.638671875 0.4652777777777778 0.640625 0.46875 0.634765625 0.4826388888888889 0.62109375 0.4826388888888889 0.619140625 0.4861111111111111 0.607421875 0.4861111111111111 0.603515625 0.4791666666666667 0.611328125 0.4652777777777778 0.63671875 0.4652777777777778
0 0.16015625 0.4131944444444444 0.177734375 0.3923611111111111 0.1953125 0.3854166666666667 0.208984375 0.3715277777777778 0.212890625 0.375 0.212890625 0.3819444444444444 0.20703125 0.3854166666666667 0.201171875 0.3958333333333333 0.1953125 0.3993055555555556 0.185546875 0.4131944444444444 0.181640625 0.4131944444444444 0.169921875 0.4236111111111111 0.16015625 0.4236111111111111 0.158203125 0.4201388888888889 0.16015625 0.4166666666666667
0 0.921875 0.4236111111111111 0.923828125 0.4270833333333333 0.93359375 0.4270833333333333 0.935546875 0.4305555555555556 0.935546875 0.4375 0.931640625 0.4375 0.9296875 0.4409722222222222 0.91796875 0.4409722222222222 0.916015625 0.4444444444444444 0.90625 0.4444444444444444 0.904296875 0.4479166666666667 0.880859375 0.4479166666666667 0.87890625 0.4513888888888889 0.8671875 0.4513888888888889 0.86328125 0.4479166666666667 0.86328125 0.4409722222222222 0.873046875 0.4305555555555556 0.884765625 0.4270833333333333 0.88671875 0.4236111111111111 0.919921875 0.4236111111111111
0 0.171875 0.2916666666666667 0.17578125 0.2951388888888889 0.17578125 0.3020833333333333 0.173828125 0.3055555555555556 0.162109375 0.3090277777777778 0.1484375 0.3229166666666667 0.1328125 0.3263888888888889 0.130859375 0.3298611111111111 0.11328125 0.3298611111111111 0.107421875 0.3229166666666667 0.11328125 0.3125 0.1171875 0.3125 0.123046875 0.3055555555555556 0.12890625 0.3055555555555556 0.138671875 0.2986111111111111 0.15234375 0.2986111111111111 0.154296875 0.2951388888888889 0.162109375 0.2951388888888889 0.166015625 0.2986111111111111 0.169921875 0.2951388888888889
0 0.0234375 0.4618055555555556 0.0234375 0.4548611111111111 0.02734375 0.4479166666666667 0.03125 0.4444444444444444 0.037109375 0.4444444444444444 0.05078125 0.4340277777777778 0.056640625 0.4340277777777778 0.05859375 0.4409722222222222 0.0546875 0.4479166666666667 0.05078125 0.4513888888888889 0.044921875 0.4513888888888889 0.03515625 0.4618055555555556 0.025390625 0.4618055555555556
0 0.767578125 0.14930555555555555 0.775390625 0.1701388888888889 0.76953125 0.18055555555555555 0.76171875 0.1875 0.7421875 0.1909722222222222 0.740234375 0.19444444444444445 0.73046875 0.19444444444444445 0.728515625 0.19791666666666666 0.701171875 0.19791666666666666 0.6953125 0.1909722222222222 0.69921875 0.17708333333333334 0.703125 0.1736111111111111 0.708984375 0.1736111111111111 0.71484375 0.16666666666666666 0.720703125 0.16666666666666666 0.740234375 0.14930555555555555 0.748046875 0.14930555555555555 0.75 0.14583333333333334 0.759765625 0.14583333333333334 0.76171875 0.14930555555555555 0.765625 0.14930555555555555
0 0.87890625 0.5 0.880859375 0.5034722222222222 0.888671875 0.5034722222222222 0.890625 0.5069444444444444 0.912109375 0.5069444444444444 0.912109375 0.5243055555555556 0.8984375 0.5173611111111112 0.896484375 0.5208333333333334 0.88671875 0.5208333333333334 0.884765625 0.5243055555555556 0.876953125 0.5243055555555556 0.8671875 0.53125 0.83984375 0.53125 0.837890625 0.5347222222222222 0.82421875 0.5347222222222222 0.822265625 0.5381944444444444 0.810546875 0.5381944444444444 0.8046875 0.53125 0.802734375 0.5208333333333334 0.810546875 0.5104166666666666 0.826171875 0.5069444444444444 0.828125 0.5034722222222222 0.837890625 0.5034722222222222 0.83984375 0.5 0.876953125 0.5
0 0.31640625 0.3541666666666667 0.318359375 0.3576388888888889 0.318359375 0.3645833333333333 0.31640625 0.3715277777777778 0.30859375 0.3819444444444444 0.296875 0.3819444444444444 0.29296875 0.3715277777777778 0.302734375 0.3576388888888889 0.314453125 0.3541666666666667
0 0.1953125 0.3194444444444444 0.197265625 0.3333333333333333 0.19140625 0.3333333333333333 0.189453125 0.3368055555555556 0.177734375 0.3402777777777778 0.166015625 0.3576388888888889 0.166015625 0.3680555555555556 0.1640625 0.3715277777777778 0.158203125 0.3611111111111111 0.126953125 0.3645833333333333 0.115234375 0.3541666666666667 0.119140625 0.3472222222222222 0.123046875 0.3472222222222222 0.12890625 0.3402777777777778 0.134765625 0.3402777777777778 0.14453125 0.3333333333333333 0.15234375 0.3333333333333333 0.154296875 0.3298611111111111 0.166015625 0.3298611111111111 0.16796875 0.3263888888888889 0.185546875 0.3263888888888889 0.193359375 0.3194444444444444
0 0.021484375 0.3402777777777778 0.03125 0.3333333333333333 0.056640625 0.3333333333333333 0.060546875 0.3402777777777778 0.056640625 0.3506944444444444 0.052734375 0.3506944444444444 0.05078125 0.3541666666666667 0.03515625 0.3541666666666667 0.021484375 0.34375
0 0.6015625 0.18055555555555555 0.603515625 0.1840277777777778 0.609375 0.1840277777777778 0.61328125 0.1875 0.6171875 0.19444444444444445 0.626953125 0.2013888888888889 0.626953125 0.2048611111111111 0.609375 0.20833333333333334 0.60546875 0.2152777777777778 0.595703125 0.2222222222222222 0.580078125 0.2222222222222222 0.57421875 0.2152777777777778 0.572265625 0.2048611111111111 0.580078125 0.19444444444444445 0.599609375 0.1840277777777778
0 0.5234375 0.24305555555555555 0.52734375 0.25 0.52734375 0.2743055555555556 0.51953125 0.28125 0.509765625 0.2743055555555556 0.498046875 0.2743055555555556 0.49609375 0.2708333333333333 0.4921875 0.2708333333333333 0.486328125 0.2569444444444444 0.501953125 0.23958333333333334 0.521484375 0.24305555555555555
0 0.04296875 0.2951388888888889 0.04296875 0.3090277777777778 0.041015625 0.3125 0.037109375 0.3159722222222222 0.03125 0.3159722222222222 0.02734375 0.3229166666666667 0.013671875 0.3333333333333333 0.005859375 0.34375 0 0.34375 0 0.3159722222222222 0.0234375 0.3090277777777778 0.041015625 0.2951388888888889