0 0.5859375 0.11149825783972125 0.591796875 0.11149825783972125 0.59375 0.11846689895470383 0.6015625 0.12195121951219512 0.60546875 0.1289198606271777 0.609375 0.1289198606271777 0.623046875 0.14982578397212543 0.623046875 0.2264808362369338 0.611328125 0.2264808362369338 0.619140625 0.21602787456445993 0.619140625 0.20557491289198607 0.61328125 0.1986062717770035 0.609375 0.18815331010452963 0.607421875 0.18815331010452963 0.60546875 0.17770034843205576 0.599609375 0.17073170731707318 0.595703125 0.1602787456445993 0.587890625 0.156794425087108 0.587890625 0.14634146341463414 0.5859375 0.13937282229965156 0.58203125 0.13588850174216027 0.58203125 0.11846689895470383 0.5859375 0.11498257839721254
0 0.646484375 0.6306620209059234 0.65234375 0.6306620209059234 0.65234375 0.6968641114982579 0.630859375 0.6968641114982579 0.630859375 0.6933797909407665 0.626953125 0.6898954703832753 0.626953125 0.6794425087108014 0.62890625 0.6794425087108014 0.630859375 0.6759581881533101 0.630859375 0.6689895470383276 0.6328125 0.6689895470383276 0.634765625 0.662020905923345 0.638671875 0.6585365853658537 0.638671875 0.6515679442508711 0.640625 0.6515679442508711 0.642578125 0.6445993031358885 0.646484375 0.6411149825783972 0.646484375 0.6341463414634146
0 0.59765625 0.9930313588850174 0.6015625 0.9930313588850174 0.603515625 0.9895470383275261 0.603515625 0.9790940766550522 0.60546875 0.9790940766550522 0.60546875 0.9895470383275261 0.609375 0.9930313588850174 0.609375 0.9965156794425087 0.59765625 0.9965156794425087
0 0.529296875 0.43205574912891986 0.5390625 0.43205574912891986 0.5390625 0.43902439024390244 0.541015625 0.4425087108013937 0.544921875 0.4425087108013937 0.544921875 0.44947735191637633 0.546875 0.4529616724738676 0.546875 0.4634146341463415 0.53515625 0.45993031358885017 0.53515625 0.44947735191637633 0.533203125 0.445993031358885 0.529296875 0.445993031358885 0.529296875 0.4355400696864111
0 0.482421875 0.3344947735191638 0.4921875 0.3344947735191638 0.494140625 0.33797909407665505 0.498046875 0.33797909407665505 0.5 0.3519163763066202 0.494140625 0.3519163763066202 0.494140625 0.34843205574912894 0.4921875 0.34494773519163763 0.48828125 0.34494773519163763 0.48828125 0.33797909407665505 0.484375 0.3344947735191638
0 0.669921875 0.9303135888501742 0.6796875 0.9303135888501742 0.681640625 0.9372822299651568 0.681640625 0.9616724738675958 0.669921875 0.9616724738675958 0.669921875 0.9547038327526133 0.66796875 0.9512195121951219 0.6640625 0.9512195121951219 0.6640625 0.9372822299651568 0.66796875 0.9372822299651568 0.669921875 0.9337979094076655
0 0.521484375 0.059233449477351915 0.525390625 0.059233449477351915 0.533203125 0.06620209059233449 0.5390625 0.06620209059233449 0.5390625 0.07317073170731707 0.537109375 0.07665505226480836 0.537109375 0.09059233449477352 0.5390625 0.09407665505226481 0.5390625 0.13588850174216027 0.53515625 0.13937282229965156 0.533203125 0.14634146341463414 0.525390625 0.156794425087108 0.525390625 0.1602787456445993 0.5078125 0.1602787456445993 0.50390625 0.156794425087108 0.50390625 0.1289198606271777 0.501953125 0.1254355400696864 0.501953125 0.11846689895470383 0.5078125 0.11846689895470383 0.51171875 0.11498257839721254 0.513671875 0.11149825783972125 0.515625 0.09407665505226481 0.52734375 0.08013937282229965 0.52734375 0.07317073170731707 0.5234375 0.06968641114982578 0.521484375 0.0627177700348432
0 0.599609375 0.7282229965156795 0.603515625 0.7282229965156795 0.603515625 0.759581881533101 0.599609375 0.759581881533101 0.599609375 0.7491289198606271 0.59765625 0.7456445993031359 0.58984375 0.7456445993031359 0.58984375 0.7386759581881533 0.59765625 0.7386759581881533 0.599609375 0.7317073170731707
0 0.509765625 0.32752613240418116 0.517578125 0.32752613240418116 0.51953125 0.3344947735191638 0.5234375 0.3344947735191638 0.5234375 0.3519163763066202 0.509765625 0.3519163763066202 0.509765625 0.3310104529616725
0 0.501953125 0.710801393728223 0.5078125 0.710801393728223 0.5078125 0.7142857142857143 0.51171875 0.7177700348432056 0.51171875 0.735191637630662 0.505859375 0.735191637630662 0.505859375 0.7317073170731707 0.501953125 0.7282229965156795 0.501953125 0.7142857142857143
0 0.578125 0.4146341463414634 0.58203125 0.4146341463414634 0.58203125 0.42160278745644597 0.583984375 0.4250871080139373 0.587890625 0.4250871080139373 0.58984375 0.42160278745644597 0.58984375 0.4146341463414634 0.603515625 0.4146341463414634 0.603515625 0.4250871080139373 0.5703125 0.4250871080139373 0.576171875 0.4250871080139373 0.578125 0.4181184668989547
0 0.6484375 0.554006968641115 0.658203125 0.554006968641115 0.658203125 0.5644599303135889 0.66015625 0.5679442508710801 0.66015625 0.6132404181184669 0.650390625 0.6202090592334495 0.642578125 0.6202090592334495 0.642578125 0.6167247386759582 0.638671875 0.6132404181184669 0.638671875 0.578397212543554 0.640625 0.578397212543554 0.642578125 0.5714285714285714 0.646484375 0.5679442508710801 0.646484375 0.5609756097560976 0.6484375 0.5574912891986062
0 0.482421875 0.36585365853658536 0.49609375 0.36585365853658536 0.498046875 0.37282229965156793 0.498046875 0.3832752613240418 0.494140625 0.3832752613240418 0.490234375 0.3797909407665505 0.48828125 0.37282229965156793 0.4765625 0.37282229965156793 0.48046875 0.37282229965156793 0.482421875 0.3693379790940767
0 0.509765625 0.3867595818815331 0.513671875 0.3867595818815331 0.513671875 0.40418118466898956 0.509765625 0.40418118466898956 0.509765625 0.3902439024390244
0 0.658203125 0.6202090592334495 0.67578125 0.6202090592334495 0.67578125 0.6376306620209059 0.6796875 0.6411149825783972 0.6796875 0.7003484320557491 0.666015625 0.7003484320557491 0.666015625 0.6933797909407665 0.662109375 0.6898954703832753 0.662109375 0.6341463414634146 0.658203125 0.6306620209059234 0.658203125 0.6236933797909407
0 0.546875 0.7038327526132404 0.5625 0.7038327526132404 0.5625 0.7142857142857143 0.564453125 0.7177700348432056 0.564453125 0.759581881533101 0.564453125 0.7456445993031359 0.5625 0.7421602787456446 0.55859375 0.7421602787456446 0.55859375 0.7177700348432056 0.556640625 0.7142857142857143 0.552734375 0.7142857142857143 0.55078125 0.7073170731707317 0.546875 0.7073170731707317
0 0.6875 0.10104529616724739 0.69921875 0.10104529616724739 0.69921875 0.13937282229965156 0.697265625 0.13937282229965156 0.6953125 0.13240418118466898 0.69140625 0.13240418118466898 0.69140625 0.10801393728222997 0.6875 0.10452961672473868
0 0.501953125 0.7421602787456446 0.517578125 0.7421602787456446 0.51953125 0.7491289198606271 0.51953125 0.7665505226480837 0.5078125 0.7665505226480837 0.505859375 0.759581881533101 0.501953125 0.759581881533101 0.501953125 0.7456445993031359
0 0.35546875 0.9790940766550522 0.369140625 0.9790940766550522 0.369140625 0.9930313588850174 0.36328125 0.9930313588850174 0.361328125 0.9965156794425087 0.35546875 0.9965156794425087 0.35546875 0.9825783972125436
0 0.58203125 0.6724738675958188 0.61328125 0.6724738675958188 0.61328125 0.6829268292682927 0.591796875 0.6829268292682927 0.58984375 0.686411149825784 0.580078125 0.6829268292682927 0.58203125 0.6759581881533101
0 0.599609375 0.6898954703832753 0.603515625 0.6898954703832753 0.603515625 0.7073170731707317 0.58984375 0.7073170731707317 0.58984375 0.6968641114982579 0.59765625 0.6968641114982579 0.599609375 0.6933797909407665
0 0.484375 0.40069686411149824 0.4921875 0.40069686411149824 0.4921875 0.40418118466898956 0.49609375 0.4076655052264808 0.49609375 0.4250871080139373 0.494140625 0.4250871080139373 0.4921875 0.4181184668989547 0.48828125 0.4181184668989547 0.48828125 0.41114982578397213 0.484375 0.4076655052264808 0.484375 0.40418118466898956
0 0.5 0.3797909407665505 0.50390625 0.3797909407665505 0.50390625 0.397212543554007 0.5 0.397212543554007 0.5 0.3832752613240418
0 0.56640625 0.34843205574912894 0.5703125 0.34843205574912894 0.5703125 0.40069686411149824 0.56640625 0.40069686411149824 0.56640625 0.39372822299651566 0.564453125 0.3902439024390244 0.556640625 0.3902439024390244 0.556640625 0.37630662020905925 0.564453125 0.37630662020905925 0.56640625 0.37282229965156793 0.56640625 0.3588850174216028 0.564453125 0.3554006968641115 0.556640625 0.3554006968641115 0.564453125 0.3554006968641115 0.56640625 0.3519163763066202
0 0.541015625 0.7770034843205574 0.552734375 0.7770034843205574 0.552734375 0.8153310104529616 0.544921875 0.8153310104529616 0.544921875 0.8118466898954704 0.541015625 0.8083623693379791 0.541015625 0.794425087108014 0.5390625 0.7909407665505227 0.53515625 0.7909407665505227 0.53515625 0.7839721254355401 0.5390625 0.7839721254355401 0.541015625 0.7804878048780488
0 0.5078125 0.7038327526132404 0.521484375 0.7038327526132404 0.521484375 0.7282229965156795 0.517578125 0.7282229965156795 0.517578125 0.7142857142857143 0.515625 0.710801393728223 0.5078125 0.710801393728223 0.5078125 0.7073170731707317
0 0.68359375 0.9686411149825784 0.685546875 0.9686411149825784 0.685546875 0.975609756097561 0.6875 0.9790940766550522 0.6953125 0.9790940766550522 0.6953125 0.9965156794425087 0.677734375 0.9965156794425087 0.677734375 0.9790940766550522 0.681640625 0.9790940766550522 0.68359375 0.9721254355400697
0 0.525390625 0.3902439024390244 0.529296875 0.3902439024390244 0.537109375 0.397212543554007 0.537109375 0.4146341463414634 0.53515625 0.41114982578397213 0.53125 0.41114982578397213 0.529296875 0.40418118466898956 0.525390625 0.40418118466898956 0.525390625 0.39372822299651566
0 0.625 0.7003484320557491 0.62890625 0.6968641114982579 0.642578125 0.6968641114982579 0.642578125 0.7456445993031359 0.625 0.7491289198606271 0.62890625 0.7456445993031359 0.62890625 0.7386759581881533 0.625 0.735191637630662 0.623046875 0.7282229965156795 0.62109375 0.7282229965156795 0.62109375 0.7073170731707317 0.625 0.7038327526132404
0 0.501953125 0.32752613240418116 0.515625 0.32752613240418116 0.515625 0.33797909407665505 0.501953125 0.33797909407665505 0.501953125 0.3310104529616725
0 0.529296875 0.34494773519163763 0.533203125 0.34494773519163763 0.533203125 0.37630662020905925 0.51953125 0.37630662020905925 0.51953125 0.3519163763066202 0.52734375 0.3519163763066202 0.529296875 0.34843205574912894
0 0.529296875 0.7247386759581882 0.544921875 0.7247386759581882 0.546875 0.7317073170731707 0.544921875 0.735191637630662 0.546875 0.7386759581881533 0.546875 0.7839721254355401 0.541015625 0.7839721254355401 0.5390625 0.7770034843205574 0.53515625 0.7770034843205574 0.53515625 0.7491289198606271 0.5390625 0.7491289198606271 0.541015625 0.7456445993031359 0.541015625 0.7386759581881533 0.5390625 0.735191637630662 0.529296875 0.7317073170731707 0.529296875 0.7282229965156795
0 0.583984375 0.7142857142857143 0.587890625 0.7142857142857143 0.587890625 0.7282229965156795 0.583984375 0.7282229965156795 0.583984375 0.7177700348432056