0 0.31640625 0.10069444444444445 0.3359375 0.11805555555555555 0.349609375 0.125 0.37109375 0.16666666666666666 0.376953125 0.16666666666666666 0.380859375 0.1701388888888889 0.380859375 0.1736111111111111 0.3671875 0.1736111111111111 0.365234375 0.17708333333333334 0.359375 0.17708333333333334 0.353515625 0.1840277777777778 0.341796875 0.1840277777777778 0.333984375 0.17708333333333334 0.328125 0.17708333333333334 0.3203125 0.16319444444444445 0.3203125 0.1597222222222222 0.310546875 0.14583333333333334 0.3046875 0.14930555555555555 0.30078125 0.1597222222222222 0.296875 0.1597222222222222 0.294921875 0.1527777777777778 0.294921875 0.13541666666666666 0.29296875 0.13194444444444445 0.29296875 0.125 0.294921875 0.12152777777777778 0.298828125 0.12152777777777778 0.306640625 0.13194444444444445 0.310546875 0.13194444444444445 0.3203125 0.1111111111111111 0.31640625 0.10416666666666667
0 0.404296875 0 0.453125 0 0.470703125 0.04861111111111111 0.4765625 0.059027777777777776 0.486328125 0.06944444444444445 0.486328125 0.07291666666666667 0.484375 0.07291666666666667 0.474609375 0.0625 0.45703125 0.059027777777777776 0.455078125 0.05555555555555555 0.44921875 0.05555555555555555 0.447265625 0.052083333333333336 0.4375 0.04861111111111111 0.42578125 0.034722222222222224 0.421875 0.034722222222222224 0.416015625 0.027777777777777776 0.404296875 0.006944444444444444 0.404296875 0.003472222222222222
0 0.716796875 0.8472222222222222 0.728515625 0.8680555555555556 0.73046875 0.8923611111111112 0.732421875 0.8958333333333334 0.732421875 0.9097222222222222 0.736328125 0.9270833333333334 0.732421875 0.9340277777777778 0.7265625 0.9305555555555556 0.71484375 0.90625 0.71484375 0.8993055555555556 0.708984375 0.8784722222222222 0.708984375 0.8611111111111112 0.716796875 0.8506944444444444
0 0.69140625 0.1736111111111111 0.72265625 0.17708333333333334 0.73828125 0.1909722222222222 0.7421875 0.1909722222222222 0.75390625 0.2013888888888889 0.763671875 0.2152777777777778 0.76953125 0.21875 0.77734375 0.2326388888888889 0.779296875 0.2326388888888889 0.7890625 0.2569444444444444 0.8125 0.2777777777777778 0.814453125 0.2847222222222222 0.802734375 0.2847222222222222 0.78515625 0.2673611111111111 0.779296875 0.2673611111111111 0.767578125 0.2569444444444444 0.75390625 0.2569444444444444 0.748046875 0.2777777777777778 0.744140625 0.2777777777777778 0.74609375 0.2743055555555556 0.748046875 0.2534722222222222 0.744140625 0.2465277777777778 0.724609375 0.22916666666666666 0.716796875 0.2152777777777778 0.708984375 0.20833333333333334 0.693359375 0.17708333333333334
0 0.359375 0.03819444444444445 0.36328125 0.03819444444444445 0.376953125 0.027777777777777776 0.3828125 0.027777777777777776 0.388671875 0.020833333333333332 0.40234375 0.020833333333333332 0.404296875 0.024305555555555556 0.408203125 0.024305555555555556 0.4140625 0.034722222222222224 0.41796875 0.034722222222222224 0.42578125 0.041666666666666664 0.4296875 0.04861111111111111 0.439453125 0.052083333333333336 0.455078125 0.06597222222222222 0.455078125 0.06944444444444445 0.470703125 0.10069444444444445 0.466796875 0.1111111111111111 0.4296875 0.1076388888888889 0.421875 0.11805555555555555 0.419921875 0.11458333333333333 0.419921875 0.1076388888888889 0.416015625 0.10069444444444445 0.396484375 0.09027777777777778 0.392578125 0.08333333333333333 0.3828125 0.0763888888888889 0.37109375 0.05555555555555555 0.365234375 0.052083333333333336 0.359375 0.04513888888888889 0.359375 0.041666666666666664
0 0.345703125 0 0.453125 0 0.470703125 0.04861111111111111 0.478515625 0.0625 0.486328125 0.06944444444444445 0.484375 0.07291666666666667 0.474609375 0.0625 0.466796875 0.0625 0.46484375 0.059027777777777776 0.45703125 0.059027777777777776 0.455078125 0.05555555555555555 0.44140625 0.052083333333333336 0.41796875 0.03125 0.40625 0.013888888888888888 0.400390625 0.013888888888888888 0.3984375 0.010416666666666666 0.380859375 0.010416666666666666 0.37890625 0.006944444444444444 0.349609375 0.006944444444444444 0.34765625 0.003472222222222222
0 0.689453125 0.9236111111111112 0.69921875 0.9479166666666666 0.69921875 0.9618055555555556 0.701171875 0.9652777777777778 0.701171875 0.9722222222222222 0.69921875 0.9756944444444444 0.69140625 0.9722222222222222 0.685546875 0.9618055555555556 0.685546875 0.9548611111111112 0.68359375 0.9513888888888888 0.68359375 0.9270833333333334 0.6875 0.9236111111111112
0 0.748046875 0.041666666666666664 0.75390625 0.041666666666666664 0.755859375 0.04513888888888889 0.78515625 0.041666666666666664 0.79296875 0.052083333333333336 0.8046875 0.08333333333333333 0.8046875 0.08680555555555555 0.798828125 0.08680555555555555 0.791015625 0.0798611111111111 0.78515625 0.0798611111111111 0.783203125 0.0763888888888889 0.771484375 0.07291666666666667 0.755859375 0.059027777777777776 0.748046875 0.04513888888888889
0 0.439453125 0.1527777777777778 0.44140625 0.14583333333333334 0.4453125 0.14583333333333334 0.45703125 0.13541666666666666 0.490234375 0.07291666666666667 0.501953125 0.0625 0.515625 0.041666666666666664 0.52734375 0.03819444444444445 0.529296875 0.041666666666666664 0.544921875 0.041666666666666664 0.546875 0.04513888888888889 0.548828125 0.041666666666666664 0.5546875 0.041666666666666664 0.560546875 0.034722222222222224 0.564453125 0.03819444444444445 0.564453125 0.04861111111111111 0.560546875 0.04861111111111111 0.55078125 0.06597222222222222 0.544921875 0.08680555555555555 0.537109375 0.10069444444444445 0.53125 0.10416666666666667 0.525390625 0.11458333333333333 0.49609375 0.13541666666666666 0.470703125 0.13541666666666666 0.46875 0.1388888888888889 0.44140625 0.1527777777777778
0 0.267578125 0 0.326171875 0 0.32421875 0.006944444444444444 0.291015625 0.006944444444444444 0.27734375 0.017361111111111112 0.271484375 0.017361111111111112 0.267578125 0.003472222222222222
0 0.8828125 0.11805555555555555 0.884765625 0.11805555555555555 0.94140625 0.2222222222222222 0.958984375 0.28125 0.97265625 0.3055555555555556 0.974609375 0.3055555555555556 0.9765625 0.3125 0.982421875 0.3194444444444444 0.986328125 0.3194444444444444 0.994140625 0.3298611111111111 0.9921875 0.3333333333333333 0.984375 0.3333333333333333 0.97265625 0.3159722222222222 0.95703125 0.3020833333333333 0.921875 0.2847222222222222 0.90625 0.2708333333333333 0.888671875 0.24305555555555555 0.88671875 0.24305555555555555 0.873046875 0.21875 0.873046875 0.2152777777777778 0.8671875 0.2048611111111111 0.86328125 0.1875 0.859375 0.18055555555555555 0.85546875 0.16319444444444445 0.84765625 0.14930555555555555 0.83984375 0.14583333333333334 0.83984375 0.13194444444444445 0.84375 0.125 0.84765625 0.125 0.857421875 0.1388888888888889 0.87109375 0.1388888888888889 0.875 0.13541666666666666 0.888671875 0.14583333333333334 0.890625 0.1423611111111111 0.890625 0.13541666666666666 0.8828125 0.12152777777777778
0 0.732421875 0.9375 0.740234375 0.9479166666666666 0.751953125 0.9791666666666666 0.751953125 0.9930555555555556 0.75 0.9965277777777778 0.73828125 0.9965277777777778 0.73046875 0.9895833333333334 0.716796875 0.9652777777777778 0.712890625 0.9513888888888888 0.712890625 0.9409722222222222 0.72265625 0.9340277777777778 0.73046875 0.9375
0 0 0 0.03125 0 0.037109375 0.010416666666666666 0.04296875 0.03125 0.05078125 0.04513888888888889 0.05078125 0.04861111111111111 0.060546875 0.06597222222222222 0.06640625 0.06944444444444445 0.0703125 0.0763888888888889 0.064453125 0.0763888888888889 0.0546875 0.06597222222222222 0.041015625 0.0625 0.0390625 0.059027777777777776 0.029296875 0.05555555555555555 0.017578125 0.04513888888888889 0.009765625 0.03125 0 0.020833333333333332 0 0.003472222222222222
0 0.431640625 0.9409722222222222 0.435546875 0.9513888888888888 0.443359375 0.9375 0.4453125 0.9375 0.447265625 0.9444444444444444 0.447265625 0.9722222222222222 0.44921875 0.9756944444444444 0.44921875 0.9895833333333334 0.451171875 0.9930555555555556 0.451171875 0.9965277777777778 0.427734375 0.9965277777777778 0.4296875 0.9756944444444444 0.43359375 0.9618055555555556 0.43359375 0.9513888888888888 0.431640625 0.9444444444444444