0 0.72265625 0.8048780487804879 0.72265625 0.8153310104529616 0.720703125 0.818815331010453 0.72265625 0.8397212543554007 0.71875 0.8466898954703833 0.71484375 0.8466898954703833 0.7109375 0.8327526132404182 0.70703125 0.8292682926829268 0.70703125 0.8222996515679443 0.708984375 0.8222996515679443 0.712890625 0.8118466898954704 0.720703125 0.8048780487804879
0 0.7454873646209387 0.3901768156412869 0.01880029708182912 0.05474282695379817
0 0.43359375 0.0975609756097561 0.435546875 0.0975609756097561 0.4375 0.10452961672473868 0.435546875 0.11149825783972125 0.431640625 0.11149825783972125 0.43359375 0.10801393728222997 0.43359375 0.10104529616724739
0 0.572265625 0 0.58203125 0 0.583984375 0.003484320557491289 0.583984375 0.010452961672473868 0.58203125 0.013937282229965157 0.568359375 0.010452961672473868 0.568359375 0.006968641114982578 0.572265625 0.003484320557491289
0 0.404296875 0.3693379790940767 0.4140625 0.37282229965156793 0.41796875 0.3797909407665505 0.421875 0.3797909407665505 0.423828125 0.3832752613240418 0.431640625 0.37282229965156793 0.435546875 0.37282229965156793 0.44140625 0.36585365853658536 0.458984375 0.36585365853658536 0.46875 0.37282229965156793 0.47265625 0.3867595818815331 0.466796875 0.397212543554007 0.458984375 0.40418118466898956 0.455078125 0.40418118466898956 0.447265625 0.397212543554007 0.431640625 0.397212543554007 0.42578125 0.3902439024390244 0.421875 0.397212543554007 0.421875 0.40418118466898956 0.416015625 0.41114982578397213 0.4140625 0.41114982578397213 0.41796875 0.40418118466898956 0.41796875 0.3902439024390244 0.408203125 0.37282229965156793 0.40625 0.37282229965156793
0 0.71484375 0.22996515679442509 0.71875 0.23693379790940766 0.71875 0.24738675958188153 0.7109375 0.2613240418118467 0.7109375 0.26480836236933797 0.70703125 0.2682926829268293 0.6953125 0.2682926829268293 0.693359375 0.26480836236933797 0.689453125 0.27177700348432055 0.6875 0.2682926829268293 0.6875 0.2613240418118467 0.681640625 0.25435540069686413 0.689453125 0.2508710801393728 0.69921875 0.22996515679442509 0.712890625 0.22996515679442509
0 0.40625 0.6515679442508711 0.41015625 0.6585365853658537 0.41015625 0.6655052264808362 0.408203125 0.6689895470383276 0.3984375 0.6689895470383276 0.39453125 0.6585365853658537 0.404296875 0.6550522648083623
0 0.662109375 0.9198606271777003 0.673828125 0.9198606271777003 0.67578125 0.926829268292683 0.6796875 0.926829268292683 0.685546875 0.9372822299651568 0.6875 0.9372822299651568 0.693359375 0.9512195121951219 0.705078125 0.9651567944250871 0.705078125 0.975609756097561 0.701171875 0.9895470383275261 0.697265625 0.9895470383275261 0.6953125 0.9860627177700348 0.685546875 0.9860627177700348 0.68359375 0.9825783972125436 0.669921875 0.9825783972125436 0.6640625 0.975609756097561 0.6484375 0.9442508710801394 0.646484375 0.9442508710801394 0.6484375 0.9442508710801394 0.65234375 0.9337979094076655 0.662109375 0.9233449477351916
0 0.599609375 0.03484320557491289 0.603515625 0.03484320557491289 0.60546875 0.0313588850174216 0.611328125 0.0313588850174216 0.61328125 0.03484320557491289 0.63671875 0.03484320557491289 0.64453125 0.041811846689895474 0.64453125 0.05226480836236934 0.642578125 0.05574912891986063 0.62890625 0.05574912891986063 0.625 0.04878048780487805 0.619140625 0.04878048780487805 0.6171875 0.04529616724738676 0.60546875 0.04529616724738676 0.599609375 0.03832752613240418
0 0.623046875 0.5156794425087108 0.623046875 0.5226480836236934 0.62890625 0.5365853658536586 0.626953125 0.5331010452961672 0.623046875 0.5365853658536586 0.619140625 0.5470383275261324 0.60546875 0.5505226480836237 0.599609375 0.5365853658536586 0.599609375 0.5226480836236934 0.603515625 0.5261324041811847 0.619140625 0.5261324041811847 0.623046875 0.519163763066202
0 0.623046875 0.8362369337979094 0.626953125 0.8327526132404182 0.630859375 0.8362369337979094 0.630859375 0.8571428571428571 0.626953125 0.8641114982578397 0.619140625 0.8641114982578397 0.623046875 0.8397212543554007
0 0.5546875 0.3588850174216028 0.556640625 0.3588850174216028 0.560546875 0.37282229965156793 0.56640625 0.3832752613240418 0.568359375 0.3797909407665505 0.5703125 0.3832752613240418 0.5703125 0.3902439024390244 0.568359375 0.39372822299651566 0.560546875 0.39372822299651566 0.560546875 0.3902439024390244 0.552734375 0.3797909407665505 0.552734375 0.3693379790940767 0.5546875 0.3623693379790941
0 0.654296875 0.6236933797909407 0.662109375 0.6236933797909407 0.669921875 0.6306620209059234 0.68359375 0.6306620209059234 0.681640625 0.6445993031358885 0.68359375 0.6480836236933798 0.6875 0.6480836236933798 0.6875 0.6550522648083623 0.693359375 0.6655052264808362 0.68359375 0.6794425087108014 0.6640625 0.6794425087108014 0.66015625 0.686411149825784 0.6484375 0.6898954703832753 0.65234375 0.6724738675958188 0.65234375 0.6445993031358885 0.654296875 0.6411149825783972 0.654296875 0.627177700348432
0 0.5234375 0.04878048780487805 0.5234375 0.041811846689895474 0.52734375 0.03484320557491289 0.5390625 0.03832752613240418 0.5390625 0.04878048780487805 0.525390625 0.04878048780487805
0 0.75390625 0.21951219512195122 0.75390625 0.23344947735191637 0.74609375 0.22996515679442509 0.751953125 0.2229965156794425
0 0.38671875 0.43902439024390244 0.392578125 0.43902439024390244 0.396484375 0.4529616724738676 0.404296875 0.4564459930313589 0.404296875 0.4634146341463415 0.396484375 0.47038327526132406 0.392578125 0.45993031358885017 0.38671875 0.4564459930313589 0.38671875 0.4425087108013937
0 0.591796875 0.23344947735191637 0.59375 0.2682926829268293 0.58984375 0.2682926829268293 0.5859375 0.25435540069686413 0.5859375 0.24390243902439024 0.587890625 0.23693379790940766 0.58984375 0.23693379790940766
0 0.4296875 0.40069686411149824 0.44921875 0.40069686411149824 0.45703125 0.4076655052264808 0.455078125 0.4146341463414634 0.447265625 0.4146341463414634 0.4453125 0.4181184668989547 0.4296875 0.4181184668989547 0.4296875 0.4146341463414634 0.42578125 0.41114982578397213 0.42578125 0.4076655052264808 0.4296875 0.40418118466898956
0 0.54296875 0.30313588850174217 0.544921875 0.30313588850174217 0.544921875 0.3310104529616725 0.54296875 0.3344947735191638 0.5390625 0.3344947735191638 0.537109375 0.32752613240418116 0.537109375 0.3205574912891986 0.541015625 0.3170731707317073 0.54296875 0.30662020905923343
0 0.40234375 0.2578397212543554 0.40625 0.2578397212543554 0.41015625 0.27177700348432055 0.41796875 0.28222996515679444 0.421875 0.2857142857142857 0.4375 0.289198606271777 0.4375 0.29965156794425085 0.435546875 0.30313588850174217 0.427734375 0.30313588850174217 0.42578125 0.30662020905923343 0.40234375 0.30662020905923343 0.400390625 0.30313588850174217 0.396484375 0.30313588850174217 0.39453125 0.30662020905923343 0.390625 0.30662020905923343 0.38671875 0.30313588850174217 0.38671875 0.28222996515679444 0.392578125 0.2787456445993031 0.3984375 0.2682926829268293 0.3984375 0.26480836236933797 0.40234375 0.2613240418118467
0 0.568359375 0.04878048780487805 0.572265625 0.04878048780487805 0.57421875 0.05574912891986063 0.572265625 0.0627177700348432 0.568359375 0.06620209059233449 0.560546875 0.0627177700348432 0.568359375 0.05226480836236934
0 0.6640625 0 0.70703125 0 0.70703125 0.0313588850174216 0.705078125 0.03832752613240418 0.69140625 0.03832752613240418 0.689453125 0.041811846689895474 0.673828125 0.041811846689895474 0.671875 0.03832752613240418 0.66796875 0.03832752613240418 0.6640625 0.020905923344947737 0.6640625 0.003484320557491289
0 0.689453125 0.6655052264808362 0.693359375 0.6655052264808362 0.6953125 0.662020905923345 0.716796875 0.662020905923345 0.71875 0.6655052264808362 0.73046875 0.6655052264808362 0.732421875 0.6689895470383276 0.7421875 0.6689895470383276 0.744140625 0.6724738675958188 0.751953125 0.6724738675958188 0.75390625 0.6759581881533101 0.75390625 0.7909407665505227 0.75 0.794425087108014 0.7421875 0.7700348432055749 0.7421875 0.7630662020905923 0.740234375 0.759581881533101 0.740234375 0.7421602787456446 0.73046875 0.7282229965156795 0.716796875 0.7212543554006968 0.7109375 0.710801393728223 0.69921875 0.7003484320557491 0.685546875 0.6794425087108014 0.68359375 0.6794425087108014 0.68359375 0.6759581881533101 0.689453125 0.6689895470383276
0 0.75390625 0.4355400696864111 0.75390625 0.47038327526132406 0.7421875 0.46689895470383275 0.740234375 0.4634146341463415 0.734375 0.4634146341463415 0.732421875 0.45993031358885017 0.732421875 0.4529616724738676 0.73828125 0.4425087108013937 0.74609375 0.4355400696864111 0.751953125 0.4355400696864111
0 0.474609375 0.6724738675958188 0.478515625 0.6689895470383276 0.48828125 0.6689895470383276 0.490234375 0.6724738675958188 0.494140625 0.6724738675958188 0.498046875 0.6794425087108014 0.505859375 0.6724738675958188 0.50390625 0.6759581881533101 0.50390625 0.686411149825784 0.505859375 0.6933797909407665 0.498046875 0.6933797909407665 0.49609375 0.6968641114982579 0.48828125 0.6968641114982579 0.486328125 0.7003484320557491 0.46875 0.6968641114982579 0.46875 0.686411149825784 0.474609375 0.6759581881533101
0 0.744140625 0.2264808362369338 0.751953125 0.23344947735191637 0.751953125 0.25435540069686413 0.75 0.2578397212543554 0.75 0.26480836236933797 0.74609375 0.27177700348432055 0.740234375 0.27177700348432055 0.7421875 0.2682926829268293 0.7421875 0.2613240418118467 0.736328125 0.23344947735191637 0.732421875 0.22996515679442509 0.736328125 0.2264808362369338 0.7421875 0.2264808362369338