0 0.5851272015655578 0.09059233449477352 0.5851272015655578 0.0975609756097561 0.5792563600782779 0.0975609756097561 0.5772994129158513 0.10104529616724739 0.5675146771037182 0.0975609756097561 0.5675146771037182 0.08013937282229965 0.5753424657534246 0.08013937282229965 0.5772994129158513 0.08710801393728224 0.5812133072407045 0.08710801393728224 0.5831702544031311 0.09059233449477352
0 0.5401174168297456 0.06620209059233449 0.5440313111545988 0.06620209059233449 0.5459882583170255 0.059233449477351915 0.5499021526418787 0.059233449477351915 0.5518590998043053 0.06620209059233449 0.5577299412915852 0.06620209059233449 0.5616438356164384 0.06968641114982578 0.5616438356164384 0.09059233449477352 0.5577299412915852 0.09407665505226481 0.5538160469667319 0.09059233449477352 0.547945205479452 0.09059233449477352 0.5420743639921722 0.08362369337979095 0.5401174168297456 0.06968641114982578
0 0.6575342465753424 0.8501742160278746 0.6614481409001957 0.8501742160278746 0.6614481409001957 0.8885017421602788 0.6477495107632094 0.8885017421602788 0.6438356164383562 0.8850174216027874 0.6418786692759295 0.8780487804878049 0.639921722113503 0.8780487804878049 0.639921722113503 0.8710801393728222 0.6575342465753424 0.8536585365853658
0 0.6966731898238747 0.4250871080139373 0.7103718199608611 0.4250871080139373 0.7103718199608611 0.4912891986062718 0.7025440313111546 0.4808362369337979 0.6966731898238747 0.4808362369337979 0.6947162426614482 0.47735191637630664 0.6908023483365949 0.47735191637630664 0.6868884540117417 0.47038327526132406 0.6810176125244618 0.47038327526132406 0.6810176125244618 0.44947735191637633 0.6868884540117417 0.445993031358885 0.6888454011741683 0.43902439024390244 0.6966731898238747 0.42857142857142855
0 0.5518590998043053 0.5714285714285714 0.5655577299412916 0.5714285714285714 0.5655577299412916 0.5888501742160279 0.5440313111545988 0.5888501742160279 0.5440313111545988 0.578397212543554 0.5499021526418787 0.578397212543554 0.5518590998043053 0.5749128919860628
0 0.41487279843444225 0.03832752613240418 0.41682974559686886 0.04529616724738676 0.42857142857142855 0.04529616724738676 0.4324853228962818 0.05226480836236934 0.436399217221135 0.05226480836236934 0.436399217221135 0.05574912891986063 0.43052837573385516 0.05574912891986063 0.42857142857142855 0.059233449477351915 0.4070450097847358 0.05574912891986063 0.4070450097847358 0.04878048780487805 0.41487279843444225 0.041811846689895474
0 0.6281800391389433 0.3623693379790941 0.6379647749510763 0.3623693379790941 0.639921722113503 0.3693379790940767 0.639921722113503 0.3832752613240418 0.62426614481409 0.4076655052264808 0.6223091976516634 0.4250871080139373 0.6125244618395304 0.4181184668989547 0.6066536203522505 0.4250871080139373 0.598825831702544 0.42857142857142855 0.5929549902152642 0.43902439024390244 0.5929549902152642 0.4425087108013937 0.5792563600782779 0.4425087108013937 0.5753424657534246 0.43205574912891986 0.5694716242661448 0.42160278745644597 0.5675146771037182 0.42160278745644597 0.5675146771037182 0.4181184668989547 0.5714285714285714 0.4181184668989547 0.5733855185909981 0.42160278745644597 0.5772994129158513 0.4146341463414634 0.5772994129158513 0.39372822299651566 0.5792563600782779 0.3902439024390244 0.5772994129158513 0.3867595818815331 0.5733855185909981 0.3902439024390244 0.5714285714285714 0.3867595818815331 0.5675146771037182 0.3867595818815331 0.5675146771037182 0.3832752613240418 0.5714285714285714 0.3832752613240418 0.5733855185909981 0.3797909407665505 0.5929549902152642 0.3832752613240418 0.5968688845401174 0.37630662020905925 0.6066536203522505 0.37630662020905925 0.6086105675146771 0.37282229965156793 0.6262230919765166 0.3693379790940767 0.6281800391389433 0.36585365853658536
0 0.6007827788649707 0.8466898954703833 0.6027397260273972 0.8466898954703833 0.6027397260273972 0.8710801393728222 0.6007827788649707 0.8780487804878049 0.589041095890411 0.8954703832752613 0.5851272015655578 0.8989547038327527 0.5753424657534246 0.8989547038327527 0.5733855185909981 0.9024390243902439 0.5616438356164384 0.8989547038327527 0.5616438356164384 0.89198606271777 0.5636007827788649 0.89198606271777 0.5694716242661448 0.8780487804878049 0.5792563600782779 0.8710801393728222 0.589041095890411 0.8710801393728222 0.5929549902152642 0.867595818815331 0.5968688845401174 0.8571428571428571 0.6007827788649707 0.8536585365853658 0.6007827788649707 0.8501742160278746
0 0.6457925636007827 0.0313588850174216 0.6575342465753424 0.0313588850174216 0.6575342465753424 0.04878048780487805 0.639921722113503 0.04878048780487805 0.639921722113503 0.03832752613240418 0.6438356164383562 0.03832752613240418 0.6457925636007827 0.03484320557491289
0 0.3913894324853229 0.11498257839721254 0.40117416829745595 0.11498257839721254 0.40313111545988256 0.12195121951219512 0.4090019569471624 0.12195121951219512 0.4090019569471624 0.13240418118466898 0.38747553816046965 0.13240418118466898 0.38747553816046965 0.12195121951219512 0.3913894324853229 0.11846689895470383
0 0.38551859099804303 0.03832752613240418 0.39921722113502933 0.041811846689895474 0.39921722113502933 0.04878048780487805 0.3933463796477495 0.04878048780487805 0.3913894324853229 0.05226480836236934 0.38551859099804303 0.05226480836236934 0.3816046966731898 0.04878048780487805 0.3816046966731898 0.04529616724738676 0.38551859099804303 0.041811846689895474
0 0.4383561643835616 0.027874564459930314 0.44227005870841485 0.024390243902439025 0.45596868884540115 0.024390243902439025 0.4598825831702544 0.027874564459930314 0.4598825831702544 0.03484320557491289 0.4520547945205479 0.041811846689895474 0.4461839530332681 0.03484320557491289 0.4383561643835616 0.0313588850174216
0 0.5929549902152642 0.6689895470383276 0.598825831702544 0.6689895470383276 0.598825831702544 0.6724738675958188 0.6046966731898239 0.6794425087108014 0.6164383561643836 0.6794425087108014 0.6203522504892368 0.6829268292682927 0.6203522504892368 0.6968641114982579 0.6223091976516634 0.7003484320557491 0.6262230919765166 0.7003484320557491 0.6262230919765166 0.7073170731707317 0.6320939334637965 0.7142857142857143 0.6575342465753424 0.7142857142857143 0.6594911937377691 0.7177700348432056 0.6790606653620352 0.7212543554006968 0.6810176125244618 0.7247386759581882 0.6966731898238747 0.7247386759581882 0.7025440313111546 0.7317073170731707 0.7103718199608611 0.735191637630662 0.7103718199608611 0.8466898954703833 0.6908023483365949 0.8466898954703833 0.6868884540117417 0.8432055749128919 0.6829745596868885 0.8327526132404182 0.6829745596868885 0.8257839721254355 0.6810176125244618 0.8222996515679443 0.6810176125244618 0.7979094076655052 0.6731898238747553 0.7839721254355401 0.6692759295499021 0.7839721254355401 0.6594911937377691 0.7735191637630662 0.6555772994129159 0.7735191637630662 0.649706457925636 0.7665505226480837 0.6438356164383562 0.7526132404181185 0.6379647749510763 0.7491289198606271 0.6320939334637965 0.7386759581881533 0.6281800391389433 0.7386759581881533 0.6223091976516634 0.7282229965156795 0.6183953033268101 0.7282229965156795 0.6164383561643836 0.7317073170731707 0.6125244618395304 0.7282229965156795 0.598825831702544 0.7282229965156795 0.5949119373776908 0.735191637630662 0.5870841487279843 0.7386759581881533 0.5870841487279843 0.7038327526132404 0.5909980430528375 0.7003484320557491 0.5929549902152642 0.6724738675958188
0 0.5362035225048923 0.40418118466898956 0.5499021526418787 0.40069686411149824 0.5499021526418787 0.4250871080139373 0.5459882583170255 0.4250871080139373 0.5440313111545988 0.42857142857142855 0.5362035225048923 0.4250871080139373 0.5362035225048923 0.4076655052264808
0 0.5205479452054794 0.6411149825783972 0.5205479452054794 0.6445993031358885 0.5244618395303327 0.6480836236933798 0.5264187866927593 0.6550522648083623 0.5459882583170255 0.6550522648083623 0.547945205479452 0.6585365853658537 0.5557729941291585 0.6585365853658537 0.5577299412915852 0.6550522648083623 0.5577299412915852 0.6689895470383276 0.5499021526418787 0.6724738675958188 0.5440313111545988 0.6794425087108014 0.5264187866927593 0.6794425087108014 0.5244618395303327 0.6829268292682927 0.5146771037181996 0.6829268292682927 0.512720156555773 0.6794425087108014 0.5048923679060665 0.6794425087108014 0.5068493150684932 0.6794425087108014 0.5107632093933464 0.6689895470383276 0.5185909980430529 0.6585365853658537 0.5205479452054794 0.6445993031358885
0 0.40313111545988256 0 0.42857142857142855 0 0.42857142857142855 0.003484320557491289 0.4187866927592955 0.003484320557491289 0.41682974559686886 0.006968641114982578 0.40313111545988256 0.003484320557491289
0 0.4383561643835616 0.13588850174216027 0.44031311154598823 0.13937282229965156 0.4520547945205479 0.14285714285714285 0.4520547945205479 0.14634146341463414 0.4461839530332681 0.14634146341463414 0.44422700587084146 0.14982578397212543 0.43052837573385516 0.14634146341463414 0.43052837573385516 0.13937282229965156 0.436399217221135 0.13588850174216027
0 0.5772994129158513 0.37282229965156793 0.5831702544031311 0.37282229965156793 0.5851272015655578 0.3797909407665505 0.5929549902152642 0.3797909407665505 0.5929549902152642 0.3902439024390244 0.5714285714285714 0.3902439024390244 0.5714285714285714 0.3797909407665505 0.5753424657534246 0.3797909407665505 0.5772994129158513 0.37630662020905925
0 0.547945205479452 0.313588850174216 0.5518590998043053 0.313588850174216 0.5518590998043053 0.3170731707317073 0.5577299412915852 0.3240418118466899 0.5577299412915852 0.3310104529616725 0.5616438356164384 0.3344947735191638 0.5577299412915852 0.3344947735191638 0.5499021526418787 0.34146341463414637 0.5401174168297456 0.3344947735191638 0.5401174168297456 0.32752613240418116 0.5420743639921722 0.32752613240418116 0.5440313111545988 0.3205574912891986 0.547945205479452 0.3170731707317073
0 0.3796477495107632 0.06620209059233449 0.3933463796477495 0.06620209059233449 0.3933463796477495 0.08362369337979095 0.3796477495107632 0.08362369337979095 0.37573385518590996 0.08013937282229965 0.37573385518590996 0.07317073170731707 0.3796477495107632 0.06968641114982578
0 0.5459882583170255 0.49477351916376305 0.547945205479452 0.49477351916376305 0.547945205479452 0.5017421602787456 0.5499021526418787 0.5052264808362369 0.5616438356164384 0.5087108013937283 0.5655577299412916 0.5121951219512195 0.5675146771037182 0.519163763066202 0.5675146771037182 0.5400696864111498 0.5557729941291585 0.5365853658536586 0.5538160469667319 0.5331010452961672 0.5420743639921722 0.5331010452961672 0.5459882583170255 0.5296167247386759 0.5518590998043053 0.5296167247386759 0.5538160469667319 0.5261324041811847 0.5499021526418787 0.5226480836236934 0.547945205479452 0.5156794425087108 0.5459882583170255 0.5156794425087108 0.5459882583170255 0.49825783972125437
0 0.7084148727984344 0.31010452961672474 0.7084148727984344 0.40418118466898956 0.6966731898238747 0.40418118466898956 0.6888454011741683 0.4146341463414634 0.6790606653620352 0.4146341463414634 0.675146771037182 0.4181184668989547 0.6731898238747553 0.4146341463414634 0.6692759295499021 0.4146341463414634 0.6692759295499021 0.4076655052264808 0.6673189823874756 0.40418118466898956 0.6673189823874756 0.3867595818815331 0.6634050880626223 0.3832752613240418 0.6634050880626223 0.3797909407665505 0.6673189823874756 0.37630662020905925 0.6692759295499021 0.3623693379790941 0.6712328767123288 0.3623693379790941 0.6731898238747553 0.3554006968641115 0.6790606653620352 0.3519163763066202 0.6868884540117417 0.34146341463414637 0.6908023483365949 0.34146341463414637 0.6986301369863014 0.3344947735191638 0.7045009784735812 0.3344947735191638 0.7084148727984344 0.32752613240418116 0.7084148727984344 0.313588850174216