0 0.6484375 0.6132404181184669 0.66015625 0.6132404181184669 0.662109375 0.6202090592334495 0.66015625 0.627177700348432 0.66015625 0.6376306620209059 0.662109375 0.6411149825783972 0.662109375 0.6794425087108014 0.646484375 0.6829268292682927 0.64453125 0.6794425087108014 0.640625 0.6794425087108014 0.640625 0.6724738675958188 0.63671875 0.6689895470383276 0.63671875 0.6655052264808362 0.640625 0.662020905923345 0.640625 0.6550522648083623 0.64453125 0.6515679442508711 0.64453125 0.6445993031358885 0.646484375 0.6445993031358885 0.650390625 0.6341463414634146 0.6484375 0.6167247386759582
0 0.49609375 0.42160278745644597 0.50390625 0.42160278745644597 0.5078125 0.4250871080139373 0.5078125 0.4425087108013937 0.50390625 0.445993031358885 0.5 0.4425087108013937 0.5 0.43205574912891986 0.49609375 0.42857142857142855 0.49609375 0.4250871080139373
0 0.59765625 0.975609756097561 0.599609375 0.975609756097561 0.599609375 0.9860627177700348 0.603515625 0.9895470383275261 0.603515625 0.9965156794425087 0.59765625 0.9965156794425087 0.59765625 0.9790940766550522
0 0.568359375 0.4181184668989547 0.580078125 0.4181184668989547 0.580078125 0.45993031358885017 0.578125 0.45993031358885017 0.576171875 0.46689895470383275 0.57421875 0.4634146341463415 0.57421875 0.42160278745644597 0.5703125 0.4181184668989547
0 0.517578125 0.8327526132404182 0.521484375 0.8362369337979094 0.529296875 0.8362369337979094 0.529296875 0.8466898954703833 0.525390625 0.8501742160278746 0.517578125 0.8466898954703833 0.517578125 0.8362369337979094
0 0.5390625 0.4878048780487805 0.552734375 0.4878048780487805 0.552734375 0.5052264808362369 0.548828125 0.5052264808362369 0.548828125 0.49477351916376305 0.546875 0.4912891986062718 0.5390625 0.4912891986062718
0 0.640625 0.7212543554006968 0.6484375 0.7212543554006968 0.6484375 0.7282229965156795 0.650390625 0.7317073170731707 0.650390625 0.7804878048780488 0.6484375 0.7839721254355401 0.634765625 0.7874564459930313 0.6328125 0.7909407665505227 0.625 0.7874564459930313 0.625 0.7560975609756098 0.6328125 0.7560975609756098 0.63671875 0.7491289198606271 0.634765625 0.7456445993031359 0.634765625 0.7386759581881533 0.63671875 0.735191637630662 0.63671875 0.7282229965156795 0.640625 0.7247386759581882
0 0.513671875 0.09059233449477352 0.51953125 0.09059233449477352 0.521484375 0.0975609756097561 0.533203125 0.0975609756097561 0.533203125 0.10801393728222997 0.52734375 0.11498257839721254 0.52734375 0.11846689895470383 0.53125 0.12195121951219512 0.53125 0.13240418118466898 0.533203125 0.13588850174216027 0.533203125 0.17073170731707318 0.53125 0.17421602787456447 0.53125 0.18118466898954705 0.529296875 0.18118466898954705 0.525390625 0.1916376306620209 0.51953125 0.1986062717770035 0.505859375 0.20209059233449478 0.50390625 0.1986062717770035 0.498046875 0.1986062717770035 0.498046875 0.17421602787456447 0.49609375 0.17073170731707318 0.49609375 0.1602787456445993 0.5078125 0.14285714285714285 0.509765625 0.1289198606271777 0.521484375 0.11498257839721254 0.513671875 0.09407665505226481
0 0.619140625 0.7003484320557491 0.619140625 0.7073170731707317 0.595703125 0.7073170731707317 0.59375 0.710801393728223 0.583984375 0.710801393728223 0.58203125 0.7073170731707317 0.578125 0.7073170731707317 0.580078125 0.7038327526132404 0.6171875 0.7003484320557491
0 0.48828125 0.4076655052264808 0.5 0.4076655052264808 0.49609375 0.4181184668989547 0.48828125 0.41114982578397213
0 0.51953125 0.8362369337979094 0.533203125 0.8362369337979094 0.533203125 0.8466898954703833 0.53125 0.8536585365853658 0.525390625 0.8466898954703833 0.51953125 0.8466898954703833 0.51953125 0.8397212543554007
0 0.51171875 0.3588850174216028 0.521484375 0.36585365853658536 0.521484375 0.37282229965156793 0.5234375 0.37630662020905925 0.529296875 0.37630662020905925 0.529296875 0.3832752613240418 0.525390625 0.3832752613240418 0.5234375 0.3867595818815331 0.5234375 0.3797909407665505 0.51171875 0.3693379790940767 0.51171875 0.3623693379790941
0 0.4921875 0.4634146341463415 0.498046875 0.4634146341463415 0.505859375 0.47038327526132406 0.505859375 0.4808362369337979 0.50390625 0.4843205574912892 0.50390625 0.4808362369337979 0.5 0.47735191637630664 0.498046875 0.47038327526132406 0.4921875 0.46689895470383275
0 0.578125 0.08710801393728224 0.5859375 0.0975609756097561 0.58984375 0.0975609756097561 0.591796875 0.10104529616724739 0.595703125 0.10104529616724739 0.599609375 0.10801393728222997 0.603515625 0.10801393728222997 0.609375 0.11846689895470383 0.609375 0.14285714285714285 0.607421875 0.14634146341463414 0.59765625 0.14634146341463414 0.599609375 0.13937282229965156 0.60546875 0.13240418118466898 0.603515625 0.1289198606271777 0.59375 0.1254355400696864 0.587890625 0.11846689895470383 0.58203125 0.11846689895470383 0.580078125 0.11498257839721254 0.572265625 0.11498257839721254 0.568359375 0.11149825783972125 0.564453125 0.0975609756097561 0.564453125 0.09059233449477352 0.56640625 0.08710801393728224 0.576171875 0.08710801393728224
0 0.505859375 0.42857142857142855 0.51953125 0.43205574912891986 0.51953125 0.44947735191637633 0.515625 0.4529616724738676 0.513671875 0.4529616724738676 0.515625 0.44947735191637633 0.513671875 0.4425087108013937 0.505859375 0.4425087108013937 0.505859375 0.43205574912891986
0 0.5078125 0.7909407665505227 0.517578125 0.7909407665505227 0.51953125 0.794425087108014 0.51953125 0.8118466898954704 0.515625 0.8153310104529616 0.51171875 0.8083623693379791 0.5078125 0.8083623693379791 0.5078125 0.794425087108014
0 0.517578125 0.7909407665505227 0.525390625 0.7909407665505227 0.529296875 0.794425087108014 0.529296875 0.8048780487804879 0.521484375 0.8048780487804879 0.517578125 0.794425087108014
0 0.5078125 0.8048780487804879 0.51171875 0.8083623693379791 0.51171875 0.818815331010453 0.5078125 0.8222996515679443 0.505859375 0.818815331010453 0.505859375 0.8083623693379791
0 0.5703125 0.8257839721254355 0.572265625 0.8257839721254355 0.572265625 0.8362369337979094 0.576171875 0.8397212543554007 0.578125 0.8466898954703833 0.578125 0.8850174216027874 0.57421875 0.8885017421602788 0.576171875 0.8885017421602788 0.578125 0.8815331010452961 0.57421875 0.8780487804878049 0.572265625 0.8710801393728222 0.5703125 0.8710801393728222 0.5703125 0.8571428571428571 0.56640625 0.8536585365853658 0.56640625 0.8397212543554007 0.5625 0.8362369337979094 0.5625 0.8327526132404182 0.568359375 0.8327526132404182 0.5703125 0.8292682926829268
0 0.533203125 0.7804878048780488 0.537109375 0.7804878048780488 0.537109375 0.7979094076655052 0.533203125 0.8013937282229965 0.53125 0.7979094076655052 0.5234375 0.7979094076655052 0.5234375 0.794425087108014 0.53125 0.794425087108014 0.533203125 0.7909407665505227 0.533203125 0.7839721254355401
0 0.48828125 0.397212543554007 0.509765625 0.397212543554007 0.509765625 0.40418118466898956 0.5078125 0.4076655052264808 0.50390625 0.4076655052264808 0.505859375 0.40418118466898956 0.5 0.397212543554007 0.490234375 0.397212543554007
0 0.53125 0.43205574912891986 0.537109375 0.43205574912891986 0.541015625 0.4425087108013937 0.552734375 0.4529616724738676 0.548828125 0.4634146341463415 0.537109375 0.445993031358885 0.52734375 0.43902439024390244 0.53125 0.4355400696864111
0 0.517578125 0.3588850174216028 0.521484375 0.3588850174216028 0.521484375 0.3693379790940767 0.51953125 0.37282229965156793 0.515625 0.37282229965156793 0.517578125 0.3693379790940767 0.517578125 0.3623693379790941
0 0.6171875 0.6550522648083623 0.626953125 0.6550522648083623 0.634765625 0.662020905923345 0.634765625 0.6689895470383276 0.638671875 0.6724738675958188 0.638671875 0.7456445993031359 0.630859375 0.7491289198606271 0.62890625 0.7456445993031359 0.62890625 0.7317073170731707 0.625 0.7282229965156795 0.625 0.7212543554006968 0.62109375 0.7177700348432056 0.62109375 0.7038327526132404 0.6171875 0.7003484320557491 0.615234375 0.6933797909407665 0.61328125 0.6933797909407665 0.61328125 0.6829268292682927 0.6171875 0.6794425087108014 0.6171875 0.6585365853658537
0 0.517578125 0.41114982578397213 0.52734375 0.41114982578397213 0.529296875 0.4146341463414634 0.533203125 0.4146341463414634 0.53515625 0.42160278745644597 0.53515625 0.43205574912891986 0.533203125 0.42857142857142855 0.529296875 0.42857142857142855 0.52734375 0.42160278745644597 0.5234375 0.42160278745644597 0.521484375 0.4146341463414634 0.517578125 0.4146341463414634
0 0.5390625 0.8641114982578397 0.54296875 0.8641114982578397 0.544921875 0.8606271777003485 0.548828125 0.8641114982578397 0.548828125 0.8745644599303136 0.560546875 0.8850174216027874 0.560546875 0.9233449477351916 0.556640625 0.926829268292683 0.55859375 0.9233449477351916 0.55078125 0.9163763066202091 0.55078125 0.9094076655052264 0.546875 0.9059233449477352 0.546875 0.8954703832752613 0.54296875 0.89198606271777 0.54296875 0.8745644599303136 0.5390625 0.8710801393728222 0.5390625 0.867595818815331
0 0.662109375 0.09059233449477352 0.6640625 0.09059233449477352 0.6640625 0.13240418118466898 0.66015625 0.13240418118466898 0.658203125 0.13937282229965156 0.654296875 0.13937282229965156 0.65234375 0.13240418118466898 0.65234375 0.11149825783972125 0.654296875 0.11149825783972125 0.65625 0.10801393728222997 0.65625 0.10104529616724739 0.66015625 0.10104529616724739 0.662109375 0.09407665505226481
0 0.578125 0.7804878048780488 0.591796875 0.7804878048780488 0.591796875 0.794425087108014 0.587890625 0.794425087108014 0.587890625 0.7874564459930313 0.5859375 0.7839721254355401 0.578125 0.7839721254355401
0 0.69140625 0.06620209059233449 0.701171875 0.06620209059233449 0.703125 0.06968641114982578 0.703125 0.1289198606271777 0.701171875 0.1254355400696864 0.697265625 0.1254355400696864 0.697265625 0.10452961672473868 0.701171875 0.10452961672473868 0.703125 0.10104529616724739 0.703125 0.09407665505226481 0.701171875 0.09059233449477352 0.697265625 0.09059233449477352 0.697265625 0.08362369337979095 0.6953125 0.08013937282229965 0.69140625 0.08013937282229965 0.69140625 0.06968641114982578