0 0.48046875 0.6898954703832753 0.486328125 0.6968641114982579 0.490234375 0.6933797909407665 0.490234375 0.7073170731707317 0.4765625 0.7177700348432056 0.453125 0.7177700348432056 0.451171875 0.7142857142857143 0.453125 0.7142857142857143 0.45703125 0.7038327526132404 0.46484375 0.6933797909407665 0.478515625 0.6898954703832753
0 0.607421875 0.04529616724738676 0.609375 0.04529616724738676 0.611328125 0.05226480836236934 0.623046875 0.06968641114982578 0.626953125 0.06968641114982578 0.62890625 0.07317073170731707 0.640625 0.07317073170731707 0.642578125 0.07665505226480836 0.654296875 0.07317073170731707 0.662109375 0.08013937282229965 0.66015625 0.08710801393728224 0.66015625 0.0975609756097561 0.650390625 0.11149825783972125 0.646484375 0.11498257839721254 0.640625 0.11498257839721254 0.638671875 0.11846689895470383 0.625 0.11846689895470383 0.623046875 0.11498257839721254 0.619140625 0.11498257839721254 0.61328125 0.10104529616724739 0.611328125 0.059233449477351915 0.607421875 0.04878048780487805
0 0.619140625 0.3170731707317073 0.625 0.3170731707317073 0.625 0.3240418118466899 0.626953125 0.32752613240418116 0.626953125 0.33797909407665505 0.623046875 0.3519163763066202 0.6171875 0.3554006968641115 0.609375 0.34843205574912894 0.599609375 0.34843205574912894 0.599609375 0.3310104529616725 0.6015625 0.32752613240418116 0.611328125 0.32752613240418116 0.619140625 0.3205574912891986
0 0.56640625 0.09059233449477352 0.568359375 0.09059233449477352 0.5703125 0.0975609756097561 0.57421875 0.0975609756097561 0.576171875 0.10104529616724739 0.5859375 0.10104529616724739 0.587890625 0.0975609756097561 0.587890625 0.11149825783972125 0.58984375 0.11498257839721254 0.58984375 0.12195121951219512 0.578125 0.12195121951219512 0.568359375 0.10801393728222997 0.5625 0.10452961672473868 0.56640625 0.10104529616724739 0.56640625 0.09407665505226481
0 0.5234375 0.5505226480836237 0.529296875 0.5505226480836237 0.529296875 0.5574912891986062 0.53125 0.5609756097560976 0.53125 0.5644599303135889 0.5234375 0.5644599303135889 0.5234375 0.554006968641115
0 0.6676966292134832 0.8458834122851663 0.018245259831460674 0.0420937243080296
0 0.529296875 0.10104529616724739 0.53515625 0.10801393728222997 0.53125 0.11846689895470383 0.525390625 0.11846689895470383 0.51953125 0.10801393728222997 0.52734375 0.10104529616724739
0 0.58203125 0.5331010452961672 0.58984375 0.5331010452961672 0.59375 0.5470383275261324 0.591796875 0.5679442508710801 0.58984375 0.5714285714285714 0.57421875 0.5749128919860628 0.5703125 0.5714285714285714 0.5703125 0.5574912891986062 0.572265625 0.5574912891986062 0.58203125 0.5365853658536586
0 0.599609375 0.43902439024390244 0.603515625 0.43902439024390244 0.607421875 0.445993031358885 0.607421875 0.4529616724738676 0.609375 0.4564459930313589 0.609375 0.4738675958188153 0.607421875 0.4738675958188153 0.609375 0.47038327526132406 0.603515625 0.45993031358885017 0.599609375 0.45993031358885017 0.59765625 0.4529616724738676 0.599609375 0.44947735191637633 0.599609375 0.4425087108013937
0 0.609375 0.04529616724738676 0.611328125 0.04529616724738676 0.62109375 0.06620209059233449 0.630859375 0.07317073170731707 0.640625 0.07317073170731707 0.642578125 0.07665505226480836 0.6484375 0.07665505226480836 0.650390625 0.07317073170731707 0.66796875 0.07665505226480836 0.673828125 0.059233449477351915 0.67578125 0.059233449477351915 0.677734375 0.05226480836236934 0.6796875 0.05574912891986063 0.6796875 0.07317073170731707 0.6640625 0.09059233449477352 0.65625 0.10452961672473868 0.646484375 0.11498257839721254 0.626953125 0.11846689895470383 0.625 0.11498257839721254 0.62109375 0.11498257839721254 0.615234375 0.10104529616724739 0.615234375 0.06968641114982578 0.609375 0.04878048780487805
0 0.44140625 0.4425087108013937 0.4453125 0.4425087108013937 0.447265625 0.445993031358885 0.447265625 0.4634146341463415 0.443359375 0.46689895470383275 0.435546875 0.46689895470383275 0.43359375 0.4634146341463415 0.44140625 0.445993031358885
0 0.705078125 0.289198606271777 0.705078125 0.3344947735191638 0.703125 0.33797909407665505 0.693359375 0.34494773519163763 0.67578125 0.34843205574912894 0.671875 0.3554006968641115 0.669921875 0.3554006968641115 0.66796875 0.34843205574912894 0.66015625 0.34843205574912894 0.658203125 0.3519163763066202 0.658203125 0.3623693379790941 0.65625 0.3623693379790941 0.650390625 0.32752613240418116 0.658203125 0.3344947735191638 0.66796875 0.31010452961672474 0.671875 0.31010452961672474 0.67578125 0.30313588850174217 0.6796875 0.30313588850174217 0.685546875 0.2961672473867596 0.689453125 0.2961672473867596 0.697265625 0.289198606271777 0.703125 0.289198606271777
0 0.677734375 0.9686411149825784 0.685546875 0.9686411149825784 0.685546875 0.9721254355400697 0.6875 0.975609756097561 0.69140625 0.975609756097561 0.69140625 0.9790940766550522 0.6953125 0.9825783972125436 0.697265625 0.9895470383275261 0.701171875 0.9895470383275261 0.703125 0.9965156794425087 0.705078125 0.9930313588850174 0.705078125 0.9860627177700348 0.705078125 0.9965156794425087 0.669921875 0.9965156794425087 0.671875 0.9930313588850174 0.671875 0.9825783972125436 0.673828125 0.975609756097561 0.677734375 0.9721254355400697
0 0.40234375 0.1916376306620209 0.408203125 0.20209059233449478 0.40625 0.20905923344947736 0.390625 0.20905923344947736 0.3828125 0.20209059233449478 0.390625 0.1916376306620209 0.400390625 0.1916376306620209
0 0.5546875 0 0.5859375 0 0.583984375 0.006968641114982578 0.580078125 0.010452961672473868 0.564453125 0.010452961672473868 0.5546875 0.003484320557491289
0 0.537109375 0.4912891986062718 0.5390625 0.49477351916376305 0.537109375 0.5017421602787456 0.53125 0.5087108013937283 0.525390625 0.5087108013937283 0.52734375 0.5052264808362369 0.52734375 0.49477351916376305 0.529296875 0.4912891986062718 0.53515625 0.4912891986062718
0 0.369140625 0.05226480836236934 0.375 0.04529616724738676 0.380859375 0.04529616724738676 0.380859375 0.0627177700348432 0.373046875 0.0627177700348432 0.375 0.059233449477351915 0.37109375 0.05226480836236934
0 0.560546875 0.289198606271777 0.56640625 0.289198606271777 0.568359375 0.2961672473867596 0.5703125 0.2926829268292683 0.568359375 0.29965156794425085 0.564453125 0.29965156794425085 0.560546875 0.30662020905923343 0.556640625 0.30313588850174217 0.560546875 0.2926829268292683
0 0.705078125 0.4146341463414634 0.705078125 0.4634146341463415 0.689453125 0.44947735191637633 0.689453125 0.445993031358885 0.693359375 0.4425087108013937 0.69921875 0.42160278745644597 0.703125 0.4181184668989547
0 0.67578125 0.05226480836236934 0.6796875 0.05226480836236934 0.681640625 0.05574912891986063 0.6796875 0.07665505226480836 0.6640625 0.09059233449477352 0.662109375 0.08710801393728224 0.662109375 0.07665505226480836 0.6640625 0.07665505226480836 0.66796875 0.06620209059233449 0.67578125 0.05574912891986063
0 0.53515625 0.42160278745644597 0.541015625 0.42160278745644597 0.54296875 0.4250871080139373 0.54296875 0.43205574912891986 0.537109375 0.43902439024390244 0.53125 0.43205574912891986 0.53125 0.42857142857142855 0.53515625 0.4250871080139373
0 0.392578125 0.1602787456445993 0.3984375 0.1602787456445993 0.40234375 0.156794425087108 0.40625 0.16376306620209058 0.40234375 0.17421602787456447 0.3984375 0.17421602787456447 0.396484375 0.1672473867595819 0.392578125 0.16376306620209058
0 0.509765625 0.1254355400696864 0.51171875 0.13937282229965156 0.5078125 0.14285714285714285 0.50390625 0.14285714285714285 0.501953125 0.13937282229965156 0.50390625 0.13937282229965156 0.509765625 0.1289198606271777
0 0.517578125 0.0627177700348432 0.521484375 0.06620209059233449 0.521484375 0.07665505226480836 0.513671875 0.07665505226480836 0.513671875 0.06968641114982578 0.517578125 0.06620209059233449
0 0.58203125 0.40418118466898956 0.5859375 0.4181184668989547 0.5859375 0.43902439024390244 0.58203125 0.4355400696864111 0.576171875 0.4355400696864111 0.576171875 0.43205574912891986 0.572265625 0.42857142857142855 0.5703125 0.42160278745644597 0.572265625 0.4076655052264808 0.57421875 0.40418118466898956 0.580078125 0.40418118466898956
0 0.365234375 0.32752613240418116 0.373046875 0.3240418118466899 0.37890625 0.31010452961672474 0.384765625 0.31010452961672474 0.390625 0.3205574912891986 0.390625 0.32752613240418116 0.396484375 0.34146341463414637 0.40625 0.34146341463414637 0.408203125 0.34494773519163763 0.40625 0.3519163763066202 0.390625 0.3554006968641115 0.388671875 0.3588850174216028 0.365234375 0.3588850174216028 0.365234375 0.3310104529616725
0 0.3671875 0.4355400696864111 0.38671875 0.4355400696864111 0.396484375 0.445993031358885 0.392578125 0.45993031358885017 0.3828125 0.45993031358885017 0.380859375 0.4634146341463415 0.3671875 0.46689895470383275 0.365234375 0.4634146341463415 0.3671875 0.45993031358885017 0.3671875 0.43902439024390244
0 0.611328125 0.6515679442508711 0.623046875 0.662020905923345 0.63671875 0.662020905923345 0.638671875 0.6689895470383276 0.638671875 0.6794425087108014 0.642578125 0.6829268292682927 0.646484375 0.6933797909407665 0.673828125 0.6933797909407665 0.68359375 0.7003484320557491 0.69921875 0.7003484320557491 0.701171875 0.7038327526132404 0.705078125 0.7038327526132404 0.705078125 0.818815331010453 0.701171875 0.818815331010453 0.697265625 0.8118466898954704 0.69140625 0.7909407665505227 0.69140625 0.7700348432055749 0.6875 0.759581881533101 0.65625 0.7317073170731707 0.640625 0.710801393728223 0.625 0.710801393728223 0.62109375 0.7073170731707317 0.61328125 0.7177700348432056 0.607421875 0.7177700348432056 0.611328125 0.6550522648083623
0 0.396484375 0.4564459930313589 0.3984375 0.4564459930313589 0.3984375 0.4634146341463415 0.400390625 0.46689895470383275 0.3984375 0.47038327526132406 0.396484375 0.49477351916376305 0.3828125 0.49477351916376305 0.380859375 0.49825783972125437 0.376953125 0.49477351916376305 0.376953125 0.4808362369337979 0.37890625 0.4808362369337979 0.384765625 0.46689895470383275 0.392578125 0.46689895470383275 0.396484375 0.45993031358885017