0 0.310546875 0.14982578397212543 0.310546875 0.156794425087108 0.306640625 0.156794425087108 0.298828125 0.17073170731707318 0.298828125 0.18815331010452963 0.296875 0.1916376306620209 0.29296875 0.1951219512195122 0.27734375 0.1986062717770035 0.275390625 0.20209059233449478 0.26953125 0.20209059233449478 0.267578125 0.20557491289198607 0.259765625 0.20557491289198607 0.2578125 0.20905923344947736 0.234375 0.20905923344947736 0.232421875 0.20557491289198607 0.234375 0.20557491289198607 0.236328125 0.1986062717770035 0.248046875 0.18118466898954705 0.2734375 0.1602787456445993 0.30859375 0.14982578397212543
0 0.80078125 0.34494773519163763 0.80859375 0.3519163763066202 0.80859375 0.3588850174216028 0.810546875 0.3623693379790941 0.810546875 0.3832752613240418 0.80859375 0.3797909407665505 0.79296875 0.3797909407665505 0.78515625 0.37282229965156793 0.779296875 0.3623693379790941 0.779296875 0.34843205574912894 0.787109375 0.34146341463414637 0.791015625 0.34494773519163763 0.798828125 0.34494773519163763
0 0.24609375 0.5365853658536586 0.248046875 0.5400696864111498 0.255859375 0.5400696864111498 0.2578125 0.5470383275261324 0.267578125 0.5505226480836237 0.27734375 0.5644599303135889 0.287109375 0.5714285714285714 0.28515625 0.6062717770034843 0.26953125 0.6202090592334495 0.24609375 0.6236933797909407 0.244140625 0.627177700348432 0.224609375 0.627177700348432 0.22265625 0.6306620209059234 0.21484375 0.6306620209059234 0.212890625 0.627177700348432 0.208984375 0.6306620209059234 0.1875 0.6306620209059234 0.1796875 0.6236933797909407 0.181640625 0.6132404181184669 0.177734375 0.5993031358885017 0.177734375 0.5888501742160279 0.1796875 0.5818815331010453 0.197265625 0.554006968641115 0.205078125 0.5470383275261324 0.21875 0.5470383275261324 0.220703125 0.5400696864111498 0.244140625 0.5365853658536586
0 0.7890625 0.29965156794425085 0.79296875 0.30313588850174217 0.79296875 0.3240418118466899 0.783203125 0.3240418118466899 0.78125 0.32752613240418116 0.751953125 0.32752613240418116 0.748046875 0.3240418118466899 0.748046875 0.3205574912891986 0.763671875 0.30662020905923343 0.787109375 0.29965156794425085
0 0.6640625 0.40418118466898956 0.66796875 0.40418118466898956 0.67578125 0.39372822299651566 0.681640625 0.39372822299651566 0.689453125 0.3867595818815331 0.720703125 0.3832752613240418 0.72265625 0.3797909407665505 0.728515625 0.3797909407665505 0.73046875 0.3832752613240418 0.728515625 0.3867595818815331 0.728515625 0.39372822299651566 0.724609375 0.40069686411149824 0.720703125 0.40069686411149824 0.712890625 0.4076655052264808 0.70703125 0.4076655052264808 0.705078125 0.41114982578397213 0.69921875 0.41114982578397213 0.693359375 0.40418118466898956 0.689453125 0.40418118466898956 0.685546875 0.41114982578397213 0.671875 0.41114982578397213 0.666015625 0.40418118466898956
0 0.62109375 0.5749128919860628 0.63671875 0.5749128919860628 0.638671875 0.5818815331010453 0.658203125 0.5958188153310104 0.669921875 0.6132404181184669 0.6796875 0.6202090592334495 0.6875 0.6341463414634146 0.69921875 0.6445993031358885 0.703125 0.6515679442508711 0.71484375 0.6550522648083623 0.71484375 0.6585365853658537 0.70703125 0.6515679442508711 0.689453125 0.6515679442508711 0.677734375 0.6411149825783972 0.671875 0.6411149825783972 0.666015625 0.6341463414634146 0.65625 0.6306620209059234 0.64453125 0.6167247386759582 0.640625 0.6167247386759582 0.634765625 0.6097560975609756 0.62890625 0.6097560975609756 0.625 0.6027874564459931 0.62109375 0.578397212543554
0 0.6484375 0.20209059233449478 0.6484375 0.21254355400696864 0.638671875 0.2264808362369338 0.619140625 0.2264808362369338 0.615234375 0.2229965156794425 0.615234375 0.21951219512195122 0.6328125 0.20557491289198607 0.646484375 0.20209059233449478
0 0.083984375 0.20905923344947736 0.1015625 0.20905923344947736 0.103515625 0.21602787456445993 0.119140625 0.21602787456445993 0.12890625 0.2229965156794425 0.138671875 0.2229965156794425 0.140625 0.22996515679442509 0.140625 0.23344947735191637 0.08984375 0.23693379790940766 0.087890625 0.24041811846689895 0.068359375 0.24041811846689895 0.06640625 0.23693379790940766 0.0546875 0.23693379790940766 0.052734375 0.22996515679442509 0.060546875 0.21951219512195122 0.06640625 0.21951219512195122 0.068359375 0.21602787456445993 0.08203125 0.21602787456445993 0.083984375 0.21254355400696864
0 0.365234375 0.4181184668989547 0.37109375 0.41114982578397213 0.392578125 0.40418118466898956 0.400390625 0.397212543554007 0.40234375 0.397212543554007 0.404296875 0.40418118466898956 0.404296875 0.4146341463414634 0.3984375 0.42160278745644597 0.388671875 0.42160278745644597 0.38671875 0.4250871080139373 0.369140625 0.4250871080139373 0.3671875 0.4181184668989547
0 0.48046875 0.34843205574912894 0.48046875 0.3554006968641115 0.478515625 0.3588850174216028 0.474609375 0.3623693379790941 0.46875 0.3623693379790941 0.466796875 0.36585365853658536 0.4609375 0.36585365853658536 0.4609375 0.3519163763066202 0.46484375 0.34843205574912894 0.478515625 0.34843205574912894
0 0.146484375 0.3902439024390244 0.197265625 0.3902439024390244 0.197265625 0.39372822299651566 0.201171875 0.397212543554007 0.201171875 0.40418118466898956 0.197265625 0.40418118466898956 0.1953125 0.4076655052264808 0.18359375 0.4076655052264808 0.181640625 0.41114982578397213 0.171875 0.41114982578397213 0.169921875 0.4146341463414634 0.140625 0.4146341463414634 0.138671875 0.4181184668989547 0.1328125 0.4181184668989547 0.130859375 0.4146341463414634 0.125 0.4146341463414634 0.125 0.4076655052264808 0.130859375 0.40069686411149824 0.14453125 0.397212543554007 0.146484375 0.39372822299651566
0 0.1171875 0.31010452961672474 0.173828125 0.31010452961672474 0.17578125 0.3170731707317073 0.201171875 0.3170731707317073 0.201171875 0.32752613240418116 0.19921875 0.3310104529616725 0.18359375 0.3310104529616725 0.181640625 0.3344947735191638 0.154296875 0.3344947735191638 0.15234375 0.33797909407665505 0.11328125 0.33797909407665505 0.111328125 0.3344947735191638 0.099609375 0.3344947735191638 0.095703125 0.3310104529616725 0.09765625 0.3310104529616725 0.1015625 0.3205574912891986 0.115234375 0.3170731707317073 0.1171875 0.313588850174216
0 0.345703125 0.5609756097560976 0.3515625 0.5679442508710801 0.357421875 0.5679442508710801 0.359375 0.5714285714285714 0.359375 0.578397212543554 0.357421875 0.5818815331010453 0.357421875 0.5888501742160279 0.341796875 0.5993031358885017 0.337890625 0.5993031358885017 0.337890625 0.5958188153310104 0.330078125 0.5818815331010453 0.3203125 0.5714285714285714 0.322265625 0.5714285714285714 0.326171875 0.5609756097560976 0.330078125 0.5609756097560976 0.33203125 0.5574912891986062 0.34375 0.5609756097560976
0 0.392578125 0.28222996515679444 0.39453125 0.2857142857142857 0.392578125 0.289198606271777 0.388671875 0.289198606271777 0.3828125 0.2961672473867596 0.375 0.2961672473867596 0.373046875 0.29965156794425085 0.36328125 0.30313588850174217 0.357421875 0.31010452961672474 0.353515625 0.31010452961672474 0.349609375 0.3205574912891986 0.345703125 0.3240418118466899 0.337890625 0.3240418118466899 0.3359375 0.32752613240418116 0.3203125 0.32752613240418116 0.31640625 0.3240418118466899 0.31640625 0.3205574912891986 0.333984375 0.30313588850174217 0.337890625 0.30313588850174217 0.3515625 0.2926829268292683 0.36328125 0.2926829268292683 0.365234375 0.289198606271777 0.38671875 0.2857142857142857 0.390625 0.28222996515679444
0 0.74609375 0.3344947735191638 0.771484375 0.3344947735191638 0.7734375 0.34146341463414637 0.779296875 0.34146341463414637 0.783203125 0.34494773519163763 0.783203125 0.3519163763066202 0.763671875 0.3519163763066202 0.76171875 0.3554006968641115 0.7265625 0.3554006968641115 0.72265625 0.3519163763066202 0.728515625 0.34494773519163763 0.732421875 0.34494773519163763 0.734375 0.34146341463414637 0.744140625 0.34146341463414637 0.74609375 0.33797909407665505
0 0.236328125 0.3240418118466899 0.2421875 0.3310104529616725 0.2421875 0.34146341463414637 0.234375 0.34146341463414637 0.232421875 0.33797909407665505 0.220703125 0.34146341463414637 0.201171875 0.3588850174216028 0.197265625 0.3588850174216028 0.18359375 0.3693379790940767 0.177734375 0.3693379790940767 0.169921875 0.37630662020905925 0.162109375 0.37630662020905925 0.16015625 0.3797909407665505 0.140625 0.3797909407665505 0.142578125 0.37630662020905925 0.138671875 0.37282229965156793 0.1640625 0.34843205574912894 0.169921875 0.34843205574912894 0.177734375 0.34146341463414637 0.185546875 0.34146341463414637 0.1953125 0.3344947735191638 0.203125 0.3344947735191638 0.205078125 0.3310104529616725 0.216796875 0.3310104529616725 0.21875 0.32752613240418116 0.23046875 0.32752613240418116 0.234375 0.3240418118466899
0 0.22265625 0.2857142857142857 0.236328125 0.2857142857142857 0.236328125 0.289198606271777 0.2421875 0.2961672473867596 0.2421875 0.30662020905923343 0.220703125 0.30662020905923343 0.21875 0.30313588850174217 0.212890625 0.30313588850174217 0.212890625 0.29965156794425085 0.22265625 0.289198606271777
0 0.630859375 0.03832752613240418 0.638671875 0.03832752613240418 0.638671875 0.041811846689895474 0.64453125 0.04878048780487805 0.64453125 0.06620209059233449 0.642578125 0.06968641114982578 0.63671875 0.06968641114982578 0.634765625 0.07317073170731707 0.615234375 0.07317073170731707 0.60546875 0.06620209059233449 0.60546875 0.059233449477351915 0.609375 0.05226480836236934 0.619140625 0.04529616724738676 0.62890625 0.04529616724738676 0.630859375 0.041811846689895474
0 0.28515625 0.33797909407665505 0.287109375 0.34146341463414637 0.287109375 0.3519163763066202 0.28515625 0.3554006968641115 0.28125 0.3588850174216028 0.267578125 0.3588850174216028 0.248046875 0.37630662020905925 0.2421875 0.37630662020905925 0.240234375 0.3797909407665505 0.216796875 0.3832752613240418 0.21484375 0.3867595818815331 0.201171875 0.3867595818815331 0.197265625 0.3832752613240418 0.197265625 0.37282229965156793 0.203125 0.36585365853658536 0.20703125 0.36585365853658536 0.220703125 0.3554006968641115 0.234375 0.3519163763066202 0.236328125 0.34843205574912894 0.244140625 0.34843205574912894 0.24609375 0.34494773519163763 0.25390625 0.34494773519163763 0.255859375 0.34843205574912894 0.271484375 0.34843205574912894 0.2734375 0.34494773519163763 0.283203125 0.34146341463414637
0 0.314453125 0.3519163763066202 0.326171875 0.34843205574912894 0.328125 0.34494773519163763 0.337890625 0.34494773519163763 0.33984375 0.34843205574912894 0.345703125 0.34843205574912894 0.349609375 0.34494773519163763 0.3515625 0.34843205574912894 0.349609375 0.3519163763066202 0.349609375 0.3588850174216028 0.345703125 0.3588850174216028 0.34375 0.3623693379790941 0.333984375 0.3623693379790941 0.326171875 0.3693379790940767 0.31640625 0.3693379790940767 0.3125 0.36585365853658536 0.3125 0.3588850174216028 0.314453125 0.3554006968641115
0 0.330078125 0.2787456445993031 0.33203125 0.2857142857142857 0.330078125 0.29965156794425085 0.3203125 0.313588850174216 0.291015625 0.3205574912891986 0.2890625 0.3170731707317073 0.28515625 0.3170731707317073 0.28515625 0.31010452961672474 0.3046875 0.2926829268292683 0.310546875 0.2926829268292683 0.31640625 0.2857142857142857 0.328125 0.28222996515679444
0 0.201171875 0.24738675958188153 0.232421875 0.24738675958188153 0.234375 0.25435540069686413 0.279296875 0.25435540069686413 0.28125 0.24738675958188153 0.28515625 0.24738675958188153 0.28515625 0.26480836236933797 0.28125 0.2682926829268293 0.27734375 0.2787456445993031 0.275390625 0.27526132404181186 0.265625 0.27526132404181186 0.263671875 0.2787456445993031 0.24609375 0.2787456445993031 0.244140625 0.28222996515679444 0.21484375 0.28222996515679444 0.212890625 0.2787456445993031 0.208984375 0.2787456445993031 0.205078125 0.27177700348432055 0.19921875 0.2682926829268293 0.197265625 0.2613240418118467 0.193359375 0.2578397212543554 0.201171875 0.2508710801393728
0 0.146484375 0.3902439024390244 0.197265625 0.3902439024390244 0.19921875 0.397212543554007 0.201171875 0.39372822299651566 0.19921875 0.40418118466898956 0.1953125 0.4076655052264808 0.18359375 0.4076655052264808 0.181640625 0.41114982578397213 0.171875 0.41114982578397213 0.169921875 0.4146341463414634 0.162109375 0.4146341463414634 0.16015625 0.4181184668989547 0.142578125 0.4181184668989547 0.140625 0.42160278745644597 0.1171875 0.4181184668989547 0.115234375 0.42160278745644597 0.107421875 0.42160278745644597 0.10546875 0.4250871080139373 0.09375 0.4250871080139373 0.091796875 0.42160278745644597 0.091796875 0.41114982578397213 0.09375 0.4076655052264808 0.099609375 0.4076655052264808 0.1015625 0.40418118466898956 0.126953125 0.40418118466898956 0.134765625 0.397212543554007 0.14453125 0.397212543554007 0.146484375 0.39372822299651566
0 0.8828125 0.3867595818815331 0.884765625 0.3902439024390244 0.90234375 0.39372822299651566 0.904296875 0.397212543554007 0.9140625 0.397212543554007 0.927734375 0.3867595818815331 0.92578125 0.39372822299651566 0.916015625 0.4076655052264808 0.900390625 0.4076655052264808 0.8984375 0.41114982578397213 0.875 0.41114982578397213 0.873046875 0.4076655052264808 0.869140625 0.4076655052264808 0.865234375 0.397212543554007 0.861328125 0.39372822299651566 0.8671875 0.3867595818815331 0.880859375 0.3867595818815331
0 0.5859375 0.3693379790940767 0.587890625 0.37282229965156793 0.60546875 0.37282229965156793 0.607421875 0.3867595818815331 0.59375 0.3902439024390244 0.591796875 0.39372822299651566 0.578125 0.39372822299651566 0.576171875 0.3902439024390244 0.578125 0.37630662020905925 0.580078125 0.37282229965156793 0.583984375 0.37282229965156793
0 0.11328125 0.24041811846689895 0.125 0.24041811846689895 0.126953125 0.24738675958188153 0.13671875 0.2508710801393728 0.142578125 0.2613240418118467 0.142578125 0.27177700348432055 0.140625 0.27526132404181186 0.130859375 0.27526132404181186 0.12890625 0.27177700348432055 0.125 0.27177700348432055 0.1171875 0.2578397212543554 0.1171875 0.25435540069686413 0.11328125 0.2508710801393728 0.11328125 0.24390243902439024
0 0.353515625 0.2926829268292683 0.361328125 0.2926829268292683 0.361328125 0.30662020905923343 0.35546875 0.313588850174216 0.3515625 0.3240418118466899 0.33984375 0.3240418118466899 0.337890625 0.32752613240418116 0.3203125 0.32752613240418116 0.31640625 0.3240418118466899 0.31640625 0.3205574912891986 0.3203125 0.3205574912891986 0.333984375 0.30662020905923343 0.345703125 0.30313588850174217 0.353515625 0.2961672473867596
0 0.94140625 0.1916376306620209 0.95703125 0.20557491289198607 0.9609375 0.21602787456445993 0.9609375 0.23344947735191637 0.962890625 0.23693379790940766 0.962890625 0.24738675958188153 0.9609375 0.2508710801393728 0.95703125 0.24738675958188153 0.947265625 0.24738675958188153 0.9453125 0.24390243902439024 0.935546875 0.24390243902439024 0.93359375 0.24738675958188153 0.916015625 0.2508710801393728 0.9140625 0.25435540069686413 0.90234375 0.2578397212543554 0.89453125 0.26480836236933797 0.876953125 0.2682926829268293 0.869140625 0.2787456445993031 0.853515625 0.289198606271777 0.83984375 0.289198606271777 0.8359375 0.2787456445993031 0.83984375 0.27177700348432055 0.845703125 0.2508710801393728 0.86328125 0.24041811846689895 0.873046875 0.2229965156794425 0.873046875 0.21602787456445993 0.875 0.21602787456445993 0.880859375 0.20209059233449478 0.884765625 0.1986062717770035 0.912109375 0.1986062717770035 0.921875 0.1916376306620209 0.939453125 0.1916376306620209
0 0.61328125 0.3205574912891986 0.615234375 0.3240418118466899 0.615234375 0.34146341463414637 0.6015625 0.3554006968641115 0.58203125 0.3623693379790941 0.580078125 0.3588850174216028 0.583984375 0.3554006968641115 0.583984375 0.34146341463414637 0.587890625 0.3344947735191638 0.595703125 0.3310104529616725 0.6015625 0.3240418118466899 0.611328125 0.3240418118466899
0 0.90234375 0.47735191637630664 0.904296875 0.4808362369337979 0.91015625 0.4808362369337979 0.912109375 0.4843205574912892 0.91796875 0.4843205574912892 0.927734375 0.4912891986062718 0.9375 0.4912891986062718 0.943359375 0.49825783972125437 0.951171875 0.5017421602787456 0.951171875 0.5121951219512195 0.94140625 0.519163763066202 0.92578125 0.5156794425087108 0.923828125 0.5121951219512195 0.884765625 0.5087108013937283 0.876953125 0.5017421602787456 0.8671875 0.5017421602787456 0.857421875 0.49477351916376305 0.849609375 0.4843205574912892 0.849609375 0.4738675958188153 0.8515625 0.47038327526132406 0.876953125 0.47038327526132406 0.87890625 0.4738675958188153 0.900390625 0.47735191637630664
0 0.404296875 0.3623693379790941 0.40625 0.3693379790940767 0.404296875 0.37630662020905925 0.396484375 0.37630662020905925 0.39453125 0.3797909407665505 0.37109375 0.3797909407665505 0.361328125 0.37282229965156793 0.359375 0.3693379790940767 0.359375 0.3588850174216028 0.361328125 0.3554006968641115 0.38671875 0.3554006968641115 0.388671875 0.3588850174216028 0.40234375 0.3623693379790941
0 0.279296875 0.13937282229965156 0.27734375 0.14285714285714285 0.27734375 0.156794425087108 0.263671875 0.16376306620209058 0.259765625 0.17073170731707318 0.255859375 0.17073170731707318 0.244140625 0.18466898954703834 0.236328125 0.18815331010452963 0.2265625 0.1986062717770035 0.21484375 0.20209059233449478 0.212890625 0.20557491289198607 0.197265625 0.20557491289198607 0.1953125 0.20905923344947736 0.189453125 0.20209059233449478 0.189453125 0.1986062717770035 0.203125 0.18118466898954705 0.20703125 0.18118466898954705 0.22265625 0.1672473867595819 0.23828125 0.1602787456445993 0.244140625 0.15331010452961671 0.267578125 0.14982578397212543 0.27734375 0.14285714285714285
0 0.150390625 0.289198606271777 0.15234375 0.289198606271777 0.150390625 0.2961672473867596 0.150390625 0.30662020905923343 0.146484375 0.31010452961672474 0.11328125 0.313588850174216 0.111328125 0.3170731707317073 0.10546875 0.3170731707317073 0.099609375 0.32752613240418116 0.095703125 0.32752613240418116 0.09375 0.3310104529616725 0.083984375 0.3310104529616725 0.078125 0.3240418118466899 0.078125 0.3170731707317073 0.080078125 0.313588850174216 0.091796875 0.31010452961672474 0.09375 0.30662020905923343 0.099609375 0.30662020905923343 0.1015625 0.30313588850174217 0.1171875 0.30313588850174217 0.119140625 0.29965156794425085 0.126953125 0.29965156794425085 0.12890625 0.2961672473867596 0.1484375 0.2961672473867596 0.150390625 0.2926829268292683
0 0.70703125 0.1254355400696864 0.7265625 0.14285714285714285 0.73046875 0.156794425087108 0.7265625 0.16376306620209058 0.716796875 0.16376306620209058 0.71484375 0.1672473867595819 0.703125 0.17073170731707318 0.701171875 0.17421602787456447 0.6953125 0.17421602787456447 0.693359375 0.17770034843205576 0.689453125 0.17770034843205576 0.68359375 0.17073170731707318 0.677734375 0.14982578397212543 0.677734375 0.13588850174216027 0.6875 0.1254355400696864 0.705078125 0.1254355400696864
0 0.630859375 0.07665505226480836 0.646484375 0.07665505226480836 0.646484375 0.08362369337979095 0.6484375 0.08710801393728224 0.6484375 0.10452961672473868 0.646484375 0.10801393728222997 0.59375 0.11149825783972125 0.59375 0.10452961672473868 0.58984375 0.10104529616724739 0.591796875 0.10104529616724739 0.59375 0.09407665505226481 0.59765625 0.09059233449477352 0.603515625 0.09059233449477352 0.611328125 0.08362369337979095 0.62890625 0.08362369337979095 0.630859375 0.08013937282229965
0 0.38671875 0.2926829268292683 0.3984375 0.2926829268292683 0.400390625 0.29965156794425085 0.400390625 0.31010452961672474 0.3984375 0.3170731707317073 0.357421875 0.3205574912891986 0.35546875 0.3240418118466899 0.3515625 0.3205574912891986 0.359375 0.31010452961672474 0.36328125 0.31010452961672474 0.37109375 0.30313588850174217 0.37890625 0.30313588850174217 0.38671875 0.2961672473867596