0 0.5234375 0.10801393728222997 0.53125 0.10801393728222997 0.53125 0.13240418118466898 0.513671875 0.13240418118466898 0.513671875 0.11498257839721254 0.521484375 0.11498257839721254 0.5234375 0.11149825783972125
0 0.494140625 0.09059233449477352 0.49609375 0.09407665505226481 0.509765625 0.09407665505226481 0.509765625 0.0975609756097561 0.513671875 0.10104529616724739 0.513671875 0.12195121951219512 0.5 0.12195121951219512 0.49609375 0.11846689895470383 0.494140625 0.11149825783972125 0.48828125 0.10801393728222997 0.48828125 0.08362369337979095 0.490234375 0.08362369337979095 0.4921875 0.09059233449477352
0 0.5 0.5017421602787456 0.501953125 0.5017421602787456 0.50390625 0.5087108013937283 0.517578125 0.5087108013937283 0.517578125 0.5470383275261324 0.51171875 0.5470383275261324 0.509765625 0.5435540069686411 0.5 0.5435540069686411 0.5 0.5365853658536586 0.50390625 0.5331010452961672 0.50390625 0.5226480836236934 0.5 0.519163763066202 0.5 0.5052264808362369
0 0.54296875 0.662020905923345 0.546875 0.662020905923345 0.548828125 0.6689895470383276 0.5546875 0.6689895470383276 0.5625 0.6759581881533101 0.576171875 0.6759581881533101 0.57421875 0.6933797909407665 0.576171875 0.6968641114982579 0.58203125 0.6968641114982579 0.58203125 0.7038327526132404 0.583984375 0.7073170731707317 0.583984375 0.7212543554006968 0.57421875 0.7282229965156795 0.5546875 0.7282229965156795 0.552734375 0.7247386759581882 0.548828125 0.7282229965156795 0.53515625 0.7282229965156795 0.537109375 0.6829268292682927 0.541015625 0.6794425087108014 0.541015625 0.6689895470383276 0.54296875 0.6655052264808362
0 0.591796875 0.8397212543554007 0.599609375 0.8397212543554007 0.603515625 0.8362369337979094 0.60546875 0.8292682926829268 0.607421875 0.8292682926829268 0.607421875 0.8745644599303136 0.591796875 0.8745644599303136 0.587890625 0.8710801393728222 0.587890625 0.8641114982578397 0.5859375 0.8606271777003485 0.58203125 0.8606271777003485 0.58203125 0.8536585365853658 0.5859375 0.8536585365853658 0.587890625 0.8466898954703833 0.591796875 0.8432055749128919
0 0.650390625 0.42857142857142855 0.654296875 0.42857142857142855 0.654296875 0.5017421602787456 0.65234375 0.49477351916376305 0.646484375 0.49477351916376305 0.640625 0.4878048780487805 0.63671875 0.4878048780487805 0.634765625 0.4808362369337979 0.62890625 0.4808362369337979 0.62109375 0.4738675958188153 0.62109375 0.45993031358885017 0.626953125 0.4564459930313589 0.62890625 0.4529616724738676 0.62890625 0.445993031358885 0.642578125 0.4355400696864111 0.6484375 0.4355400696864111 0.650390625 0.43205574912891986
0 0.501953125 0.5714285714285714 0.515625 0.5714285714285714 0.515625 0.5888501742160279 0.494140625 0.5888501742160279 0.494140625 0.5853658536585366 0.49609375 0.5853658536585366 0.498046875 0.578397212543554 0.501953125 0.5749128919860628
0 0.611328125 0.10104529616724739 0.611328125 0.11498257839721254 0.599609375 0.1254355400696864 0.599609375 0.13937282229965156 0.595703125 0.14634146341463414 0.53515625 0.14634146341463414 0.53125 0.13588850174216027 0.53125 0.12195121951219512 0.53515625 0.11149825783972125 0.55859375 0.11149825783972125 0.560546875 0.10801393728222997 0.5859375 0.10801393728222997 0.587890625 0.11149825783972125 0.603515625 0.11149825783972125 0.609375 0.10452961672473868
0 0.353515625 0.20209059233449478 0.353515625 0.21951219512195122 0.341796875 0.21951219512195122 0.341796875 0.21602787456445993 0.345703125 0.21602787456445993 0.34765625 0.20905923344947736 0.3515625 0.20905923344947736 0.353515625 0.20557491289198607
0 0.515625 0.3867595818815331 0.51953125 0.3832752613240418 0.525390625 0.3832752613240418 0.52734375 0.3867595818815331 0.533203125 0.3867595818815331 0.537109375 0.3902439024390244 0.548828125 0.3797909407665505 0.5546875 0.3797909407665505 0.556640625 0.37630662020905925 0.568359375 0.37630662020905925 0.5703125 0.3693379790940767 0.587890625 0.3693379790940767 0.587890625 0.39372822299651566 0.5859375 0.39372822299651566 0.583984375 0.40069686411149824 0.578125 0.4076655052264808 0.578125 0.4146341463414634 0.572265625 0.4355400696864111 0.568359375 0.4355400696864111 0.56640625 0.42857142857142855 0.556640625 0.42857142857142855 0.552734375 0.43902439024390244 0.548828125 0.43902439024390244 0.54296875 0.44947735191637633 0.525390625 0.44947735191637633 0.517578125 0.43902439024390244 0.517578125 0.42857142857142855 0.525390625 0.42857142857142855 0.52734375 0.4250871080139373 0.52734375 0.40418118466898956 0.525390625 0.40069686411149824 0.51953125 0.40069686411149824 0.515625 0.3902439024390244
0 0.51953125 0.27526132404181186 0.5234375 0.27526132404181186 0.5234375 0.30662020905923343 0.5078125 0.30662020905923343 0.5078125 0.289198606271777 0.51171875 0.289198606271777 0.513671875 0.28222996515679444 0.517578125 0.28222996515679444 0.51953125 0.2787456445993031
0 0.638671875 0.3240418118466899 0.64453125 0.3240418118466899 0.646484375 0.3310104529616725 0.65234375 0.3344947735191638 0.65234375 0.34494773519163763 0.6484375 0.34843205574912894 0.6484375 0.3554006968641115 0.646484375 0.3554006968641115 0.642578125 0.36585365853658536 0.6484375 0.37282229965156793 0.6484375 0.3832752613240418 0.64453125 0.3867595818815331 0.640625 0.40418118466898956 0.63671875 0.4076655052264808 0.638671875 0.41114982578397213 0.642578125 0.41114982578397213 0.64453125 0.42160278745644597 0.619140625 0.43902439024390244 0.603515625 0.43902439024390244 0.599609375 0.4250871080139373 0.599609375 0.39372822299651566 0.60546875 0.3867595818815331 0.611328125 0.37282229965156793 0.615234375 0.37282229965156793 0.619140625 0.36585365853658536 0.634765625 0.3588850174216028 0.63671875 0.3554006968641115 0.63671875 0.3310104529616725 0.638671875 0.32752613240418116
0 0.373046875 0.06620209059233449 0.380859375 0.06620209059233449 0.3828125 0.07317073170731707 0.38671875 0.07317073170731707 0.38671875 0.07665505226480836 0.390625 0.08013937282229965 0.390625 0.09059233449477352 0.365234375 0.09059233449477352 0.365234375 0.07317073170731707 0.37109375 0.07317073170731707 0.373046875 0.06968641114982578
0 0.548828125 0.8327526132404182 0.548828125 0.8641114982578397 0.546875 0.867595818815331 0.5390625 0.8745644599303136 0.53515625 0.8850174216027874 0.53125 0.8850174216027874 0.52734375 0.89198606271777 0.51171875 0.89198606271777 0.51171875 0.8710801393728222 0.515625 0.867595818815331 0.517578125 0.8606271777003485 0.521484375 0.8606271777003485 0.529296875 0.8536585365853658 0.537109375 0.8536585365853658 0.5390625 0.8466898954703833 0.546875 0.8432055749128919 0.548828125 0.8362369337979094
0 0.599609375 0.059233449477351915 0.599609375 0.08362369337979095 0.58203125 0.08362369337979095 0.58203125 0.08013937282229965 0.5859375 0.08013937282229965 0.587890625 0.07665505226480836 0.587890625 0.06620209059233449 0.59765625 0.06620209059233449 0.599609375 0.0627177700348432
0 0.3515625 0.14285714285714285 0.359375 0.14285714285714285 0.361328125 0.14982578397212543 0.3671875 0.14982578397212543 0.3671875 0.1602787456445993 0.34765625 0.1602787456445993 0.34765625 0.14982578397212543 0.3515625 0.14634146341463414
0 0.310546875 0.3797909407665505 0.322265625 0.3797909407665505 0.32421875 0.3867595818815331 0.33203125 0.3867595818815331 0.3359375 0.3902439024390244 0.3359375 0.41114982578397213 0.32421875 0.41114982578397213 0.3203125 0.4076655052264808 0.3203125 0.40069686411149824 0.31640625 0.397212543554007 0.31640625 0.3902439024390244 0.314453125 0.3867595818815331 0.310546875 0.3867595818815331 0.310546875 0.3832752613240418
0 0.341796875 0.0627177700348432 0.3515625 0.0627177700348432 0.353515625 0.06968641114982578 0.357421875 0.06968641114982578 0.357421875 0.08710801393728224 0.341796875 0.08710801393728224 0.341796875 0.06620209059233449
0 0.41796875 0.05574912891986063 0.41796875 0.07317073170731707 0.40234375 0.07317073170731707 0.40234375 0.06968641114982578 0.3984375 0.06620209059233449 0.3984375 0.059233449477351915 0.416015625 0.05574912891986063
0 0.50390625 0.40418118466898956 0.50390625 0.43902439024390244 0.501953125 0.4425087108013937 0.4921875 0.4425087108013937 0.4921875 0.4250871080139373 0.49609375 0.4250871080139373 0.498046875 0.42160278745644597 0.498046875 0.41114982578397213 0.501953125 0.41114982578397213 0.50390625 0.4076655052264808
0 0.365234375 0.017421602787456445 0.375 0.017421602787456445 0.376953125 0.024390243902439025 0.3828125 0.024390243902439025 0.3828125 0.027874564459930314 0.38671875 0.0313588850174216 0.38671875 0.041811846689895474 0.357421875 0.041811846689895474 0.357421875 0.0313588850174216 0.359375 0.0313588850174216 0.361328125 0.024390243902439025 0.365234375 0.020905923344947737
0 0.392578125 0.15331010452961671 0.40234375 0.15331010452961671 0.404296875 0.1602787456445993 0.404296875 0.17770034843205576 0.388671875 0.17770034843205576 0.388671875 0.1602787456445993 0.392578125 0.156794425087108
0 0.54296875 0.662020905923345 0.544921875 0.662020905923345 0.544921875 0.6655052264808362 0.55078125 0.6724738675958188 0.556640625 0.6724738675958188 0.55859375 0.6759581881533101 0.56640625 0.6759581881533101 0.5703125 0.6794425087108014 0.56640625 0.6829268292682927 0.56640625 0.6898954703832753 0.568359375 0.6933797909407665 0.57421875 0.6933797909407665 0.57421875 0.6968641114982579 0.580078125 0.7073170731707317 0.60546875 0.7073170731707317 0.607421875 0.710801393728223 0.615234375 0.710801393728223 0.6171875 0.7142857142857143 0.6328125 0.7142857142857143 0.634765625 0.7177700348432056 0.6484375 0.7212543554006968 0.6484375 0.7247386759581882 0.65234375 0.7282229965156795 0.65234375 0.8327526132404182 0.6328125 0.8327526132404182 0.626953125 0.8118466898954704 0.626953125 0.7874564459930313 0.623046875 0.7735191637630662 0.6171875 0.7735191637630662 0.61328125 0.7665505226480837 0.609375 0.7665505226480837 0.60546875 0.759581881533101 0.6015625 0.759581881533101 0.595703125 0.7491289198606271 0.58203125 0.7386759581881533 0.572265625 0.7247386759581882 0.5546875 0.7247386759581882 0.552734375 0.7177700348432056 0.548828125 0.7177700348432056 0.54296875 0.7317073170731707 0.537109375 0.7317073170731707 0.537109375 0.7038327526132404 0.5390625 0.7003484320557491 0.5390625 0.6829268292682927 0.54296875 0.6655052264808362
0 0.49609375 0.3170731707317073 0.5078125 0.3170731707317073 0.5078125 0.3205574912891986 0.51171875 0.3240418118466899 0.51171875 0.3554006968641115 0.509765625 0.3554006968641115 0.5078125 0.3623693379790941 0.49609375 0.3623693379790941 0.49609375 0.3588850174216028 0.4921875 0.3554006968641115 0.4921875 0.32752613240418116 0.494140625 0.32752613240418116 0.49609375 0.3205574912891986
0 0.345703125 0.10104529616724739 0.35546875 0.10104529616724739 0.35546875 0.11149825783972125 0.33984375 0.11149825783972125 0.33984375 0.10801393728222997 0.34375 0.10801393728222997 0.345703125 0.10452961672473868
0 0.4765625 0.6411149825783972 0.478515625 0.6480836236933798 0.48828125 0.6480836236933798 0.490234375 0.6515679442508711 0.5078125 0.6515679442508711 0.5078125 0.6655052264808362 0.505859375 0.6655052264808362 0.50390625 0.6724738675958188 0.5 0.6724738675958188 0.4921875 0.6794425087108014 0.4609375 0.6794425087108014 0.462890625 0.6689895470383276 0.474609375 0.6550522648083623 0.474609375 0.6445993031358885