0 0.609375 0.5694444444444444 0.615234375 0.5694444444444444 0.615234375 0.5798611111111112 0.619140625 0.5902777777777778 0.619140625 0.6111111111111112 0.61328125 0.6284722222222222 0.609375 0.6319444444444444 0.60546875 0.6215277777777778 0.60546875 0.5972222222222222 0.609375 0.5833333333333334 0.609375 0.5729166666666666
0 0.48828125 0.7534722222222222 0.490234375 0.7604166666666666 0.490234375 0.7743055555555556 0.48828125 0.7743055555555556 0.486328125 0.7673611111111112 0.486328125 0.7569444444444444
0 0.564453125 0.9201388888888888 0.5703125 0.9305555555555556 0.57421875 0.9479166666666666 0.57421875 0.9930555555555556 0.5703125 0.9861111111111112 0.568359375 0.9652777777777778 0.564453125 0.9513888888888888 0.564453125 0.9236111111111112
0 0.546875 0.10416666666666667 0.556640625 0.1111111111111111 0.572265625 0.13541666666666666 0.57421875 0.1423611111111111 0.57421875 0.17708333333333334 0.56640625 0.17708333333333334 0.564453125 0.1736111111111111 0.568359375 0.16319444444444445 0.568359375 0.15625 0.560546875 0.1423611111111111 0.55078125 0.13194444444444445 0.544921875 0.13194444444444445 0.544921875 0.125 0.541015625 0.11458333333333333 0.541015625 0.1076388888888889 0.544921875 0.10416666666666667
0 0.513671875 0.4618055555555556 0.515625 0.4618055555555556 0.51953125 0.4722222222222222 0.515625 0.4756944444444444 0.513671875 0.4652777777777778
0 0.56640625 0.7326388888888888 0.568359375 0.7326388888888888 0.57421875 0.7465277777777778 0.57421875 0.7534722222222222 0.5703125 0.75 0.56640625 0.7361111111111112
0 0.48515625 0.3449074074074074 0.0078125 0.013888888888888888
0 0.48046875 0.4097222222222222 0.484375 0.4097222222222222 0.48828125 0.4201388888888889 0.484375 0.4201388888888889 0.482421875 0.4131944444444444
0 0.50390625 0.4131944444444444 0.5078125 0.4131944444444444 0.51171875 0.4201388888888889 0.51171875 0.4270833333333333 0.509765625 0.4270833333333333 0.50390625 0.4166666666666667
0 0.48828125 0.09722222222222222 0.490234375 0.10069444444444445 0.50390625 0.10416666666666667 0.49609375 0.1111111111111111 0.498046875 0.1388888888888889 0.5 0.1423611111111111 0.498046875 0.14930555555555555 0.498046875 0.16319444444444445 0.4921875 0.1840277777777778 0.482421875 0.19444444444444445 0.4765625 0.1875 0.4765625 0.1597222222222222 0.474609375 0.1527777777777778 0.48046875 0.14583333333333334 0.482421875 0.1284722222222222 0.490234375 0.1111111111111111 0.48828125 0.10069444444444445
0 0.654296875 0.08680555555555555 0.654296875 0.0763888888888889 0.65625 0.07291666666666667 0.65625 0.0625 0.658203125 0.05555555555555555 0.658203125 0.08680555555555555 0.65625 0.08680555555555555
0 0.3453125 0.960185185185185 0.007291666666666667 0.014814814814814815
0 0.46484375 0.3819444444444444 0.47265625 0.3888888888888889 0.47265625 0.3993055555555556 0.470703125 0.3993055555555556 0.46484375 0.3854166666666667
0 0.4890625 0.35694444444444445 0.00625 0.012037037037037037
0 0.4921875 0.7604166666666666 0.494140625 0.7604166666666666 0.498046875 0.7743055555555556 0.498046875 0.7777777777777778 0.49609375 0.7777777777777778 0.4921875 0.7708333333333334 0.4921875 0.7638888888888888
0 0.466796875 0.4270833333333333 0.47265625 0.4409722222222222 0.47265625 0.4479166666666667 0.46875 0.4479166666666667 0.466796875 0.4409722222222222 0.466796875 0.4305555555555556
0 0.48046875 0.7222222222222222 0.484375 0.7430555555555556 0.48046875 0.7430555555555556 0.478515625 0.7395833333333334 0.478515625 0.7256944444444444
0 0.494140625 0.3680555555555556 0.49609375 0.3680555555555556 0.498046875 0.375 0.498046875 0.3923611111111111 0.5 0.3958333333333333 0.5 0.40625 0.498046875 0.40625 0.494140625 0.3715277777777778
0 0.466796875 0.3611111111111111 0.470703125 0.3645833333333333 0.474609375 0.375 0.474609375 0.3819444444444444 0.47265625 0.3819444444444444 0.466796875 0.3645833333333333
0 0.48828125 0.7222222222222222 0.4921875 0.7326388888888888 0.4921875 0.7395833333333334 0.490234375 0.7395833333333334 0.48828125 0.7361111111111112 0.48828125 0.7256944444444444
0 0.533203125 0.7465277777777778 0.533203125 0.7534722222222222 0.5390625 0.7743055555555556 0.5390625 0.7951388888888888 0.537109375 0.7986111111111112 0.533203125 0.7847222222222222 0.533203125 0.7604166666666666 0.529296875 0.7534722222222222 0.529296875 0.75 0.53125 0.75
0 0.341796875 0.2743055555555556 0.345703125 0.2743055555555556 0.345703125 0.2916666666666667 0.341796875 0.3020833333333333 0.341796875 0.2777777777777778
0 0.470703125 0.4027777777777778 0.474609375 0.4027777777777778 0.4765625 0.4097222222222222 0.474609375 0.4166666666666667 0.470703125 0.40625
0 0.607421875 0.6597222222222222 0.607421875 0.6701388888888888 0.609375 0.6736111111111112 0.609375 0.6979166666666666 0.607421875 0.7013888888888888 0.607421875 0.7083333333333334 0.60546875 0.7118055555555556 0.60546875 0.6875 0.603515625 0.6840277777777778 0.603515625 0.6666666666666666 0.60546875 0.6631944444444444
0 0.53515625 0.3819444444444444 0.5390625 0.3819444444444444 0.5390625 0.3923611111111111 0.541015625 0.3958333333333333 0.541015625 0.4236111111111111 0.537109375 0.4270833333333333 0.537109375 0.4166666666666667 0.53515625 0.4131944444444444 0.53515625 0.3854166666666667
0 0.634765625 0.8993055555555556 0.638671875 0.90625 0.640625 0.9201388888888888 0.638671875 0.9236111111111112 0.634765625 0.9236111111111112 0.6328125 0.9201388888888888 0.6328125 0.9131944444444444 0.630859375 0.9097222222222222 0.6328125 0.9027777777777778
0 0.62890625 0.7083333333333334 0.630859375 0.7048611111111112 0.630859375 0.6840277777777778 0.634765625 0.6770833333333334 0.638671875 0.6805555555555556 0.646484375 0.6805555555555556 0.650390625 0.6909722222222222 0.650390625 0.7048611111111112 0.6484375 0.7083333333333334 0.6484375 0.7256944444444444 0.650390625 0.7326388888888888 0.642578125 0.7673611111111112 0.640625 0.7673611111111112 0.634765625 0.7569444444444444 0.630859375 0.7118055555555556
0 0.49609375 0.7118055555555556 0.498046875 0.7118055555555556 0.5 0.7291666666666666 0.501953125 0.7326388888888888 0.498046875 0.7361111111111112 0.49609375 0.7152777777777778
0 0.48046875 0.7291666666666666 0.48046875 0.7395833333333334 0.482421875 0.7430555555555556 0.48046875 0.75 0.4765625 0.7465277777777778 0.478515625 0.7326388888888888
0 0.564453125 0.4166666666666667 0.564453125 0.4201388888888889 0.54296875 0.4201388888888889 0.544921875 0.4166666666666667 0.5625 0.4166666666666667
0 0.646484375 0.9513888888888888 0.650390625 0.9513888888888888 0.650390625 0.9652777777777778 0.65234375 0.96875 0.65234375 0.9965277777777778 0.646484375 0.9965277777777778 0.646484375 0.9548611111111112
0 0.5859375 0.6319444444444444 0.587890625 0.6319444444444444 0.595703125 0.6458333333333334 0.59765625 0.6527777777777778 0.59765625 0.6631944444444444 0.599609375 0.6666666666666666 0.599609375 0.6875 0.59765625 0.6909722222222222 0.59765625 0.6979166666666666 0.595703125 0.7013888888888888 0.591796875 0.7013888888888888 0.587890625 0.6944444444444444 0.587890625 0.6770833333333334 0.583984375 0.6666666666666666 0.583984375 0.6597222222222222 0.5859375 0.65625 0.5859375 0.6354166666666666
0 0.513671875 0.7743055555555556 0.51171875 0.78125 0.517578125 0.7951388888888888 0.51953125 0.8090277777777778 0.5234375 0.8194444444444444 0.5234375 0.8368055555555556 0.521484375 0.8368055555555556 0.521484375 0.8333333333333334 0.515625 0.8263888888888888 0.515625 0.8194444444444444 0.51171875 0.8090277777777778 0.51171875 0.7847222222222222 0.5078125 0.7777777777777778 0.51171875 0.7743055555555556
0 0.625 0.03819444444444445 0.626953125 0.03819444444444445 0.626953125 0.07291666666666667 0.623046875 0.08680555555555555 0.619140625 0.09027777777777778 0.619140625 0.07291666666666667 0.62109375 0.06944444444444445 0.62109375 0.059027777777777776 0.625 0.041666666666666664
0 0.548828125 0.7118055555555556 0.55078125 0.7118055555555556 0.55078125 0.7222222222222222 0.552734375 0.7256944444444444 0.548828125 0.7291666666666666 0.548828125 0.7152777777777778
0 0.650390625 0.09027777777777778 0.654296875 0.09027777777777778 0.658203125 0.10416666666666667 0.658203125 0.125 0.65625 0.125 0.65234375 0.1111111111111111 0.65234375 0.10069444444444445 0.650390625 0.09375