0 0.6364583333333333 0.9120370370370371 0.009375 0.027777777777777776
0 0.591796875 0.7152777777777778 0.591796875 0.7013888888888888 0.595703125 0.6875 0.6015625 0.6875 0.607421875 0.7118055555555556 0.60546875 0.71875 0.595703125 0.71875 0.59375 0.7152777777777778
0 0.501953125 0.4270833333333333 0.50390625 0.4270833333333333 0.509765625 0.4375 0.51171875 0.4513888888888889 0.50390625 0.4305555555555556
0 0.4765625 0.3819444444444444 0.48046875 0.3819444444444444 0.482421875 0.3854166666666667 0.482421875 0.3958333333333333 0.478515625 0.3854166666666667
0 0.564453125 0.6979166666666666 0.56640625 0.7048611111111112 0.56640625 0.7152777777777778 0.5625 0.71875 0.5625 0.7013888888888888
0 0.65234375 0.125 0.654296875 0.125 0.658203125 0.13541666666666666 0.658203125 0.15625 0.654296875 0.15625 0.65234375 0.1284722222222222
0 0.56640625 0.14583333333333334 0.5703125 0.1527777777777778 0.57421875 0.1527777777777778 0.580078125 0.1597222222222222 0.58984375 0.1840277777777778 0.58984375 0.2222222222222222 0.5859375 0.2361111111111111 0.5859375 0.2604166666666667 0.587890625 0.2673611111111111 0.576171875 0.2638888888888889 0.576171875 0.2569444444444444 0.58203125 0.2465277777777778 0.58203125 0.2361111111111111 0.578125 0.22916666666666666 0.5703125 0.19444444444444445 0.56640625 0.1875 0.5625 0.1909722222222222 0.564453125 0.1840277777777778 0.564453125 0.1736111111111111 0.5625 0.1701388888888889 0.560546875 0.14930555555555555 0.564453125 0.14583333333333334
0 0.34401041666666665 0.9444444444444444 0.0046875 0.012962962962962963
0 0.45703125 0.3923611111111111 0.462890625 0.3993055555555556 0.46484375 0.40625 0.462890625 0.4097222222222222 0.458984375 0.3958333333333333
0 0.48385416666666664 0.6828703703703703 0.005208333333333333 0.01759259259259259
0 0.474609375 0.6770833333333334 0.478515625 0.6805555555555556 0.478515625 0.6875 0.48046875 0.6909722222222222 0.48046875 0.6979166666666666 0.4765625 0.6979166666666666 0.474609375 0.6944444444444444 0.474609375 0.6805555555555556
0 0.544921875 0.4166666666666667 0.56640625 0.4166666666666667 0.56640625 0.4201388888888889 0.548828125 0.4201388888888889 0.546875 0.4236111111111111 0.544921875 0.4236111111111111 0.544921875 0.4201388888888889
0 0.607421875 0.53125 0.615234375 0.53125 0.6171875 0.5381944444444444 0.6171875 0.5486111111111112 0.619140625 0.5520833333333334 0.619140625 0.5798611111111112 0.61328125 0.5902777777777778 0.609375 0.5902777777777778 0.607421875 0.5868055555555556 0.607421875 0.5520833333333334 0.609375 0.5486111111111112 0.607421875 0.5347222222222222
0 0.453125 0.3541666666666667 0.45703125 0.3541666666666667 0.462890625 0.3645833333333333 0.462890625 0.3715277777777778 0.4609375 0.3715277777777778 0.455078125 0.3576388888888889
0 0.4921875 0.0763888888888889 0.49609375 0.0763888888888889 0.498046875 0.0798611111111111 0.5078125 0.0798611111111111 0.501953125 0.08680555555555555 0.501953125 0.09722222222222222 0.505859375 0.1111111111111111 0.505859375 0.125 0.498046875 0.1527777777777778 0.490234375 0.16319444444444445 0.484375 0.16319444444444445 0.482421875 0.1597222222222222 0.482421875 0.13194444444444445 0.48046875 0.1284722222222222 0.48046875 0.12152777777777778 0.486328125 0.11458333333333333 0.48828125 0.10069444444444445 0.49609375 0.09027777777777778 0.49609375 0.08333333333333333 0.494140625 0.0798611111111111
0 0.4609375 0.3194444444444444 0.462890625 0.3194444444444444 0.466796875 0.3298611111111111 0.466796875 0.34375 0.4609375 0.3229166666666667
0 0.51953125 0.6597222222222222 0.51953125 0.6666666666666666 0.525390625 0.6875 0.52734375 0.7083333333333334 0.5234375 0.7048611111111112 0.51953125 0.6909722222222222 0.51953125 0.6701388888888888 0.517578125 0.6631944444444444
0 0.4765625 0.7048611111111112 0.48046875 0.7048611111111112 0.48046875 0.7118055555555556 0.482421875 0.7152777777777778 0.482421875 0.7291666666666666 0.4765625 0.71875 0.4765625 0.7083333333333334
0 0.623046875 0.5729166666666666 0.634765625 0.5729166666666666 0.634765625 0.5798611111111112 0.6328125 0.5833333333333334 0.63671875 0.6006944444444444 0.63671875 0.6284722222222222 0.634765625 0.6319444444444444 0.634765625 0.6423611111111112 0.630859375 0.6493055555555556 0.626953125 0.6493055555555556 0.625 0.6423611111111112 0.625 0.6180555555555556 0.623046875 0.6145833333333334 0.625 0.5868055555555556 0.626953125 0.5833333333333334 0.625 0.5763888888888888
0 0.4765625 0.3159722222222222 0.48046875 0.3194444444444444 0.48046875 0.3263888888888889 0.482421875 0.3298611111111111 0.48046875 0.3333333333333333 0.4765625 0.3194444444444444
0 0.470703125 0.7013888888888888 0.470703125 0.6944444444444444 0.46875 0.6909722222222222 0.46875 0.6840277777777778 0.470703125 0.6805555555555556 0.47265625 0.6805555555555556 0.4765625 0.6944444444444444 0.4765625 0.6979166666666666 0.47265625 0.7013888888888888
0 0.470703125 0.3715277777777778 0.47265625 0.3715277777777778 0.47265625 0.3784722222222222 0.474609375 0.3819444444444444 0.474609375 0.3888888888888889 0.47265625 0.3923611111111111 0.470703125 0.3888888888888889 0.470703125 0.375
0 0.529296875 0.3402777777777778 0.533203125 0.34375 0.533203125 0.3541666666666667 0.53515625 0.3576388888888889 0.53515625 0.3854166666666667 0.53125 0.3819444444444444 0.53125 0.3715277777777778 0.529296875 0.3680555555555556 0.529296875 0.3576388888888889 0.53125 0.3541666666666667 0.529296875 0.3506944444444444 0.529296875 0.34375
0 0.6484375 0.9791666666666666 0.6484375 0.96875 0.646484375 0.9652777777777778 0.646484375 0.9340277777777778 0.6484375 0.9305555555555556 0.65234375 0.9340277777777778 0.65234375 0.9791666666666666 0.650390625 0.9791666666666666
0 0.494140625 0.3888888888888889 0.5 0.3888888888888889 0.50390625 0.3958333333333333 0.50390625 0.40625 0.5 0.3958333333333333 0.49609375 0.3923611111111111
0 0.61328125 0.6006944444444444 0.615234375 0.6284722222222222 0.6171875 0.6319444444444444 0.615234375 0.6354166666666666 0.615234375 0.6493055555555556 0.61328125 0.65625 0.609375 0.6631944444444444 0.6015625 0.6631944444444444 0.6015625 0.65625 0.599609375 0.6527777777777778 0.599609375 0.6354166666666666 0.60546875 0.625 0.60546875 0.6180555555555556 0.609375 0.6041666666666666 0.611328125 0.6041666666666666
0 0.48828125 0.3159722222222222 0.490234375 0.3159722222222222 0.490234375 0.3298611111111111 0.4921875 0.3333333333333333 0.490234375 0.34375 0.48828125 0.34375 0.48828125 0.3194444444444444
0 0.498046875 0.3333333333333333 0.5 0.3333333333333333 0.5 0.3472222222222222 0.501953125 0.3506944444444444 0.5 0.3680555555555556 0.498046875 0.3680555555555556 0.498046875 0.3368055555555556
0 0.4947916666666667 0.375 0.00625 0.009259259259259259
0 0.55078125 0.6631944444444444 0.552734375 0.6597222222222222 0.56640625 0.6597222222222222 0.568359375 0.65625 0.576171875 0.6597222222222222 0.576171875 0.6631944444444444 0.556640625 0.6631944444444444 0.552734375 0.6666666666666666
0 0.50390625 0.6770833333333334 0.5078125 0.6770833333333334 0.5078125 0.6875 0.51171875 0.7013888888888888 0.51171875 0.7326388888888888 0.513671875 0.7361111111111112 0.513671875 0.7569444444444444 0.51171875 0.7569444444444444 0.509765625 0.75 0.509765625 0.7361111111111112 0.505859375 0.7222222222222222 0.505859375 0.6840277777777778 0.50390625 0.6805555555555556
0 0.55078125 0.6770833333333334 0.552734375 0.6770833333333334 0.552734375 0.6875 0.55078125 0.6944444444444444 0.548828125 0.6944444444444444 0.55078125 0.6805555555555556