0 0.55078125 0.09027777777777778 0.5625 0.1111111111111111 0.5703125 0.11805555555555555 0.58984375 0.11805555555555555 0.591796875 0.12152777777777778 0.599609375 0.1076388888888889 0.599609375 0.11805555555555555 0.591796875 0.1388888888888889 0.58203125 0.14583333333333334 0.5546875 0.14583333333333334 0.55078125 0.1388888888888889 0.55078125 0.13194444444444445 0.546875 0.12152777777777778 0.546875 0.1076388888888889 0.544921875 0.10416666666666667 0.544921875 0.09375 0.548828125 0.09027777777777778
0 0.583984375 0.3958333333333333 0.587890625 0.3993055555555556 0.591796875 0.4097222222222222 0.58203125 0.4097222222222222 0.580078125 0.40625 0.576171875 0.40625 0.572265625 0.3993055555555556 0.578125 0.3923611111111111 0.58203125 0.3958333333333333
0 0.626953125 0.14583333333333334 0.626953125 0.15625 0.619140625 0.16319444444444445 0.611328125 0.15625 0.609375 0.14930555555555555 0.611328125 0.14583333333333334 0.625 0.14583333333333334
0 0.501953125 0.0763888888888889 0.50390625 0.0798611111111111 0.50390625 0.08680555555555555 0.513671875 0.09375 0.51953125 0.1076388888888889 0.51953125 0.11458333333333333 0.517578125 0.11805555555555555 0.513671875 0.11805555555555555 0.5078125 0.1076388888888889 0.5078125 0.10416666666666667 0.501953125 0.09722222222222222 0.50390625 0.09027777777777778 0.501953125 0.08680555555555555 0.501953125 0.0798611111111111
0 0.5625 0.1111111111111111 0.56640625 0.11458333333333333 0.56640625 0.125 0.564453125 0.1284722222222222 0.560546875 0.1284722222222222 0.560546875 0.11805555555555555 0.5625 0.11458333333333333
0 0.5703125 0.4305555555555556 0.572265625 0.4305555555555556 0.5703125 0.4340277777777778 0.56640625 0.4340277777777778 0.55859375 0.4513888888888889 0.552734375 0.4548611111111111 0.55078125 0.4618055555555556 0.5390625 0.4756944444444444 0.5390625 0.46875 0.537109375 0.4652777777777778 0.5390625 0.4375 0.552734375 0.4097222222222222 0.55859375 0.4027777777777778 0.568359375 0.4027777777777778 0.568359375 0.4166666666666667 0.56640625 0.4201388888888889 0.568359375 0.4270833333333333
0 0.443359375 0.05555555555555555 0.447265625 0.059027777777777776 0.447265625 0.06597222222222222 0.44140625 0.06597222222222222 0.439453125 0.07291666666666667 0.435546875 0.07291666666666667 0.431640625 0.06597222222222222 0.431640625 0.05555555555555555 0.43359375 0.052083333333333336 0.439453125 0.052083333333333336 0.44140625 0.05555555555555555
0 0.470703125 0.0763888888888889 0.484375 0.09722222222222222 0.484375 0.1076388888888889 0.482421875 0.1111111111111111 0.4765625 0.1111111111111111 0.474609375 0.1076388888888889 0.462890625 0.1076388888888889 0.44921875 0.09375 0.443359375 0.09375 0.447265625 0.08333333333333333 0.45703125 0.08333333333333333 0.458984375 0.0798611111111111 0.46484375 0.0798611111111111 0.46875 0.0763888888888889
0 0.42578125 0.052083333333333336 0.42578125 0.04513888888888889 0.427734375 0.041666666666666664 0.43359375 0.041666666666666664 0.439453125 0.052083333333333336 0.43359375 0.052083333333333336 0.431640625 0.05555555555555555 0.427734375 0.052083333333333336
0 0.369140625 0.2361111111111111 0.373046875 0.25 0.373046875 0.2604166666666667 0.361328125 0.2604166666666667 0.35546875 0.2673611111111111 0.34375 0.2673611111111111 0.34375 0.2569444444444444 0.341796875 0.2534722222222222 0.341796875 0.2326388888888889 0.34765625 0.22569444444444445 0.357421875 0.22569444444444445 0.359375 0.22916666666666666 0.36328125 0.22916666666666666 0.3671875 0.2361111111111111
0 0.400390625 0.2013888888888889 0.40234375 0.2048611111111111 0.400390625 0.20833333333333334 0.3984375 0.2048611111111111 0.39453125 0.20833333333333334 0.38671875 0.20833333333333334 0.3828125 0.2013888888888889 0.384765625 0.19444444444444445 0.390625 0.19444444444444445 0.39453125 0.2013888888888889 0.3984375 0.2013888888888889
0 0.439453125 0.08333333333333333 0.44140625 0.09027777777777778 0.439453125 0.09375 0.4296875 0.09375 0.423828125 0.08680555555555555 0.427734375 0.0763888888888889 0.43359375 0.0763888888888889 0.4375 0.08333333333333333
0 0.447265625 0.15625 0.44921875 0.1597222222222222 0.455078125 0.1597222222222222 0.455078125 0.16319444444444445 0.44921875 0.1701388888888889 0.4375 0.1701388888888889 0.4375 0.1597222222222222 0.439453125 0.15625 0.4453125 0.15625
0 0.65625 0.2743055555555556 0.658203125 0.2777777777777778 0.658203125 0.3194444444444444 0.64453125 0.3368055555555556 0.625 0.3368055555555556 0.623046875 0.3402777777777778 0.609375 0.34375 0.603515625 0.3506944444444444 0.587890625 0.3576388888888889 0.58203125 0.3645833333333333 0.568359375 0.3680555555555556 0.56640625 0.3715277777777778 0.556640625 0.3715277777777778 0.55859375 0.3680555555555556 0.580078125 0.3541666666666667 0.6015625 0.3229166666666667 0.607421875 0.3194444444444444 0.61328125 0.3090277777777778 0.62890625 0.2951388888888889 0.642578125 0.2777777777777778 0.654296875 0.2743055555555556
0 0.646484375 0.875 0.65625 0.8958333333333334 0.65625 0.90625 0.658203125 0.9097222222222222 0.65625 0.9131944444444444 0.63671875 0.9027777777777778 0.634765625 0.8958333333333334 0.62109375 0.8784722222222222 0.623046875 0.875 0.64453125 0.875
0 0.5234375 0.4548611111111111 0.52734375 0.4548611111111111 0.52734375 0.4618055555555556 0.529296875 0.4652777777777778 0.529296875 0.4861111111111111 0.52734375 0.4930555555555556 0.5234375 0.4930555555555556 0.517578125 0.4826388888888889 0.51953125 0.4756944444444444 0.51953125 0.4652777777777778 0.5234375 0.4583333333333333
0 0.6067708333333334 0.8152777777777778 0.014583333333333334 0.03796296296296296
0 0.5703125 0.7569444444444444 0.5703125 0.7847222222222222 0.56640625 0.7916666666666666 0.5625 0.7916666666666666 0.560546875 0.7951388888888888 0.560546875 0.7777777777777778 0.564453125 0.7638888888888888 0.568359375 0.7604166666666666
0 0.6484375 0.462962962962963 0.020833333333333332 0.08518518518518518
0 0.560546875 0.6354166666666666 0.5625 0.6388888888888888 0.56640625 0.6388888888888888 0.5703125 0.6458333333333334 0.58203125 0.6458333333333334 0.58203125 0.6597222222222222 0.5859375 0.6631944444444444 0.5859375 0.6666666666666666 0.591796875 0.6770833333333334 0.583984375 0.6875 0.564453125 0.6875 0.55859375 0.6944444444444444 0.552734375 0.6944444444444444 0.5546875 0.6875 0.5546875 0.6770833333333334 0.556640625 0.6736111111111112 0.556640625 0.65625 0.560546875 0.6388888888888888
0 0.41510416666666666 0.14259259259259258 0.016666666666666666 0.016666666666666666
0 0.3716145833333333 0.10648148148148148 0.011979166666666666 0.018518518518518517
0 0.630859375 0.6875 0.642578125 0.6875 0.658203125 0.6979166666666666 0.658203125 0.7916666666666666 0.65625 0.7951388888888888 0.64453125 0.7951388888888888 0.63671875 0.7881944444444444 0.630859375 0.7743055555555556 0.630859375 0.7291666666666666 0.6328125 0.7256944444444444 0.6328125 0.7013888888888888 0.630859375 0.6979166666666666 0.630859375 0.6909722222222222
0 0.53125 0.3020833333333333 0.533203125 0.3055555555555556 0.533203125 0.3194444444444444 0.529296875 0.3263888888888889 0.529296875 0.3402777777777778 0.525390625 0.3402777777777778 0.5234375 0.3368055555555556 0.515625 0.3402777777777778 0.513671875 0.3333333333333333 0.515625 0.3125 0.52734375 0.3125 0.529296875 0.3055555555555556
0 0.560546875 0.6388888888888888 0.564453125 0.6388888888888888 0.5703125 0.6458333333333334 0.58203125 0.6458333333333334 0.58203125 0.6597222222222222 0.583984375 0.6631944444444444 0.587890625 0.6631944444444444 0.587890625 0.6701388888888888 0.59375 0.6770833333333334 0.59765625 0.6770833333333334 0.599609375 0.6736111111111112 0.6015625 0.6770833333333334 0.61328125 0.6770833333333334 0.615234375 0.6805555555555556 0.642578125 0.6875 0.64453125 0.6909722222222222 0.650390625 0.6909722222222222 0.658203125 0.7013888888888888 0.658203125 0.7916666666666666 0.65625 0.7951388888888888 0.64453125 0.7951388888888888 0.642578125 0.7916666666666666 0.638671875 0.7916666666666666 0.630859375 0.7743055555555556 0.630859375 0.75 0.62890625 0.7430555555555556 0.58984375 0.6979166666666666 0.5859375 0.6875 0.564453125 0.6875 0.55859375 0.6944444444444444 0.552734375 0.6944444444444444 0.5546875 0.6875 0.5546875 0.6770833333333334 0.556640625 0.6736111111111112 0.55859375 0.6458333333333334 0.560546875 0.6423611111111112
0 0.623046875 0.06597222222222222 0.626953125 0.06944444444444445 0.626953125 0.0798611111111111 0.623046875 0.0798611111111111 0.62109375 0.0763888888888889 0.623046875 0.06944444444444445
0 0.51953125 0.2708333333333333 0.52734375 0.2708333333333333 0.53125 0.2847222222222222 0.52734375 0.2951388888888889 0.521484375 0.2951388888888889 0.51953125 0.2916666666666667 0.51953125 0.2743055555555556