0 0.751953125 0.3923611111111111 0.75390625 0.3958333333333333 0.767578125 0.3958333333333333 0.771484375 0.3993055555555556 0.771484375 0.40625 0.767578125 0.4131944444444444 0.755859375 0.4131944444444444 0.748046875 0.4201388888888889 0.734375 0.4201388888888889 0.724609375 0.40625 0.724609375 0.3993055555555556 0.73046875 0.3888888888888889 0.748046875 0.3888888888888889 0.75 0.3923611111111111
0 0.720703125 0.3715277777777778 0.72265625 0.375 0.740234375 0.375 0.7421875 0.3784722222222222 0.763671875 0.3819444444444444 0.767578125 0.3854166666666667 0.765625 0.3923611111111111 0.75 0.3923611111111111 0.740234375 0.3854166666666667 0.732421875 0.3854166666666667 0.73046875 0.3888888888888889 0.728515625 0.3854166666666667 0.72265625 0.3923611111111111 0.70703125 0.3888888888888889 0.69921875 0.3819444444444444 0.701171875 0.375 0.71875 0.3715277777777778
0 0.1953125 0.4166666666666667 0.197265625 0.4201388888888889 0.2109375 0.4201388888888889 0.212890625 0.4166666666666667 0.216796875 0.4166666666666667 0.224609375 0.4236111111111111 0.23046875 0.4236111111111111 0.23046875 0.4305555555555556 0.21484375 0.4409722222222222 0.1953125 0.4444444444444444 0.193359375 0.4479166666666667 0.185546875 0.4409722222222222 0.1484375 0.4409722222222222 0.1484375 0.4340277777777778 0.15625 0.4270833333333333 0.173828125 0.4236111111111111 0.17578125 0.4201388888888889 0.189453125 0.4201388888888889 0.193359375 0.4166666666666667
0 0.5546875 0.6423611111111112 0.556640625 0.6458333333333334 0.583984375 0.6493055555555556 0.5859375 0.6527777777777778 0.619140625 0.65625 0.62109375 0.6631944444444444 0.609375 0.6666666666666666 0.607421875 0.6701388888888888 0.599609375 0.6701388888888888 0.59765625 0.6736111111111112 0.560546875 0.6736111111111112 0.55859375 0.6701388888888888 0.5546875 0.6701388888888888 0.55078125 0.6631944444444444 0.546875 0.6631944444444444 0.541015625 0.6527777777777778 0.541015625 0.6458333333333334 0.552734375 0.6423611111111112
0 0.6169270833333333 0.2611111111111111 0.05260416666666667 0.025925925925925925
0 0.126953125 0.2604166666666667 0.12890625 0.2638888888888889 0.13671875 0.2638888888888889 0.138671875 0.2673611111111111 0.1484375 0.2673611111111111 0.15234375 0.2777777777777778 0.150390625 0.28125 0.130859375 0.28125 0.12109375 0.2951388888888889 0.111328125 0.2951388888888889 0.099609375 0.2847222222222222 0.07421875 0.28125 0.0703125 0.2777777777777778 0.0703125 0.2708333333333333 0.07421875 0.2638888888888889 0.078125 0.2638888888888889 0.080078125 0.2604166666666667 0.125 0.2604166666666667
0 0.595703125 0.1111111111111111 0.59765625 0.11805555555555555 0.59765625 0.1284722222222222 0.595703125 0.13541666666666666 0.591796875 0.1388888888888889 0.58203125 0.1388888888888889 0.580078125 0.1423611111111111 0.564453125 0.13541666666666666 0.5625 0.13194444444444445 0.5625 0.12152777777777778 0.57421875 0.1111111111111111 0.583984375 0.1111111111111111 0.5859375 0.1076388888888889 0.591796875 0.1076388888888889 0.59375 0.1111111111111111
0 0.974609375 0.3541666666666667 0.982421875 0.3541666666666667 0.984375 0.3506944444444444 0.998046875 0.3472222222222222 0.998046875 0.3645833333333333 0.99609375 0.3680555555555556 0.98046875 0.3680555555555556 0.978515625 0.3645833333333333 0.974609375 0.3645833333333333 0.974609375 0.3576388888888889
0 0.68359375 0.3993055555555556 0.685546875 0.4027777777777778 0.701171875 0.4027777777777778 0.71484375 0.4131944444444444 0.7109375 0.4166666666666667 0.703125 0.4166666666666667 0.701171875 0.4201388888888889 0.677734375 0.4236111111111111 0.67578125 0.4270833333333333 0.671875 0.4236111111111111 0.650390625 0.4236111111111111 0.6484375 0.4201388888888889 0.6484375 0.4131944444444444 0.662109375 0.4027777777777778 0.677734375 0.4027777777777778 0.681640625 0.3993055555555556
0 0.283203125 0.21875 0.28515625 0.2222222222222222 0.294921875 0.2222222222222222 0.298828125 0.2326388888888889 0.2890625 0.2326388888888889 0.287109375 0.2361111111111111 0.279296875 0.2361111111111111 0.27734375 0.23958333333333334 0.244140625 0.23958333333333334 0.240234375 0.2361111111111111 0.240234375 0.22916666666666666 0.248046875 0.2222222222222222 0.26953125 0.2222222222222222 0.271484375 0.21875 0.28125 0.21875
0 0.595703125 0.1423611111111111 0.599609375 0.14930555555555555 0.599609375 0.16666666666666666 0.59765625 0.1701388888888889 0.59375 0.1701388888888889 0.591796875 0.1736111111111111 0.56640625 0.1736111111111111 0.564453125 0.17708333333333334 0.55078125 0.1736111111111111 0.548828125 0.1701388888888889 0.548828125 0.16319444444444445 0.552734375 0.1527777777777778 0.556640625 0.14930555555555555 0.56640625 0.14930555555555555 0.568359375 0.14583333333333334 0.59375 0.1423611111111111
0 0.576171875 0.3819444444444444 0.580078125 0.3784722222222222 0.587890625 0.3784722222222222 0.58984375 0.375 0.642578125 0.375 0.64453125 0.3784722222222222 0.642578125 0.3854166666666667 0.626953125 0.3854166666666667 0.615234375 0.3958333333333333 0.58984375 0.3958333333333333 0.5859375 0.3888888888888889 0.578125 0.3888888888888889 0.576171875 0.3854166666666667
0 0.208984375 0.3298611111111111 0.208984375 0.34375 0.205078125 0.3506944444444444 0.17578125 0.3472222222222222 0.201171875 0.3298611111111111 0.20703125 0.3298611111111111
0 0.3515625 0.3229166666666667 0.353515625 0.3263888888888889 0.353515625 0.34375 0.3515625 0.3506944444444444 0.345703125 0.3506944444444444 0.34375 0.3541666666666667 0.322265625 0.3541666666666667 0.3203125 0.3472222222222222 0.33203125 0.3333333333333333 0.349609375 0.3263888888888889
0 0.1875 0.3854166666666667 0.1875 0.3784722222222222 0.189453125 0.375 0.193359375 0.375 0.19921875 0.3680555555555556 0.205078125 0.3680555555555556 0.212890625 0.3611111111111111 0.23046875 0.3611111111111111 0.232421875 0.3576388888888889 0.27734375 0.3576388888888889 0.279296875 0.3645833333333333 0.27734375 0.3680555555555556 0.267578125 0.3680555555555556 0.25390625 0.3784722222222222 0.248046875 0.3784722222222222 0.23828125 0.3854166666666667 0.228515625 0.3854166666666667 0.2265625 0.3888888888888889 0.19140625 0.3888888888888889 0.189453125 0.3854166666666667
0 0.099609375 0.34375 0.107421875 0.3368055555555556 0.12109375 0.3333333333333333 0.123046875 0.3298611111111111 0.15234375 0.3263888888888889 0.154296875 0.3229166666666667 0.17578125 0.3229166666666667 0.177734375 0.3194444444444444 0.181640625 0.3229166666666667 0.181640625 0.3333333333333333 0.177734375 0.3368055555555556 0.171875 0.3368055555555556 0.169921875 0.3402777777777778 0.1640625 0.3402777777777778 0.162109375 0.34375 0.15625 0.34375 0.150390625 0.3506944444444444 0.13671875 0.3506944444444444 0.134765625 0.3541666666666667 0.099609375 0.3541666666666667 0.099609375 0.3472222222222222
0 0.599609375 0.18055555555555555 0.6015625 0.1840277777777778 0.599609375 0.19791666666666666 0.595703125 0.2048611111111111 0.587890625 0.2048611111111111 0.5859375 0.20833333333333334 0.552734375 0.20833333333333334 0.55078125 0.2048611111111111 0.544921875 0.2048611111111111 0.5390625 0.19444444444444445 0.5390625 0.1875 0.544921875 0.18055555555555555 0.583984375 0.18055555555555555 0.5859375 0.17708333333333334 0.595703125 0.17708333333333334 0.59765625 0.18055555555555555
0 0.328125 0.3715277777777778 0.328125 0.3819444444444444 0.3125 0.3958333333333333 0.30078125 0.3958333333333333 0.298828125 0.3923611111111111 0.30078125 0.3784722222222222 0.3046875 0.375 0.310546875 0.375 0.3125 0.3715277777777778 0.326171875 0.3715277777777778
0 0.51171875 0.3055555555555556 0.513671875 0.3125 0.513671875 0.3194444444444444 0.51171875 0.3229166666666667 0.5 0.3229166666666667 0.501953125 0.3090277777777778 0.50390625 0.3055555555555556 0.509765625 0.3055555555555556
0 0.07421875 0.4479166666666667 0.07421875 0.4409722222222222 0.08203125 0.4305555555555556 0.087890625 0.4305555555555556 0.08984375 0.4270833333333333 0.1015625 0.4270833333333333 0.103515625 0.4236111111111111 0.13671875 0.4236111111111111 0.138671875 0.4270833333333333 0.146484375 0.4270833333333333 0.1484375 0.4305555555555556 0.14453125 0.4375 0.12890625 0.4409722222222222 0.126953125 0.4444444444444444 0.1171875 0.4444444444444444 0.115234375 0.4479166666666667 0.095703125 0.4479166666666667 0.09375 0.4513888888888889 0.078125 0.4513888888888889 0.076171875 0.4479166666666667
0 0.87109375 0.4270833333333333 0.873046875 0.4305555555555556 0.890625 0.4305555555555556 0.892578125 0.4340277777777778 0.900390625 0.4340277777777778 0.90234375 0.4375 0.908203125 0.4375 0.9140625 0.4444444444444444 0.912109375 0.4479166666666667 0.87890625 0.4479166666666667 0.876953125 0.4513888888888889 0.849609375 0.4513888888888889 0.84765625 0.4479166666666667 0.83984375 0.4479166666666667 0.837890625 0.4444444444444444 0.83203125 0.4444444444444444 0.828125 0.4409722222222222 0.828125 0.4340277777777778 0.83203125 0.4305555555555556 0.841796875 0.4305555555555556 0.84375 0.4270833333333333 0.869140625 0.4270833333333333
0 0.9890625 0.4490740740740741 0.021875 0.03518518518518518
0 0.294921875 0.2951388888888889 0.29296875 0.3020833333333333 0.28515625 0.3090277777777778 0.271484375 0.3090277777777778 0.26953125 0.3125 0.24609375 0.3125 0.244140625 0.3159722222222222 0.23046875 0.3159722222222222 0.232421875 0.3090277777777778 0.236328125 0.3055555555555556 0.2421875 0.3055555555555556 0.244140625 0.3020833333333333 0.26953125 0.2986111111111111 0.271484375 0.2951388888888889 0.29296875 0.2951388888888889
0 0.287109375 0.19444444444444445 0.2890625 0.19791666666666666 0.30078125 0.19791666666666666 0.322265625 0.2152777777777778 0.326171875 0.2222222222222222 0.296875 0.2222222222222222 0.294921875 0.21875 0.28515625 0.2152777777777778 0.27734375 0.2048611111111111 0.279296875 0.19791666666666666 0.28515625 0.19444444444444445
0 0.85546875 0.5104166666666666 0.857421875 0.5138888888888888 0.875 0.5138888888888888 0.8828125 0.5208333333333334 0.900390625 0.5208333333333334 0.90234375 0.5277777777777778 0.90234375 0.5347222222222222 0.89453125 0.5347222222222222 0.892578125 0.53125 0.888671875 0.53125 0.88671875 0.5347222222222222 0.875 0.5347222222222222 0.873046875 0.5381944444444444 0.8671875 0.5381944444444444 0.861328125 0.5451388888888888 0.83203125 0.5416666666666666 0.830078125 0.5381944444444444 0.82421875 0.5381944444444444 0.822265625 0.5347222222222222 0.810546875 0.53125 0.810546875 0.5208333333333334 0.818359375 0.5138888888888888 0.826171875 0.5138888888888888 0.828125 0.5104166666666666 0.853515625 0.5104166666666666
0 0.431640625 0.3888888888888889 0.435546875 0.3923611111111111 0.435546875 0.4027777777777778 0.43359375 0.4097222222222222 0.431640625 0.4131944444444444 0.423828125 0.4131944444444444 0.421875 0.4166666666666667 0.416015625 0.4097222222222222 0.416015625 0.3993055555555556 0.4296875 0.3923611111111111
0 0.265625 0.1840277777777778 0.267578125 0.1875 0.27734375 0.1875 0.279296875 0.1909722222222222 0.27734375 0.19791666666666666 0.265625 0.2013888888888889 0.263671875 0.2048611111111111 0.2578125 0.2048611111111111 0.25 0.21180555555555555 0.23828125 0.21180555555555555 0.236328125 0.2152777777777778 0.212890625 0.2152777777777778 0.208984375 0.20833333333333334 0.212890625 0.2013888888888889 0.2265625 0.1909722222222222 0.23828125 0.1909722222222222 0.240234375 0.1875 0.255859375 0.1875 0.2578125 0.1840277777777778 0.263671875 0.1840277777777778
0 0.123046875 0.3784722222222222 0.12109375 0.3680555555555556 0.125 0.3611111111111111 0.138671875 0.3576388888888889 0.140625 0.3541666666666667 0.16796875 0.3541666666666667 0.169921875 0.3506944444444444 0.19921875 0.3506944444444444 0.201171875 0.3541666666666667 0.19921875 0.3611111111111111 0.1875 0.3645833333333333 0.185546875 0.3680555555555556 0.1796875 0.3680555555555556 0.177734375 0.3715277777777778 0.171875 0.3715277777777778 0.169921875 0.375 0.150390625 0.3784722222222222 0.1484375 0.3819444444444444 0.1328125 0.3819444444444444 0.130859375 0.3784722222222222 0.125 0.3784722222222222
0 0.26171875 0.3090277777777778 0.263671875 0.3125 0.26953125 0.3125 0.2734375 0.3055555555555556 0.279296875 0.3055555555555556 0.283203125 0.3090277777777778 0.28515625 0.3159722222222222 0.263671875 0.3263888888888889 0.25390625 0.3368055555555556 0.2421875 0.3402777777777778 0.240234375 0.34375 0.220703125 0.3472222222222222 0.21875 0.34375 0.212890625 0.34375 0.208984375 0.3402777777777778 0.208984375 0.3298611111111111 0.228515625 0.3159722222222222 0.248046875 0.3159722222222222 0.25 0.3125 0.259765625 0.3125
0 0.07734375 0.3648148148148148 0.04635416666666667 0.025925925925925925
0 0.5390625 0.4131944444444444 0.556640625 0.4131944444444444 0.55859375 0.4166666666666667 0.55859375 0.4236111111111111 0.556640625 0.4270833333333333 0.546875 0.4270833333333333 0.544921875 0.4236111111111111 0.541015625 0.4236111111111111 0.5390625 0.4166666666666667
0 0.349609375 0.3020833333333333 0.3515625 0.3055555555555556 0.349609375 0.3090277777777778 0.318359375 0.3298611111111111 0.3046875 0.3298611111111111 0.302734375 0.3263888888888889 0.302734375 0.3194444444444444 0.306640625 0.3125 0.31640625 0.3055555555555556 0.322265625 0.3055555555555556 0.32421875 0.3020833333333333 0.337890625 0.3020833333333333 0.33984375 0.2986111111111111 0.34765625 0.3020833333333333
0 0.548828125 0.3194444444444444 0.55859375 0.3298611111111111 0.55859375 0.3333333333333333 0.548828125 0.3402777777777778 0.533203125 0.3402777777777778 0.52734375 0.3333333333333333 0.52734375 0.3263888888888889 0.53125 0.3194444444444444 0.537109375 0.3194444444444444 0.5390625 0.3159722222222222 0.544921875 0.3159722222222222 0.546875 0.3194444444444444
0 0.5981770833333333 0.3300925925925926 0.028645833333333332 0.058333333333333334
0 0.357421875 0.5729166666666666 0.361328125 0.5763888888888888 0.361328125 0.5868055555555556 0.353515625 0.6006944444444444 0.353515625 0.6076388888888888 0.3515625 0.6111111111111112 0.353515625 0.6423611111111112 0.35546875 0.6458333333333334 0.35546875 0.6631944444444444 0.353515625 0.6666666666666666 0.349609375 0.6701388888888888 0.33984375 0.6701388888888888 0.326171875 0.6875 0.310546875 0.6840277777777778 0.30078125 0.6701388888888888 0.296875 0.6736111111111112 0.2890625 0.6736111111111112 0.287109375 0.6701388888888888 0.283203125 0.6770833333333334 0.283203125 0.6909722222222222 0.27734375 0.7048611111111112 0.2734375 0.7048611111111112 0.271484375 0.7013888888888888 0.271484375 0.6736111111111112 0.267578125 0.6597222222222222 0.255859375 0.6388888888888888 0.2578125 0.6319444444444444 0.265625 0.6319444444444444 0.2734375 0.6388888888888888 0.279296875 0.6388888888888888 0.28125 0.6423611111111112 0.29296875 0.6458333333333334 0.296875 0.6423611111111112 0.3203125 0.5972222222222222 0.328125 0.59375 0.34375 0.5763888888888888 0.35546875 0.5729166666666666
0 0.35234375 0.40555555555555556 0.025520833333333333 0.025925925925925925
0 0.794921875 0.3263888888888889 0.8046875 0.3333333333333333 0.818359375 0.3333333333333333 0.8203125 0.3368055555555556 0.828125 0.3368055555555556 0.830078125 0.3402777777777778 0.830078125 0.34375 0.8125 0.34375 0.810546875 0.3472222222222222 0.798828125 0.3472222222222222 0.796875 0.3506944444444444 0.76171875 0.3506944444444444 0.759765625 0.3472222222222222 0.744140625 0.34375 0.740234375 0.3368055555555556 0.74609375 0.3298611111111111 0.75390625 0.3298611111111111 0.755859375 0.3263888888888889 0.79296875 0.3263888888888889