0 0.595703125 0.6132404181184669 0.6015625 0.6132404181184669 0.6015625 0.6724738675958188 0.595703125 0.6724738675958188 0.595703125 0.6655052264808362 0.591796875 0.662020905923345 0.591796875 0.6550522648083623 0.587890625 0.6515679442508711 0.587890625 0.6480836236933798 0.591796875 0.6445993031358885 0.591796875 0.6202090592334495 0.595703125 0.6167247386759582
0 0.45703125 0.30313588850174217 0.466796875 0.30313588850174217 0.466796875 0.313588850174216 0.45703125 0.30662020905923343
0 0.537109375 0.07665505226480836 0.541015625 0.07665505226480836 0.54296875 0.08362369337979095 0.55078125 0.08710801393728224 0.55859375 0.10104529616724739 0.560546875 0.10104529616724739 0.568359375 0.11846689895470383 0.568359375 0.17770034843205576 0.55859375 0.17770034843205576 0.55859375 0.17421602787456447 0.560546875 0.17421602787456447 0.56640625 0.16376306620209058 0.56640625 0.1602787456445993 0.564453125 0.15331010452961671 0.55859375 0.14634146341463414 0.546875 0.12195121951219512 0.537109375 0.12195121951219512 0.5390625 0.11498257839721254 0.5390625 0.10801393728222997 0.53515625 0.0975609756097561 0.53515625 0.08362369337979095 0.537109375 0.08013937282229965
0 0.4609375 0.7282229965156795 0.462890625 0.7282229965156795 0.46484375 0.735191637630662 0.46484375 0.7421602787456446 0.462890625 0.7421602787456446 0.462890625 0.7317073170731707
0 0.4765625 0.32752613240418116 0.48046875 0.32752613240418116 0.48046875 0.3588850174216028 0.478515625 0.36585365853658536 0.4765625 0.3623693379790941 0.4765625 0.3554006968641115 0.474609375 0.3519163763066202 0.470703125 0.3519163763066202 0.470703125 0.3344947735191638 0.474609375 0.3344947735191638 0.4765625 0.3310104529616725
0 0.548828125 0.9477351916376306 0.552734375 0.9442508710801394 0.556640625 0.9581881533101045 0.560546875 0.9616724738675958 0.560546875 0.9686411149825784 0.564453125 0.9721254355400697 0.56640625 0.9790940766550522 0.56640625 0.9965156794425087 0.552734375 0.9965156794425087 0.552734375 0.9930313588850174 0.548828125 0.9895470383275261 0.548828125 0.9512195121951219
0 0.501953125 0.759581881533101 0.501953125 0.7979094076655052 0.498046875 0.7979094076655052 0.498046875 0.7909407665505227 0.49609375 0.7874564459930313 0.4921875 0.7874564459930313 0.4921875 0.7630662020905923 0.5 0.759581881533101
0 0.4375 0.313588850174216 0.447265625 0.313588850174216 0.447265625 0.3205574912891986 0.451171875 0.3240418118466899 0.451171875 0.3310104529616725 0.447265625 0.3344947735191638 0.4453125 0.32752613240418116 0.44140625 0.3240418118466899 0.439453125 0.3170731707317073 0.4375 0.3170731707317073
0 0.46484375 0.6898954703832753 0.474609375 0.6898954703832753 0.474609375 0.7038327526132404 0.47265625 0.7073170731707317 0.470703125 0.7003484320557491 0.46875 0.6968641114982579 0.46484375 0.6968641114982579 0.46484375 0.6933797909407665
0 0.6328125 0.9128919860627178 0.6328125 0.9198606271777003 0.634765625 0.9233449477351916 0.634765625 0.9477351916376306 0.62890625 0.9477351916376306 0.626953125 0.9442508710801394 0.626953125 0.9303135888501742 0.623046875 0.926829268292683 0.62109375 0.9198606271777003 0.62109375 0.9059233449477352 0.623046875 0.9024390243902439 0.626953125 0.9024390243902439 0.630859375 0.9128919860627178
0 0.47265625 0.03484320557491289 0.482421875 0.041811846689895474 0.484375 0.03832752613240418 0.48828125 0.03832752613240418 0.484375 0.05226480836236934 0.484375 0.06620209059233449 0.486328125 0.06968641114982578 0.486328125 0.10452961672473868 0.482421875 0.11846689895470383 0.470703125 0.13588850174216027 0.4609375 0.13588850174216027 0.458984375 0.13240418118466898 0.458984375 0.10801393728222997 0.45703125 0.10452961672473868 0.45703125 0.09407665505226481 0.458984375 0.09407665505226481 0.46484375 0.08362369337979095 0.46484375 0.07665505226480836 0.466796875 0.07665505226480836 0.4765625 0.059233449477351915 0.4765625 0.05226480836236934 0.470703125 0.03832752613240418
0 0.548828125 0.710801393728223 0.552734375 0.710801393728223 0.552734375 0.7282229965156795 0.548828125 0.7282229965156795 0.548828125 0.7142857142857143
0 0.53515625 0.6480836236933798 0.552734375 0.6480836236933798 0.5546875 0.6445993031358885 0.5625 0.6480836236933798 0.5625 0.6515679442508711 0.55859375 0.6515679442508711 0.556640625 0.6550522648083623 0.53515625 0.6550522648083623 0.53515625 0.6515679442508711
0 0.453125 0.6968641114982579 0.45703125 0.6968641114982579 0.45703125 0.7212543554006968 0.453125 0.7212543554006968 0.453125 0.7003484320557491
0 0.46484375 0.31010452961672474 0.470703125 0.31010452961672474 0.470703125 0.32752613240418116 0.46875 0.32752613240418116 0.46875 0.3170731707317073 0.46484375 0.313588850174216
0 0.458984375 0.3693379790940767 0.46484375 0.3693379790940767 0.46484375 0.3797909407665505 0.458984375 0.37282229965156793
0 0.52734375 0.3902439024390244 0.548828125 0.3902439024390244 0.546875 0.397212543554007 0.52734375 0.397212543554007 0.52734375 0.39372822299651566
0 0.462890625 0.6933797909407665 0.46484375 0.6933797909407665 0.46484375 0.7073170731707317 0.466796875 0.710801393728223 0.46484375 0.7142857142857143 0.462890625 0.7073170731707317 0.458984375 0.7038327526132404 0.458984375 0.7003484320557491 0.462890625 0.6968641114982579
0 0.4375 0.3902439024390244 0.447265625 0.3902439024390244 0.447265625 0.40069686411149824 0.4453125 0.40418118466898956 0.443359375 0.397212543554007 0.4375 0.39372822299651566
0 0.599609375 0.5296167247386759 0.607421875 0.5296167247386759 0.607421875 0.5923344947735192 0.6015625 0.5923344947735192 0.59765625 0.5958188153310104 0.59375 0.5923344947735192 0.591796875 0.5853658536585366 0.58984375 0.5853658536585366 0.58984375 0.5679442508710801 0.591796875 0.5679442508710801 0.59375 0.5609756097560976 0.59765625 0.5574912891986062 0.599609375 0.5331010452961672
0 0.43359375 0.34146341463414637 0.447265625 0.34494773519163763 0.447265625 0.3588850174216028 0.443359375 0.3588850174216028 0.4453125 0.3554006968641115 0.4375 0.34843205574912894 0.435546875 0.34146341463414637
0 0.619140625 0.6097560975609756 0.625 0.6097560975609756 0.625 0.6132404181184669 0.62890625 0.6167247386759582 0.62890625 0.6236933797909407 0.630859375 0.627177700348432 0.630859375 0.6794425087108014 0.62109375 0.6794425087108014 0.6171875 0.6655052264808362 0.6171875 0.6167247386759582 0.619140625 0.6132404181184669
0 0.505859375 0.6968641114982579 0.515625 0.6968641114982579 0.515625 0.7526132404181185 0.513671875 0.7491289198606271 0.513671875 0.7177700348432056 0.509765625 0.7142857142857143 0.509765625 0.7073170731707317 0.505859375 0.7038327526132404 0.505859375 0.7003484320557491
0 0.46484375 0.7282229965156795 0.470703125 0.7317073170731707 0.470703125 0.7456445993031359 0.46484375 0.7421602787456446 0.46484375 0.7317073170731707
0 0.44921875 0.36585365853658536 0.453125 0.36585365853658536 0.453125 0.37630662020905925 0.44921875 0.37630662020905925 0.44921875 0.3693379790940767
0 0.314453125 0.9547038327526133 0.318359375 0.9547038327526133 0.318359375 0.9651567944250871 0.314453125 0.9651567944250871 0.314453125 0.9581881533101045
0 0.484375 0.42160278745644597 0.494140625 0.42160278745644597 0.494140625 0.42857142857142855 0.498046875 0.43205574912891986 0.498046875 0.43902439024390244 0.49609375 0.4425087108013937 0.494140625 0.4355400696864111 0.484375 0.42857142857142855 0.484375 0.4250871080139373
0 0.486328125 0.7212543554006968 0.490234375 0.7177700348432056 0.49609375 0.7177700348432056 0.49609375 0.7735191637630662 0.494140625 0.7770034843205574 0.494140625 0.7735191637630662 0.490234375 0.7700348432055749 0.490234375 0.7247386759581882 0.48828125 0.7212543554006968
0 0.51171875 0.3344947735191638 0.521484375 0.3344947735191638 0.521484375 0.3797909407665505 0.51953125 0.3832752613240418 0.51171875 0.3797909407665505 0.51171875 0.33797909407665505
0 0.63671875 0.9512195121951219 0.642578125 0.9512195121951219 0.642578125 0.9965156794425087 0.63671875 0.9965156794425087 0.63671875 0.9547038327526133
0 0.474609375 0.37630662020905925 0.484375 0.37630662020905925 0.48828125 0.3797909407665505 0.48828125 0.39372822299651566 0.486328125 0.39372822299651566 0.486328125 0.3902439024390244 0.4765625 0.37630662020905925
0 0.578125 0.6550522648083623 0.587890625 0.6585365853658537 0.58984375 0.6655052264808362 0.58984375 0.7073170731707317 0.578125 0.710801393728223 0.578125 0.7003484320557491 0.57421875 0.6968641114982579 0.572265625 0.6898954703832753 0.572265625 0.6724738675958188 0.578125 0.6655052264808362 0.578125 0.6585365853658537
0 0.640625 0.06968641114982578 0.646484375 0.06968641114982578 0.6484375 0.07665505226480836 0.6484375 0.10801393728222997 0.6484375 0.09407665505226481 0.64453125 0.09059233449477352 0.64453125 0.08013937282229965 0.640625 0.07665505226480836 0.640625 0.07317073170731707
0 0.53515625 0.6933797909407665 0.53515625 0.7038327526132404 0.533203125 0.7073170731707317 0.529296875 0.7038327526132404 0.533203125 0.7038327526132404 0.53515625 0.6968641114982579