0 0.5780710469667318 0.830289487804878 0.5838203581213307 0.8323808989547038 0.587653228962818 0.8292437839721254 0.5882920410958904 0.8114668048780488 0.5825427318982387 0.7874155993031359 0.5787098590998043 0.7853241881533102 0.5780710469667318 0.7842784843205576 0.5697664892367905 0.7895070069686412 0.5652948043052837 0.7884613031358886 0.5640171780821918 0.8010097595818816 0.5735993620352251 0.8072839860627178 0.5780710469667318 0.830289487804878
0 0.09127557142857143 0.13071308013937283 0.09256531506849315 0.1014333519163763 0.0886960880626223 0.1014333519163763 0.08418199412915851 0.11084469337979094 0.09063070254403131 0.15894710452961672 0.09321018590998044 0.16208421951219512 0.09127557142857143 0.1641756306620209 0.09063070254403131 0.17463267595818815 0.09256531506849315 0.1829983135888502 0.10159350684931506 0.1892725400696864 0.10610760273972603 0.1850897212543554 0.10352811937377691 0.18195260975609756 0.10610760273972603 0.17776979094076656 0.10223837573385519 0.17463267595818815 0.10610760273972603 0.1683584494773519 0.09965889236790607 0.16522133449477353 0.09578966927592955 0.15894710452961672 0.09901402348336594 0.15476428919860627 0.09127557142857143 0.13071308013937283
0 0.760577829745597 0.5176237979094077 0.7531107221135029 0.5144866864111498 0.7499994266144814 0.5144866864111498 0.7331984324853229 0.5186695052264808 0.7325761722113503 0.5270351428571428 0.7375542446183954 0.5354007770034843 0.7487549080234834 0.5427207108013937 0.76680042074364 0.5437664146341463 0.7674226790606653 0.5270351428571428 0.760577829745597 0.5176237979094077
0 0.636844060665362 0.6284684912891986 0.6393237788649707 0.6326513101045296 0.6387038493150684 0.6368341289198607 0.6529622230919766 0.6462454703832753 0.6672206007827789 0.6472911742160279 0.6727999647749511 0.6441540627177701 0.6740398219178082 0.6368341289198607 0.6690803874755382 0.6242856724738676 0.6610213052837574 0.6159200348432056 0.6486227201565558 0.6127829233449477 0.6480027906066537 0.6127829233449477 0.6424234246575342 0.614874331010453 0.6380839197651663 0.6211485609756097 0.636844060665362 0.6284684912891986
0 0.962813735812133 0.5406293031358884 0.9737221800391389 0.5385378919860627 0.9788555636007829 0.5343550731707317 0.9737221800391389 0.5186695052264808 0.9743638532289628 0.4893897735191638 0.9705138121330723 0.4632471567944251 0.9698721389432485 0.4622014529616725 0.9673054461839531 0.4810241358885017 0.962172060665362 0.4883440696864112 0.9557553287671232 0.5092581637630662 0.9557553287671232 0.5280808466898954 0.962813735812133 0.5406293031358884
0 0.33809646183953035 0.5625891010452962 0.3280732211350294 0.5270351428571428 0.3199293385518591 0.5186695052264808 0.31241190802348334 0.5165780940766551 0.31115900391389434 0.5144866864111498 0.30677383561643834 0.5238980278745644 0.31554417221135034 0.5584062822299652 0.31930288649706456 0.5646805087108014 0.33057903131115457 0.5709547351916376 0.33684355577299413 0.5678176236933798 0.33809646183953035 0.5625891010452962
0 0.6914433953033269 0.6849365435540069 0.6971927045009785 0.6838908397212543 0.7035808258317026 0.6692509721254355 0.7029420136986302 0.6629767456445993 0.7067748864970645 0.6525197003484321 0.7086913228962818 0.6378798327526133 0.7080525107632094 0.6284684912891986 0.7035808258317026 0.6221942648083624 0.7016643894324853 0.6221942648083624 0.693359831702544 0.6284684912891986 0.6844164598825832 0.6525197003484321 0.6844164598825832 0.6682052682926829 0.6914433953033269 0.6849365435540069
0 0.36335094520547945 0.7027135226480836 0.35958743835616436 0.6901650662020906 0.3545694285714286 0.6901650662020906 0.3482969138943249 0.6995764076655052 0.34390615655577295 0.7267647282229965 0.3326156340508806 0.7539530487804877 0.335124637964775 0.7591815714285715 0.3551966790606654 0.75081593728223 0.36335094520547945 0.7330389581881533 0.36335094520547945 0.7027135226480836
0 0.7818044168297456 0.6535654041811847 0.7873789686888455 0.6598396306620209 0.8016250450097847 0.6661138606271777 0.8084383874755381 0.6619310418118467 0.8102965694716243 0.6567025191637631 0.8096771761252447 0.6483368815331011 0.8059608082191781 0.6368341289198607 0.7972892837573385 0.6253313797909407 0.785520782778865 0.6180114459930314 0.7780880469667318 0.6169657421602787 0.7768492583170254 0.6169657421602787 0.7725134951076321 0.6242856724738676 0.7725134951076321 0.6368341289198607 0.7818044168297456 0.6535654041811847
0 0.835528299412916 0.5165780940766551 0.8361383679060665 0.5103038675958188 0.8294276105675147 0.4977554111498258 0.8123456868884541 0.4904354773519164 0.8074651350293542 0.4904354773519164 0.784892590998043 0.4977554111498258 0.7836724540117417 0.5029839337979094 0.7885530039138943 0.5134409825783972 0.8062449980430528 0.5228523240418118 0.828817542074364 0.5238980278745644 0.835528299412916 0.5165780940766551
0 0.4249924227005871 0.6431083554006969 0.42560618395303323 0.6295141951219512 0.4213098708414873 0.6138286271777004 0.4096484559686889 0.60232587456446 0.39307696673189824 0.595005944250871 0.38571186301369864 0.5845488954703832 0.3850981017612525 0.5845488954703832 0.3801880313111546 0.5970973519163763 0.3906219315068493 0.6169657421602787 0.39000817221135026 0.6211485609756097 0.41271724853228964 0.6441540627177701 0.4249924227005871 0.6431083554006969
0 0.3910250254403131 0.4172361533101045 0.40281418590998047 0.4402416550522648 0.4139828649706458 0.4496529965156794 0.42018768688845404 0.4486072926829268 0.42266961643835615 0.4360588362369338 0.4139828649706458 0.4088705156794425 0.40405515068493153 0.38900212891986063 0.39412743639921727 0.38168219512195123 0.3916455068493151 0.38168219512195123 0.3866816497064579 0.3848193101045296 0.38606116829745596 0.39004783275261323 0.3866816497064579 0.40155058536585364 0.3910250254403131 0.4172361533101045
0 0.652353542074364 0.957865456445993 0.6602079315068493 0.962048275261324 0.6644372191780822 0.9756424355400698 0.6716874246575343 0.981916662020906 0.6886045694716243 0.981916662020906 0.6916254892367906 0.977733843205575 0.6928338571428571 0.973551024390244 0.6910213052837574 0.9704139094076656 0.6904171213307241 0.957865456445993 0.6886045694716243 0.9505455226480836 0.683166915851272 0.9505455226480836 0.6849794677103719 0.9484541149825784 0.6843752837573386 0.945317 0.6825627318982388 0.949499818815331 0.6783334442270059 0.9505455226480836 0.6801459980430528 0.9547283414634146 0.6771250782778865 0.957865456445993 0.6710832387475538 0.9568197491289198 0.6686665029354207 0.9599568641114982 0.6668539530332681 0.9557740452961672 0.6596037475538161 0.957865456445993 0.6571870117416829 0.9547283414634146 0.6680623209393346 0.9390427700348432 0.6728957906066536 0.9432255888501742 0.6722916086105676 0.9348599547038327 0.6692706888454012 0.9390427700348432 0.6668539530332681 0.936951362369338 0.6662497710371821 0.9338142473867596 0.6686665029354207 0.9296314285714286 0.6650414011741683 0.9254486097560976 0.6626246673189824 0.9254486097560976 0.6463117045009785 0.9317228397212542 0.6432907847358121 0.9348599547038327 0.6457075205479452 0.9390427700348432 0.6414782328767122 0.9421798850174216 0.6420824168297455 0.9474084076655052 0.63604057925636 0.945317 0.6324154755381605 0.9505455226480836 0.6269778219178083 0.9662310940766552 0.6275820078277887 0.9704139094076656 0.6251652720156555 0.973551024390244 0.6257694540117417 0.977733843205575 0.6227485362035224 0.981916662020906 0.6239569021526419 0.9892365958188154 0.6426866007827788 0.9505455226480836 0.6505409902152642 0.9515912264808362 0.652353542074364 0.957865456445993
0 0.46978822896281797 0.4695213867595818 0.4630158043052838 0.4653385679442508 0.45973240900195694 0.4653385679442508 0.44454554990215267 0.4695213867595818 0.4371574481409002 0.4799784320557491 0.4408514990215264 0.48625265853658534 0.45870607632093935 0.4998468222996516 0.4439298747553816 0.5144866864111498 0.4414671741682975 0.5259894355400697 0.44331419960861057 0.5322636655052264 0.4494709510763209 0.5312179616724738 0.44700825048923676 0.5280808466898954 0.44762392563600784 0.5249437317073171 0.46116877690802344 0.5301722543554007 0.47225092954990217 0.5113495714285714 0.4704039060665362 0.5071667526132404 0.4796390313111546 0.4956640034843206 0.4765606555772994 0.4810241358885017 0.46978822896281797 0.4695213867595818
0 0.35735711741682974 0.17358697212543553 0.3683746497064579 0.17567837979094075 0.39040971037181993 0.1537185818815331 0.3928580508806262 0.14326153658536586 0.3983668160469667 0.13489589895470383 0.40387558121330724 0.11816462369337978 0.40265141291585127 0.11293610104529617 0.39347013502935424 0.10979898606271776 0.38796136986301366 0.10979898606271776 0.37755592367906066 0.11502751219512194 0.36959881800391386 0.1296673763066202 0.3555208630136987 0.1683584494773519 0.35735711741682974 0.17358697212543553
0 0.5253940371819961 0.3503110557491289 0.5229702309197652 0.35344817073170737 0.5108512074363992 0.3524024668989547 0.5072155009784736 0.3659966271777004 0.5017619412915851 0.3701794459930314 0.5120631115459883 0.37227085365853657 0.5241821330724071 0.383773606271777 0.5387249608610567 0.39109353658536583 0.557509446183953 0.39004783275261323 0.5647808610567515 0.38586501393728223 0.5653868121330724 0.3785450801393728 0.560539203522505 0.36390521602787457 0.548420180039139 0.3524024668989547 0.535695205479452 0.3492653519163763 0.5338773522504893 0.3492653519163763 0.5253940371819961 0.3503110557491289
0 0.8550047279843445 0.3168485087108014 0.8477097729941291 0.31893991637630664 0.8355515127201565 0.32835125783972124 0.823393252446184 0.3503110557491289 0.823393252446184 0.35553957839721256 0.8124508180039139 0.36181380836236937 0.8173141232876712 0.3733165574912892 0.8167062093933465 0.3785450801393728 0.8197457749510763 0.3806364912891986 0.8240011663405088 0.3764536724738676 0.839806904109589 0.3743622648083624 0.8604759471624266 0.35553957839721256 0.8689867279843444 0.34089971428571425 0.8702025538160469 0.32730555400696865 0.864731336594912 0.31893991637630664 0.8586522074363993 0.3168485087108014 0.8550047279843445 0.3168485087108014
0 0.29569333072407045 0.13803301393728223 0.3011607260273973 0.15058147038327527 0.3199928610567515 0.17567837979094075 0.32849769667318984 0.1809069024390244 0.33457258121330724 0.17358697212543553 0.33457258121330724 0.15894710452961672 0.3278902093933464 0.13594160278745643 0.3199928610567515 0.11921033101045297 0.30845058317025437 0.10666187456445994 0.28901095890410955 0.10352475958188154 0.285973518590998 0.10352475958188154 0.28536602935420746 0.12339314982578398 0.275646217221135 0.13907871777003483 0.29569333072407045 0.13803301393728223
0 0.5853451604696673 0.5500406445993031 0.5774766868884541 0.565726212543554 0.5714240136986302 0.5855946027874565 0.5593186712328767 0.5970973519163763 0.5647660763209393 0.6012801707317074 0.5696082133072407 0.619057149825784 0.5792924872798434 0.60232587456446 0.5998715733855187 0.59082312543554 0.618029589041096 0.5625891010452962 0.625292796477495 0.5437664146341463 0.6222664598825832 0.5354007770034843 0.6186348571428572 0.5333093693379791 0.6152048082191781 0.5333093693379791 0.6010821095890411 0.5354007770034843 0.5853451604696673 0.5500406445993031
0 0.027302209393346377 0.6901650662020906 0.023688696673189825 0.6953935888501742 0.02549545205479452 0.7068963414634147 0.024290949119373777 0.7152619790940767 0.026097704500978473 0.7194447979094077 0.041756260273972605 0.7204905017421603 0.05079003913894325 0.7309475470383275 0.06765309980430528 0.738267480836237 0.09656119960861057 0.7403588885017421 0.10258372015655577 0.7351303658536585 0.09836795694716242 0.7173533867595819 0.09294768884540117 0.7079420452961673 0.08511841095890411 0.7016678188153309 0.06584634246575342 0.6953935888501742 0.04115400782778865 0.6985307038327526 0.02971121722113503 0.6901650662020906 0.027302209393346377 0.6901650662020906
0 0.13588497064579255 0.3733165574912892 0.1205749060665362 0.34821964808362366 0.11996250293542075 0.3471739407665505 0.11383847553816047 0.35449387456445997 0.10893925440313112 0.3701794459930314 0.10587724070450098 0.40155058536585364 0.09791600782778866 0.41409903832752615 0.09240438356164384 0.4172361533101045 0.09607879843444227 0.4193275644599303 0.09852840900195695 0.42769319860627175 0.09975321526418786 0.4569729303135888 0.1205749060665362 0.4412873588850174 0.12424932093933463 0.42873890592334496 0.12792373776908023 0.42351037979094075 0.13404776320939335 0.4245560871080139 0.1334353600782779 0.4172361533101045 0.14017178864970647 0.4025962891986063 0.14017178864970647 0.39318494773519164 0.13588497064579255 0.3733165574912892
0 0.14428298434442272 0.6514739930313589 0.14428298434442272 0.6357884250871081 0.13459057925636006 0.6033715818815331 0.14185988258317025 0.5897774216027875 0.14428298434442272 0.5709547351916376 0.14004255577299413 0.5646805087108014 0.13216747749510763 0.5625891010452962 0.13035015264187869 0.5625891010452962 0.12308084735812133 0.5636348048780488 0.11217689236790607 0.5709547351916376 0.09763828375733856 0.5991887630662021 0.08007079843444227 0.6054629895470384 0.08855165166340509 0.6086001045296167 0.09279208023483367 0.6138286271777004 0.0946094070450098 0.6180114459930314 0.09218630528375735 0.6253313797909407 0.100061385518591 0.623239968641115 0.10369603718199609 0.619057149825784 0.12005197260273973 0.619057149825784 0.12732127397260273 0.6326513101045296 0.12732127397260273 0.6368341289198607 0.1388310058708415 0.6556568118466899 0.14125410763209392 0.6556568118466899 0.14428298434442272 0.6514739930313589
0 0.8256019452054795 0.7570901637630661 0.8225502641878669 0.7570901637630661 0.8194985812133072 0.7612729825783972 0.8194985812133072 0.7696386202090592 0.8268226183953032 0.7968269407665506 0.8262122818003914 0.8104211010452962 0.8317053111545989 0.8208781463414634 0.8317053111545989 0.8250609651567944 0.8408603581213308 0.8323808989547038 0.854898095890411 0.8334266027874564 0.8646634794520548 0.83865512543554 0.8683254990215264 0.8355180104529617 0.871377181996086 0.8292437839721254 0.8701565088062622 0.8146039198606272 0.8603911252446185 0.7853241881533102 0.8524567514677103 0.7696386202090592 0.8402500215264187 0.7581358675958187 0.8256019452054795 0.7570901637630661
0 0.7314757534246575 0 0.7312145166340509 0.0010457038327526132 0.7220712426614482 0.016731275261324043 0.7202425870841488 0.025096912891986064 0.7214616908023483 0.049148118466898955 0.7263381037181996 0.05228523344947735 0.7245094481409002 0.05542234494773519 0.725728553816047 0.06483368641114982 0.7293858630136987 0.06378798257839721 0.7330431702544031 0.05333093728222997 0.7379195831702544 0.049148118466898955 0.742186446183953 0.05542234494773519 0.7488915127201565 0.05646805226480836 0.7519392720156556 0.043919595818815334 0.7629112015655577 0.029279731707317073 0.7647398551859099 0.01882268292682927 0.7738831291585127 0 0.7314757534246575 0
0 0.4715656399217221 0 0.46801091389432486 0.02091409407665505 0.46378078864970645 0.029279731707317073 0.45471623483365947 0.03346254703832753 0.44021294520547943 0.0345082543554007 0.43598282191780824 0.04078248083623694 0.453507626223092 0.044965299651567946 0.45955066340508804 0.05228523344947735 0.45773775146771034 0.06169657491289199 0.4601549667318982 0.0669250975609756 0.468615217221135 0.058559459930313584 0.48372280821917807 0.05333093728222997 0.49037014872798435 0.03659966202090593 0.5012476144814091 0.021959797909407667 0.5054777377690802 0.006274226480836237 0.5055876125244618 0 0.4715656399217221 0
0 0.09056100782778864 0.8585235156794425 0.11399258708414872 0.8574778083623694 0.1272104011741683 0.8407465365853658 0.12901283170254402 0.8323808989547038 0.1272104011741683 0.830289487804878 0.12540797260273973 0.8093753972125436 0.12000068493150684 0.8114668048780488 0.10678287084148727 0.7968269407665506 0.10077477299412915 0.7936898257839722 0.08275048140900196 0.791598418118467 0.0785448121330724 0.791598418118467 0.061121328767123284 0.7936898257839722 0.06412537769080234 0.7968269407665506 0.058117279843444225 0.8051925783972126 0.044298655577299416 0.8062382822299652 0.041895416829745596 0.8125125087108014 0.052709992172211347 0.8187867386759582 0.05391161252446184 0.8229695574912892 0.050306753424657534 0.8250609651567944 0.05210918199608611 0.8292437839721254 0.05991971037181996 0.8334266027874564 0.06172213894324853 0.8365637177700348 0.05991971037181996 0.8407465365853658 0.06472618786692759 0.842837944250871 0.06532699804305284 0.8480664668989547 0.07614157142857143 0.8553864006968641 0.09056100782778864 0.8585235156794425
0 0.26952873776908026 0.7748671428571429 0.2664912954990215 0.7780042578397213 0.27013622700587087 0.7811413693379791 0.27013622700587087 0.7853241881533102 0.2762111095890411 0.795781236933798 0.27742608414872794 0.8020554634146342 0.2804635283757339 0.8031011672473868 0.28896836399217224 0.795781236933798 0.3029405929549902 0.7790499616724739 0.30597803326810175 0.7706843240418119 0.3065855244618395 0.7497702299651567 0.30354808023483365 0.7476788222996515 0.3023331056751468 0.742450299651568 0.3126604050880626 0.7079420452961673 0.31812780039138944 0.6744794947735192 0.30537054598825836 0.6514739930313589 0.3041555714285714 0.6514739930313589 0.3023331056751468 0.6525197003484321 0.30172561643835616 0.6629767456445993 0.2956507338551859 0.6734337909407665 0.28653841095890414 0.6838908397212543 0.2689212485322896 0.7131705679442509 0.2616313894324853 0.7152619790940767 0.2592014363992172 0.7257190243902439 0.2598089256360078 0.7340846620209059 0.26345385518590997 0.7403588885017421 0.26345385518590997 0.7476788222996515 0.2652763209393346 0.75081593728223 0.2628463679060665 0.7549987526132405 0.26588380821917806 0.7581358675958187 0.2628463679060665 0.7633643902439025 0.2689212485322896 0.7654558013937282 0.26952873776908026 0.7748671428571429
0 0.2713106829745597 0.5855946027874565 0.2804698414872798 0.5803660766550522 0.2823016731898239 0.565726212543554 0.2804698414872798 0.5427207108013937 0.27497434637964774 0.5374921881533101 0.26031969275929545 0.5113495714285714 0.2584878610567515 0.4998468222996516 0.25360297651663405 0.4904354773519164 0.2523817553816047 0.46847568292682923 0.2542135870841487 0.4601100452961672 0.26581518590998043 0.4486072926829268 0.2645939667318982 0.4412873588850174 0.2572666399217221 0.43710454355400696 0.2554348062622309 0.43710454355400696 0.24078015459882582 0.4381502473867596 0.23528465949119376 0.4475615888501742 0.231010385518591 0.4642928641114982 0.23284221722113502 0.4747499094076655 0.2322316086105675 0.4956640034843206 0.23406343835616436 0.49880111498257845 0.2334528277886497 0.512395275261324 0.23528465949119376 0.5155323902439024 0.23955893346379648 0.5489949372822299 0.2523817553816047 0.578274668989547 0.2523817553816047 0.6138286271777004 0.2572666399217221 0.6242856724738676 0.26520457729941294 0.6253313797909407 0.2700894618395303 0.6117372160278746 0.26947885127201565 0.5897774216027875 0.2713106829745597 0.5855946027874565
0 0.6116175283757339 0.9630939790940766 0.6200069745596869 0.957865456445993 0.6200069745596869 0.9421798850174216 0.6128160195694716 0.924402905923345 0.6170107436399217 0.9191743832752612 0.600831095890411 0.916037268292683 0.6002318493150686 0.911854449477352 0.5822544657534247 0.9024431080139372 0.5666740645792564 0.9013974041811846 0.5654755733855186 0.9013974041811846 0.5498951722113503 0.9034888153310104 0.5474981878669276 0.908717337979094 0.5337155244618396 0.9139458606271776 0.5253260782778865 0.9296314285714286 0.5253260782778865 0.9348599547038327 0.521730602739726 0.9421798850174216 0.5241275870841487 0.9463627038327526 0.5223298493150684 0.953682637630662 0.539707988258317 0.9515912264808362 0.5480974344422701 0.9599568641114982 0.5630785890410959 0.9672767979094078 0.5774604951076321 0.9704139094076656 0.5822544657534247 0.9683225017421604 0.5858499432485323 0.9714596167247388 0.5906439099804305 0.9662310940766552 0.6116175283757339 0.9630939790940766
0 0 0.3401844668989547 0.005616516634050881 0.3450825331010453 0.016408317025440315 0.3461282369337979 0.028998751467710374 0.3377625993031359 0.033195561643835615 0.33044266898954705 0.04039009589041096 0.32730555400696865 0.06137415264187867 0.33880830662020905 0.07096686497064579 0.33880830662020905 0.09494864383561644 0.32312273519163764 0.09494864383561644 0.3147570975609756 0.08535593346379647 0.30116293728223 0.07756185518590998 0.29384300696864113 0.06377233072407044 0.288614480836237 0.06137415264187867 0.26665468292682926 0.05058235225048924 0.26142616027874566 0.04518645205479452 0.26142616027874566 0.028998751467710374 0.2677003902439024 0.017607405088062623 0.2823402543554007 0.009813326810176127 0.30325434843205573 0.006216060665362035 0.3210313275261324 0 0.3236127142857143 0 0.3401844668989547
0 0.44767155968688843 0.19659247386759582 0.4596340684931507 0.20182099651567945 0.46800782583170253 0.20182099651567945 0.4937272191780822 0.1892725400696864 0.5146616086105675 0.16940415331010453 0.5230353639921722 0.15058147038327527 0.5266241174168297 0.13071308013937283 0.5122691056751468 0.10666187456445994 0.5050916007827789 0.10979898606271776 0.49791409784735813 0.10666187456445994 0.4949234677103718 0.10666187456445994 0.4769797045009785 0.11084469337979094 0.4674097005870842 0.11921033101045297 0.4524565636007828 0.14012442160278746 0.4410921800391389 0.1495357630662021 0.43989592954990214 0.16208421951219512 0.43690530332681016 0.16731274216027875 0.41836341487279843 0.16626703832752612 0.4189615401174168 0.17044985714285713 0.4255409178082192 0.17672408362369338 0.4297277964774951 0.18613542857142856 0.4297277964774951 0.19554677003484322 0.4237465440313111 0.21227804181184667 0.4237465440313111 0.21750656794425088 0.42733529549902155 0.21750656794425088 0.43810155185909977 0.20286670034843207 0.44767155968688843 0.19659247386759582
0 0.37298671037181996 0.8449293554006968 0.37896072211350296 0.834472306620209 0.3932983424657534 0.8281980801393728 0.39867495107632095 0.8198324425087108 0.40584376320939336 0.8166953275261324 0.41898658317025445 0.8010097595818816 0.41898658317025445 0.795781236933798 0.42854499804305285 0.7968269407665506 0.42376579060665365 0.8010097595818816 0.4255579941291585 0.8135582160278746 0.42077878669275925 0.8449293554006968 0.4225709902152642 0.8522492857142857 0.4171943816046967 0.8595692195121951 0.41898658317025445 0.8658434459930314 0.4231683894324853 0.8679348571428571 0.41898658317025445 0.8700262648083624 0.4171943816046967 0.8763004947735192 0.4183891819960861 0.887803243902439 0.41540217808219176 0.89198606271777 0.41659697847358124 0.9013974041811846 0.41540217808219176 0.916037268292683 0.41360997455968684 0.9191743832752612 0.41540217808219176 0.9306771358885016 0.4130125733855186 0.9390427700348432 0.4171943816046967 0.9432255888501742 0.41659697847358124 0.9474084076655052 0.41898658317025445 0.9505455226480836 0.41659697847358124 0.9547283414634146 0.41958398434442273 0.9683225017421604 0.41360997455968684 0.973551024390244 0.41659697847358124 0.9745967282229966 0.41898658317025445 0.9808709581881534 0.4171943816046967 0.986099480836237 0.42914239921722114 0.986099480836237 0.43272680430528376 0.9850537770034844 0.4321294031311155 0.981916662020906 0.4381034129158513 0.9756424355400698 0.4381034129158513 0.9704139094076656 0.44766182778864966 0.9547283414634146 0.45662284148727983 0.9097630418118466 0.46140204892367903 0.9034888153310104 0.46080464774951074 0.8993059965156794 0.46319425244618395 0.8940774703832752 0.46140204892367903 0.8825747212543554 0.46319425244618395 0.8742090836236934 0.45781764383561646 0.8532949895470383 0.45303843639921726 0.8449293554006968 0.4494540293542074 0.8041468710801394 0.4410904168297456 0.7717300278745645 0.4381034129158513 0.7665015052264808 0.4387008140900196 0.7623186864111497 0.4297398003913894 0.742450299651568 0.4255579941291585 0.7267647282229965 0.4142073757338552 0.7068963414634147 0.4100255694716243 0.7058506341463414 0.409428168297456 0.7048049303135888 0.40883076712328764 0.7110791602787457 0.4142073757338552 0.738267480836237 0.4183891819960861 0.746633118466899 0.41360997455968684 0.7476788222996515 0.4112203698630137 0.7518616411149825 0.3968827495107632 0.7539530487804877 0.3897139373776908 0.7612729825783972 0.38612953424657537 0.7706843240418119 0.3735841135029354 0.7863698919860628 0.3711945107632094 0.8010097595818816 0.364025698630137 0.8187867386759582 0.34729847162426614 0.8334266027874564 0.36044129158512717 0.8438836480836237 0.364025698630137 0.8637520383275261 0.366415301369863 0.8658434459930314 0.37298671037181996 0.8449293554006968
0 0.6080656966731898 0.8407465365853658 0.6138695342465754 0.8417922404181184 0.6164490176125245 0.8407465365853658 0.6170938884540117 0.8365637177700348 0.6216079843444228 0.8376094216027874 0.6261220782778865 0.8334266027874564 0.6299913052837574 0.821923850174216 0.6261220782778865 0.8166953275261324 0.6241874677103718 0.8166953275261324 0.6125797925636008 0.8250609651567944 0.6087105675146771 0.8334266027874564 0.6100003091976516 0.8365637177700348 0.6080656966731898 0.8407465365853658