0 0.689453125 0.8402777777777778 0.701171875 0.875 0.701171875 0.8888888888888888 0.697265625 0.8958333333333334 0.677734375 0.8958333333333334 0.66015625 0.8680555555555556 0.654296875 0.8645833333333334 0.654296875 0.8611111111111112 0.662109375 0.8611111111111112 0.669921875 0.8472222222222222 0.677734375 0.8402777777777778 0.6875 0.8402777777777778
0 0.482421875 0.020833333333333332 0.484375 0.024305555555555556 0.490234375 0.024305555555555556 0.5 0.03125 0.50390625 0.03125 0.51171875 0.020833333333333332 0.517578125 0.027777777777777776 0.517578125 0.034722222222222224 0.505859375 0.04513888888888889 0.498046875 0.07291666666666667 0.48828125 0.09027777777777778 0.46484375 0.11458333333333333 0.435546875 0.11458333333333333 0.419921875 0.1284722222222222 0.416015625 0.1284722222222222 0.416015625 0.125 0.423828125 0.11805555555555555 0.43359375 0.10069444444444445 0.4375 0.08333333333333333 0.443359375 0.07291666666666667 0.4453125 0.0625 0.46875 0.024305555555555556 0.4765625 0.017361111111111112 0.48046875 0.020833333333333332
0 0.67578125 0.90625 0.68359375 0.9166666666666666 0.68359375 0.9236111111111112 0.67578125 0.9270833333333334 0.671875 0.9340277777777778 0.66796875 0.9340277777777778 0.666015625 0.9375 0.646484375 0.9375 0.64453125 0.9340277777777778 0.638671875 0.9340277777777778 0.6328125 0.9270833333333334 0.6328125 0.9166666666666666 0.638671875 0.9027777777777778 0.642578125 0.9027777777777778 0.64453125 0.8993055555555556 0.658203125 0.8993055555555556 0.66015625 0.9027777777777778 0.673828125 0.90625
0 0.998046875 0.14583333333333334 0.998046875 0.2673611111111111 0.994140625 0.2604166666666667 0.9921875 0.24305555555555555 0.98828125 0.2326388888888889 0.990234375 0.21180555555555555 0.9921875 0.20833333333333334 0.9921875 0.1840277777777778 0.994140625 0.18055555555555555 0.994140625 0.15625 0.99609375 0.14930555555555555
0 0.345703125 0 0.388671875 0 0.388671875 0.010416666666666666 0.39453125 0.03819444444444445 0.39453125 0.04861111111111111 0.396484375 0.05555555555555555 0.40625 0.07291666666666667 0.408203125 0.07291666666666667 0.408203125 0.0798611111111111 0.404296875 0.0798611111111111 0.3984375 0.07291666666666667 0.396484375 0.06597222222222222 0.376953125 0.04861111111111111 0.369140625 0.04513888888888889 0.34765625 0.010416666666666666 0.345703125 0.003472222222222222
0 0.740234375 0.03819444444444445 0.744140625 0.03819444444444445 0.74609375 0.041666666666666664 0.7734375 0.041666666666666664 0.775390625 0.03819444444444445 0.77734375 0.041666666666666664 0.783203125 0.041666666666666664 0.791015625 0.059027777777777776 0.796875 0.0798611111111111 0.796875 0.08333333333333333 0.7890625 0.08333333333333333 0.787109375 0.0798611111111111 0.78125 0.0798611111111111 0.779296875 0.0763888888888889 0.767578125 0.07291666666666667 0.748046875 0.05555555555555555 0.748046875 0.052083333333333336 0.740234375 0.041666666666666664
0 0.255859375 0.013888888888888888 0.271484375 0.013888888888888888 0.279296875 0.024305555555555556 0.26953125 0.024305555555555556 0.26171875 0.017361111111111112 0.255859375 0.017361111111111112
0 0.396484375 0 0.44140625 0 0.447265625 0.024305555555555556 0.453125 0.03819444444444445 0.453125 0.04513888888888889 0.451171875 0.04861111111111111 0.443359375 0.04861111111111111 0.44140625 0.04513888888888889 0.427734375 0.041666666666666664 0.40625 0.020833333333333332 0.396484375 0.003472222222222222
0 0.330078125 0.08333333333333333 0.33203125 0.08333333333333333 0.3359375 0.09375 0.341796875 0.09722222222222222 0.341796875 0.10069444444444445 0.345703125 0.10416666666666667 0.34765625 0.11458333333333333 0.353515625 0.125 0.349609375 0.1527777777777778 0.341796875 0.16319444444444445 0.33984375 0.1597222222222222 0.3359375 0.1597222222222222 0.328125 0.14583333333333334 0.314453125 0.14930555555555555 0.314453125 0.12152777777777778 0.31640625 0.11805555555555555 0.32421875 0.11805555555555555 0.330078125 0.1076388888888889 0.33203125 0.10069444444444445 0.33203125 0.09027777777777778 0.330078125 0.08680555555555555
0 0.87890625 0.1111111111111111 0.884765625 0.1111111111111111 0.888671875 0.12152777777777778 0.8984375 0.13194444444444445 0.908203125 0.13194444444444445 0.9140625 0.1388888888888889 0.919921875 0.1388888888888889 0.921875 0.13541666666666666 0.91796875 0.12152777777777778 0.91796875 0.11805555555555555 0.921875 0.12152777777777778 0.931640625 0.15625 0.9453125 0.18055555555555555 0.9453125 0.1840277777777778 0.95703125 0.20833333333333334 0.958984375 0.21875 0.96484375 0.2326388888888889 0.96484375 0.23958333333333334 0.98046875 0.2951388888888889 0.982421875 0.3090277777777778 0.998046875 0.3402777777777778 0.998046875 0.3506944444444444 0.99609375 0.3506944444444444 0.986328125 0.3333333333333333 0.97265625 0.3159722222222222 0.93359375 0.28125 0.91796875 0.2534722222222222 0.91796875 0.25 0.900390625 0.21180555555555555 0.896484375 0.19791666666666666 0.896484375 0.1909722222222222 0.890625 0.1736111111111111 0.88671875 0.14583333333333334 0.875 0.1284722222222222 0.875 0.11805555555555555 0.87890625 0.11458333333333333
0 0.724609375 0.7847222222222222 0.73046875 0.8090277777777778 0.73828125 0.8229166666666666 0.74609375 0.84375 0.748046875 0.8680555555555556 0.751953125 0.8819444444444444 0.751953125 0.8888888888888888 0.748046875 0.8888888888888888 0.74609375 0.8923611111111112 0.73828125 0.8888888888888888 0.72265625 0.875 0.70703125 0.8472222222222222 0.703125 0.8368055555555556 0.701171875 0.8159722222222222 0.693359375 0.8020833333333334 0.697265625 0.7916666666666666 0.701171875 0.7986111111111112 0.72265625 0.7986111111111112 0.724609375 0.7951388888888888 0.724609375 0.7881944444444444
0 0 0.003472222222222222 0.00390625 0 0.025390625 0 0.048828125 0.06597222222222222 0.064453125 0.09027777777777778 0.056640625 0.08680555555555555 0.052734375 0.0798611111111111 0.048828125 0.0798611111111111 0.03515625 0.06944444444444445 0.029296875 0.06944444444444445 0.01171875 0.052083333333333336 0.01171875 0.04861111111111111 0.0078125 0.04513888888888889 0.005859375 0.03819444444444445 0 0.03125 0 0.006944444444444444
0 0.43359375 0.9409722222222222 0.439453125 0.9409722222222222 0.44140625 0.9444444444444444 0.439453125 0.9652777777777778 0.44140625 0.96875 0.443359375 0.9861111111111112 0.447265625 0.9965277777777778 0.41796875 0.9965277777777778 0.41796875 0.9756944444444444 0.412109375 0.9479166666666666 0.412109375 0.9444444444444444 0.4140625 0.9479166666666666 0.416015625 0.9583333333333334 0.419921875 0.9652777777777778 0.423828125 0.9652777777777778 0.43359375 0.9444444444444444