0 0.44609375 0.6939814814814815 0.0390625 0.03240740740740741
0 0.525390625 0.13194444444444445 0.5390625 0.13541666666666666 0.54296875 0.1388888888888889 0.546875 0.14930555555555555 0.546875 0.15625 0.537109375 0.15625 0.533203125 0.1527777777777778 0.525390625 0.1388888888888889 0.525390625 0.13541666666666666
0 0.341796875 0.06944444444444445 0.34765625 0.06944444444444445 0.3515625 0.0763888888888889 0.341796875 0.08680555555555555 0.341796875 0.07291666666666667
0 0.47734375 0.10648148148148148 0.0109375 0.016666666666666666
0 0.650390625 0.3229166666666667 0.65625 0.3055555555555556 0.658203125 0.3055555555555556 0.658203125 0.3263888888888889 0.65234375 0.3229166666666667
0 0.56640625 0.08333333333333333 0.5703125 0.08333333333333333 0.57421875 0.10069444444444445 0.578125 0.1076388888888889 0.58203125 0.1076388888888889 0.595703125 0.11805555555555555 0.6171875 0.11805555555555555 0.623046875 0.10069444444444445 0.626953125 0.09375 0.62890625 0.09722222222222222 0.62890625 0.1076388888888889 0.626953125 0.11458333333333333 0.625 0.11805555555555555 0.62109375 0.11805555555555555 0.61328125 0.13194444444444445 0.61328125 0.13541666666666666 0.607421875 0.1423611111111111 0.603515625 0.1423611111111111 0.595703125 0.14930555555555555 0.58984375 0.14930555555555555 0.587890625 0.1527777777777778 0.580078125 0.1527777777777778 0.578125 0.14930555555555555 0.57421875 0.14930555555555555 0.5703125 0.1423611111111111 0.5703125 0.10416666666666667 0.56640625 0.08680555555555555
0 0.361328125 0.3333333333333333 0.3671875 0.3576388888888889 0.37109375 0.3611111111111111 0.37890625 0.3611111111111111 0.37890625 0.3680555555555556 0.37109375 0.3680555555555556 0.36328125 0.375 0.34375 0.375 0.341796875 0.3715277777777778 0.341796875 0.3472222222222222 0.35546875 0.3298611111111111 0.359375 0.3333333333333333
0 0.359375 0.2222222222222222 0.373046875 0.2222222222222222 0.375 0.22569444444444445 0.373046875 0.2326388888888889 0.357421875 0.2326388888888889 0.359375 0.22569444444444445
0 0.4609375 0.16666666666666666 0.466796875 0.16666666666666666 0.46875 0.1701388888888889 0.46484375 0.18055555555555555 0.458984375 0.17708333333333334 0.4609375 0.1701388888888889
0 0.646484375 0.3229166666666667 0.6484375 0.3263888888888889 0.654296875 0.3263888888888889 0.658203125 0.3298611111111111 0.658203125 0.3402777777777778 0.640625 0.3680555555555556 0.630859375 0.3680555555555556 0.62890625 0.3715277777777778 0.619140625 0.3715277777777778 0.6171875 0.3680555555555556 0.61328125 0.3680555555555556 0.611328125 0.3611111111111111 0.61328125 0.3541666666666667 0.61328125 0.3402777777777778 0.6171875 0.3333333333333333 0.626953125 0.3263888888888889 0.64453125 0.3263888888888889
0 0.34765625 0.08333333333333333 0.353515625 0.09027777777777778 0.353515625 0.09722222222222222 0.34765625 0.09722222222222222 0.34765625 0.08680555555555555
0 0.49921875 0.14444444444444446 0.0067708333333333336 0.016666666666666666
0 0.478515625 0.13194444444444445 0.48046875 0.13541666666666666 0.48046875 0.1423611111111111 0.478515625 0.14583333333333334 0.474609375 0.14583333333333334 0.470703125 0.1388888888888889 0.470703125 0.13541666666666666 0.4765625 0.13194444444444445
0 0.626953125 0.8090277777777778 0.626953125 0.8402777777777778 0.625 0.84375 0.6171875 0.8402777777777778 0.615234375 0.8333333333333334 0.615234375 0.8194444444444444 0.625 0.8090277777777778
0 0.642578125 0.4583333333333333 0.6484375 0.4375 0.65234375 0.4305555555555556 0.658203125 0.4305555555555556 0.658203125 0.4722222222222222 0.6484375 0.46875 0.64453125 0.4618055555555556
0 0.36328125 0.1909722222222222 0.365234375 0.1875 0.37109375 0.1875 0.373046875 0.1909722222222222 0.373046875 0.19791666666666666 0.3671875 0.19791666666666666 0.365234375 0.19444444444444445
0 0.572265625 0.6493055555555556 0.576171875 0.65625 0.580078125 0.65625 0.58203125 0.6597222222222222 0.5859375 0.6597222222222222 0.587890625 0.65625 0.591796875 0.6597222222222222 0.591796875 0.6736111111111112 0.6015625 0.6875 0.626953125 0.6875 0.62890625 0.6909722222222222 0.642578125 0.6909722222222222 0.64453125 0.6944444444444444 0.658203125 0.6979166666666666 0.658203125 0.8020833333333334 0.650390625 0.7986111111111112 0.64453125 0.7881944444444444 0.64453125 0.78125 0.640625 0.7673611111111112 0.640625 0.7534722222222222 0.63671875 0.7465277777777778 0.62890625 0.7395833333333334 0.625 0.7395833333333334 0.619140625 0.7291666666666666 0.615234375 0.7291666666666666 0.595703125 0.7013888888888888 0.57421875 0.7013888888888888 0.5703125 0.7083333333333334 0.564453125 0.7083333333333334 0.564453125 0.6944444444444444 0.56640625 0.6909722222222222 0.56640625 0.6527777777777778 0.5703125 0.6493055555555556
0 0.369140625 0.4618055555555556 0.369140625 0.4791666666666667 0.37109375 0.4861111111111111 0.36328125 0.4930555555555556 0.359375 0.4895833333333333 0.359375 0.4756944444444444 0.361328125 0.46875 0.3671875 0.4618055555555556
0 0.494140625 0.5555555555555556 0.498046875 0.5625 0.498046875 0.5694444444444444 0.494140625 0.5694444444444444 0.48828125 0.5625 0.48828125 0.5590277777777778 0.4921875 0.5555555555555556