0 0.744140625 0.65625 0.74609375 0.6631944444444444 0.740234375 0.6770833333333334 0.728515625 0.6770833333333334 0.7265625 0.6736111111111112 0.7265625 0.6631944444444444 0.734375 0.6527777777777778 0.740234375 0.6527777777777778 0.7421875 0.65625
0 0.6156250000000001 0.6736111111111112 0.028125 0.04722222222222223
0 0.607421875 0.4618055555555556 0.609375 0.46875 0.607421875 0.4861111111111111 0.60546875 0.4861111111111111 0.599609375 0.4965277777777778 0.58203125 0.5104166666666666 0.564453125 0.5104166666666666 0.5625 0.5069444444444444 0.5625 0.4930555555555556 0.564453125 0.4861111111111111 0.572265625 0.4722222222222222 0.576171875 0.4722222222222222 0.5859375 0.4618055555555556 0.591796875 0.4618055555555556 0.59375 0.4583333333333333 0.603515625 0.4583333333333333 0.60546875 0.4618055555555556
0 0.69140625 0.7361111111111112 0.69921875 0.7430555555555556 0.701171875 0.75 0.6953125 0.7604166666666666 0.6875 0.7604166666666666 0.685546875 0.7638888888888888 0.66796875 0.7638888888888888 0.6640625 0.7604166666666666 0.6640625 0.7465277777777778 0.671875 0.7361111111111112 0.689453125 0.7361111111111112
0 0.7578125 0.6770833333333334 0.76171875 0.6805555555555556 0.763671875 0.6875 0.763671875 0.7013888888888888 0.76171875 0.7048611111111112 0.7578125 0.7048611111111112 0.755859375 0.6944444444444444 0.751953125 0.6875 0.751953125 0.6805555555555556 0.755859375 0.6770833333333334
0 0.7109375 0.08333333333333333 0.71484375 0.08333333333333333 0.716796875 0.08680555555555555 0.716796875 0.09027777777777778 0.72265625 0.10069444444444445 0.728515625 0.125 0.728515625 0.13541666666666666 0.716796875 0.13541666666666666 0.712890625 0.1284722222222222 0.7109375 0.08680555555555555
0 0.263671875 0.052083333333333336 0.267578125 0.059027777777777776 0.267578125 0.06597222222222222 0.263671875 0.0763888888888889 0.26171875 0.0798611111111111 0.251953125 0.08333333333333333 0.24609375 0.09027777777777778 0.232421875 0.09027777777777778 0.23046875 0.08680555555555555 0.23046875 0.06597222222222222 0.23828125 0.0625 0.244140625 0.05555555555555555 0.26171875 0.052083333333333336
0 0.79296875 0.6423611111111112 0.802734375 0.6527777777777778 0.802734375 0.6631944444444444 0.80078125 0.6666666666666666 0.7890625 0.6631944444444444 0.787109375 0.6597222222222222 0.787109375 0.6527777777777778 0.7890625 0.6458333333333334 0.791015625 0.6458333333333334
0 0.703125 0.6909722222222222 0.716796875 0.6909722222222222 0.71875 0.6944444444444444 0.71875 0.7048611111111112 0.716796875 0.7118055555555556 0.7109375 0.7118055555555556 0.703125 0.7048611111111112 0.703125 0.6944444444444444
0 0.833984375 0.65625 0.837890625 0.6597222222222222 0.83984375 0.6666666666666666 0.8359375 0.6770833333333334 0.822265625 0.6770833333333334 0.822265625 0.6701388888888888 0.830078125 0.65625 0.83203125 0.65625
0 0.42578125 0.25 0.4296875 0.25 0.43359375 0.2569444444444444 0.439453125 0.2777777777777778 0.4375 0.2847222222222222 0.43359375 0.28125 0.42578125 0.2673611111111111 0.423828125 0.2604166666666667 0.42578125 0.2534722222222222
0 0.12890625 0.3645833333333333 0.130859375 0.3680555555555556 0.146484375 0.3680555555555556 0.15234375 0.375 0.158203125 0.375 0.16015625 0.3784722222222222 0.16015625 0.3854166666666667 0.15234375 0.4097222222222222 0.14453125 0.4131944444444444 0.134765625 0.4270833333333333 0.12890625 0.4270833333333333 0.1171875 0.4375 0.099609375 0.4375 0.09765625 0.4340277777777778 0.09375 0.4340277777777778 0.087890625 0.4270833333333333 0.087890625 0.4166666666666667 0.09375 0.40625 0.09375 0.4027777777777778 0.095703125 0.4027777777777778 0.1015625 0.3923611111111111 0.1015625 0.3888888888888889 0.10546875 0.3888888888888889 0.1171875 0.3645833333333333 0.126953125 0.3645833333333333
0 0.69921875 0.5520833333333334 0.703125 0.5625 0.703125 0.5729166666666666 0.69921875 0.5833333333333334 0.6875 0.5798611111111112 0.6875 0.5729166666666666 0.685546875 0.5694444444444444 0.6875 0.5555555555555556 0.693359375 0.5555555555555556 0.697265625 0.5520833333333334