0 0.44140625 0 0.458984375 0 0.458984375 0.006944444444444444 0.453125 0.006944444444444444 0.451171875 0.010416666666666666 0.44140625 0.003472222222222222
0 0.578125 0.052083333333333336 0.5859375 0.052083333333333336 0.591796875 0.06944444444444445 0.595703125 0.06944444444444445 0.603515625 0.0798611111111111 0.630859375 0.0798611111111111 0.6328125 0.08333333333333333 0.63671875 0.08333333333333333 0.642578125 0.0763888888888889 0.642578125 0.08680555555555555 0.638671875 0.09375 0.63671875 0.10416666666666667 0.630859375 0.10416666666666667 0.62890625 0.1076388888888889 0.60546875 0.1076388888888889 0.603515625 0.1111111111111111 0.59375 0.1111111111111111 0.58984375 0.10416666666666667 0.583984375 0.10416666666666667 0.58203125 0.10069444444444445 0.580078125 0.07291666666666667 0.578125 0.06944444444444445 0.578125 0.0625 0.57421875 0.059027777777777776 0.578125 0.05555555555555555
0 0.623046875 0.3854166666666667 0.630859375 0.3923611111111111 0.630859375 0.3993055555555556 0.62890625 0.4027777777777778 0.623046875 0.4027777777777778 0.62109375 0.3993055555555556 0.611328125 0.3958333333333333 0.60546875 0.3888888888888889 0.61328125 0.3819444444444444 0.619140625 0.3819444444444444 0.62109375 0.3854166666666667
0 0.490234375 0.034722222222222224 0.501953125 0.034722222222222224 0.50390625 0.041666666666666664 0.5078125 0.041666666666666664 0.513671875 0.04861111111111111 0.515625 0.052083333333333336 0.515625 0.06944444444444445 0.513671875 0.07291666666666667 0.498046875 0.07291666666666667 0.49609375 0.06944444444444445 0.482421875 0.06597222222222222 0.4765625 0.05555555555555555 0.46484375 0.05555555555555555 0.462890625 0.052083333333333336 0.462890625 0.04513888888888889 0.466796875 0.041666666666666664 0.48828125 0.041666666666666664 0.490234375 0.03819444444444445
0 0.52734375 0.034722222222222224 0.53125 0.034722222222222224 0.53125 0.041666666666666664 0.53515625 0.04513888888888889 0.537109375 0.052083333333333336 0.548828125 0.05555555555555555 0.552734375 0.0625 0.552734375 0.07291666666666667 0.55078125 0.0798611111111111 0.544921875 0.0798611111111111 0.5390625 0.07291666666666667 0.53515625 0.0625 0.52734375 0.059027777777777776 0.52734375 0.03819444444444445
0 0.3828125 0.013888888888888888 0.3828125 0.03125 0.380859375 0.03819444444444445 0.373046875 0.04513888888888889 0.35546875 0.04513888888888889 0.353515625 0.041666666666666664 0.349609375 0.041666666666666664 0.349609375 0.034722222222222224 0.3515625 0.034722222222222224 0.35546875 0.024305555555555556 0.359375 0.024305555555555556 0.365234375 0.017361111111111112 0.369140625 0.017361111111111112 0.37109375 0.013888888888888888 0.380859375 0.013888888888888888
0 0.556640625 0.4548611111111111 0.5625 0.4548611111111111 0.5625 0.4930555555555556 0.560546875 0.4965277777777778 0.552734375 0.4965277777777778 0.552734375 0.4930555555555556 0.548828125 0.4895833333333333 0.548828125 0.4652777777777778 0.556640625 0.4583333333333333
0 0.65234375 0.8333333333333334 0.65625 0.8333333333333334 0.65625 0.8645833333333334 0.65234375 0.8715277777777778 0.646484375 0.8715277777777778 0.638671875 0.8645833333333334 0.638671875 0.8506944444444444 0.6484375 0.84375 0.65234375 0.8368055555555556
0 0.37890625 0.2048611111111111 0.390625 0.2152777777777778 0.390625 0.23958333333333334 0.373046875 0.23958333333333334 0.3671875 0.2465277777777778 0.359375 0.2465277777777778 0.349609375 0.2361111111111111 0.349609375 0.21180555555555555 0.361328125 0.2013888888888889 0.37109375 0.2013888888888889 0.373046875 0.2048611111111111 0.376953125 0.2048611111111111
0 0.392578125 0.16666666666666666 0.396484375 0.16319444444444445 0.40625 0.16319444444444445 0.408203125 0.16666666666666666 0.41796875 0.1701388888888889 0.41796875 0.17708333333333334 0.412109375 0.1840277777777778 0.404296875 0.1840277777777778 0.392578125 0.1736111111111111 0.392578125 0.1701388888888889
0 0.451171875 0.03125 0.453125 0.034722222222222224 0.462890625 0.03819444444444445 0.462890625 0.04861111111111111 0.458984375 0.052083333333333336 0.447265625 0.052083333333333336 0.4375 0.04513888888888889 0.4375 0.03819444444444445 0.443359375 0.03125 0.44921875 0.03125
0 0.439453125 0.10416666666666667 0.443359375 0.1076388888888889 0.439453125 0.1076388888888889 0.43359375 0.11458333333333333 0.42578125 0.11458333333333333 0.421875 0.1076388888888889 0.423828125 0.10416666666666667 0.4375 0.10416666666666667
0 0.63671875 0.2881944444444444 0.638671875 0.2881944444444444 0.65625 0.2604166666666667 0.66015625 0.2604166666666667 0.6796875 0.2361111111111111 0.68359375 0.2361111111111111 0.697265625 0.2222222222222222 0.705078125 0.21875 0.705078125 0.2777777777777778 0.701171875 0.2777777777777778 0.693359375 0.2847222222222222 0.6796875 0.2847222222222222 0.671875 0.2916666666666667 0.65625 0.2951388888888889 0.63671875 0.3125 0.630859375 0.3125 0.623046875 0.3229166666666667 0.611328125 0.3229166666666667 0.611328125 0.3194444444444444 0.619140625 0.3090277777777778 0.626953125 0.3055555555555556 0.63671875 0.2916666666666667
0 0.45703125 0.12152777777777778 0.48046875 0.125 0.48046875 0.13541666666666666 0.470703125 0.13541666666666666 0.46875 0.1388888888888889 0.455078125 0.13541666666666666 0.455078125 0.1284722222222222 0.45703125 0.125
0 0.59375 0.65625 0.599609375 0.65625 0.6015625 0.6631944444444444 0.60546875 0.6631944444444444 0.61328125 0.6701388888888888 0.626953125 0.6701388888888888 0.626953125 0.6736111111111112 0.623046875 0.6770833333333334 0.623046875 0.6840277777777778 0.625 0.6875 0.630859375 0.6875 0.6328125 0.6840277777777778 0.630859375 0.6909722222222222 0.6328125 0.6979166666666666 0.6328125 0.7083333333333334 0.62890625 0.7152777777777778 0.59765625 0.7152777777777778 0.58984375 0.7222222222222222 0.587890625 0.71875 0.587890625 0.7048611111111112 0.58984375 0.7013888888888888 0.58984375 0.6805555555555556 0.591796875 0.6770833333333334 0.591796875 0.6666666666666666 0.59375 0.6597222222222222
0 0.59375 0.8090277777777778 0.607421875 0.7986111111111112 0.607421875 0.8298611111111112 0.599609375 0.8298611111111112 0.59765625 0.8333333333333334 0.58984375 0.8298611111111112 0.58984375 0.8194444444444444 0.591796875 0.8194444444444444 0.59375 0.8125
0 0.70703125 0.4166666666666667 0.70703125 0.4791666666666667 0.703125 0.4826388888888889 0.705078125 0.4756944444444444 0.697265625 0.4652777777777778 0.693359375 0.4652777777777778 0.681640625 0.4548611111111111 0.681640625 0.4444444444444444 0.685546875 0.4305555555555556 0.6875 0.4305555555555556 0.693359375 0.4201388888888889 0.705078125 0.4166666666666667
0 0.599609375 0.07291666666666667 0.603515625 0.07291666666666667 0.603515625 0.09027777777777778 0.599609375 0.09375 0.595703125 0.09027777777777778 0.595703125 0.0798611111111111 0.599609375 0.0763888888888889
0 0.37890625 0.059027777777777776 0.392578125 0.059027777777777776 0.392578125 0.06944444444444445 0.38671875 0.0763888888888889 0.380859375 0.07291666666666667 0.37890625 0.06944444444444445 0.37890625 0.0625
0 0.447265625 0.010416666666666666 0.451171875 0.006944444444444444 0.46484375 0.006944444444444444 0.46875 0.010416666666666666 0.46875 0.024305555555555556 0.4609375 0.024305555555555556 0.458984375 0.027777777777777776 0.451171875 0.024305555555555556 0.451171875 0.017361111111111112 0.447265625 0.013888888888888888
0 0.66796875 0.7118055555555556 0.689453125 0.7118055555555556 0.69140625 0.71875 0.701171875 0.71875 0.705078125 0.7222222222222222 0.705078125 0.8263888888888888 0.703125 0.8298611111111112 0.68359375 0.8298611111111112 0.67578125 0.8229166666666666 0.671875 0.8090277777777778 0.671875 0.7673611111111112 0.673828125 0.7638888888888888 0.673828125 0.7465277777777778 0.67578125 0.7430555555555556 0.671875 0.7256944444444444 0.66796875 0.7222222222222222 0.66796875 0.7152777777777778
0 0.56640625 0.2881944444444444 0.568359375 0.2916666666666667 0.56640625 0.3229166666666667 0.5625 0.3263888888888889 0.556640625 0.3263888888888889 0.5546875 0.3229166666666667 0.546875 0.3263888888888889 0.54296875 0.3229166666666667 0.54296875 0.2986111111111111 0.544921875 0.2951388888888889 0.564453125 0.2951388888888889 0.56640625 0.2916666666666667
0 0.66015625 0.024305555555555556 0.669921875 0.024305555555555556 0.669921875 0.034722222222222224 0.66796875 0.03819444444444445 0.66015625 0.034722222222222224 0.66015625 0.027777777777777776
0 0.609375 0.3923611111111111 0.609375 0.40625 0.607421875 0.4097222222222222 0.607421875 0.4270833333333333 0.60546875 0.4340277777777778 0.6015625 0.4409722222222222 0.59765625 0.4409722222222222 0.591796875 0.4513888888888889 0.587890625 0.4513888888888889 0.580078125 0.46875 0.578125 0.4652777777777778 0.57421875 0.4652777777777778 0.572265625 0.46875 0.57421875 0.4722222222222222 0.568359375 0.46875 0.568359375 0.4583333333333333 0.564453125 0.4548611111111111 0.564453125 0.4479166666666667 0.568359375 0.4479166666666667 0.572265625 0.4409722222222222 0.572265625 0.4270833333333333 0.57421875 0.4236111111111111 0.578125 0.4236111111111111 0.587890625 0.40625 0.587890625 0.4027777777777778 0.59375 0.3993055555555556 0.59765625 0.3923611111111111 0.607421875 0.3923611111111111