0 0.3671875 0.49825783972125437 0.369140625 0.49825783972125437 0.369140625 0.5052264808362369 0.365234375 0.5121951219512195 0.353515625 0.5121951219512195 0.357421875 0.5052264808362369 0.365234375 0.5052264808362369 0.3671875 0.5017421602787456
0 0.650390625 0.5261324041811847 0.666015625 0.5261324041811847 0.66796875 0.5331010452961672 0.669921875 0.5296167247386759 0.669921875 0.554006968641115 0.6640625 0.554006968641115 0.662109375 0.5574912891986062 0.65625 0.5574912891986062 0.6484375 0.5505226480836237 0.640625 0.5505226480836237 0.640625 0.5400696864111498 0.650390625 0.5296167247386759
0 0.509765625 0.11149825783972125 0.515625 0.11149825783972125 0.51953125 0.11846689895470383 0.51953125 0.1254355400696864 0.509765625 0.1254355400696864 0.5078125 0.12195121951219512 0.50390625 0.12195121951219512 0.50390625 0.11846689895470383 0.5078125 0.11846689895470383 0.509765625 0.11498257839721254
0 0.34765625 0.4564459930313589 0.357421875 0.45993031358885017 0.361328125 0.46689895470383275 0.365234375 0.46689895470383275 0.3671875 0.47038327526132406 0.369140625 0.46689895470383275 0.376953125 0.46689895470383275 0.384765625 0.4564459930313589 0.396484375 0.4564459930313589 0.404296875 0.4634146341463415 0.416015625 0.4843205574912892 0.41796875 0.4843205574912892 0.40234375 0.49477351916376305 0.400390625 0.4912891986062718 0.390625 0.4912891986062718 0.3828125 0.4843205574912892 0.369140625 0.4843205574912892 0.361328125 0.5017421602787456 0.357421875 0.5017421602787456 0.361328125 0.4878048780487805 0.361328125 0.4808362369337979 0.359375 0.4738675958188153 0.349609375 0.45993031358885017
0 0.33203125 0.7456445993031359 0.33984375 0.7456445993031359 0.34375 0.7560975609756098 0.33984375 0.7630662020905923 0.333984375 0.7630662020905923 0.328125 0.7560975609756098 0.328125 0.7526132404181185 0.33203125 0.7491289198606271
0 0.50390625 0.15331010452961671 0.5078125 0.15331010452961671 0.509765625 0.156794425087108 0.509765625 0.16376306620209058 0.505859375 0.1672473867595819 0.498046875 0.1672473867595819 0.49609375 0.16376306620209058 0.50390625 0.156794425087108
0 0.5703125 0.9965156794425087 0.5703125 0.9860627177700348 0.572265625 0.9825783972125436 0.583984375 0.9860627177700348 0.583984375 0.9965156794425087 0.572265625 0.9965156794425087
0 0.54296875 0.13937282229965156 0.546875 0.13937282229965156 0.548828125 0.14634146341463414 0.5625 0.14634146341463414 0.564453125 0.13937282229965156 0.56640625 0.13937282229965156 0.5703125 0.15331010452961671 0.5703125 0.1602787456445993 0.568359375 0.16376306620209058 0.556640625 0.16376306620209058 0.548828125 0.156794425087108 0.53515625 0.156794425087108 0.53515625 0.14982578397212543 0.54296875 0.14285714285714285
0 0.46875 0.42160278745644597 0.47265625 0.42160278745644597 0.4765625 0.43205574912891986 0.4765625 0.4529616724738676 0.474609375 0.4529616724738676 0.47265625 0.43902439024390244 0.46875 0.4355400696864111 0.46875 0.4250871080139373
0 0.51953125 0.6062717770034843 0.525390625 0.6062717770034843 0.533203125 0.627177700348432 0.533203125 0.6515679442508711 0.529296875 0.6515679442508711 0.529296875 0.6480836236933798 0.5234375 0.6376306620209059 0.5234375 0.6306620209059234 0.517578125 0.6132404181184669 0.51953125 0.6097560975609756
0 0.6343240093240093 0.9091396408469579 0.0168997668997669 0.04470326421545934
0 0.435546875 0.14982578397212543 0.4453125 0.14982578397212543 0.447265625 0.15331010452961671 0.44921875 0.14982578397212543 0.44921875 0.156794425087108 0.4453125 0.1602787456445993 0.4375 0.1602787456445993 0.435546875 0.15331010452961671
0 0.65625 0.4878048780487805 0.662109375 0.4808362369337979 0.6640625 0.47038327526132406 0.669921875 0.45993031358885017 0.669921875 0.5087108013937283 0.65625 0.49477351916376305 0.65625 0.4912891986062718
0 0.326171875 0.5365853658536586 0.326171875 0.5470383275261324 0.328125 0.5505226480836237 0.326171875 0.5574912891986062 0.3203125 0.5644599303135889 0.318359375 0.5609756097560976 0.318359375 0.5470383275261324 0.32421875 0.5400696864111498
0 0.330078125 0.4634146341463415 0.3359375 0.4634146341463415 0.3359375 0.47038327526132406 0.33203125 0.47735191637630664 0.328125 0.47735191637630664 0.328125 0.47038327526132406 0.330078125 0.46689895470383275
0 0.46875 0.3867595818815331 0.47265625 0.3867595818815331 0.4765625 0.40418118466898956 0.4765625 0.4146341463414634 0.46875 0.4181184668989547 0.46875 0.41114982578397213 0.466796875 0.4076655052264808 0.466796875 0.39372822299651566 0.46875 0.3902439024390244
0 0.359375 0.09407665505226481 0.37109375 0.09407665505226481 0.373046875 0.10104529616724739 0.375 0.0975609756097561 0.375 0.10801393728222997 0.37109375 0.11149825783972125 0.3671875 0.11149825783972125 0.359375 0.10452961672473868 0.357421875 0.10104529616724739 0.359375 0.0975609756097561
0 0.400390625 0.7560975609756098 0.408203125 0.7560975609756098 0.41015625 0.7630662020905923 0.4140625 0.7630662020905923 0.41796875 0.7700348432055749 0.423828125 0.7630662020905923 0.421875 0.7665505226480837 0.421875 0.7804878048780488 0.41796875 0.7804878048780488 0.416015625 0.7839721254355401 0.404296875 0.7839721254355401 0.40234375 0.7874564459930313 0.400390625 0.7839721254355401 0.38671875 0.7804878048780488 0.38671875 0.7770034843205574 0.400390625 0.759581881533101
0 0.5390625 0.926829268292683 0.54296875 0.926829268292683 0.55078125 0.9094076655052264 0.552734375 0.9094076655052264 0.5546875 0.9163763066202091 0.5546875 0.926829268292683 0.544921875 0.9407665505226481 0.5390625 0.9407665505226481 0.5390625 0.9303135888501742
0 0.658203125 0.08013937282229965 0.66015625 0.08013937282229965 0.658203125 0.08710801393728224 0.6484375 0.10452961672473868 0.630859375 0.12195121951219512 0.630859375 0.1289198606271777 0.625 0.14285714285714285 0.6171875 0.14634146341463414 0.611328125 0.15331010452961671 0.609375 0.14982578397212543 0.599609375 0.14982578397212543 0.591796875 0.14285714285714285 0.5859375 0.13240418118466898 0.583984375 0.11846689895470383 0.57421875 0.08710801393728224 0.578125 0.08013937282229965 0.583984375 0.08013937282229965 0.59765625 0.09059233449477352 0.609375 0.09059233449477352 0.611328125 0.09407665505226481 0.638671875 0.09407665505226481 0.640625 0.0975609756097561 0.6484375 0.0975609756097561 0.650390625 0.09059233449477352 0.65625 0.08362369337979095
0 0.51953125 0.34494773519163763 0.5234375 0.3554006968641115 0.5234375 0.36585365853658536 0.505859375 0.3623693379790941 0.5078125 0.3623693379790941 0.509765625 0.3554006968641115 0.51953125 0.34843205574912894
0 0.458984375 0.554006968641115 0.4609375 0.554006968641115 0.46484375 0.5435540069686411 0.474609375 0.5435540069686411 0.4765625 0.5470383275261324 0.48046875 0.5470383275261324 0.482421875 0.5505226480836237 0.482421875 0.5574912891986062 0.462890625 0.5609756097560976 0.4609375 0.554006968641115
0 0.654296875 0.32752613240418116 0.65625 0.34146341463414637 0.638671875 0.3588850174216028 0.6171875 0.3588850174216028 0.619140625 0.3519163763066202 0.6171875 0.34843205574912894 0.61328125 0.34843205574912894 0.61328125 0.34494773519163763 0.62109375 0.34494773519163763 0.630859375 0.32752613240418116 0.638671875 0.3205574912891986 0.6484375 0.3205574912891986 0.65234375 0.32752613240418116
0 0.57421875 0.7073170731707317 0.5859375 0.7212543554006968 0.599609375 0.7212543554006968 0.6015625 0.7247386759581882 0.599609375 0.7282229965156795 0.599609375 0.735191637630662 0.60546875 0.7421602787456446 0.609375 0.7526132404181185 0.63671875 0.7526132404181185 0.638671875 0.7560975609756098 0.666015625 0.759581881533101 0.66796875 0.7630662020905923 0.669921875 0.759581881533101 0.669921875 0.8745644599303136 0.666015625 0.8745644599303136 0.658203125 0.8536585365853658 0.658203125 0.8397212543554007 0.65625 0.8362369337979094 0.65625 0.8292682926829268 0.65234375 0.8222996515679443 0.634765625 0.8083623693379791 0.61328125 0.7804878048780488 0.607421875 0.7770034843205574 0.60546875 0.7700348432055749 0.58203125 0.7700348432055749 0.578125 0.7770034843205574 0.572265625 0.7804878048780488 0.5703125 0.7770034843205574 0.5703125 0.7630662020905923 0.572265625 0.759581881533101 0.572265625 0.7247386759581882 0.57421875 0.7212543554006968 0.57421875 0.710801393728223
0 0.4765625 0.5958188153310104 0.4765625 0.6097560975609756 0.47265625 0.6097560975609756 0.47265625 0.5993031358885017 0.474609375 0.5993031358885017