0 0.580078125 0.14634146341463414 0.580078125 0.17770034843205576 0.568359375 0.17770034843205576 0.568359375 0.17421602787456447 0.572265625 0.17421602787456447 0.57421875 0.17073170731707318 0.57421875 0.14982578397212543 0.578125 0.14982578397212543
0 0.728515625 0.3797909407665505 0.732421875 0.3797909407665505 0.734375 0.3867595818815331 0.740234375 0.3867595818815331 0.740234375 0.47038327526132406 0.736328125 0.4738675958188153 0.724609375 0.4738675958188153 0.724609375 0.4564459930313589 0.720703125 0.4529616724738676 0.720703125 0.4355400696864111 0.71875 0.43205574912891986 0.71484375 0.43205574912891986 0.71484375 0.42160278745644597 0.71875 0.42160278745644597 0.720703125 0.4146341463414634 0.724609375 0.41114982578397213 0.724609375 0.4076655052264808 0.734375 0.40069686411149824 0.734375 0.39372822299651566 0.732421875 0.3902439024390244 0.728515625 0.3902439024390244 0.728515625 0.3832752613240418
0 0.5546875 0.23693379790940766 0.56640625 0.23693379790940766 0.56640625 0.2682926829268293 0.560546875 0.2682926829268293 0.560546875 0.2508710801393728 0.55859375 0.24738675958188153 0.5546875 0.24738675958188153 0.5546875 0.24041811846689895
0 0.58984375 0.16376306620209058 0.58984375 0.18815331010452963 0.5859375 0.18815331010452963 0.583984375 0.1916376306620209 0.580078125 0.18815331010452963 0.572265625 0.18815331010452963 0.572265625 0.1672473867595819 0.587890625 0.16376306620209058
0 0.583984375 0.31010452961672474 0.591796875 0.31010452961672474 0.591796875 0.34146341463414637 0.587890625 0.34146341463414637 0.5859375 0.34494773519163763 0.583984375 0.34146341463414637 0.583984375 0.313588850174216
0 0.564453125 0.47038327526132406 0.5703125 0.47038327526132406 0.580078125 0.4843205574912892 0.580078125 0.5087108013937283 0.580078125 0.5017421602787456 0.576171875 0.49825783972125437 0.576171875 0.49477351916376305 0.572265625 0.4912891986062718 0.572265625 0.4843205574912892 0.568359375 0.4808362369337979 0.56640625 0.4738675958188153 0.564453125 0.4738675958188153
0 0.6328125 0.17770034843205576 0.63671875 0.17770034843205576 0.63671875 0.2229965156794425 0.6328125 0.2229965156794425 0.630859375 0.22996515679442509 0.626953125 0.22996515679442509 0.625 0.23344947735191637 0.623046875 0.22996515679442509 0.615234375 0.22996515679442509 0.615234375 0.2229965156794425 0.619140625 0.2229965156794425 0.62109375 0.21951219512195122 0.62109375 0.20209059233449478 0.625 0.20209059233449478 0.626953125 0.1986062717770035 0.626953125 0.18466898954703834 0.630859375 0.18466898954703834 0.6328125 0.18118466898954705
0 0.66015625 0.6724738675958188 0.66796875 0.6724738675958188 0.66796875 0.6898954703832753 0.650390625 0.686411149825784 0.650390625 0.6794425087108014 0.658203125 0.6794425087108014 0.66015625 0.6759581881533101
0 0.65625 0.5923344947735192 0.65625 0.6062717770034843 0.654296875 0.6097560975609756 0.64453125 0.6097560975609756 0.64453125 0.5993031358885017 0.654296875 0.5958188153310104
0 0.541015625 0.23693379790940766 0.55859375 0.23693379790940766 0.55859375 0.2682926829268293 0.55078125 0.2682926829268293 0.55078125 0.2578397212543554 0.548828125 0.25435540069686413 0.541015625 0.25435540069686413 0.541015625 0.24041811846689895
0 0.70703125 0.42857142857142855 0.720703125 0.42857142857142855 0.728515625 0.4355400696864111 0.724609375 0.43902439024390244 0.724609375 0.44947735191637633 0.728515625 0.4529616724738676 0.728515625 0.4878048780487805 0.716796875 0.5017421602787456 0.703125 0.5017421602787456 0.69921875 0.49825783972125437 0.69921875 0.4564459930313589 0.701171875 0.4564459930313589 0.703125 0.44947735191637633 0.705078125 0.44947735191637633 0.70703125 0.4425087108013937 0.7109375 0.43902439024390244 0.7109375 0.43205574912891986 0.708984375 0.42857142857142855
0 0.576171875 0 0.607421875 0 0.60546875 0.003484320557491289 0.60546875 0.010452961672473868 0.6015625 0.013937282229965157 0.599609375 0.027874564459930314 0.580078125 0.027874564459930314 0.580078125 0.024390243902439025 0.576171875 0.020905923344947737 0.576171875 0.003484320557491289
0 0.70703125 0.6480836236933798 0.708984375 0.6480836236933798 0.712890625 0.6585365853658537 0.7109375 0.6585365853658537 0.708984375 0.662020905923345 0.708984375 0.6689895470383276 0.705078125 0.6724738675958188 0.708984375 0.6759581881533101 0.7109375 0.6829268292682927 0.716796875 0.6829268292682927 0.716796875 0.7421602787456446 0.703125 0.7421602787456446 0.703125 0.735191637630662 0.69921875 0.7317073170731707 0.697265625 0.7247386759581882 0.6953125 0.7247386759581882 0.6953125 0.7177700348432056 0.697265625 0.7177700348432056 0.69921875 0.710801393728223 0.703125 0.7073170731707317 0.703125 0.6933797909407665 0.69921875 0.6898954703832753 0.69921875 0.6759581881533101 0.69140625 0.6689895470383276 0.69140625 0.662020905923345 0.697265625 0.662020905923345 0.70703125 0.6515679442508711
0 0.5546875 0.5052264808362369 0.560546875 0.5052264808362369 0.560546875 0.5087108013937283 0.5703125 0.5226480836236934 0.5703125 0.5435540069686411 0.56640625 0.5435540069686411 0.564453125 0.5365853658536586 0.55859375 0.5331010452961672 0.55859375 0.5261324041811847 0.5546875 0.5226480836236934 0.552734375 0.5156794425087108 0.548828125 0.5156794425087108 0.552734375 0.5156794425087108 0.5546875 0.5087108013937283
0 0.4140625 0.9512195121951219 0.4140625 0.9651567944250871 0.412109375 0.9721254355400697 0.396484375 0.9790940766550522 0.392578125 0.9895470383275261 0.38671875 0.9965156794425087 0.373046875 0.9965156794425087 0.373046875 0.9825783972125436 0.384765625 0.9825783972125436 0.38671875 0.9790940766550522 0.400390625 0.975609756097561 0.40234375 0.9686411149825784 0.4140625 0.9547038327526133
0 0.666015625 0.6132404181184669 0.673828125 0.6132404181184669 0.673828125 0.6376306620209059 0.65625 0.6376306620209059 0.65625 0.6202090592334495 0.6640625 0.6202090592334495 0.666015625 0.6167247386759582
0 0.55078125 0.5435540069686411 0.56640625 0.5435540069686411 0.56640625 0.5818815331010453 0.5625 0.5818815331010453 0.560546875 0.5853658536585366 0.5625 0.5818815331010453 0.5625 0.5714285714285714 0.560546875 0.5679442508710801 0.556640625 0.5679442508710801 0.556640625 0.5574912891986062 0.5546875 0.554006968641115 0.55078125 0.554006968641115 0.55078125 0.5470383275261324
0 0.544921875 0.18118466898954705 0.552734375 0.18118466898954705 0.552734375 0.21602787456445993 0.53515625 0.21602787456445993 0.53515625 0.18815331010452963 0.54296875 0.18815331010452963 0.544921875 0.18466898954703834
0 0.38671875 0.5609756097560976 0.390625 0.5609756097560976 0.390625 0.578397212543554 0.376953125 0.5818815331010453 0.37890625 0.5749128919860628 0.380859375 0.5749128919860628 0.3828125 0.5679442508710801 0.38671875 0.5644599303135889
0 0.73046875 0.4843205574912892 0.73828125 0.4843205574912892 0.73828125 0.5470383275261324 0.720703125 0.554006968641115 0.716796875 0.5505226480836237 0.716796875 0.5435540069686411 0.712890625 0.5400696864111498 0.712890625 0.5261324041811847 0.716796875 0.5226480836236934 0.716796875 0.5156794425087108 0.72265625 0.5087108013937283 0.72265625 0.5017421602787456 0.724609375 0.5017421602787456 0.7265625 0.49477351916376305 0.73046875 0.4912891986062718 0.73046875 0.4878048780487805
0 0.51171875 0 0.5234375 0 0.5234375 0.041811846689895474 0.51953125 0.04529616724738676 0.517578125 0.04529616724738676 0.517578125 0.017421602787456445 0.515625 0.013937282229965157 0.51171875 0.013937282229965157 0.51171875 0.003484320557491289
0 0.591796875 0.1672473867595819 0.599609375 0.1672473867595819 0.599609375 0.21254355400696864 0.58203125 0.21254355400696864 0.58203125 0.1951219512195122 0.58984375 0.1951219512195122 0.591796875 0.1916376306620209 0.591796875 0.17073170731707318
0 0.576171875 0.14634146341463414 0.576171875 0.17770034843205576 0.564453125 0.17770034843205576 0.564453125 0.1672473867595819 0.568359375 0.1672473867595819 0.5703125 0.16376306620209058 0.5703125 0.14982578397212543 0.57421875 0.14982578397212543
0 0.58203125 0.23693379790940766 0.5859375 0.23693379790940766 0.5859375 0.28222996515679444 0.58203125 0.2857142857142857 0.580078125 0.2787456445993031 0.576171875 0.2787456445993031 0.576171875 0.2613240418118467 0.57421875 0.2578397212543554 0.5703125 0.2578397212543554 0.5703125 0.2508710801393728 0.568359375 0.24738675958188153 0.564453125 0.24738675958188153 0.57421875 0.24738675958188153 0.58203125 0.24041811846689895
0 0.72265625 0.04529616724738676 0.732421875 0.04529616724738676 0.734375 0.04878048780487805 0.73828125 0.04878048780487805 0.73828125 0.0627177700348432 0.73046875 0.0627177700348432 0.72265625 0.05574912891986063 0.72265625 0.04878048780487805
0 0.556640625 0.20209059233449478 0.57421875 0.20209059233449478 0.57421875 0.24738675958188153 0.556640625 0.24738675958188153 0.556640625 0.20557491289198607
0 0.640625 0.6585365853658537 0.681640625 0.6585365853658537 0.681640625 0.6689895470383276 0.63671875 0.6689895470383276 0.638671875 0.6689895470383276 0.640625 0.662020905923345
0 0.6953125 0.24390243902439024 0.69921875 0.24041811846689895 0.716796875 0.24041811846689895 0.71875 0.24390243902439024 0.72265625 0.24390243902439024 0.740234375 0.27177700348432055 0.740234375 0.3588850174216028 0.728515625 0.3623693379790941 0.734375 0.3554006968641115 0.71875 0.33797909407665505 0.716796875 0.3344947735191638 0.716796875 0.32752613240418116 0.712890625 0.3240418118466899 0.708984375 0.31010452961672474 0.705078125 0.30662020905923343 0.69921875 0.30662020905923343 0.69921875 0.2961672473867596 0.701171875 0.289198606271777 0.69921875 0.2857142857142857 0.69921875 0.2787456445993031 0.6953125 0.27526132404181186 0.6953125 0.24738675958188153