0 0.603515625 0.5470383275261324 0.607421875 0.5435540069686411 0.61328125 0.5435540069686411 0.6171875 0.5470383275261324 0.6171875 0.6062717770034843 0.61328125 0.6097560975609756 0.60546875 0.6097560975609756 0.603515625 0.6132404181184669 0.595703125 0.6097560975609756 0.595703125 0.5888501742160279 0.591796875 0.5853658536585366 0.595703125 0.5818815331010453 0.595703125 0.5644599303135889 0.6015625 0.5609756097560976 0.603515625 0.5574912891986062 0.603515625 0.5505226480836237
0 0.61328125 0 0.623046875 0 0.619140625 0.003484320557491289 0.615234375 0
0 0.5234375 0.3832752613240418 0.52734375 0.3797909407665505 0.556640625 0.3797909407665505 0.556640625 0.3832752613240418 0.552734375 0.3832752613240418 0.55078125 0.3867595818815331 0.53125 0.3867595818815331 0.529296875 0.3832752613240418 0.525390625 0.3832752613240418
0 0.55078125 0.9407665505226481 0.5546875 0.9372822299651568 0.5625 0.9407665505226481 0.5625 0.9477351916376306 0.56640625 0.9512195121951219 0.56640625 0.9686411149825784 0.5703125 0.9721254355400697 0.5703125 0.9965156794425087 0.5546875 0.9965156794425087 0.5546875 0.9790940766550522 0.55078125 0.975609756097561 0.55078125 0.9442508710801394
0 0.52734375 0.04878048780487805 0.53515625 0.04878048780487805 0.537109375 0.05226480836236934 0.548828125 0.05574912891986063 0.552734375 0.0627177700348432 0.556640625 0.0627177700348432 0.5625 0.06968641114982578 0.568359375 0.08013937282229965 0.5703125 0.08013937282229965 0.572265625 0.08710801393728224 0.572265625 0.13588850174216027 0.5703125 0.13588850174216027 0.568359375 0.14285714285714285 0.5625 0.13240418118466898 0.55859375 0.13240418118466898 0.55859375 0.1254355400696864 0.5625 0.1254355400696864 0.564453125 0.12195121951219512 0.564453125 0.10801393728222997 0.541015625 0.08013937282229965 0.533203125 0.08013937282229965 0.533203125 0.07665505226480836 0.529296875 0.07317073170731707 0.52734375 0.06620209059233449 0.52734375 0.05226480836236934
0 0.5546875 0.7247386759581882 0.564453125 0.7247386759581882 0.56640625 0.7282229965156795 0.56640625 0.7421602787456446 0.5625 0.7456445993031359 0.55859375 0.7456445993031359 0.560546875 0.7421602787456446 0.55859375 0.7386759581881533 0.5546875 0.7386759581881533 0.5546875 0.7282229965156795
0 0.5 0.7909407665505227 0.509765625 0.7909407665505227 0.509765625 0.8013937282229965 0.51171875 0.8048780487804879 0.51171875 0.8362369337979094 0.509765625 0.8327526132404182 0.505859375 0.8327526132404182 0.50390625 0.8257839721254355 0.5 0.8257839721254355 0.5 0.794425087108014
0 0.458984375 0.29965156794425085 0.474609375 0.29965156794425085 0.474609375 0.30662020905923343 0.470703125 0.31010452961672474 0.46484375 0.30662020905923343 0.46484375 0.30313588850174217 0.4609375 0.29965156794425085
0 0.482421875 0.3797909407665505 0.498046875 0.3797909407665505 0.498046875 0.3902439024390244 0.494140625 0.3902439024390244 0.4921875 0.39372822299651566 0.494140625 0.3902439024390244 0.4921875 0.3867595818815331 0.482421875 0.3832752613240418
0 0.64453125 0.9721254355400697 0.6484375 0.9721254355400697 0.650390625 0.9651567944250871 0.654296875 0.9651567944250871 0.654296875 0.9965156794425087 0.638671875 0.9965156794425087 0.638671875 0.9790940766550522 0.642578125 0.9790940766550522 0.64453125 0.975609756097561
0 0.46875 0.03484320557491289 0.478515625 0.03484320557491289 0.486328125 0.041811846689895474 0.4921875 0.041811846689895474 0.484375 0.05226480836236934 0.486328125 0.06620209059233449 0.490234375 0.06968641114982578 0.490234375 0.0975609756097561 0.48828125 0.0975609756097561 0.484375 0.11149825783972125 0.48046875 0.11498257839721254 0.48046875 0.12195121951219512 0.47265625 0.13240418118466898 0.462890625 0.13588850174216027 0.453125 0.1289198606271777 0.451171875 0.0975609756097561 0.447265625 0.09407665505226481 0.447265625 0.09059233449477352 0.455078125 0.08710801393728224 0.458984375 0.07317073170731707 0.462890625 0.06968641114982578 0.462890625 0.0627177700348432 0.474609375 0.04878048780487805 0.474609375 0.041811846689895474 0.470703125 0.03832752613240418
0 0.544921875 0.6445993031358885 0.5703125 0.6445993031358885 0.5703125 0.6480836236933798 0.56640625 0.6480836236933798 0.564453125 0.6515679442508711 0.546875 0.6515679442508711 0.544921875 0.6550522648083623 0.537109375 0.6515679442508711 0.54296875 0.6515679442508711 0.544921875 0.6480836236933798
0 0.6535836177474402 -0.012684670971526877 0.018222500711035268 0.037546626075719555
0 0.474609375 0.7038327526132404 0.484375 0.7038327526132404 0.486328125 0.710801393728223 0.486328125 0.7212543554006968 0.478515625 0.7247386759581882 0.474609375 0.7212543554006968 0.474609375 0.7073170731707317
0 0.640625 0.9094076655052264 0.640625 0.9337979094076655 0.634765625 0.9337979094076655 0.6328125 0.9372822299651568 0.630859375 0.9337979094076655 0.625 0.9337979094076655 0.623046875 0.926829268292683 0.619140625 0.926829268292683 0.619140625 0.9128919860627178 0.623046875 0.9128919860627178 0.625 0.9094076655052264 0.638671875 0.9094076655052264
0 0.46484375 0.7142857142857143 0.4765625 0.7142857142857143 0.4765625 0.7282229965156795 0.47265625 0.7317073170731707 0.470703125 0.7317073170731707 0.470703125 0.7212543554006968 0.46875 0.7177700348432056 0.46484375 0.7177700348432056
0 0.443359375 0.39372822299651566 0.453125 0.39372822299651566 0.455078125 0.397212543554007 0.455078125 0.41114982578397213 0.44921875 0.41114982578397213 0.44921875 0.40418118466898956 0.447265625 0.40069686411149824 0.443359375 0.40069686411149824 0.443359375 0.397212543554007
0 0.46875 0.3310104529616725 0.486328125 0.3310104529616725 0.486328125 0.3623693379790941 0.484375 0.3623693379790941 0.482421875 0.3693379790940767 0.48046875 0.3693379790940767 0.478515625 0.3623693379790941 0.478515625 0.34494773519163763 0.4765625 0.34146341463414637 0.46875 0.34146341463414637 0.46875 0.3344947735191638
0 0.4609375 0.36585365853658536 0.470703125 0.36585365853658536 0.47265625 0.37282229965156793 0.47265625 0.3797909407665505 0.46484375 0.3832752613240418 0.466796875 0.3797909407665505 0.46484375 0.37630662020905925 0.4609375 0.37630662020905925 0.4609375 0.3693379790940767
0 0.4375 0.3205574912891986 0.44921875 0.3205574912891986 0.451171875 0.32752613240418116 0.45703125 0.32752613240418116 0.458984375 0.3310104529616725 0.458984375 0.33797909407665505 0.453125 0.34494773519163763 0.451171875 0.34146341463414637 0.455078125 0.33797909407665505 0.453125 0.3344947735191638 0.447265625 0.3310104529616725 0.4453125 0.3240418118466899 0.4375 0.3240418118466899
0 0.455078125 0.7142857142857143 0.46484375 0.7142857142857143 0.466796875 0.7177700348432056 0.466796875 0.7421602787456446 0.4609375 0.7421602787456446 0.458984375 0.7456445993031359 0.4609375 0.7421602787456446 0.458984375 0.7386759581881533 0.455078125 0.7386759581881533 0.455078125 0.7177700348432056
0 0.51171875 0.7386759581881533 0.517578125 0.735191637630662 0.52734375 0.7491289198606271 0.52734375 0.7874564459930313 0.525390625 0.7909407665505227 0.521484375 0.7909407665505227 0.525390625 0.7909407665505227 0.52734375 0.7874564459930313 0.5234375 0.7839721254355401 0.5234375 0.7560975609756098 0.51953125 0.7526132404181185 0.517578125 0.7456445993031359 0.51171875 0.7421602787456446
0 0.4453125 0.34494773519163763 0.451171875 0.34494773519163763 0.453125 0.3519163763066202 0.45703125 0.3519163763066202 0.45703125 0.3554006968641115 0.453125 0.3588850174216028 0.447265625 0.3588850174216028 0.44140625 0.3519163763066202 0.4453125 0.34843205574912894
0 0.447265625 0.3623693379790941 0.45703125 0.3623693379790941 0.458984375 0.36585365853658536 0.458984375 0.37282229965156793 0.455078125 0.37630662020905925 0.453125 0.37630662020905925 0.451171875 0.3693379790940767 0.447265625 0.3693379790940767 0.447265625 0.36585365853658536
0 0.6015625 0.6411149825783972 0.60546875 0.6411149825783972 0.607421875 0.6445993031358885 0.607421875 0.6898954703832753 0.6015625 0.6898954703832753 0.599609375 0.6933797909407665 0.6015625 0.6898954703832753 0.6015625 0.6724738675958188 0.599609375 0.6689895470383276 0.595703125 0.6689895470383276 0.595703125 0.6480836236933798 0.599609375 0.6480836236933798 0.6015625 0.6445993031358885
0 0.4609375 0.313588850174216 0.478515625 0.313588850174216 0.478515625 0.3205574912891986 0.474609375 0.3205574912891986 0.47265625 0.3240418118466899 0.470703125 0.3240418118466899 0.46875 0.3170731707317073 0.4609375 0.3170731707317073
0 0.513671875 0.34146341463414637 0.53125 0.34146341463414637 0.53125 0.3902439024390244 0.525390625 0.3902439024390244 0.5234375 0.39372822299651566 0.525390625 0.3902439024390244 0.5234375 0.3867595818815331 0.51953125 0.3867595818815331 0.51953125 0.34843205574912894 0.517578125 0.34494773519163763 0.513671875 0.34494773519163763
0 0.54296875 0.662020905923345 0.560546875 0.662020905923345 0.560546875 0.6724738675958188 0.556640625 0.6724738675958188 0.5546875 0.6759581881533101 0.55078125 0.6724738675958188 0.54296875 0.6724738675958188 0.54296875 0.6655052264808362
0 0.47265625 0.7526132404181185 0.48046875 0.7560975609756098 0.48046875 0.7665505226480837 0.4765625 0.7700348432055749 0.47265625 0.7665505226480837 0.47265625 0.7560975609756098
0 0.494140625 0.4250871080139373 0.498046875 0.4250871080139373 0.5 0.43205574912891986 0.505859375 0.43205574912891986 0.505859375 0.4425087108013937 0.50390625 0.445993031358885 0.5 0.445993031358885 0.50390625 0.445993031358885 0.505859375 0.4425087108013937 0.50390625 0.43902439024390244 0.494140625 0.4355400696864111 0.494140625 0.42857142857142855
0 0.580078125 0.6236933797909407 0.583984375 0.627177700348432 0.5859375 0.6341463414634146 0.595703125 0.6411149825783972 0.595703125 0.6933797909407665 0.58984375 0.6933797909407665 0.5859375 0.6968641114982579 0.578125 0.6898954703832753 0.578125 0.6759581881533101 0.56640625 0.662020905923345 0.56640625 0.6585365853658537 0.57421875 0.6515679442508711 0.57421875 0.627177700348432 0.578125 0.627177700348432
0 0.48828125 0.7630662020905923 0.5 0.7630662020905923 0.5 0.7735191637630662 0.50390625 0.7770034843205574 0.505859375 0.7839721254355401 0.5078125 0.7839721254355401 0.5078125 0.8222996515679443 0.50390625 0.8257839721254355 0.505859375 0.818815331010453 0.5 0.8118466898954704 0.49609375 0.8118466898954704 0.49609375 0.8048780487804879 0.4921875 0.8013937282229965 0.4921875 0.7735191637630662 0.48828125 0.7700348432055749 0.48828125 0.7665505226480837
0 0.5390625 0.7038327526132404 0.54296875 0.7038327526132404 0.54296875 0.7212543554006968 0.537109375 0.7247386759581882 0.5390625 0.7212543554006968 0.537109375 0.7177700348432056 0.529296875 0.7177700348432056 0.529296875 0.710801393728223 0.537109375 0.710801393728223 0.5390625 0.7073170731707317
0 0.646484375 0.027874564459930314 0.650390625 0.027874564459930314 0.65234375 0.03484320557491289 0.658203125 0.03484320557491289 0.658203125 0.059233449477351915 0.65625 0.05574912891986063 0.65234375 0.05574912891986063 0.650390625 0.04878048780487805 0.646484375 0.04878048780487805 0.646484375 0.0313588850174216