0 0.67578125 0.5121951219512195 0.6796875 0.5087108013937283 0.6796875 0.5017421602787456 0.67578125 0.49825783972125437 0.673828125 0.4912891986062718 0.67578125 0.4878048780487805 0.6796875 0.4912891986062718 0.6875 0.4912891986062718 0.6875 0.49825783972125437 0.685546875 0.5017421602787456 0.685546875 0.5087108013937283 0.6875 0.5121951219512195 0.6875 0.5644599303135889 0.677734375 0.5714285714285714 0.673828125 0.5609756097560976 0.673828125 0.519163763066202 0.67578125 0.5156794425087108
0 0.513671875 0 0.548828125 0 0.546875 0.003484320557491289 0.546875 0.013937282229965157 0.541015625 0.03484320557491289 0.541015625 0.041811846689895474 0.5390625 0.041811846689895474 0.53515625 0.05226480836236934 0.53125 0.05226480836236934 0.529296875 0.05574912891986063 0.51953125 0.05574912891986063 0.517578125 0.05226480836236934 0.517578125 0.013937282229965157 0.515625 0.010452961672473868 0.515625 0.003484320557491289
0 0.52734375 0.30313588850174217 0.53125 0.30313588850174217 0.533203125 0.313588850174216 0.537109375 0.3170731707317073 0.537109375 0.3310104529616725 0.533203125 0.3205574912891986 0.529296875 0.3205574912891986 0.52734375 0.30662020905923343
0 0.708984375 0.041811846689895474 0.712890625 0.041811846689895474 0.712890625 0.0627177700348432 0.708984375 0.0627177700348432 0.708984375 0.04529616724738676
0 0.61328125 0.07665505226480836 0.619140625 0.07665505226480836 0.623046875 0.09059233449477352 0.626953125 0.09407665505226481 0.634765625 0.09407665505226481 0.640625 0.10104529616724739 0.646484375 0.11846689895470383 0.646484375 0.13240418118466898 0.6484375 0.13588850174216027 0.6484375 0.18118466898954705 0.646484375 0.18466898954703834 0.6484375 0.23344947735191637 0.646484375 0.23344947735191637 0.646484375 0.2264808362369338 0.64453125 0.2229965156794425 0.62890625 0.2229965156794425 0.62890625 0.21951219512195122 0.630859375 0.21951219512195122 0.63671875 0.20905923344947736 0.638671875 0.1951219512195122 0.63671875 0.18815331010452963 0.626953125 0.17421602787456447 0.623046875 0.1602787456445993 0.62109375 0.14285714285714285 0.619140625 0.13937282229965156 0.611328125 0.13937282229965156 0.61328125 0.13240418118466898 0.611328125 0.08362369337979095 0.61328125 0.08013937282229965
0 0.505859375 0.2229965156794425 0.515625 0.2229965156794425 0.515625 0.24390243902439024 0.513671875 0.24738675958188153 0.509765625 0.24041811846689895 0.505859375 0.24041811846689895 0.505859375 0.2264808362369338
0 0.662109375 0.4738675958188153 0.669921875 0.4738675958188153 0.669921875 0.5331010452961672 0.666015625 0.5365853658536586 0.658203125 0.5365853658536586 0.65625 0.5296167247386759 0.65625 0.5017421602787456 0.658203125 0.49825783972125437 0.658203125 0.4912891986062718 0.662109375 0.4878048780487805 0.662109375 0.47735191637630664
0 0.486328125 0.30662020905923343 0.4921875 0.313588850174216 0.4921875 0.32752613240418116 0.490234375 0.32752613240418116 0.490234375 0.3205574912891986 0.486328125 0.3170731707317073 0.486328125 0.31010452961672474
0 0.498046875 0.289198606271777 0.5078125 0.289198606271777 0.5078125 0.30662020905923343 0.505859375 0.313588850174216 0.50390625 0.31010452961672474 0.50390625 0.30313588850174217 0.501953125 0.29965156794425085 0.498046875 0.29965156794425085 0.498046875 0.2926829268292683
0 0.697265625 0.9128919860627178 0.69921875 0.9198606271777003 0.69921875 0.9512195121951219 0.6953125 0.9547038327526133 0.693359375 0.9547038327526133 0.693359375 0.9442508710801394 0.685546875 0.9337979094076655 0.685546875 0.9094076655052264 0.6875 0.9059233449477352 0.69140625 0.9059233449477352 0.6953125 0.9128919860627178
0 0.4765625 0.27177700348432055 0.484375 0.27177700348432055 0.484375 0.27526132404181186 0.490234375 0.28222996515679444 0.490234375 0.2926829268292683 0.48828125 0.2926829268292683 0.482421875 0.2857142857142857 0.478515625 0.27526132404181186 0.4765625 0.27526132404181186
0 0.529296875 0.24738675958188153 0.5390625 0.24738675958188153 0.5390625 0.2787456445993031 0.537109375 0.28222996515679444 0.53515625 0.28222996515679444 0.533203125 0.27526132404181186 0.529296875 0.27526132404181186 0.529296875 0.2508710801393728
0 0.599609375 0.6306620209059234 0.623046875 0.6306620209059234 0.623046875 0.6411149825783972 0.6171875 0.6411149825783972 0.615234375 0.6445993031358885 0.599609375 0.6445993031358885 0.595703125 0.6480836236933798 0.59375 0.6550522648083623 0.591796875 0.6550522648083623 0.59375 0.6411149825783972 0.599609375 0.6341463414634146
0 0.5390625 0.5958188153310104 0.544921875 0.5923344947735192 0.546875 0.5993031358885017 0.5546875 0.6062717770034843 0.556640625 0.6132404181184669 0.556640625 0.6480836236933798 0.556640625 0.6376306620209059 0.552734375 0.6341463414634146 0.552734375 0.6167247386759582 0.548828125 0.6132404181184669 0.544921875 0.6027874564459931 0.5390625 0.5993031358885017
0 0.505859375 0.662020905923345 0.51171875 0.662020905923345 0.51171875 0.6794425087108014 0.505859375 0.6759581881533101 0.505859375 0.6655052264808362
0 0.505859375 0.29965156794425085 0.515625 0.29965156794425085 0.515625 0.3170731707317073 0.51171875 0.3170731707317073 0.51171875 0.31010452961672474 0.509765625 0.30662020905923343 0.505859375 0.30662020905923343 0.505859375 0.30313588850174217
0 0.48828125 0.21951219512195122 0.498046875 0.21951219512195122 0.498046875 0.2508710801393728 0.494140625 0.2508710801393728 0.494140625 0.2264808362369338 0.4921875 0.2229965156794425 0.48828125 0.2229965156794425
0 0.697265625 0.5470383275261324 0.697265625 0.5505226480836237 0.705078125 0.5574912891986062 0.70703125 0.5644599303135889 0.70703125 0.5993031358885017 0.703125 0.6027874564459931 0.689453125 0.5993031358885017 0.689453125 0.5679442508710801 0.697265625 0.5609756097560976 0.697265625 0.5505226480836237
0 0.5234375 0.2229965156794425 0.52734375 0.2229965156794425 0.52734375 0.24738675958188153 0.5234375 0.24738675958188153 0.5234375 0.2264808362369338
0 0.568359375 0.24738675958188153 0.57421875 0.24738675958188153 0.57421875 0.29965156794425085 0.572265625 0.30313588850174217 0.568359375 0.29965156794425085 0.568359375 0.2508710801393728
0 0.5390625 0.6689895470383276 0.544921875 0.6689895470383276 0.544921875 0.7003484320557491 0.54296875 0.7038327526132404 0.5390625 0.7003484320557491 0.5390625 0.686411149825784 0.53515625 0.6829268292682927 0.53515625 0.6759581881533101 0.5390625 0.6724738675958188
0 0.701171875 0.4878048780487805 0.71484375 0.4878048780487805 0.71484375 0.5505226480836237 0.7109375 0.554006968641115 0.708984375 0.554006968641115 0.708984375 0.5435540069686411 0.705078125 0.5400696864111498 0.705078125 0.5121951219512195 0.701171875 0.5087108013937283 0.701171875 0.4912891986062718
0 0.609375 0.6585365853658537 0.611328125 0.6585365853658537 0.611328125 0.6794425087108014 0.60546875 0.6794425087108014 0.60546875 0.6689895470383276 0.607421875 0.6689895470383276 0.609375 0.662020905923345
0 0.6640625 0.5435540069686411 0.669921875 0.5435540069686411 0.669921875 0.6027874564459931 0.658203125 0.6167247386759582 0.65234375 0.6167247386759582 0.65234375 0.6062717770034843 0.6484375 0.6027874564459931 0.6484375 0.5958188153310104 0.65234375 0.5923344947735192 0.65234375 0.5818815331010453 0.65625 0.5679442508710801 0.66015625 0.5644599303135889 0.6640625 0.5470383275261324
0 0.587890625 0.3554006968641115 0.609375 0.3554006968641115 0.609375 0.3623693379790941 0.58984375 0.3623693379790941 0.587890625 0.36585365853658536 0.5859375 0.3623693379790941 0.587890625 0.3588850174216028
0 0.5390625 0.6097560975609756 0.5390625 0.6202090592334495 0.544921875 0.627177700348432 0.544921875 0.6655052264808362 0.54296875 0.6689895470383276 0.5390625 0.6689895470383276 0.541015625 0.662020905923345 0.537109375 0.6585365853658537 0.537109375 0.627177700348432 0.533203125 0.6167247386759582 0.52734375 0.6132404181184669 0.53125 0.6097560975609756 0.537109375 0.6097560975609756
0 0.533203125 0.3519163763066202 0.5390625 0.3519163763066202 0.5390625 0.3588850174216028 0.54296875 0.3623693379790941 0.54296875 0.3832752613240418 0.541015625 0.3832752613240418 0.5390625 0.36585365853658536 0.53515625 0.3623693379790941 0.533203125 0.3554006968641115