0 0.595703125 0.25 0.59765625 0.2534722222222222 0.603515625 0.2534722222222222 0.60546875 0.2569444444444444 0.611328125 0.2569444444444444 0.61328125 0.2604166666666667 0.625 0.2638888888888889 0.634765625 0.2743055555555556 0.642578125 0.2743055555555556 0.640625 0.28125 0.603515625 0.2777777777777778 0.6015625 0.2743055555555556 0.591796875 0.2743055555555556 0.58984375 0.2708333333333333 0.5859375 0.2708333333333333 0.578125 0.2604166666666667 0.578125 0.2534722222222222 0.580078125 0.25 0.59375 0.25
0 0.7356770833333334 0.38287037037037036 0.04114583333333333 0.019444444444444445
0 0.1484375 0.5729166666666666 0.15234375 0.5694444444444444 0.166015625 0.5694444444444444 0.16796875 0.5729166666666666 0.1796875 0.5763888888888888 0.1875 0.5868055555555556 0.1875 0.59375 0.177734375 0.6076388888888888 0.162109375 0.6076388888888888 0.150390625 0.5902777777777778 0.1484375 0.5763888888888888
0 0.6640625 0.4027777777777778 0.6953125 0.4027777777777778 0.697265625 0.40625 0.708984375 0.4097222222222222 0.7109375 0.4131944444444444 0.716796875 0.4131944444444444 0.71875 0.4166666666666667 0.71875 0.4270833333333333 0.71484375 0.4305555555555556 0.69140625 0.4305555555555556 0.689453125 0.4270833333333333 0.681640625 0.4270833333333333 0.6796875 0.4236111111111111 0.669921875 0.4236111111111111 0.66796875 0.4166666666666667 0.6640625 0.4131944444444444 0.6640625 0.40625
0 0.595703125 0.65625 0.59765625 0.6597222222222222 0.607421875 0.6597222222222222 0.609375 0.6631944444444444 0.607421875 0.6701388888888888 0.59765625 0.6701388888888888 0.595703125 0.6736111111111112 0.5859375 0.6736111111111112 0.583984375 0.6770833333333334 0.572265625 0.6770833333333334 0.5703125 0.6805555555555556 0.546875 0.6805555555555556 0.544921875 0.6770833333333334 0.537109375 0.6770833333333334 0.525390625 0.6666666666666666 0.529296875 0.6597222222222222 0.5390625 0.6527777777777778 0.587890625 0.6527777777777778 0.58984375 0.65625 0.59375 0.65625
0 0.142578125 0.2569444444444444 0.14453125 0.2673611111111111 0.12109375 0.2673611111111111 0.119140625 0.2708333333333333 0.11328125 0.2708333333333333 0.107421875 0.2777777777777778 0.076171875 0.2743055555555556 0.072265625 0.2673611111111111 0.072265625 0.2604166666666667 0.078125 0.2534722222222222 0.0859375 0.2534722222222222 0.087890625 0.25 0.12890625 0.25 0.130859375 0.2534722222222222 0.140625 0.2569444444444444
0 0.2109375 0.4270833333333333 0.212890625 0.4305555555555556 0.212890625 0.4375 0.193359375 0.4513888888888889 0.1875 0.4513888888888889 0.185546875 0.4548611111111111 0.18359375 0.4548611111111111 0.181640625 0.4479166666666667 0.181640625 0.4409722222222222 0.18359375 0.4375 0.1953125 0.4270833333333333 0.208984375 0.4270833333333333
0 0.98828125 0.4131944444444444 0.990234375 0.4166666666666667 0.994140625 0.4166666666666667 0.998046875 0.4236111111111111 0.998046875 0.4548611111111111 0.98828125 0.4479166666666667 0.970703125 0.4236111111111111 0.970703125 0.4166666666666667 0.97265625 0.4131944444444444 0.986328125 0.4131944444444444
0 0.259375 0.31527777777777777 0.08229166666666667 0.058333333333333334
0 0.64453125 0.3645833333333333 0.64453125 0.375 0.640625 0.375 0.638671875 0.3784722222222222 0.626953125 0.3784722222222222 0.6171875 0.3854166666666667 0.61328125 0.3923611111111111 0.587890625 0.3923611111111111 0.5859375 0.3958333333333333 0.58203125 0.3923611111111111 0.57421875 0.3923611111111111 0.572265625 0.3888888888888889 0.572265625 0.3784722222222222 0.580078125 0.3715277777777778 0.59375 0.3715277777777778 0.595703125 0.3680555555555556 0.634765625 0.3680555555555556 0.63671875 0.3645833333333333 0.642578125 0.3645833333333333
0 0.5546875 0.2638888888888889 0.556640625 0.2673611111111111 0.5546875 0.2743055555555556 0.55078125 0.2777777777777778 0.546875 0.2708333333333333 0.544921875 0.2743055555555556 0.54296875 0.28125 0.54296875 0.2951388888888889 0.541015625 0.2986111111111111 0.53125 0.2986111111111111 0.529296875 0.3020833333333333 0.521484375 0.2951388888888889 0.521484375 0.2847222222222222 0.525390625 0.2777777777777778 0.533203125 0.2743055555555556 0.54296875 0.2638888888888889 0.552734375 0.2638888888888889
0 0.18880208333333334 0.41759259259259257 0.0640625 0.04259259259259259
0 0.18359375 0.3125 0.185546875 0.3159722222222222 0.185546875 0.3229166666666667 0.171875 0.3263888888888889 0.154296875 0.3402777777777778 0.134765625 0.34375 0.1328125 0.3472222222222222 0.119140625 0.3472222222222222 0.1171875 0.34375 0.111328125 0.34375 0.109375 0.3368055555555556 0.11328125 0.3298611111111111 0.1171875 0.3298611111111111 0.125 0.3229166666666667 0.130859375 0.3229166666666667 0.1328125 0.3194444444444444 0.142578125 0.3194444444444444 0.14453125 0.3159722222222222 0.177734375 0.3159722222222222 0.181640625 0.3125
0 0.591796875 0.1076388888888889 0.595703125 0.1111111111111111 0.59765625 0.11805555555555555 0.595703125 0.13194444444444445 0.591796875 0.13541666666666666 0.583984375 0.13541666666666666 0.58203125 0.1388888888888889 0.564453125 0.13541666666666666 0.560546875 0.13194444444444445 0.560546875 0.125 0.568359375 0.11458333333333333 0.58984375 0.1076388888888889
0 0.779296875 0.3958333333333333 0.78125 0.3993055555555556 0.8046875 0.3993055555555556 0.8125 0.3923611111111111 0.806640625 0.4166666666666667 0.802734375 0.4166666666666667 0.80078125 0.4131944444444444 0.787109375 0.4131944444444444 0.78515625 0.4166666666666667 0.7578125 0.4201388888888889 0.755859375 0.4236111111111111 0.748046875 0.4236111111111111 0.74609375 0.4201388888888889 0.73828125 0.4201388888888889 0.732421875 0.4131944444444444 0.7265625 0.4131944444444444 0.72265625 0.40625 0.72265625 0.3993055555555556 0.7265625 0.3923611111111111 0.75 0.3923611111111111 0.751953125 0.3888888888888889 0.7578125 0.3888888888888889 0.759765625 0.3923611111111111 0.77734375 0.3958333333333333
0 0.333984375 0.2951388888888889 0.337890625 0.3055555555555556 0.337890625 0.3125 0.3359375 0.3159722222222222 0.328125 0.3159722222222222 0.326171875 0.3194444444444444 0.30078125 0.3194444444444444 0.298828125 0.3159722222222222 0.294921875 0.3159722222222222 0.294921875 0.3090277777777778 0.29296875 0.3055555555555556 0.291015625 0.3090277777777778 0.2890625 0.3055555555555556 0.291015625 0.3020833333333333 0.294921875 0.3020833333333333 0.298828125 0.2951388888888889 0.33203125 0.2951388888888889
0 0.146484375 0.4131944444444444 0.150390625 0.4166666666666667 0.1484375 0.4236111111111111 0.12890625 0.4270833333333333 0.11328125 0.4375 0.08203125 0.4375 0.078125 0.4340277777777778 0.078125 0.4236111111111111 0.08203125 0.4201388888888889 0.0859375 0.4201388888888889 0.087890625 0.4166666666666667 0.09765625 0.4166666666666667 0.099609375 0.4131944444444444 0.14453125 0.4131944444444444
0 0.92578125 0.4236111111111111 0.9296875 0.4270833333333333 0.9296875 0.4340277777777778 0.92578125 0.4340277777777778 0.923828125 0.4375 0.9140625 0.4409722222222222 0.91015625 0.4479166666666667 0.8984375 0.4513888888888889 0.896484375 0.4548611111111111 0.890625 0.4548611111111111 0.888671875 0.4583333333333333 0.859375 0.4583333333333333 0.85546875 0.4548611111111111 0.85546875 0.4479166666666667 0.861328125 0.4409722222222222 0.869140625 0.4409722222222222 0.87109375 0.4375 0.923828125 0.4270833333333333
0 0.5703125 0.4201388888888889 0.57421875 0.4097222222222222 0.609375 0.4131944444444444 0.611328125 0.4166666666666667 0.609375 0.4236111111111111 0.59375 0.4236111111111111 0.591796875 0.4270833333333333 0.572265625 0.4236111111111111
0 0.334375 0.3375 0.013541666666666667 0.021296296296296296
0 0.287109375 0.21180555555555555 0.291015625 0.2222222222222222 0.2890625 0.22569444444444445 0.283203125 0.22569444444444445 0.27734375 0.2326388888888889 0.244140625 0.2326388888888889 0.240234375 0.22916666666666666 0.240234375 0.22569444444444445 0.244140625 0.21875 0.248046875 0.21875 0.25 0.2152777777777778 0.26171875 0.2152777777777778 0.263671875 0.21180555555555555 0.28515625 0.21180555555555555
0 0.287109375 0.20833333333333334 0.30078125 0.20833333333333334 0.322265625 0.22569444444444445 0.33203125 0.23958333333333334 0.33203125 0.24305555555555555 0.326171875 0.2465277777777778 0.32421875 0.24305555555555555 0.31640625 0.24305555555555555 0.314453125 0.23958333333333334 0.30859375 0.23958333333333334 0.306640625 0.2361111111111111 0.296875 0.2326388888888889 0.2890625 0.2222222222222222 0.287109375 0.21180555555555555
0 0.326171875 0.3645833333333333 0.326171875 0.3715277777777778 0.322265625 0.3784722222222222 0.30859375 0.3923611111111111 0.30078125 0.3923611111111111 0.296875 0.3888888888888889 0.296875 0.375 0.306640625 0.3680555555555556 0.3125 0.3680555555555556 0.314453125 0.3645833333333333 0.32421875 0.3645833333333333
0 0.197265625 0.3333333333333333 0.201171875 0.3506944444444444 0.1875 0.3506944444444444 0.181640625 0.3611111111111111 0.181640625 0.3715277777777778 0.1796875 0.375 0.173828125 0.3680555555555556 0.16015625 0.3680555555555556 0.158203125 0.3715277777777778 0.150390625 0.3715277777777778 0.1484375 0.375 0.126953125 0.375 0.125 0.3715277777777778 0.12109375 0.3715277777777778 0.119140625 0.3645833333333333 0.123046875 0.3576388888888889 0.126953125 0.3576388888888889 0.140625 0.3472222222222222 0.1484375 0.3472222222222222 0.150390625 0.34375 0.158203125 0.34375 0.16015625 0.3402777777777778 0.169921875 0.3402777777777778 0.171875 0.3368055555555556 0.1796875 0.3368055555555556 0.181640625 0.3333333333333333 0.1953125 0.3333333333333333
0 0.14453125 0.2673611111111111 0.146484375 0.2708333333333333 0.14453125 0.2777777777777778 0.130859375 0.2881944444444444 0.111328125 0.2881944444444444 0.107421875 0.2847222222222222 0.107421875 0.2777777777777778 0.109375 0.2743055555555556 0.123046875 0.2708333333333333 0.125 0.2673611111111111 0.142578125 0.2673611111111111
0 0.2734375 0.3472222222222222 0.27734375 0.3645833333333333 0.259765625 0.3645833333333333 0.251953125 0.3715277777777778 0.24609375 0.3715277777777778 0.236328125 0.3784722222222222 0.224609375 0.3784722222222222 0.22265625 0.3819444444444444 0.21484375 0.3819444444444444 0.212890625 0.3784722222222222 0.197265625 0.3784722222222222 0.1953125 0.375 0.20703125 0.3611111111111111 0.21875 0.3576388888888889 0.220703125 0.3541666666666667 0.23046875 0.3541666666666667 0.232421875 0.3506944444444444 0.267578125 0.3506944444444444 0.271484375 0.3472222222222222
0 0.291015625 0.17708333333333334 0.29296875 0.1840277777777778 0.287109375 0.1909722222222222 0.275390625 0.1909722222222222 0.267578125 0.19791666666666666 0.244140625 0.2013888888888889 0.2421875 0.2048611111111111 0.220703125 0.2048611111111111 0.216796875 0.19444444444444445 0.2265625 0.1840277777777778 0.232421875 0.1840277777777778 0.234375 0.18055555555555555 0.24609375 0.18055555555555555 0.248046875 0.17708333333333334 0.2890625 0.17708333333333334
0 0.064453125 0.34375 0.06640625 0.3472222222222222 0.072265625 0.3472222222222222 0.076171875 0.3541666666666667 0.07421875 0.3645833333333333 0.05859375 0.3645833333333333 0.0390625 0.3506944444444444 0.0390625 0.3472222222222222 0.04296875 0.3472222222222222 0.044921875 0.34375 0.0625 0.34375
0 0.21875 0.6041666666666666 0.216796875 0.6180555555555556 0.212890625 0.6180555555555556 0.2109375 0.6215277777777778 0.20703125 0.6215277777777778 0.205078125 0.6180555555555556 0.20703125 0.6111111111111112 0.2109375 0.6041666666666666 0.216796875 0.6041666666666666
0 0.8046875 0.53125 0.810546875 0.5208333333333334 0.826171875 0.5104166666666666 0.833984375 0.5104166666666666 0.8359375 0.5069444444444444 0.84375 0.5069444444444444 0.845703125 0.5034722222222222 0.853515625 0.5034722222222222 0.85546875 0.5 0.873046875 0.5 0.875 0.4965277777777778 0.908203125 0.4965277777777778 0.91015625 0.4930555555555556 0.916015625 0.4930555555555556 0.91796875 0.5 0.916015625 0.5069444444444444 0.90625 0.5069444444444444 0.904296875 0.5104166666666666 0.888671875 0.5138888888888888 0.8671875 0.53125 0.853515625 0.53125 0.8515625 0.5347222222222222 0.83984375 0.5347222222222222 0.837890625 0.5381944444444444 0.81640625 0.5381944444444444 0.806640625 0.53125
0 0.537109375 0.1840277777777778 0.53515625 0.1909722222222222 0.53125 0.1909722222222222 0.517578125 0.2048611111111111 0.513671875 0.2048611111111111 0.505859375 0.21180555555555555 0.49609375 0.21180555555555555 0.494140625 0.2152777777777778 0.47265625 0.2152777777777778 0.46875 0.21180555555555555 0.46875 0.2048611111111111 0.478515625 0.19444444444444445 0.486328125 0.19444444444444445 0.48828125 0.1909722222222222 0.5 0.19444444444444445 0.505859375 0.1875 0.51171875 0.1875 0.513671875 0.1840277777777778 0.53515625 0.1840277777777778
0 0.51953125 0.21875 0.51953125 0.22916666666666666 0.521484375 0.2326388888888889 0.515625 0.2465277777777778 0.474609375 0.2465277777777778 0.47265625 0.24305555555555555 0.466796875 0.24305555555555555 0.46484375 0.23958333333333334 0.46484375 0.2326388888888889 0.47265625 0.2222222222222222 0.482421875 0.2222222222222222 0.484375 0.21875 0.517578125 0.21875
0 0.12890625 0.25 0.134765625 0.2569444444444444 0.142578125 0.2569444444444444 0.146484375 0.2708333333333333 0.146484375 0.2743055555555556 0.130859375 0.2881944444444444 0.11328125 0.2881944444444444 0.103515625 0.2777777777777778 0.078125 0.2743055555555556 0.072265625 0.2673611111111111 0.076171875 0.2569444444444444 0.080078125 0.2534722222222222 0.087890625 0.2534722222222222 0.08984375 0.25 0.126953125 0.25
0 0.62109375 0.2916666666666667 0.623046875 0.2951388888888889 0.626953125 0.2951388888888889 0.62890625 0.3020833333333333 0.62890625 0.3125 0.61328125 0.3125 0.611328125 0.3159722222222222 0.603515625 0.3159722222222222 0.59765625 0.3229166666666667 0.58984375 0.3229166666666667 0.583984375 0.3125 0.587890625 0.2986111111111111 0.59765625 0.2916666666666667 0.619140625 0.2916666666666667
0 0.3515625 0.5833333333333334 0.353515625 0.5868055555555556 0.353515625 0.59375 0.345703125 0.6145833333333334 0.345703125 0.6215277777777778 0.34765625 0.625 0.34765625 0.6493055555555556 0.349609375 0.6527777777777778 0.349609375 0.6631944444444444 0.345703125 0.6770833333333334 0.33984375 0.6805555555555556 0.337890625 0.6770833333333334 0.328125 0.6736111111111112 0.3203125 0.6840277777777778 0.30078125 0.6979166666666666 0.2890625 0.6979166666666666 0.283203125 0.6840277777777778 0.275390625 0.6805555555555556 0.267578125 0.6875 0.263671875 0.7013888888888888 0.255859375 0.7152777777777778 0.248046875 0.7152777777777778 0.24609375 0.7083333333333334 0.24609375 0.6875 0.236328125 0.6701388888888888 0.234375 0.6701388888888888 0.234375 0.6597222222222222 0.23828125 0.6597222222222222 0.240234375 0.65625 0.248046875 0.65625 0.25 0.6597222222222222 0.26953125 0.6597222222222222 0.28125 0.6493055555555556 0.28515625 0.6423611111111112 0.287109375 0.6319444444444444 0.296875 0.6145833333333334 0.30859375 0.6041666666666666 0.3125 0.5972222222222222 0.3203125 0.5902777777777778 0.32421875 0.5902777777777778 0.328125 0.5833333333333334 0.3359375 0.5833333333333334 0.337890625 0.5798611111111112 0.349609375 0.5833333333333334
0 0.1953125 0.3784722222222222 0.197265625 0.3819444444444444 0.212890625 0.3819444444444444 0.216796875 0.3854166666666667 0.208984375 0.3958333333333333 0.19921875 0.3958333333333333 0.197265625 0.3993055555555556 0.17578125 0.3993055555555556 0.173828125 0.3958333333333333 0.169921875 0.3958333333333333 0.173828125 0.3888888888888889 0.193359375 0.3784722222222222
0 0.833984375 0.3333333333333333 0.84375 0.3402777777777778 0.861328125 0.34375 0.86328125 0.3506944444444444 0.828125 0.3506944444444444 0.826171875 0.3541666666666667 0.791015625 0.3541666666666667 0.7890625 0.3506944444444444 0.779296875 0.3506944444444444 0.76953125 0.34375 0.767578125 0.3368055555555556 0.7734375 0.3298611111111111 0.814453125 0.3298611111111111 0.81640625 0.3333333333333333 0.83203125 0.3333333333333333