0 0.599609375 0.4808362369337979 0.599609375 0.47735191637630664 0.625 0.47735191637630664 0.625 0.4843205574912892 0.62109375 0.4878048780487805 0.62109375 0.49477351916376305 0.625 0.49825783972125437 0.625 0.5574912891986062 0.609375 0.5574912891986062 0.609375 0.5435540069686411 0.60546875 0.5400696864111498 0.60546875 0.49825783972125437 0.607421875 0.49825783972125437 0.609375 0.4912891986062718 0.60546875 0.4878048780487805 0.603515625 0.4808362369337979 0.6015625 0.4808362369337979
0 0.447265625 0.3310104529616725 0.46484375 0.3310104529616725 0.46484375 0.3554006968641115 0.4609375 0.3554006968641115 0.458984375 0.3588850174216028 0.45703125 0.3588850174216028 0.45703125 0.3519163763066202 0.455078125 0.34843205574912894 0.447265625 0.34843205574912894 0.447265625 0.3344947735191638
0 0.4375 0.6515679442508711 0.443359375 0.6480836236933798 0.4453125 0.6411149825783972 0.453125 0.6411149825783972 0.453125 0.6480836236933798 0.451171875 0.6515679442508711 0.453125 0.6585365853658537 0.453125 0.6794425087108014 0.4453125 0.6794425087108014 0.4375 0.6724738675958188 0.4375 0.6550522648083623
0 0.57421875 0.710801393728223 0.57421875 0.7073170731707317 0.5859375 0.7073170731707317 0.5859375 0.710801393728223 0.58984375 0.7142857142857143 0.591796875 0.7073170731707317 0.603515625 0.7073170731707317 0.603515625 0.710801393728223 0.599609375 0.7142857142857143 0.599609375 0.7247386759581882 0.603515625 0.7282229965156795 0.603515625 0.7804878048780488 0.59765625 0.7804878048780488 0.59375 0.7735191637630662 0.587890625 0.7700348432055749 0.587890625 0.759581881533101 0.5859375 0.7526132404181185 0.587890625 0.7456445993031359 0.591796875 0.7421602787456446 0.591796875 0.7247386759581882 0.583984375 0.7142857142857143 0.576171875 0.710801393728223
0 0.51171875 0.28222996515679444 0.5234375 0.28222996515679444 0.5234375 0.32752613240418116 0.51171875 0.32752613240418116 0.51171875 0.29965156794425085 0.515625 0.29965156794425085 0.517578125 0.2961672473867596 0.517578125 0.2857142857142857 0.513671875 0.28222996515679444
0 0.46875 0.41114982578397213 0.46875 0.3902439024390244 0.486328125 0.3902439024390244 0.486328125 0.42160278745644597 0.478515625 0.42160278745644597 0.478515625 0.4146341463414634 0.4765625 0.41114982578397213 0.470703125 0.41114982578397213
0 0.30078125 0.9860627177700348 0.310546875 0.9860627177700348 0.3125 0.9790940766550522 0.31640625 0.9790940766550522 0.31640625 0.9930313588850174 0.3125 0.9930313588850174 0.310546875 0.9965156794425087 0.30078125 0.9965156794425087 0.30078125 0.9895470383275261
0 0.45703125 0.25435540069686413 0.46484375 0.25435540069686413 0.46484375 0.2787456445993031 0.45703125 0.2787456445993031 0.455078125 0.28222996515679444 0.453125 0.2787456445993031 0.447265625 0.2787456445993031 0.447265625 0.26480836236933797 0.455078125 0.26480836236933797 0.45703125 0.2578397212543554
0 0.62890625 0.5574912891986062 0.6328125 0.5574912891986062 0.634765625 0.5505226480836237 0.64453125 0.5505226480836237 0.64453125 0.6097560975609756 0.62890625 0.6097560975609756 0.626953125 0.6027874564459931 0.623046875 0.6027874564459931 0.623046875 0.5993031358885017 0.626953125 0.5993031358885017 0.62890625 0.5958188153310104 0.62890625 0.5609756097560976
0 0.45805555555555555 0.3226016260162602 0.019782986111111112 0.02327526132404181
0 0.607421875 0.5017421602787456 0.61328125 0.5017421602787456 0.61328125 0.5679442508710801 0.587890625 0.5679442508710801 0.587890625 0.5331010452961672 0.591796875 0.5331010452961672 0.59375 0.5261324041811847 0.59765625 0.5226480836236934 0.59765625 0.5156794425087108 0.599609375 0.5156794425087108 0.6015625 0.5087108013937283 0.60546875 0.5087108013937283 0.607421875 0.5052264808362369
0 0.44140625 0.33797909407665505 0.44921875 0.33797909407665505 0.44921875 0.34146341463414637 0.44140625 0.34146341463414637
0 0.57421875 0.2578397212543554 0.5859375 0.2578397212543554 0.587890625 0.2613240418118467 0.59375 0.2613240418118467 0.595703125 0.2682926829268293 0.60546875 0.2787456445993031 0.609375 0.2926829268292683 0.61328125 0.2961672473867596 0.61328125 0.3588850174216028 0.609375 0.3623693379790941 0.609375 0.3693379790940767 0.61328125 0.37282229965156793 0.61328125 0.3797909407665505 0.615234375 0.3832752613240418 0.615234375 0.39372822299651566 0.611328125 0.397212543554007 0.609375 0.397212543554007 0.607421875 0.3902439024390244 0.59375 0.39372822299651566 0.595703125 0.3832752613240418 0.6015625 0.37630662020905925 0.6015625 0.36585365853658536 0.587890625 0.34494773519163763 0.587890625 0.33797909407665505 0.583984375 0.3344947735191638 0.583984375 0.32752613240418116 0.578125 0.3170731707317073 0.5703125 0.313588850174216 0.5703125 0.31010452961672474 0.572265625 0.31010452961672474 0.576171875 0.29965156794425085 0.57421875 0.2926829268292683 0.57421875 0.27526132404181186 0.5703125 0.27177700348432055 0.5703125 0.26480836236933797 0.57421875 0.2613240418118467
0 0.46484375 0.33797909407665505 0.482421875 0.33797909407665505 0.482421875 0.34843205574912894 0.478515625 0.34843205574912894 0.4765625 0.3519163763066202 0.47265625 0.34843205574912894 0.46484375 0.34843205574912894 0.46484375 0.34146341463414637
0 0.61328125 0.9651567944250871 0.6171875 0.9651567944250871 0.619140625 0.9616724738675958 0.62890625 0.9616724738675958 0.630859375 0.9651567944250871 0.634765625 0.9651567944250871 0.634765625 0.9825783972125436 0.630859375 0.9825783972125436 0.62890625 0.9860627177700348 0.626953125 0.9825783972125436 0.61328125 0.9790940766550522 0.61328125 0.9686411149825784
0 0.5078125 0.06620209059233449 0.513671875 0.06620209059233449 0.509765625 0.06620209059233449 0.5078125 0.06968641114982578 0.5078125 0.07317073170731707 0.51171875 0.07665505226480836 0.51171875 0.08362369337979095 0.5078125 0.08710801393728224 0.505859375 0.10104529616724739 0.501953125 0.10452961672473868 0.49609375 0.11846689895470383 0.4921875 0.12195121951219512 0.484375 0.12195121951219512 0.482421875 0.1254355400696864 0.470703125 0.12195121951219512 0.470703125 0.08710801393728224 0.46875 0.08013937282229965 0.48046875 0.08013937282229965 0.482421875 0.07317073170731707 0.490234375 0.06968641114982578 0.494140625 0.0627177700348432 0.50390625 0.0627177700348432 0.505859375 0.06620209059233449
0 0.46484375 0.5679442508710801 0.46875 0.5679442508710801 0.470703125 0.5609756097560976 0.474609375 0.5609756097560976 0.4765625 0.5679442508710801 0.48046875 0.5679442508710801 0.48046875 0.5749128919860628 0.482421875 0.578397212543554 0.486328125 0.578397212543554 0.486328125 0.5993031358885017 0.482421875 0.5993031358885017 0.48046875 0.6027874564459931 0.482421875 0.5993031358885017 0.482421875 0.5923344947735192 0.48046875 0.5888501742160279 0.4765625 0.5888501742160279 0.474609375 0.5818815331010453 0.470703125 0.5818815331010453 0.470703125 0.5749128919860628 0.46875 0.5714285714285714 0.46484375 0.5714285714285714
0 0.552734375 0.6759581881533101 0.556640625 0.6759581881533101 0.556640625 0.6933797909407665 0.552734375 0.6933797909407665 0.55078125 0.6968641114982579 0.552734375 0.6933797909407665 0.552734375 0.6794425087108014
0 0.626953125 0.09407665505226481 0.6328125 0.09059233449477352 0.6328125 0.12195121951219512 0.630859375 0.12195121951219512 0.62890625 0.1289198606271777 0.625 0.13240418118466898 0.625 0.13588850174216027 0.62109375 0.13588850174216027 0.619140625 0.14285714285714285 0.615234375 0.14634146341463414 0.61328125 0.14285714285714285 0.607421875 0.14285714285714285 0.607421875 0.13240418118466898 0.611328125 0.13240418118466898 0.61328125 0.1289198606271777 0.61328125 0.11149825783972125 0.619140625 0.10801393728222997 0.62109375 0.10104529616724739 0.625 0.10104529616724739 0.626953125 0.0975609756097561
0 0.42578125 0.2857142857142857 0.43359375 0.2857142857142857 0.435546875 0.2787456445993031 0.443359375 0.2787456445993031 0.443359375 0.313588850174216 0.435546875 0.313588850174216 0.435546875 0.30313588850174217 0.43359375 0.29965156794425085 0.42578125 0.29965156794425085 0.42578125 0.289198606271777
0 0.4140625 0.024390243902439025 0.423828125 0.024390243902439025 0.423828125 0.08362369337979095 0.41796875 0.08362369337979095 0.416015625 0.08710801393728224 0.412109375 0.08710801393728224 0.4140625 0.08362369337979095 0.4140625 0.06968641114982578 0.412109375 0.06620209059233449 0.408203125 0.06620209059233449 0.408203125 0.03832752613240418 0.412109375 0.03832752613240418 0.4140625 0.03484320557491289 0.4140625 0.027874564459930314
0 0.5234375 0.4355400696864111 0.525390625 0.4355400696864111 0.52734375 0.42857142857142855 0.560546875 0.42857142857142855 0.560546875 0.43902439024390244 0.537109375 0.43902439024390244 0.53515625 0.4425087108013937 0.53125 0.43902439024390244 0.5234375 0.43902439024390244
0 0.466796875 0.25435540069686413 0.470703125 0.25435540069686413 0.470703125 0.2787456445993031 0.466796875 0.28222996515679444 0.466796875 0.2578397212543554
0 0.611328125 0.5644599303135889 0.62109375 0.5644599303135889 0.62109375 0.6132404181184669 0.615234375 0.6167247386759582 0.61328125 0.6236933797909407 0.60546875 0.6236933797909407 0.603515625 0.627177700348432 0.6015625 0.6236933797909407 0.591796875 0.6236933797909407 0.591796875 0.5958188153310104 0.59375 0.5958188153310104 0.595703125 0.5888501742160279 0.599609375 0.5853658536585366 0.599609375 0.578397212543554 0.611328125 0.5679442508710801
0 0.458984375 0.5958188153310104 0.458984375 0.5853658536585366 0.46875 0.5853658536585366 0.46875 0.5923344947735192 0.474609375 0.5993031358885017 0.474609375 0.6306620209059234 0.466796875 0.627177700348432 0.466796875 0.6202090592334495 0.462890625 0.6167247386759582 0.462890625 0.5993031358885017 0.4609375 0.5958188153310104
0 0.296875 0.4250871080139373 0.3046875 0.4250871080139373 0.306640625 0.4181184668989547 0.314453125 0.4181184668989547 0.314453125 0.4355400696864111 0.30859375 0.4355400696864111 0.3046875 0.43902439024390244 0.302734375 0.4355400696864111 0.296875 0.4355400696864111 0.296875 0.42857142857142855
0 0.453125 0.6376306620209059 0.453125 0.6341463414634146 0.46875 0.6341463414634146 0.46875 0.6411149825783972 0.470703125 0.6445993031358885 0.474609375 0.6445993031358885 0.474609375 0.6724738675958188 0.470703125 0.6724738675958188 0.46875 0.6655052264808362 0.46484375 0.6655052264808362 0.46484375 0.6515679442508711 0.462890625 0.6480836236933798 0.458984375 0.6480836236933798 0.458984375 0.6411149825783972 0.455078125 0.6376306620209059
0 0.52734375 0.6968641114982579 0.5546875 0.6968641114982579 0.556640625 0.6898954703832753 0.5703125 0.6898954703832753 0.572265625 0.6968641114982579 0.572265625 0.7003484320557491 0.52734375 0.7003484320557491
0 0.47265625 0.34494773519163763 0.4765625 0.34494773519163763 0.4765625 0.34843205574912894 0.478515625 0.3519163763066202 0.482421875 0.3519163763066202 0.484375 0.3588850174216028 0.484375 0.37282229965156793 0.478515625 0.37630662020905925 0.478515625 0.3693379790940767 0.4765625 0.36585365853658536 0.47265625 0.36585365853658536 0.47265625 0.34843205574912894
0 0.46875 0.2578397212543554 0.486328125 0.2613240418118467 0.486328125 0.28222996515679444 0.48046875 0.28222996515679444 0.478515625 0.2857142857142857 0.478515625 0.26480836236933797 0.4765625 0.2613240418118467 0.46875 0.2613240418118467
0 0.482421875 0.27526132404181186 0.490234375 0.27526132404181186 0.490234375 0.29965156794425085 0.482421875 0.29965156794425085 0.482421875 0.2787456445993031
0 0.544921875 0.6585365853658537 0.544921875 0.6689895470383276 0.5390625 0.6689895470383276 0.537109375 0.6724738675958188 0.533203125 0.6689895470383276 0.52734375 0.6689895470383276 0.52734375 0.662020905923345 0.54296875 0.6585365853658537