0 0.744140625 0.6979166666666666 0.748046875 0.7118055555555556 0.74609375 0.71875 0.7421875 0.71875 0.740234375 0.7222222222222222 0.728515625 0.7222222222222222 0.724609375 0.7152777777777778 0.73046875 0.7013888888888888 0.7421875 0.6979166666666666
0 0.61328125 0.6944444444444444 0.6171875 0.6944444444444444 0.6171875 0.7361111111111112 0.615234375 0.7395833333333334 0.607421875 0.7395833333333334 0.599609375 0.7465277777777778 0.591796875 0.7395833333333334 0.587890625 0.7395833333333334 0.587890625 0.7256944444444444 0.58984375 0.7256944444444444 0.603515625 0.7048611111111112 0.61328125 0.6979166666666666
0 0.580078125 0.4826388888888889 0.59375 0.4826388888888889 0.59765625 0.4930555555555556 0.59765625 0.5104166666666666 0.58984375 0.5277777777777778 0.583984375 0.5277777777777778 0.578125 0.5347222222222222 0.56640625 0.5347222222222222 0.556640625 0.5416666666666666 0.546875 0.5416666666666666 0.544921875 0.5347222222222222 0.541015625 0.5347222222222222 0.541015625 0.5243055555555556 0.544921875 0.5208333333333334 0.544921875 0.5104166666666666 0.548828125 0.5034722222222222 0.556640625 0.5034722222222222 0.564453125 0.4930555555555556 0.578125 0.4895833333333333 0.580078125 0.4861111111111111
0 0.685546875 0.7881944444444444 0.697265625 0.7986111111111112 0.697265625 0.8125 0.6953125 0.8159722222222222 0.681640625 0.8194444444444444 0.6796875 0.8229166666666666 0.66015625 0.8229166666666666 0.65625 0.8194444444444444 0.65625 0.8020833333333334 0.6640625 0.7916666666666666 0.68359375 0.7881944444444444
0 0.75390625 0.7222222222222222 0.765625 0.7222222222222222 0.767578125 0.7291666666666666 0.767578125 0.7465277777777778 0.76171875 0.7534722222222222 0.75 0.7395833333333334 0.75 0.7291666666666666 0.75390625 0.7256944444444444
0 0.70703125 0.06597222222222222 0.712890625 0.06597222222222222 0.71484375 0.07291666666666667 0.71875 0.07291666666666667 0.71875 0.08333333333333333 0.720703125 0.08680555555555555 0.724609375 0.08680555555555555 0.728515625 0.10069444444444445 0.728515625 0.12152777777777778 0.724609375 0.125 0.71875 0.125 0.712890625 0.11805555555555555 0.708984375 0.11805555555555555 0.708984375 0.09722222222222222 0.70703125 0.09375 0.70703125 0.08333333333333333 0.703125 0.0798611111111111 0.70703125 0.06944444444444445
0 0.20703125 0.027777777777777776 0.216796875 0.027777777777777776 0.216796875 0.05555555555555555 0.212890625 0.0625 0.208984375 0.06597222222222222 0.19921875 0.06597222222222222 0.19140625 0.07291666666666667 0.17578125 0.07291666666666667 0.171875 0.06597222222222222 0.171875 0.04861111111111111 0.177734375 0.04861111111111111 0.197265625 0.034722222222222224 0.205078125 0.034722222222222224 0.20703125 0.03125
0 0.80078125 0.6875 0.810546875 0.6944444444444444 0.810546875 0.7118055555555556 0.80859375 0.7152777777777778 0.796875 0.7118055555555556 0.79296875 0.7048611111111112 0.79296875 0.6979166666666666 0.798828125 0.6909722222222222
0 0.716796875 0.7395833333333334 0.716796875 0.7604166666666666 0.71484375 0.7638888888888888 0.70703125 0.7638888888888888 0.69921875 0.7534722222222222 0.69921875 0.7430555555555556 0.701171875 0.7395833333333334 0.71484375 0.7395833333333334
0 0.830078125 0.71875 0.83203125 0.71875 0.837890625 0.7048611111111112 0.841796875 0.7048611111111112 0.84375 0.7013888888888888 0.849609375 0.7013888888888888 0.8515625 0.7048611111111112 0.8515625 0.7222222222222222 0.84765625 0.7222222222222222 0.845703125 0.7256944444444444 0.833984375 0.7256944444444444 0.830078125 0.7222222222222222
0 0.38671875 0.25 0.396484375 0.25 0.400390625 0.2534722222222222 0.408203125 0.2708333333333333 0.408203125 0.2847222222222222 0.40234375 0.2847222222222222 0.39453125 0.2743055555555556 0.38671875 0.2708333333333333 0.38671875 0.2534722222222222
0 0.046875 0.3784722222222222 0.0859375 0.3819444444444444 0.091796875 0.3888888888888889 0.095703125 0.3888888888888889 0.095703125 0.4236111111111111 0.08203125 0.4340277777777778 0.080078125 0.4409722222222222 0.072265625 0.4409722222222222 0.0625 0.4513888888888889 0.05078125 0.4548611111111111 0.048828125 0.4583333333333333 0.029296875 0.4583333333333333 0.02734375 0.4548611111111111 0.021484375 0.4548611111111111 0.017578125 0.4513888888888889 0.01171875 0.4444444444444444 0.01171875 0.4375 0.013671875 0.4375 0.015625 0.4305555555555556 0.029296875 0.4097222222222222 0.029296875 0.40625 0.03515625 0.4027777777777778 0.04296875 0.3888888888888889 0.044921875 0.3888888888888889 0.046875 0.3819444444444444
0 0.693359375 0.5833333333333334 0.69921875 0.5833333333333334 0.701171875 0.5902777777777778 0.701171875 0.6145833333333334 0.69921875 0.6180555555555556 0.69140625 0.6215277777777778 0.685546875 0.6145833333333334 0.6796875 0.6145833333333334 0.67578125 0.6111111111111112 0.67578125 0.6041666666666666 0.677734375 0.6041666666666666 0.681640625 0.59375 0.685546875 0.5902777777777778 0.69140625 0.5902777777777778 0.693359375 0.5868055555555556