0 0.640625 0.4270833333333333 0.64453125 0.4305555555555556 0.654296875 0.4305555555555556 0.6484375 0.4375 0.650390625 0.4826388888888889 0.64453125 0.5 0.640625 0.5 0.640625 0.4895833333333333 0.63671875 0.4791666666666667 0.63671875 0.4618055555555556 0.642578125 0.4409722222222222 0.640625 0.4305555555555556
0 0.626953125 0.6770833333333334 0.626953125 0.6875 0.62890625 0.6909722222222222 0.62890625 0.7152777777777778 0.626953125 0.71875 0.626953125 0.7256944444444444 0.623046875 0.7291666666666666 0.6171875 0.7118055555555556 0.6171875 0.6909722222222222 0.619140625 0.6875 0.6171875 0.6631944444444444 0.625 0.65625 0.623046875 0.6631944444444444 0.623046875 0.6736111111111112 0.625 0.6770833333333334
0 0.552734375 0.2465277777777778 0.5546875 0.2465277777777778 0.5546875 0.2847222222222222 0.552734375 0.2916666666666667 0.55078125 0.2916666666666667 0.55078125 0.2534722222222222 0.552734375 0.25
0 0.474609375 0.034722222222222224 0.48046875 0.027777777777777776 0.484375 0.03125 0.470703125 0.052083333333333336 0.466796875 0.052083333333333336 0.474609375 0.03819444444444445
0 0.5716145833333334 0.6092592592592593 0.0067708333333333336 0.02037037037037037
0 0.50390625 0.22916666666666666 0.5078125 0.2326388888888889 0.5078125 0.24305555555555555 0.505859375 0.2465277777777778 0.50390625 0.2465277777777778 0.50390625 0.2326388888888889
0 0.482421875 0.2986111111111111 0.484375 0.2986111111111111 0.486328125 0.3055555555555556 0.486328125 0.3229166666666667 0.484375 0.3194444444444444 0.484375 0.3090277777777778 0.482421875 0.3020833333333333
0 0.65234375 0.9201388888888888 0.650390625 0.9131944444444444 0.650390625 0.8993055555555556 0.65234375 0.8958333333333334 0.654296875 0.8958333333333334 0.65625 0.9027777777777778 0.65625 0.9201388888888888 0.654296875 0.9201388888888888
0 0.498046875 0.2743055555555556 0.5 0.28125 0.5 0.2986111111111111 0.498046875 0.3020833333333333 0.49609375 0.2986111111111111 0.498046875 0.2916666666666667 0.498046875 0.2777777777777778
0 0.62890625 0.4583333333333333 0.634765625 0.4583333333333333 0.634765625 0.4756944444444444 0.638671875 0.4895833333333333 0.638671875 0.5069444444444444 0.63671875 0.5069444444444444 0.630859375 0.5208333333333334 0.626953125 0.5243055555555556 0.625 0.5208333333333334 0.623046875 0.4965277777777778 0.625 0.4930555555555556 0.625 0.4826388888888889 0.626953125 0.4791666666666667 0.626953125 0.46875 0.62890625 0.4618055555555556
0 0.521484375 0.2361111111111111 0.521484375 0.24305555555555555 0.5234375 0.2465277777777778 0.5234375 0.2708333333333333 0.521484375 0.2743055555555556 0.521484375 0.23958333333333334
0 0.53125 0.04861111111111111 0.537109375 0.04861111111111111 0.5390625 0.052083333333333336 0.548828125 0.04861111111111111 0.541015625 0.059027777777777776 0.541015625 0.0763888888888889 0.537109375 0.08680555555555555 0.525390625 0.10416666666666667 0.515625 0.10416666666666667 0.513671875 0.10069444444444445 0.513671875 0.08333333333333333 0.515625 0.0798611111111111 0.513671875 0.0763888888888889 0.513671875 0.06944444444444445 0.51953125 0.06944444444444445 0.52734375 0.0625 0.533203125 0.052083333333333336
0 0.615234375 0.2604166666666667 0.62890625 0.2638888888888889 0.638671875 0.2847222222222222 0.642578125 0.2986111111111111 0.642578125 0.3541666666666667 0.640625 0.3611111111111111 0.646484375 0.3819444444444444 0.638671875 0.3819444444444444 0.63671875 0.3784722222222222 0.62890625 0.3854166666666667 0.630859375 0.3784722222222222 0.63671875 0.3715277777777778 0.63671875 0.3611111111111111 0.626953125 0.34375 0.623046875 0.3298611111111111 0.623046875 0.3229166666666667 0.619140625 0.3159722222222222 0.615234375 0.3159722222222222 0.615234375 0.3055555555555556 0.6171875 0.3020833333333333 0.615234375 0.2951388888888889 0.615234375 0.2847222222222222 0.61328125 0.28125 0.61328125 0.2673611111111111 0.615234375 0.2638888888888889
0 0.49609375 0.5347222222222222 0.5 0.5347222222222222 0.50390625 0.5520833333333334 0.50390625 0.5659722222222222 0.501953125 0.5659722222222222 0.49609375 0.5381944444444444
0 0.349609375 0.9270833333333334 0.359375 0.9097222222222222 0.361328125 0.9097222222222222 0.361328125 0.9166666666666666 0.35546875 0.9270833333333334 0.3515625 0.9270833333333334 0.34375 0.9409722222222222 0.341796875 0.9409722222222222 0.34375 0.9305555555555556 0.34765625 0.9305555555555556
0 0.587890625 0.6180555555555556 0.587890625 0.6388888888888888 0.583984375 0.6388888888888888 0.5859375 0.6215277777777778
0 0.478515625 0.2465277777777778 0.48046875 0.2465277777777778 0.48046875 0.28125 0.478515625 0.28125 0.478515625 0.25
0 0.494140625 0.2986111111111111 0.498046875 0.3020833333333333 0.498046875 0.3229166666666667 0.49609375 0.3229166666666667 0.49609375 0.3090277777777778 0.494140625 0.3020833333333333
0 0.513671875 0.2222222222222222 0.517578125 0.2326388888888889 0.517578125 0.25 0.515625 0.2534722222222222 0.513671875 0.22569444444444445
0 0.64453125 0.5069444444444444 0.646484375 0.5520833333333334 0.64453125 0.5590277777777778 0.63671875 0.5694444444444444 0.6328125 0.5694444444444444 0.630859375 0.5486111111111112 0.6328125 0.5451388888888888 0.6328125 0.53125 0.63671875 0.5208333333333334 0.63671875 0.5138888888888888 0.642578125 0.5069444444444444
0 0.513671875 0.3611111111111111 0.517578125 0.3645833333333333 0.517578125 0.3819444444444444 0.515625 0.3854166666666667 0.513671875 0.3645833333333333
0 0.45703125 0.034722222222222224 0.458984375 0.041666666666666664 0.458984375 0.09375 0.45703125 0.09375 0.45703125 0.08680555555555555 0.455078125 0.08333333333333333 0.455078125 0.0625 0.453125 0.059027777777777776 0.455078125 0.05555555555555555 0.455078125 0.041666666666666664 0.45703125 0.03819444444444445
0 0.3567708333333333 0.4087962962962963 0.009375 0.02314814814814815
0 0.501953125 0.21875 0.501953125 0.2326388888888889 0.5 0.23958333333333334 0.498046875 0.24305555555555555 0.498046875 0.22569444444444445 0.5 0.2222222222222222
0 0.509765625 0.2951388888888889 0.51171875 0.2951388888888889 0.51171875 0.3020833333333333 0.513671875 0.3055555555555556 0.513671875 0.3229166666666667 0.515625 0.3263888888888889 0.515625 0.3368055555555556 0.5078125 0.3159722222222222 0.5078125 0.3020833333333333 0.509765625 0.2986111111111111
0 0.65234375 0.09722222222222222 0.654296875 0.10069444444444445 0.65234375 0.10416666666666667 0.65234375 0.12152777777777778 0.650390625 0.1284722222222222 0.646484375 0.13541666666666666 0.640625 0.13541666666666666 0.63671875 0.1284722222222222 0.63671875 0.12152777777777778 0.640625 0.125 0.646484375 0.11458333333333333 0.650390625 0.10069444444444445
0 0.56640625 0.4097222222222222 0.568359375 0.4027777777777778 0.57421875 0.4027777777777778 0.576171875 0.40625 0.587890625 0.40625 0.587890625 0.4097222222222222 0.568359375 0.4097222222222222
0 0.494140625 0.5729166666666666 0.498046875 0.5763888888888888 0.501953125 0.5902777777777778 0.501953125 0.6076388888888888 0.498046875 0.6006944444444444 0.49609375 0.5763888888888888
0 0.50390625 0.5069444444444444 0.5078125 0.5069444444444444 0.509765625 0.5173611111111112 0.513671875 0.5243055555555556 0.513671875 0.5381944444444444 0.51171875 0.5381944444444444 0.51171875 0.53125 0.5078125 0.5243055555555556 0.505859375 0.5104166666666666
0 0.568359375 0.65625 0.5703125 0.6493055555555556 0.59765625 0.6493055555555556 0.595703125 0.65625 0.5703125 0.65625