0 0.625 0.5833333333333334 0.62890625 0.5833333333333334 0.630859375 0.5868055555555556 0.634765625 0.5868055555555556 0.63671875 0.5833333333333334 0.6328125 0.6006944444444444 0.63671875 0.6145833333333334 0.63671875 0.6354166666666666 0.638671875 0.6388888888888888 0.63671875 0.6423611111111112 0.63671875 0.6527777777777778 0.634765625 0.6597222222222222 0.6328125 0.6631944444444444 0.62890625 0.6631944444444444 0.626953125 0.6597222222222222 0.626953125 0.6527777777777778 0.625 0.6493055555555556 0.625 0.625 0.626953125 0.6215277777777778 0.626953125 0.6076388888888888 0.62890625 0.6041666666666666 0.625 0.5868055555555556
0 0.470703125 0.3715277777777778 0.474609375 0.3888888888888889 0.474609375 0.3923611111111111 0.470703125 0.3923611111111111 0.470703125 0.375
0 0.560546875 0.13541666666666666 0.568359375 0.14583333333333334 0.576171875 0.14930555555555555 0.587890625 0.18055555555555555 0.587890625 0.21180555555555555 0.583984375 0.22569444444444445 0.583984375 0.2604166666666667 0.578125 0.2465277777777778 0.572265625 0.2465277777777778 0.572265625 0.24305555555555555 0.57421875 0.24305555555555555 0.580078125 0.2326388888888889 0.580078125 0.2222222222222222 0.572265625 0.2013888888888889 0.5703125 0.1875 0.564453125 0.17708333333333334 0.560546875 0.17708333333333334 0.5625 0.1701388888888889 0.55859375 0.15625 0.55859375 0.1388888888888889
0 0.57421875 0.9583333333333334 0.583984375 0.9930555555555556 0.583984375 0.9965277777777778 0.57421875 0.9965277777777778 0.572265625 0.9930555555555556 0.5703125 0.96875 0.57421875 0.9618055555555556
0 0.498046875 0.3402777777777778 0.5 0.3402777777777778 0.5 0.3715277777777778 0.498046875 0.3784722222222222 0.49609375 0.375 0.49609375 0.3680555555555556 0.498046875 0.3645833333333333 0.498046875 0.34375
0 0.50390625 0.4270833333333333 0.505859375 0.4270833333333333 0.505859375 0.4305555555555556 0.51171875 0.4409722222222222 0.51171875 0.4548611111111111 0.50390625 0.4305555555555556
0 0.564453125 0.7013888888888888 0.564453125 0.6944444444444444 0.5625 0.6909722222222222 0.5625 0.6770833333333334 0.56640625 0.6736111111111112 0.56640625 0.6944444444444444 0.564453125 0.6979166666666666
0 0.6361979166666667 0.9125000000000001 0.008854166666666666 0.0287037037037037
0 0.564453125 0.6979166666666666 0.56640625 0.7048611111111112 0.56640625 0.7222222222222222 0.564453125 0.7222222222222222 0.5625 0.71875 0.5625 0.7048611111111112 0.564453125 0.7013888888888888
0 0.34375 0.9472222222222223 0.004166666666666667 0.012962962962962963
0 0.544921875 0.4166666666666667 0.56640625 0.4166666666666667 0.56640625 0.4201388888888889 0.548828125 0.4201388888888889 0.546875 0.4236111111111111 0.544921875 0.4236111111111111 0.544921875 0.4201388888888889
0 0.615234375 0.5381944444444444 0.6171875 0.5381944444444444 0.615234375 0.5416666666666666 0.615234375 0.5486111111111112 0.619140625 0.5590277777777778 0.619140625 0.5833333333333334 0.611328125 0.5972222222222222 0.607421875 0.59375 0.607421875 0.5555555555555556 0.609375 0.5520833333333334 0.609375 0.5416666666666666 0.61328125 0.5381944444444444
0 0.4809895833333333 0.39166666666666666 0.0067708333333333336 0.018518518518518517
0 0.4921875 0.0763888888888889 0.49609375 0.0763888888888889 0.498046875 0.0798611111111111 0.5078125 0.0798611111111111 0.501953125 0.08680555555555555 0.501953125 0.10416666666666667 0.50390625 0.1076388888888889 0.50390625 0.13541666666666666 0.501953125 0.1388888888888889 0.501953125 0.14583333333333334 0.48828125 0.16666666666666666 0.482421875 0.16666666666666666 0.482421875 0.1597222222222222 0.48046875 0.15625 0.48046875 0.13194444444444445 0.478515625 0.1284722222222222 0.484375 0.12152777777777778 0.48828125 0.1111111111111111 0.48828125 0.10416666666666667 0.49609375 0.09027777777777778 0.4921875 0.0798611111111111
0 0.462890625 0.3194444444444444 0.46875 0.3472222222222222 0.466796875 0.3506944444444444 0.4609375 0.3229166666666667
0 0.470703125 0.6979166666666666 0.4765625 0.6875 0.478515625 0.6875 0.482421875 0.7048611111111112 0.482421875 0.71875 0.486328125 0.7326388888888888 0.484375 0.7361111111111112 0.48046875 0.7326388888888888 0.47265625 0.7083333333333334 0.47265625 0.7013888888888888
0 0.4825520833333333 0.3333333333333333 0.0046875 0.011111111111111112
0 0.51953125 0.6736111111111112 0.5234375 0.6736111111111112 0.5234375 0.6805555555555556 0.529296875 0.7013888888888888 0.529296875 0.7222222222222222 0.525390625 0.7152777777777778 0.525390625 0.7083333333333334 0.5234375 0.7048611111111112 0.5234375 0.6875 0.51953125 0.6770833333333334
0 0.45703125 0.3648148148148148 0.0067708333333333336 0.011111111111111112
0 0.484375 0.6805555555555556 0.48828125 0.6909722222222222 0.48828125 0.7013888888888888 0.486328125 0.7013888888888888 0.482421875 0.6909722222222222 0.482421875 0.6840277777777778
0 0.599609375 0.6805555555555556 0.60546875 0.6979166666666666 0.60546875 0.7152777777777778 0.6015625 0.71875 0.59375 0.71875 0.591796875 0.7222222222222222 0.58984375 0.71875 0.591796875 0.6909722222222222 0.59375 0.6840277777777778 0.59765625 0.6805555555555556
0 0.48828125 0.3229166666666667 0.490234375 0.3229166666666667 0.490234375 0.3472222222222222 0.48828125 0.3472222222222222 0.48828125 0.3263888888888889
0 0.458984375 0.3993055555555556 0.462890625 0.4027777777777778 0.46484375 0.4097222222222222 0.46484375 0.4131944444444444 0.4609375 0.4097222222222222 0.458984375 0.4027777777777778
0 0.53125 0.3472222222222222 0.53515625 0.3472222222222222 0.53515625 0.3645833333333333 0.537109375 0.3680555555555556 0.537109375 0.3819444444444444 0.53515625 0.3854166666666667 0.53515625 0.3923611111111111 0.533203125 0.3923611111111111 0.53125 0.3854166666666667 0.53125 0.3506944444444444
0 0.6497395833333334 0.9597222222222221 0.008854166666666666 0.05648148148148148
0 0.498046875 0.3888888888888889 0.501953125 0.3923611111111111 0.505859375 0.40625 0.505859375 0.4097222222222222 0.50390625 0.4097222222222222 0.498046875 0.3923611111111111
0 0.609375 0.6076388888888888 0.615234375 0.6319444444444444 0.615234375 0.6493055555555556 0.61328125 0.6527777777777778 0.61328125 0.6597222222222222 0.607421875 0.6701388888888888 0.6015625 0.6701388888888888 0.599609375 0.6666666666666666 0.599609375 0.6423611111111112 0.60546875 0.6319444444444444 0.607421875 0.6111111111111112
0 0.65234375 0.11805555555555555 0.654296875 0.11805555555555555 0.658203125 0.13194444444444445 0.658203125 0.1527777777777778 0.65625 0.1527777777777778 0.65234375 0.1388888888888889 0.65234375 0.12152777777777778
0 0.580078125 0.6597222222222222 0.580078125 0.6631944444444444 0.55078125 0.6631944444444444 0.552734375 0.6597222222222222 0.560546875 0.6597222222222222 0.5625 0.65625 0.572265625 0.65625 0.57421875 0.6597222222222222 0.578125 0.6597222222222222
0 0.50390625 0.6909722222222222 0.509765625 0.6909722222222222 0.509765625 0.7048611111111112 0.513671875 0.7222222222222222 0.513671875 0.7465277777777778 0.515625 0.75 0.515625 0.7673611111111112 0.513671875 0.7673611111111112 0.51171875 0.7638888888888888 0.51171875 0.7534722222222222 0.5078125 0.7430555555555556 0.5078125 0.6979166666666666 0.505859375 0.6944444444444444
0 0.46380208333333334 0.37222222222222223 0.0078125 0.012962962962962963
0 0.55078125 0.6805555555555556 0.552734375 0.6805555555555556 0.552734375 0.6909722222222222 0.55078125 0.6979166666666666 0.548828125 0.6979166666666666 0.55078125 0.6840277777777778