0 0.298828125 0.16666666666666666 0.30078125 0.1701388888888889 0.30078125 0.1840277777777778 0.302734375 0.1875 0.30078125 0.19444444444444445 0.2890625 0.19444444444444445 0.287109375 0.19791666666666666 0.283203125 0.19791666666666666 0.279296875 0.1875 0.271484375 0.17708333333333334 0.271484375 0.1701388888888889 0.275390625 0.16666666666666666 0.296875 0.16666666666666666
0 0.3046875 0.2986111111111111 0.3046875 0.3125 0.296875 0.3194444444444444 0.294921875 0.3159722222222222 0.2890625 0.3159722222222222 0.2890625 0.3090277777777778 0.294921875 0.3020833333333333 0.302734375 0.2986111111111111
0 0.287109375 0.5138888888888888 0.302734375 0.5243055555555556 0.306640625 0.5347222222222222 0.30078125 0.5451388888888888 0.294921875 0.5451388888888888 0.28125 0.5555555555555556 0.2734375 0.5694444444444444 0.265625 0.5763888888888888 0.259765625 0.5902777777777778 0.259765625 0.6006944444444444 0.255859375 0.6076388888888888 0.244140625 0.6111111111111112 0.232421875 0.6215277777777778 0.2265625 0.6215277777777778 0.19921875 0.6458333333333334 0.193359375 0.6458333333333334 0.185546875 0.65625 0.169921875 0.6597222222222222 0.16796875 0.6631944444444444 0.16015625 0.6631944444444444 0.15625 0.6701388888888888 0.15234375 0.6701388888888888 0.150390625 0.6736111111111112 0.134765625 0.6736111111111112 0.130859375 0.6701388888888888 0.126953125 0.6597222222222222 0.126953125 0.6493055555555556 0.130859375 0.6354166666666666 0.13671875 0.6284722222222222 0.140625 0.6111111111111112 0.146484375 0.6006944444444444 0.146484375 0.5972222222222222 0.1484375 0.5972222222222222 0.15625 0.5833333333333334 0.16796875 0.5694444444444444 0.17578125 0.5659722222222222 0.185546875 0.5555555555555556 0.189453125 0.5555555555555556 0.1953125 0.5486111111111112 0.201171875 0.5486111111111112 0.20703125 0.5416666666666666 0.2109375 0.5416666666666666 0.21875 0.5347222222222222 0.224609375 0.5347222222222222 0.23046875 0.5277777777777778 0.263671875 0.5208333333333334 0.265625 0.5173611111111112 0.2734375 0.5173611111111112 0.275390625 0.5138888888888888 0.28515625 0.5138888888888888
0 0.181640625 0.3888888888888889 0.181640625 0.3819444444444444 0.193359375 0.3611111111111111 0.19921875 0.3576388888888889 0.20703125 0.3472222222222222 0.2109375 0.3472222222222222 0.216796875 0.3402777777777778 0.22265625 0.3402777777777778 0.228515625 0.3333333333333333 0.23828125 0.3333333333333333 0.23828125 0.3368055555555556 0.236328125 0.3368055555555556 0.23046875 0.3472222222222222 0.23046875 0.3611111111111111 0.234375 0.375 0.234375 0.3854166666666667 0.232421875 0.3854166666666667 0.22265625 0.3680555555555556 0.21484375 0.3645833333333333 0.1953125 0.3854166666666667 0.18359375 0.3888888888888889
0 0.587890625 0.2152777777777778 0.59375 0.2048611111111111 0.611328125 0.2013888888888889 0.62109375 0.19444444444444445 0.630859375 0.19444444444444445 0.6328125 0.1909722222222222 0.662109375 0.1909722222222222 0.662109375 0.19791666666666666 0.66015625 0.2013888888888889 0.642578125 0.2048611111111111 0.63671875 0.21180555555555555 0.6328125 0.21180555555555555 0.625 0.21875 0.609375 0.2222222222222222 0.607421875 0.22569444444444445 0.591796875 0.22569444444444445 0.58984375 0.21875
0 0.595703125 0.6493055555555556 0.59765625 0.6527777777777778 0.61328125 0.6527777777777778 0.6171875 0.6631944444444444 0.59765625 0.6666666666666666 0.587890625 0.6736111111111112 0.572265625 0.6736111111111112 0.5703125 0.6770833333333334 0.55078125 0.6770833333333334 0.548828125 0.6736111111111112 0.544921875 0.6736111111111112 0.537109375 0.6631944444444444 0.541015625 0.65625 0.544921875 0.6527777777777778 0.55078125 0.6527777777777778 0.552734375 0.6493055555555556 0.59375 0.6493055555555556
0 0.587890625 0.2777777777777778 0.587890625 0.28125 0.580078125 0.2847222222222222 0.572265625 0.2951388888888889 0.56640625 0.2951388888888889 0.564453125 0.2986111111111111 0.556640625 0.2986111111111111 0.5546875 0.2951388888888889 0.552734375 0.2986111111111111 0.54296875 0.2986111111111111 0.54296875 0.2881944444444444 0.55078125 0.2847222222222222 0.5546875 0.2777777777777778 0.564453125 0.2777777777777778 0.56640625 0.2743055555555556 0.580078125 0.2743055555555556 0.58203125 0.2777777777777778 0.5859375 0.2777777777777778
0 0.591796875 0.4791666666666667 0.591796875 0.4722222222222222 0.59375 0.46875 0.59765625 0.46875 0.599609375 0.4652777777777778 0.61328125 0.4652777777777778 0.6171875 0.4583333333333333 0.666015625 0.4583333333333333 0.66796875 0.4652777777777778 0.6640625 0.46875 0.6484375 0.4722222222222222 0.646484375 0.4756944444444444 0.640625 0.4756944444444444 0.638671875 0.4791666666666667 0.626953125 0.4791666666666667 0.625 0.4826388888888889 0.619140625 0.4826388888888889 0.615234375 0.4791666666666667 0.615234375 0.4722222222222222 0.61328125 0.46875 0.607421875 0.4826388888888889 0.595703125 0.4826388888888889 0.59375 0.4791666666666667
0 0.615234375 0.6527777777777778 0.625 0.6631944444444444 0.630859375 0.6631944444444444 0.64453125 0.6736111111111112 0.6484375 0.6840277777777778 0.6328125 0.6701388888888888 0.626953125 0.6701388888888888 0.625 0.6666666666666666 0.599609375 0.6666666666666666 0.59765625 0.6701388888888888 0.58203125 0.6736111111111112 0.580078125 0.6770833333333334 0.55078125 0.6770833333333334 0.548828125 0.6736111111111112 0.5390625 0.6701388888888888 0.537109375 0.6631944444444444 0.54296875 0.6527777777777778 0.548828125 0.6527777777777778 0.55078125 0.6493055555555556 0.595703125 0.6493055555555556 0.59765625 0.6527777777777778 0.61328125 0.6527777777777778
0 0.560546875 0.3020833333333333 0.564453125 0.3055555555555556 0.564453125 0.3090277777777778 0.55078125 0.3125 0.54296875 0.3194444444444444 0.53125 0.3194444444444444 0.529296875 0.3229166666666667 0.5234375 0.3194444444444444 0.5234375 0.3090277777777778 0.52734375 0.3020833333333333 0.544921875 0.3020833333333333 0.546875 0.2986111111111111 0.556640625 0.2986111111111111 0.55859375 0.3020833333333333
0 0.3046875 0.6076388888888888 0.306640625 0.6111111111111112 0.306640625 0.6319444444444444 0.298828125 0.6493055555555556 0.298828125 0.6597222222222222 0.306640625 0.6701388888888888 0.306640625 0.6805555555555556 0.302734375 0.6875 0.287109375 0.6875 0.28125 0.6944444444444444 0.283203125 0.6979166666666666 0.283203125 0.7048611111111112 0.26953125 0.7048611111111112 0.259765625 0.7152777777777778 0.255859375 0.7152777777777778 0.25390625 0.7118055555555556 0.25 0.7118055555555556 0.248046875 0.7152777777777778 0.23046875 0.7152777777777778 0.228515625 0.71875 0.22265625 0.71875 0.21875 0.7152777777777778 0.216796875 0.71875 0.212890625 0.71875 0.20703125 0.7291666666666666 0.203125 0.7430555555555556 0.19921875 0.7395833333333334 0.19921875 0.71875 0.193359375 0.7013888888888888 0.193359375 0.6840277777777778 0.212890625 0.6840277777777778 0.216796875 0.6805555555555556 0.220703125 0.6736111111111112 0.2265625 0.6527777777777778 0.248046875 0.6284722222222222 0.259765625 0.625 0.265625 0.6145833333333334 0.2734375 0.6076388888888888 0.302734375 0.6076388888888888
0 0.185546875 0.2361111111111111 0.1875 0.23958333333333334 0.201171875 0.23958333333333334 0.203125 0.24305555555555555 0.220703125 0.23958333333333334 0.21875 0.2534722222222222 0.19921875 0.2534722222222222 0.197265625 0.2569444444444444 0.189453125 0.2569444444444444 0.1875 0.2604166666666667 0.1796875 0.2604166666666667 0.177734375 0.2638888888888889 0.154296875 0.2638888888888889 0.15234375 0.2604166666666667 0.14453125 0.2604166666666667 0.140625 0.2569444444444444 0.140625 0.25 0.14453125 0.24305555555555555 0.1484375 0.24305555555555555 0.154296875 0.2361111111111111 0.18359375 0.2361111111111111
0 0.484375 0.3506944444444444 0.4921875 0.3611111111111111 0.4921875 0.3715277777777778 0.484375 0.3715277777777778 0.482421875 0.375 0.474609375 0.375 0.466796875 0.3680555555555556 0.470703125 0.3576388888888889 0.482421875 0.3506944444444444
0 0.16796875 0.3680555555555556 0.171875 0.375 0.17578125 0.375 0.177734375 0.3819444444444444 0.16796875 0.3958333333333333 0.14453125 0.3993055555555556 0.140625 0.3958333333333333 0.140625 0.3854166666666667 0.154296875 0.375 0.162109375 0.375 0.1640625 0.3784722222222222 0.166015625 0.3715277777777778
0 0.607421875 0.3888888888888889 0.609375 0.3923611111111111 0.6171875 0.3923611111111111 0.619140625 0.3958333333333333 0.626953125 0.3958333333333333 0.62890625 0.3993055555555556 0.642578125 0.3993055555555556 0.63671875 0.40625 0.6171875 0.40625 0.615234375 0.4097222222222222 0.58203125 0.4097222222222222 0.580078125 0.40625 0.576171875 0.40625 0.572265625 0.3993055555555556 0.572265625 0.3958333333333333 0.580078125 0.3888888888888889 0.60546875 0.3888888888888889
0 0.99609375 0.3854166666666667 0.998046875 0.3888888888888889 0.998046875 0.4166666666666667 0.9921875 0.4166666666666667 0.98828125 0.4131944444444444 0.982421875 0.40625 0.98046875 0.3993055555555556 0.98046875 0.3923611111111111 0.982421875 0.3888888888888889 0.990234375 0.3888888888888889 0.994140625 0.3854166666666667
0 0.11328125 0.2152777777777778 0.115234375 0.21875 0.13671875 0.2222222222222222 0.15234375 0.2361111111111111 0.15234375 0.23958333333333334 0.1484375 0.23958333333333334 0.13671875 0.25 0.134765625 0.2465277777777778 0.115234375 0.2465277777777778 0.11328125 0.24305555555555555 0.1015625 0.23958333333333334 0.09765625 0.2326388888888889 0.09375 0.2326388888888889 0.091796875 0.22916666666666666 0.091796875 0.2222222222222222 0.09375 0.21875 0.111328125 0.2152777777777778
0 0.59765625 0.17708333333333334 0.59765625 0.19791666666666666 0.591796875 0.2048611111111111 0.58984375 0.21180555555555555 0.5703125 0.21180555555555555 0.568359375 0.20833333333333334 0.568359375 0.2013888888888889 0.5703125 0.19444444444444445 0.580078125 0.1875 0.583984375 0.18055555555555555 0.595703125 0.17708333333333334
0 0.4296875 0.3020833333333333 0.439453125 0.2986111111111111 0.4453125 0.2916666666666667 0.455078125 0.2916666666666667 0.45703125 0.2951388888888889 0.45703125 0.3055555555555556 0.455078125 0.3090277777777778 0.439453125 0.3229166666666667 0.435546875 0.3229166666666667 0.4296875 0.3125 0.4296875 0.3055555555555556
0 0.615234375 0.3055555555555556 0.619140625 0.3055555555555556 0.625 0.3159722222222222 0.626953125 0.3159722222222222 0.64453125 0.3541666666666667 0.64453125 0.3715277777777778 0.640625 0.3819444444444444 0.63671875 0.3819444444444444 0.63671875 0.3611111111111111 0.62890625 0.3506944444444444 0.623046875 0.3506944444444444 0.623046875 0.3472222222222222 0.6171875 0.3368055555555556 0.615234375 0.3298611111111111 0.615234375 0.3090277777777778
0 0.1171875 0.4375 0.16796875 0.4340277777777778 0.169921875 0.4375 0.17578125 0.4375 0.1796875 0.4409722222222222 0.17578125 0.4513888888888889 0.16796875 0.4513888888888889 0.166015625 0.4548611111111111 0.1484375 0.4548611111111111 0.146484375 0.4513888888888889 0.125 0.4479166666666667 0.1171875 0.4409722222222222
0 0.103515625 0.3506944444444444 0.107421875 0.3472222222222222 0.12890625 0.3472222222222222 0.130859375 0.34375 0.146484375 0.3472222222222222 0.146484375 0.3506944444444444 0.142578125 0.3541666666666667 0.130859375 0.3541666666666667 0.115234375 0.3645833333333333 0.10546875 0.3645833333333333 0.103515625 0.3541666666666667
0 0.634765625 0.3576388888888889 0.63671875 0.3715277777777778 0.62890625 0.3784722222222222 0.59765625 0.3784722222222222 0.59375 0.375 0.59375 0.3680555555555556 0.607421875 0.3576388888888889 0.619140625 0.3576388888888889 0.62109375 0.3541666666666667 0.630859375 0.3541666666666667 0.6328125 0.3576388888888889
0 0.859375 0.3472222222222222 0.861328125 0.3506944444444444 0.8828125 0.3506944444444444 0.884765625 0.3541666666666667 0.8984375 0.3541666666666667 0.900390625 0.3576388888888889 0.916015625 0.3576388888888889 0.919921875 0.3611111111111111 0.921875 0.3680555555555556 0.919921875 0.3715277777777778 0.896484375 0.3715277777777778 0.89453125 0.375 0.876953125 0.375 0.875 0.3784722222222222 0.83984375 0.375 0.830078125 0.3819444444444444 0.82421875 0.3923611111111111 0.8203125 0.3888888888888889 0.78125 0.3888888888888889 0.779296875 0.3854166666666667 0.7734375 0.3854166666666667 0.771484375 0.3819444444444444 0.771484375 0.375 0.7734375 0.3715277777777778 0.783203125 0.3680555555555556 0.7890625 0.3611111111111111 0.796875 0.3611111111111111 0.798828125 0.3576388888888889 0.82421875 0.3576388888888889 0.826171875 0.3541666666666667 0.8359375 0.3541666666666667 0.837890625 0.3506944444444444 0.857421875 0.3506944444444444
0 0.26171875 0.3576388888888889 0.26171875 0.3472222222222222 0.263671875 0.34375 0.283203125 0.3333333333333333 0.2890625 0.3263888888888889 0.294921875 0.3263888888888889 0.296875 0.3229166666666667 0.302734375 0.3229166666666667 0.302734375 0.34375 0.30078125 0.3472222222222222 0.296875 0.3506944444444444 0.291015625 0.3506944444444444 0.2890625 0.3541666666666667 0.283203125 0.3541666666666667 0.28125 0.3576388888888889 0.263671875 0.3576388888888889
0 0.15755208333333334 0.2865740740740741 0.05572916666666666 0.049074074074074076
0 0.103515625 0.4236111111111111 0.10546875 0.4340277777777778 0.09765625 0.4340277777777778 0.08984375 0.4409722222222222 0.083984375 0.4409722222222222 0.072265625 0.4513888888888889 0.0625 0.4513888888888889 0.060546875 0.4548611111111111 0.02734375 0.4548611111111111 0.025390625 0.4479166666666667 0.037109375 0.4340277777777778 0.041015625 0.4340277777777778 0.04296875 0.4305555555555556 0.052734375 0.4305555555555556 0.0546875 0.4270833333333333 0.0625 0.4270833333333333 0.064453125 0.4236111111111111 0.1015625 0.4236111111111111
0 0.89453125 0.4375 0.896484375 0.4409722222222222 0.904296875 0.4409722222222222 0.908203125 0.4444444444444444 0.9140625 0.4548611111111111 0.923828125 0.4618055555555556 0.927734375 0.46875 0.94140625 0.4722222222222222 0.939453125 0.4791666666666667 0.91796875 0.4791666666666667 0.916015625 0.4756944444444444 0.908203125 0.4756944444444444 0.90234375 0.46875 0.8984375 0.46875 0.88671875 0.4548611111111111 0.880859375 0.4409722222222222 0.8828125 0.4375 0.892578125 0.4375
0 0.998046875 0.4965277777777778 0.998046875 0.5208333333333334 0.953125 0.5208333333333334 0.951171875 0.5243055555555556 0.947265625 0.5243055555555556 0.9453125 0.5208333333333334 0.94921875 0.5104166666666666 0.953125 0.5104166666666666 0.966796875 0.5 0.9765625 0.5 0.978515625 0.4965277777777778 0.99609375 0.4965277777777778
0 0.369140625 0.3819444444444444 0.373046875 0.3784722222222222 0.37890625 0.3784722222222222 0.3828125 0.3854166666666667 0.3828125 0.3958333333333333 0.37109375 0.3958333333333333 0.369140625 0.3923611111111111 0.369140625 0.3854166666666667
0 0.184375 0.3194444444444444 0.053125 0.0462962962962963
0 0.015625 0.4305555555555556 0.0234375 0.4236111111111111 0.02734375 0.4236111111111111 0.03125 0.4166666666666667 0.03515625 0.4166666666666667 0.037109375 0.4131944444444444 0.05078125 0.4131944444444444 0.048828125 0.4201388888888889 0.04296875 0.4236111111111111 0.037109375 0.4340277777777778 0.02734375 0.4409722222222222 0.0234375 0.4479166666666667 0.017578125 0.4479166666666667 0.013671875 0.4375 0.015625 0.4340277777777778
0 0.455078125 0.2743055555555556 0.455078125 0.2847222222222222 0.435546875 0.2986111111111111 0.4296875 0.2986111111111111 0.427734375 0.2951388888888889 0.42578125 0.2881944444444444 0.4296875 0.2777777777777778 0.43359375 0.2777777777777778 0.435546875 0.2743055555555556 0.453125 0.2743055555555556
0 0.828125 0.5138888888888888 0.83203125 0.5104166666666666 0.857421875 0.5104166666666666 0.859375 0.5138888888888888 0.865234375 0.5138888888888888 0.8671875 0.5173611111111112 0.8828125 0.5243055555555556 0.892578125 0.5347222222222222 0.8984375 0.5347222222222222 0.90625 0.5451388888888888 0.92578125 0.5590277777777778 0.92578125 0.5659722222222222 0.923828125 0.5694444444444444 0.916015625 0.5694444444444444 0.90625 0.5625 0.884765625 0.5590277777777778 0.869140625 0.5486111111111112 0.861328125 0.5625 0.857421875 0.5625 0.85546875 0.5590277777777778 0.85546875 0.5486111111111112 0.8515625 0.5416666666666666 0.833984375 0.53125 0.828125 0.5243055555555556 0.828125 0.5173611111111112
0 0.154296875 0.3506944444444444 0.1640625 0.3576388888888889 0.16015625 0.3576388888888889 0.158203125 0.3541666666666667 0.154296875 0.3611111111111111 0.146484375 0.3645833333333333 0.130859375 0.3819444444444444 0.126953125 0.3819444444444444 0.119140625 0.3888888888888889 0.11328125 0.3888888888888889 0.111328125 0.3923611111111111 0.09375 0.3923611111111111 0.091796875 0.3854166666666667 0.09765625 0.375 0.107421875 0.3680555555555556 0.11328125 0.3680555555555556 0.119140625 0.3611111111111111 0.15234375 0.3506944444444444
0 0.04296875 0.3298611111111111 0.046875 0.3402777777777778 0.041015625 0.3506944444444444 0.029296875 0.3576388888888889 0.025390625 0.3680555555555556 0.01953125 0.375 0.013671875 0.375 0.01171875 0.3784722222222222 0.009765625 0.375 0.005859375 0.375 0.00390625 0.3680555555555556 0.00390625 0.3506944444444444 0.01171875 0.3506944444444444 0.013671875 0.3472222222222222 0.017578125 0.3472222222222222 0.021484375 0.3402777777777778 0.025390625 0.3402777777777778 0.029296875 0.3333333333333333 0.041015625 0.3298611111111111
0 0.556640625 0.3159722222222222 0.56640625 0.3229166666666667 0.578125 0.3368055555555556 0.580078125 0.34375 0.578125 0.3472222222222222 0.5703125 0.3472222222222222 0.568359375 0.3506944444444444 0.556640625 0.3506944444444444 0.54296875 0.3263888888888889 0.546875 0.3194444444444444 0.5546875 0.3159722222222222
0 0.5390625 0.2465277777777778 0.5625 0.2465277777777778 0.564453125 0.25 0.576171875 0.25 0.580078125 0.2604166666666667 0.578125 0.2638888888888889 0.548828125 0.2673611111111111 0.544921875 0.2638888888888889 0.5390625 0.25
0 0.0859375 0.2847222222222222 0.09375 0.2986111111111111 0.076171875 0.2986111111111111 0.07421875 0.3020833333333333 0.068359375 0.3020833333333333 0.056640625 0.3159722222222222 0.052734375 0.3159722222222222 0.041015625 0.3263888888888889 0.03125 0.3263888888888889 0.029296875 0.3298611111111111 0.005859375 0.3298611111111111 0.00390625 0.3263888888888889 0 0.3263888888888889 0 0.3159722222222222 0.009765625 0.3125 0.015625 0.3055555555555556 0.021484375 0.3055555555555556 0.03125 0.2986111111111111 0.044921875 0.2951388888888889 0.046875 0.2916666666666667 0.06640625 0.2916666666666667 0.068359375 0.2881944444444444 0.083984375 0.2847222222222222
0 0.818359375 0.3541666666666667 0.8203125 0.3576388888888889 0.82421875 0.3576388888888889 0.826171875 0.3541666666666667 0.8359375 0.3541666666666667 0.845703125 0.3611111111111111 0.853515625 0.3611111111111111 0.849609375 0.3715277777777778 0.84375 0.3715277777777778 0.837890625 0.3784722222222222 0.833984375 0.3784722222222222 0.82421875 0.3923611111111111 0.8203125 0.3888888888888889 0.78125 0.3888888888888889 0.771484375 0.3819444444444444 0.771484375 0.375 0.77734375 0.3680555555555556 0.78125 0.3680555555555556 0.7890625 0.3611111111111111 0.794921875 0.3611111111111111 0.796875 0.3576388888888889 0.8125 0.3576388888888889 0.81640625 0.3541666666666667
0 0.6135416666666667 0.2736111111111111 0.051041666666666666 0.0287037037037037
0 0.470703125 0.3888888888888889 0.47265625 0.3923611111111111 0.486328125 0.3923611111111111 0.486328125 0.3958333333333333 0.484375 0.3993055555555556 0.48046875 0.3993055555555556 0.47265625 0.40625 0.466796875 0.40625 0.46484375 0.4097222222222222 0.4609375 0.40625 0.4609375 0.3923611111111111 0.462890625 0.3888888888888889 0.46875 0.3888888888888889