0 0.205078125 0.07665505226480836 0.20703125 0.08013937282229965 0.21875 0.08013937282229965 0.22265625 0.09059233449477352 0.23828125 0.09059233449477352 0.23828125 0.10801393728222997 0.171875 0.10801393728222997 0.169921875 0.10452961672473868 0.166015625 0.10452961672473868 0.162109375 0.10104529616724739 0.162109375 0.08362369337979095 0.166015625 0.08013937282229965 0.203125 0.07665505226480836
0 1.0115112160566706 0.45810382205694206 0.045323107290436836 0.03362143083397438
0 0.12109375 0.519163763066202 0.134765625 0.519163763066202 0.13671875 0.5261324041811847 0.185546875 0.5296167247386759 0.189453125 0.5331010452961672 0.189453125 0.5679442508710801 0.171875 0.5818815331010453 0.15625 0.5853658536585366 0.1484375 0.5923344947735192 0.14453125 0.5993031358885017 0.14453125 0.6062717770034843 0.138671875 0.6062717770034843 0.134765625 0.6202090592334495 0.130859375 0.6202090592334495 0.115234375 0.6341463414634146 0.08203125 0.6341463414634146 0.06640625 0.6202090592334495 0.052734375 0.6202090592334495 0.05078125 0.6236933797909407 0.044921875 0.6236933797909407 0.0390625 0.6167247386759582 0.0390625 0.5923344947735192 0.041015625 0.5853658536585366 0.044921875 0.5749128919860628 0.0546875 0.5644599303135889 0.056640625 0.5574912891986062 0.06640625 0.5435540069686411 0.072265625 0.5435540069686411 0.08203125 0.5365853658536586 0.08984375 0.5365853658536586 0.091796875 0.5331010452961672 0.099609375 0.5331010452961672 0.1015625 0.5296167247386759 0.109375 0.5296167247386759 0.111328125 0.5261324041811847 0.119140625 0.5261324041811847 0.12109375 0.5226480836236934
0 0.05859375 0.26480836236933797 0.06640625 0.26480836236933797 0.068359375 0.2613240418118467 0.076171875 0.2613240418118467 0.078125 0.2578397212543554 0.0859375 0.2578397212543554 0.087890625 0.25435540069686413 0.10546875 0.25435540069686413 0.107421875 0.2508710801393728 0.1171875 0.2508710801393728 0.119140625 0.24738675958188153 0.125 0.24738675958188153 0.12890625 0.24390243902439024 0.12890625 0.2613240418118467 0.123046875 0.2613240418118467 0.12109375 0.2682926829268293 0.1171875 0.2682926829268293 0.11328125 0.27526132404181186 0.107421875 0.27526132404181186 0.103515625 0.28222996515679444 0.087890625 0.289198606271777 0.08203125 0.30313588850174217 0.08203125 0.3170731707317073 0.068359375 0.3170731707317073 0.060546875 0.30662020905923343 0.037109375 0.30662020905923343 0.03515625 0.30313588850174217 0.033203125 0.2961672473867596 0.033203125 0.2857142857142857 0.037109375 0.2787456445993031 0.05078125 0.27526132404181186 0.05859375 0.2682926829268293
0 0.5546875 0.13240418118466898 0.564453125 0.13240418118466898 0.56640625 0.1289198606271777 0.58984375 0.1289198606271777 0.591796875 0.1254355400696864 0.6015625 0.1254355400696864 0.60546875 0.12195121951219512 0.60546875 0.14285714285714285 0.587890625 0.14285714285714285 0.58203125 0.14982578397212543 0.578125 0.14982578397212543 0.576171875 0.156794425087108 0.572265625 0.1602787456445993 0.56640625 0.1602787456445993 0.5546875 0.17073170731707318 0.521484375 0.17073170731707318 0.52734375 0.15331010452961671 0.546875 0.13937282229965156 0.552734375 0.13937282229965156 0.5546875 0.13588850174216027
0 0.560546875 0.30662020905923343 0.56640625 0.30662020905923343 0.568359375 0.30313588850174217 0.58203125 0.30313588850174217 0.583984375 0.29965156794425085 0.6328125 0.29965156794425085 0.634765625 0.30313588850174217 0.634765625 0.313588850174216 0.630859375 0.3170731707317073 0.623046875 0.3170731707317073 0.62109375 0.3240418118466899 0.611328125 0.3240418118466899 0.609375 0.32752613240418116 0.599609375 0.32752613240418116 0.59765625 0.3310104529616725 0.5390625 0.3310104529616725 0.5390625 0.3205574912891986 0.548828125 0.313588850174216 0.55859375 0.313588850174216 0.560546875 0.31010452961672474
0 0.091796875 0.3867595818815331 0.103515625 0.3832752613240418 0.10546875 0.37630662020905925 0.109375 0.37630662020905925 0.109375 0.4146341463414634 0.052734375 0.4146341463414634 0.052734375 0.4076655052264808 0.056640625 0.40418118466898956 0.068359375 0.40418118466898956 0.0703125 0.397212543554007 0.08203125 0.397212543554007 0.091796875 0.3902439024390244
0 0.5703125 0.41114982578397213 0.63671875 0.41114982578397213 0.63671875 0.4355400696864111 0.60546875 0.43902439024390244 0.603515625 0.445993031358885 0.599609375 0.445993031358885 0.59765625 0.44947735191637633 0.55859375 0.44947735191637633 0.556640625 0.445993031358885 0.55859375 0.43205574912891986 0.560546875 0.42857142857142855 0.564453125 0.42857142857142855 0.56640625 0.4250871080139373 0.56640625 0.4181184668989547 0.5703125 0.4146341463414634
0 0.51171875 0.6236933797909407 0.552734375 0.6236933797909407 0.5546875 0.6306620209059234 0.58203125 0.6341463414634146 0.58203125 0.6480836236933798 0.572265625 0.6480836236933798 0.5703125 0.6550522648083623 0.556640625 0.6550522648083623 0.55078125 0.662020905923345 0.48046875 0.662020905923345 0.474609375 0.6550522648083623 0.474609375 0.6480836236933798 0.4765625 0.6480836236933798 0.48046875 0.6376306620209059 0.494140625 0.6341463414634146 0.49609375 0.6306620209059234 0.509765625 0.6306620209059234 0.51171875 0.627177700348432
0 0 0.15331010452961671 0.029296875 0.15331010452961671 0.03125 0.156794425087108 0.052734375 0.1602787456445993 0.0546875 0.1672473867595819 0.0625 0.1672473867595819 0.0625 0.17770034843205576 0.05078125 0.17770034843205576 0.048828125 0.18118466898954705 0.0390625 0.18118466898954705 0.037109375 0.18466898954703834 0 0.18466898954703834 0 0.156794425087108
0 0.228515625 0.5714285714285714 0.2578125 0.5714285714285714 0.2578125 0.6236933797909407 0.25390625 0.6341463414634146 0.25390625 0.6445993031358885 0.2578125 0.6515679442508711 0.2578125 0.6724738675958188 0.255859375 0.6759581881533101 0.251953125 0.6794425087108014 0.2421875 0.6794425087108014 0.240234375 0.6829268292682927 0.236328125 0.6829268292682927 0.23046875 0.7003484320557491 0.22265625 0.7073170731707317 0.205078125 0.7073170731707317 0.19921875 0.7142857142857143 0.181640625 0.7142857142857143 0.1796875 0.710801393728223 0.1484375 0.7142857142857143 0.14453125 0.7177700348432056 0.13671875 0.735191637630662 0.130859375 0.735191637630662 0.130859375 0.7247386759581882 0.1328125 0.7177700348432056 0.12890625 0.7038327526132404 0.12890625 0.6933797909407665 0.123046875 0.6759581881533101 0.123046875 0.6655052264808362 0.14453125 0.6689895470383276 0.150390625 0.662020905923345 0.154296875 0.662020905923345 0.1640625 0.6341463414634146 0.181640625 0.6062717770034843 0.205078125 0.5853658536585366 0.2109375 0.5853658536585366 0.212890625 0.5818815331010453 0.224609375 0.5818815331010453 0.228515625 0.5749128919860628
0 0.4140625 0.29965156794425085 0.423828125 0.2926829268292683 0.462890625 0.289198606271777 0.462890625 0.30662020905923343 0.4609375 0.31010452961672474 0.453125 0.313588850174216 0.451171875 0.3205574912891986 0.447265625 0.3205574912891986 0.439453125 0.32752613240418116 0.41015625 0.32752613240418116 0.41015625 0.313588850174216 0.4140625 0.31010452961672474 0.4140625 0.30313588850174217
0 0.087890625 0.31010452961672474 0.109375 0.31010452961672474 0.109375 0.32752613240418116 0.107421875 0.32752613240418116 0.10546875 0.3344947735191638 0.1015625 0.3344947735191638 0.09765625 0.34494773519163763 0.09375 0.34494773519163763 0.091796875 0.34843205574912894 0.041015625 0.34843205574912894 0.04296875 0.34843205574912894 0.044921875 0.34146341463414637 0.048828125 0.33797909407665505 0.0546875 0.33797909407665505 0.056640625 0.3310104529616725 0.06640625 0.32752613240418116 0.068359375 0.3205574912891986 0.0859375 0.3170731707317073 0.087890625 0.313588850174216
0 0.53515625 0.33797909407665505 0.560546875 0.33797909407665505 0.5625 0.34494773519163763 0.580078125 0.34494773519163763 0.58203125 0.34843205574912894 0.58984375 0.34843205574912894 0.591796875 0.3554006968641115 0.603515625 0.3554006968641115 0.603515625 0.3693379790940767 0.513671875 0.3693379790940767 0.51171875 0.36585365853658536 0.51171875 0.3554006968641115 0.515625 0.3554006968641115 0.517578125 0.34843205574912894 0.521484375 0.34843205574912894 0.5234375 0.34494773519163763 0.533203125 0.34494773519163763 0.53515625 0.34146341463414637
0 0.998046875 0.3344947735191638 0.998046875 0.3554006968641115 0.998046875 0.34843205574912894 0.99609375 0.34494773519163763 0.990234375 0.34494773519163763 0.990234375 0.34146341463414637 0.99609375 0.34146341463414637 0.998046875 0.33797909407665505
0 0.212890625 0.10452961672473868 0.22265625 0.10452961672473868 0.224609375 0.11149825783972125 0.240234375 0.11149825783972125 0.240234375 0.13588850174216027 0.17578125 0.13588850174216027 0.171875 0.13240418118466898 0.171875 0.1254355400696864 0.17578125 0.12195121951219512 0.181640625 0.12195121951219512 0.18359375 0.11498257839721254 0.189453125 0.11498257839721254 0.19140625 0.11149825783972125 0.2109375 0.11149825783972125 0.212890625 0.10801393728222997
0 0.05078125 0.1672473867595819 0.0703125 0.1672473867595819 0.072265625 0.17421602787456447 0.123046875 0.17770034843205576 0.123046875 0.1986062717770035 0.11328125 0.1986062717770035 0.111328125 0.20209059233449478 0.095703125 0.20209059233449478 0.09375 0.20557491289198607 0.02734375 0.20557491289198607 0.01953125 0.1986062717770035 0.01953125 0.18815331010452963 0.021484375 0.18815331010452963 0.0234375 0.18118466898954705 0.02734375 0.17770034843205576 0.03515625 0.17770034843205576 0.037109375 0.17421602787456447 0.048828125 0.17421602787456447 0.05078125 0.17073170731707318
0 0.57421875 0.21951219512195122 0.57421875 0.21602787456445993 0.576171875 0.2229965156794425 0.58203125 0.2229965156794425 0.583984375 0.2264808362369338 0.59375 0.22996515679442509 0.599609375 0.23693379790940766 0.6015625 0.24390243902439024 0.60546875 0.24390243902439024 0.60546875 0.24738675958188153 0.611328125 0.2578397212543554 0.61328125 0.2578397212543554 0.615234375 0.27177700348432055 0.62109375 0.2787456445993031 0.62109375 0.2961672473867596 0.611328125 0.2961672473867596 0.6015625 0.2857142857142857 0.59765625 0.2857142857142857 0.59375 0.27526132404181186 0.58984375 0.27526132404181186 0.583984375 0.2682926829268293 0.580078125 0.2613240418118467 0.580078125 0.25435540069686413 0.5703125 0.24738675958188153 0.568359375 0.24041811846689895 0.568359375 0.2229965156794425 0.572265625 0.2229965156794425
0 0.7421875 0.3170731707317073 0.74609375 0.313588850174216 0.75390625 0.313588850174216 0.755859375 0.31010452961672474 0.771484375 0.31010452961672474 0.7734375 0.30662020905923343 0.833984375 0.30662020905923343 0.8359375 0.31010452961672474 0.8515625 0.31010452961672474 0.853515625 0.313588850174216 0.853515625 0.32752613240418116 0.837890625 0.32752613240418116 0.8359375 0.3310104529616725 0.828125 0.3310104529616725 0.826171875 0.3344947735191638 0.822265625 0.3344947735191638 0.8203125 0.34146341463414637 0.806640625 0.34494773519163763 0.796875 0.3519163763066202 0.7265625 0.3519163763066202 0.7265625 0.34494773519163763 0.728515625 0.34494773519163763 0.73046875 0.33797909407665505 0.7421875 0.3205574912891986
0 0.2265625 0.21951219512195122 0.2421875 0.21951219512195122 0.244140625 0.2264808362369338 0.244140625 0.2578397212543554 0.193359375 0.2578397212543554 0.19140625 0.25435540069686413 0.193359375 0.24041811846689895 0.201171875 0.23693379790940766 0.203125 0.22996515679442509 0.216796875 0.22996515679442509 0.2265625 0.2229965156794425
0 0.23828125 0.26480836236933797 0.240234375 0.2682926829268293 0.23828125 0.27526132404181186 0.23046875 0.27526132404181186 0.2265625 0.2787456445993031 0.224609375 0.2857142857142857 0.220703125 0.2857142857142857 0.20703125 0.29965156794425085 0.197265625 0.30313588850174217 0.1953125 0.31010452961672474 0.19140625 0.31010452961672474 0.18359375 0.3170731707317073 0.177734375 0.3170731707317073 0.17578125 0.3205574912891986 0.169921875 0.3205574912891986 0.16796875 0.3240418118466899 0.15234375 0.3240418118466899 0.158203125 0.3170731707317073 0.158203125 0.29965156794425085 0.16015625 0.2926829268292683 0.173828125 0.289198606271777 0.17578125 0.28222996515679444 0.1796875 0.28222996515679444 0.181640625 0.2787456445993031 0.189453125 0.2787456445993031 0.19140625 0.27526132404181186 0.19921875 0.27526132404181186 0.201171875 0.27177700348432055 0.208984375 0.27177700348432055 0.2109375 0.2682926829268293 0.220703125 0.2682926829268293 0.22265625 0.26480836236933797 0.236328125 0.26480836236933797
0 0.04296875 0.27526132404181186 0.05078125 0.27526132404181186 0.05078125 0.313588850174216 0 0.313588850174216 0 0.30662020905923343 0.001953125 0.30313588850174217 0.005859375 0.30313588850174217 0.0078125 0.2961672473867596 0.0234375 0.2926829268292683 0.025390625 0.2857142857142857 0.041015625 0.28222996515679444 0.04296875 0.2787456445993031
0 0.21484375 0.1916376306620209 0.23828125 0.1916376306620209 0.23828125 0.22996515679442509 0.197265625 0.22996515679442509 0.197265625 0.21951219512195122 0.19921875 0.21951219512195122 0.203125 0.20905923344947736 0.20703125 0.20905923344947736 0.208984375 0.20209059233449478 0.21484375 0.1951219512195122
0 0.033203125 0.30662020905923343 0.060546875 0.30662020905923343 0.060546875 0.32752613240418116 0.05078125 0.32752613240418116 0.048828125 0.3310104529616725 0.044921875 0.3310104529616725 0.04296875 0.33797909407665505 0.0390625 0.34146341463414637 0.0234375 0.34494773519163763 0.021484375 0.3519163763066202 0 0.3588850174216028 0 0.3170731707317073 0.015625 0.3170731707317073 0.017578125 0.313588850174216 0.03125 0.313588850174216 0.033203125 0.31010452961672474
0 0.142578125 0.30313588850174217 0.142578125 0.31010452961672474 0.13671875 0.3170731707317073 0.130859375 0.3310104529616725 0.12890625 0.3310104529616725 0.123046875 0.34146341463414637 0.119140625 0.34146341463414637 0.115234375 0.3519163763066202 0.111328125 0.3519163763066202 0.1015625 0.3623693379790941 0.0703125 0.3623693379790941 0.078125 0.3554006968641115 0.083984375 0.34146341463414637 0.087890625 0.34146341463414637 0.091796875 0.3344947735191638 0.095703125 0.3344947735191638 0.1015625 0.32752613240418116 0.103515625 0.3205574912891986 0.115234375 0.3170731707317073 0.119140625 0.31010452961672474 0.140625 0.30313588850174217
0 0.876953125 0.3693379790940767 0.90234375 0.3693379790940767 0.904296875 0.37630662020905925 0.9140625 0.37630662020905925 0.916015625 0.3797909407665505 0.935546875 0.3832752613240418 0.9375 0.3902439024390244 0.951171875 0.397212543554007 0.953125 0.40418118466898956 0.9609375 0.40418118466898956 0.9609375 0.42160278745644597 0.91015625 0.4181184668989547 0.908203125 0.4146341463414634 0.90234375 0.4146341463414634 0.900390625 0.4076655052264808 0.892578125 0.4076655052264808 0.890625 0.40418118466898956 0.880859375 0.40069686411149824 0.87890625 0.39372822299651566 0.875 0.39372822299651566 0.873046875 0.3902439024390244 0.873046875 0.37630662020905925 0.876953125 0.37282229965156793
0 0.244140625 0.2926829268292683 0.24609375 0.2926829268292683 0.248046875 0.29965156794425085 0.25390625 0.29965156794425085 0.25390625 0.3240418118466899 0.220703125 0.3240418118466899 0.220703125 0.31010452961672474 0.2265625 0.31010452961672474 0.228515625 0.30313588850174217 0.232421875 0.29965156794425085 0.2421875 0.29965156794425085 0.244140625 0.2961672473867596
0 0.099609375 0.20209059233449478 0.099609375 0.2229965156794425 0.09765625 0.2264808362369338 0.09375 0.2264808362369338 0.091796875 0.23344947735191637 0.087890625 0.23344947735191637 0.078125 0.24390243902439024 0.07421875 0.24390243902439024 0.072265625 0.2508710801393728 0.06640625 0.2578397212543554 0.060546875 0.2578397212543554 0.05859375 0.2613240418118467 0.01953125 0.2613240418118467 0.021484375 0.24738675958188153 0.029296875 0.24390243902439024 0.03515625 0.23693379790940766 0.041015625 0.23693379790940766 0.04296875 0.22996515679442509 0.046875 0.22996515679442509 0.052734375 0.2229965156794425 0.0625 0.2229965156794425 0.064453125 0.21602787456445993 0.0859375 0.21254355400696864 0.087890625 0.20905923344947736 0.09765625 0.20905923344947736 0.099609375 0.20557491289198607
0 0.818359375 0.4529616724738676 0.8359375 0.4529616724738676 0.837890625 0.45993031358885017 0.859375 0.45993031358885017 0.861328125 0.4634146341463415 0.87109375 0.4634146341463415 0.880859375 0.47038327526132406 0.89453125 0.47038327526132406 0.896484375 0.47735191637630664 0.904296875 0.47735191637630664 0.91015625 0.4843205574912892 0.92578125 0.4878048780487805 0.927734375 0.49477351916376305 0.939453125 0.49477351916376305 0.94140625 0.49825783972125437 0.94140625 0.5156794425087108 0.939453125 0.519163763066202 0.93359375 0.519163763066202 0.92578125 0.5121951219512195 0.8828125 0.5121951219512195 0.876953125 0.519163763066202 0.873046875 0.5121951219512195 0.84765625 0.5087108013937283 0.845703125 0.5017421602787456 0.833984375 0.5017421602787456 0.83203125 0.49825783972125437 0.8203125 0.49825783972125437 0.818359375 0.49477351916376305 0.806640625 0.49477351916376305 0.802734375 0.4912891986062718 0.798828125 0.47735191637630664 0.794921875 0.4738675958188153 0.794921875 0.46689895470383275 0.8046875 0.45993031358885017 0.81640625 0.45993031358885017 0.818359375 0.4564459930313589
0 0.30859375 0.3170731707317073 0.330078125 0.3170731707317073 0.33203125 0.3240418118466899 0.337890625 0.3240418118466899 0.337890625 0.3554006968641115 0.30859375 0.3554006968641115 0.30859375 0.34494773519163763 0.3046875 0.34146341463414637 0.3046875 0.32752613240418116 0.306640625 0.32752613240418116 0.30859375 0.3205574912891986
0 0.125 0.27526132404181186 0.146484375 0.27526132404181186 0.1484375 0.28222996515679444 0.158203125 0.28222996515679444 0.16015625 0.2857142857142857 0.171875 0.289198606271777 0.171875 0.3205574912891986 0.1484375 0.3205574912891986 0.146484375 0.3170731707317073 0.138671875 0.3170731707317073 0.134765625 0.30662020905923343 0.119140625 0.29965156794425085 0.119140625 0.28222996515679444 0.123046875 0.28222996515679444 0.125 0.2787456445993031
0 0.486328125 0.1951219512195122 0.501953125 0.1986062717770035 0.505859375 0.20557491289198607 0.509765625 0.20557491289198607 0.513671875 0.21602787456445993 0.521484375 0.21951219512195122 0.525390625 0.2264808362369338 0.525390625 0.26480836236933797 0.5234375 0.26480836236933797 0.521484375 0.2578397212543554 0.4921875 0.2508710801393728 0.490234375 0.24390243902439024 0.490234375 0.21951219512195122 0.486328125 0.21602787456445993 0.486328125 0.1986062717770035
0 0.521484375 0.12195121951219512 0.53125 0.12195121951219512 0.533203125 0.11846689895470383 0.55078125 0.11498257839721254 0.55859375 0.10801393728222997 0.568359375 0.10801393728222997 0.568359375 0.11846689895470383 0.56640625 0.1254355400696864 0.552734375 0.13240418118466898 0.546875 0.13937282229965156 0.544921875 0.14634146341463414 0.53515625 0.14982578397212543 0.53125 0.156794425087108 0.525390625 0.156794425087108 0.5234375 0.1602787456445993 0.5 0.1602787456445993 0.48828125 0.14634146341463414 0.484375 0.14634146341463414 0.484375 0.14285714285714285 0.4921875 0.13588850174216027 0.501953125 0.13588850174216027 0.50390625 0.13240418118466898 0.51171875 0.13240418118466898 0.521484375 0.1254355400696864
0 0.412109375 0.1986062717770035 0.4140625 0.1986062717770035 0.4140625 0.2264808362369338 0.41015625 0.2264808362369338 0.408203125 0.23344947735191637 0.3984375 0.23344947735191637 0.396484375 0.23693379790940766 0.37109375 0.23693379790940766 0.369140625 0.23344947735191637 0.369140625 0.21602787456445993 0.37109375 0.20905923344947736 0.384765625 0.20905923344947736 0.38671875 0.20557491289198607 0.41015625 0.20557491289198607 0.412109375 0.20209059233449478
0 0.541015625 0.17770034843205576 0.57421875 0.17770034843205576 0.576171875 0.18466898954703834 0.59765625 0.18466898954703834 0.599609375 0.18815331010452963 0.607421875 0.18815331010452963 0.609375 0.1951219512195122 0.626953125 0.1986062717770035 0.626953125 0.21602787456445993 0.560546875 0.21602787456445993 0.55859375 0.21254355400696864 0.548828125 0.21254355400696864 0.546875 0.20557491289198607 0.5390625 0.20209059233449478 0.5390625 0.1986062717770035 0.53515625 0.1951219512195122 0.53515625 0.18466898954703834 0.5390625 0.18466898954703834 0.541015625 0.18118466898954705
0 0.82421875 0.2787456445993031 0.880859375 0.2787456445993031 0.8828125 0.2857142857142857 0.904296875 0.289198606271777 0.90625 0.2961672473867596 0.91796875 0.29965156794425085 0.919921875 0.30662020905923343 0.935546875 0.30662020905923343 0.935546875 0.3170731707317073 0.8359375 0.3170731707317073 0.833984375 0.313588850174216 0.822265625 0.313588850174216 0.822265625 0.31010452961672474 0.81640625 0.30313588850174217 0.81640625 0.289198606271777 0.82421875 0.28222996515679444