0 0.577604166015625 0.8259259270833333 0.58125 0.8462962951388888 0.5859375 0.8481481493055556 0.5890625 0.8453703715277778 0.589583333984375 0.8296296284722222 0.584895833984375 0.8083333333333333 0.581770833984375 0.806481482638889 0.58125 0.8055555555555556 0.574479166015625 0.8101851840277778 0.570833333984375 0.8092592604166666 0.569791666015625 0.8203703715277778 0.577604166015625 0.8259259270833333
0 0.15 0.2564814826388889 0.149479166015625 0.26574073958333333 0.151041666015625 0.2731481493055556 0.158333333984375 0.2787037048611111 0.161979166015625 0.275 0.159895833984375 0.27222222222222225 0.161979166015625 0.2685185173611111 0.158854166015625 0.26574073958333333 0.161979166015625 0.2601851840277778 0.156770833984375 0.25740740624999997 0.153645833984375 0.25185185069444443 0.15625 0.24814814930555557 0.15 0.22685185069444444 0.151041666015625 0.20092592708333334 0.147916666015625 0.20092592708333334 0.144270833984375 0.20925926041666665 0.149479166015625 0.25185185069444443 0.1515625 0.2546296284722222 0.15 0.2564814826388889
0 0.7328125 0.5916666666666667 0.747916666015625 0.59259259375 0.7484375 0.5777777777777778 0.742708333984375 0.5694444444444444 0.736458333984375 0.5666666666666667 0.733854166015625 0.5666666666666667 0.719791666015625 0.5703703715277778 0.719270833984375 0.5777777777777778 0.7234375 0.5851851840277777 0.7328125 0.5916666666666667
0 0.0171875 0.7861111111111111 0.013020833984375 0.8 0.0140625 0.8157407395833334 0.019270833984375 0.81759259375 0.029166666015625 0.8 0.033854166015625 0.7870370381944444 0.031770833984375 0.78240740625 0.0359375 0.78240740625 0.035416666015625 0.7796296284722222 0.040104166015625 0.7722222222222223 0.038020833984375 0.7666666666666667 0.033854166015625 0.7666666666666667 0.024479166015625 0.7722222222222223 0.022395833984375 0.7759259270833333 0.022916666015625 0.7787037048611112 0.0171875 0.7861111111111111
0 0.636458333984375 0.6712962951388889 0.6359375 0.675 0.647916666015625 0.6833333333333333 0.659895833984375 0.6842592604166666 0.664583333984375 0.681481482638889 0.665625 0.675 0.661458333984375 0.6638888888888889 0.6546875 0.6564814826388888 0.644270833984375 0.6537037048611112 0.64375 0.6537037048611112 0.6390625 0.6555555555555556 0.635416666015625 0.6611111111111111 0.634375 0.66759259375 0.636458333984375 0.6712962951388889
0 0.9171875 0.5787037048611111 0.922916666015625 0.5898148159722223 0.931770833984375 0.5879629618055556 0.9359375 0.5842592604166668 0.931770833984375 0.5703703715277778 0.932291666015625 0.5444444444444445 0.929166666015625 0.5212962951388889 0.928645833984375 0.5203703715277778 0.9265625 0.5370370381944444 0.922395833984375 0.5435185173611111 0.9171875 0.5620370381944445 0.9171875 0.5787037048611111
0 0.361458333984375 0.6166666666666667 0.366666666015625 0.6138888888888889 0.367708333984375 0.6092592604166667 0.359375 0.5777777777777778 0.352604166015625 0.5703703715277778 0.346354166015625 0.568518517361111 0.3453125 0.5666666666666667 0.341666666015625 0.575 0.348958333984375 0.6055555555555556 0.352083333984375 0.6111111111111112 0.361458333984375 0.6166666666666667
0 0.682291666015625 0.71759259375 0.686979166015625 0.7166666666666667 0.6921875 0.7037037048611111 0.691666666015625 0.6981481493055556 0.694791666015625 0.6888888888888889 0.696354166015625 0.6759259270833333 0.695833333984375 0.66759259375 0.6921875 0.6620370381944444 0.690625 0.6620370381944444 0.683854166015625 0.66759259375 0.6765625 0.6888888888888889 0.6765625 0.7027777777777778 0.682291666015625 0.71759259375
0 0.366666666015625 0.7833333333333333 0.383333333984375 0.7759259270833333 0.390104166015625 0.7601851840277778 0.390104166015625 0.7333333333333333 0.386979166015625 0.7222222222222222 0.3828125 0.7222222222222222 0.377604166015625 0.7305555555555556 0.373958333984375 0.7546296284722223 0.364583333984375 0.7787037048611112 0.366666666015625 0.7833333333333333
0 0.7671875 0.6953703715277778 0.779166666015625 0.7009259270833333 0.784895833984375 0.6972222222222223 0.786458333984375 0.69259259375 0.7859375 0.6851851840277778 0.7828125 0.675 0.775520833984375 0.6648148159722223 0.765625 0.6583333333333333 0.759375 0.65740740625 0.758333333984375 0.65740740625 0.7546875 0.6638888888888889 0.7546875 0.675 0.7625 0.6898148159722222 0.7671875 0.6953703715277778
0 0.783854166015625 0.5740740729166667 0.803125 0.575 0.808854166015625 0.568518517361111 0.809375 0.5629629618055555 0.803645833984375 0.5518518506944444 0.7890625 0.5453703715277778 0.784895833984375 0.5453703715277778 0.765625 0.5518518506944444 0.764583333984375 0.556481482638889 0.76875 0.5657407395833334 0.783854166015625 0.5740740729166667
0 0.434375 0.681481482638889 0.444791666015625 0.6805555555555556 0.4453125 0.6685185173611111 0.441666666015625 0.6546296284722222 0.431770833984375 0.6444444444444444 0.417708333984375 0.6379629618055556 0.411458333984375 0.628703704861111 0.4109375 0.628703704861111 0.406770833984375 0.6398148159722222 0.415625 0.65740740625 0.415104166015625 0.6611111111111111 0.434375 0.681481482638889
0 0.416145833984375 0.48055555555555557 0.426041666015625 0.5009259270833334 0.435416666015625 0.5092592604166666 0.440625 0.5083333333333333 0.442708333984375 0.4972222222222222 0.435416666015625 0.4731481493055556 0.427083333984375 0.4555555555555555 0.41875 0.4490740729166667 0.416666666015625 0.4490740729166667 0.4125 0.45185185069444445 0.411979166015625 0.4564814826388889 0.4125 0.4666666666666667 0.416145833984375 0.48055555555555557
0 0.638020833984375 0.9453703715277777 0.638541666015625 0.9500000000000001 0.633333333984375 0.9481481493055556 0.630208333984375 0.9527777777777777 0.625520833984375 0.9666666666666666 0.626041666015625 0.9703703715277777 0.623958333984375 0.9731481493055555 0.624479166015625 0.9768518506944444 0.621875 0.9805555555555555 0.622916666015625 0.9870370381944444 0.6390625 0.9527777777777777 0.645833333984375 0.9537037048611112 0.647395833984375 0.9592592604166666 0.654166666015625 0.9629629618055555 0.6578125 0.9750000000000001 0.6640625 0.9805555555555555 0.678645833984375 0.9805555555555555 0.68125 0.9768518506944444 0.682291666015625 0.9731481493055555 0.680729166015625 0.9703703715277777 0.680208333984375 0.9592592604166666 0.678645833984375 0.9527777777777777 0.673958333984375 0.9527777777777777 0.675520833984375 0.9509259270833333 0.675 0.9481481493055556 0.6734375 0.9518518506944444 0.669791666015625 0.9527777777777777 0.671354166015625 0.9564814826388888 0.66875 0.9592592604166666 0.663541666015625 0.9583333333333334 0.661458333984375 0.9611111111111111 0.659895833984375 0.9574074062500001 0.653645833984375 0.9592592604166666 0.6515625 0.9564814826388888 0.6609375 0.9425925937499999 0.665104166015625 0.946296295138889 0.664583333984375 0.9388888888888888 0.661979166015625 0.9425925937499999 0.659895833984375 0.9407407395833334 0.659375 0.9379629618055555 0.661458333984375 0.9342592604166666 0.658333333984375 0.9305555555555556 0.65625 0.9305555555555556 0.6421875 0.9361111111111112 0.639583333984375 0.9388888888888888 0.641666666015625 0.9425925937499999 0.638020833984375 0.9453703715277777
0 0.475520833984375 0.5537037048611111 0.463020833984375 0.5666666666666667 0.4609375 0.5768518506944444 0.4625 0.58240740625 0.467708333984375 0.5814814826388889 0.465625 0.5787037048611111 0.466145833984375 0.5759259270833333 0.477604166015625 0.5805555555555555 0.486979166015625 0.5638888888888889 0.485416666015625 0.5601851840277778 0.493229166015625 0.55 0.490625 0.5370370381944444 0.484895833984375 0.5268518506944444 0.479166666015625 0.5231481493055555 0.4763890625 0.5231481493055555 0.463541666015625 0.5268518506944444 0.457291666015625 0.5361111111111111 0.460416666015625 0.5416666666666666 0.475520833984375 0.5537037048611111
0 0.386458333984375 0.26481481597222223 0.395833333984375 0.26666666666666666 0.414583333984375 0.24722222222222223 0.416666666015625 0.23796296180555554 0.421354166015625 0.23055555555555557 0.426041666015625 0.21574073958333334 0.425 0.2111111111111111 0.4171875 0.20833333333333334 0.4125 0.20833333333333334 0.403645833984375 0.21296296180555557 0.396875 0.2259259270833333 0.384895833984375 0.2601851840277778 0.386458333984375 0.26481481597222223
0 0.519270833984375 0.4351851840277778 0.514583333984375 0.4388888888888889 0.5234375 0.4407407395833334 0.533854166015625 0.45092592708333334 0.546354166015625 0.45740740625 0.5625 0.4564814826388889 0.56875 0.4527777777777778 0.569270833984375 0.4462962951388889 0.565104166015625 0.43333333333333335 0.5546875 0.42314814930555555 0.54375 0.4203703715277778 0.5421875 0.4203703715277778 0.534895833984375 0.4212962951388889 0.5328125 0.42407407291666666 0.522395833984375 0.42314814930555555 0.519270833984375 0.4351851840277778
0 0.799479166015625 0.4259259270833333 0.790104166015625 0.43148148263888886 0.794270833984375 0.44166666666666665 0.79375 0.4462962951388889 0.796354166015625 0.4481481493055555 0.8 0.4444444444444444 0.813541666015625 0.44259259375 0.83125 0.4259259270833333 0.838541666015625 0.4129629618055556 0.839583333984375 0.40092592708333336 0.834895833984375 0.3935185173611111 0.8296875 0.39166666666666666 0.8265625 0.39166666666666666 0.8203125 0.3935185173611111 0.809895833984375 0.40185185069444446 0.799479166015625 0.4212962951388889 0.799479166015625 0.4259259270833333
0 0.3359375 0.24444444444444446 0.352083333984375 0.26666666666666666 0.359375 0.27129629513888887 0.364583333984375 0.26481481597222223 0.364583333984375 0.25185185069444443 0.358854166015625 0.2314814826388889 0.352083333984375 0.21666666666666667 0.3421875 0.20555555555555557 0.325520833984375 0.20277777777777778 0.322916666015625 0.20277777777777778 0.322395833984375 0.22037037152777778 0.3140625 0.23425926041666667 0.33125 0.23333333333333334 0.3359375 0.24444444444444446
0 0.576041666015625 0.6296296284722223 0.565625 0.6398148159722222 0.5703125 0.6435185173611111 0.574479166015625 0.6592592604166667 0.5828125 0.6444444444444444 0.600520833984375 0.6342592604166666 0.616145833984375 0.6092592604166667 0.622395833984375 0.59259259375 0.619791666015625 0.5851851840277777 0.616666666015625 0.5833333333333334 0.613715103515625 0.5833333333333334 0.6015625 0.5851851840277777 0.588020833984375 0.5981481493055556 0.58125 0.6120370381944444 0.576041666015625 0.6296296284722223
0 0.092708333984375 0.7481481493055555 0.10625 0.7490740729166666 0.1140625 0.7583333333333333 0.128645833984375 0.7648148159722222 0.153645833984375 0.7666666666666667 0.158854166015625 0.7620370381944445 0.155208333984375 0.746296295138889 0.150520833984375 0.7379629618055555 0.14375 0.73240740625 0.127083333984375 0.7268518506944445 0.105729166015625 0.7296296284722222 0.095833333984375 0.7222222222222222 0.09375 0.7222222222222222 0.090625 0.7268518506944445 0.0921875 0.7370370381944444 0.091145833984375 0.7444444444444445 0.092708333984375 0.7481481493055555
0 0.434895833984375 0 0.435416666015625 0.013888888888888888 0.436979166015625 0.01759259375 0.434895833984375 0.03240740625 0.443229166015625 0.029629628472222225 0.449479166015625 0.03981481597222222 0.466666666015625 0.03518518402777778 0.470833333984375 0.03981481597222222 0.477083333984375 0.03240740625 0.483854166015625 0.030555555555555558 0.495833333984375 0.020370371527777778 0.497395833984375 0.011111111111111112 0.493229166015625 0 0.490577603515625 0 0.434895833984375 0
0 0.15625 0.47777777777777775 0.1515625 0.48055555555555557 0.1546875 0.48240740625 0.156770833984375 0.4898148159722222 0.1578125 0.5157407395833333 0.175520833984375 0.5018518506944445 0.178645833984375 0.49074073958333336 0.181770833984375 0.4861111111111111 0.186979166015625 0.4870370381944445 0.186458333984375 0.48055555555555557 0.1921875 0.46759259374999995 0.1921875 0.4592592604166667 0.188541666015625 0.44166666666666665 0.175520833984375 0.41944444444444445 0.175 0.4185185173611111 0.169791666015625 0.42500000000000004 0.165625 0.4388888888888889 0.163020833984375 0.4666666666666667 0.15625 0.47777777777777775
0 0.140625 0.6472222222222223 0.147916666015625 0.6499999999999999 0.1515625 0.6546296284722222 0.153125 0.6583333333333333 0.151041666015625 0.6648148159722223 0.1578125 0.6629629618055556 0.1609375 0.6592592604166667 0.175 0.6592592604166667 0.18125 0.6712962951388889 0.18125 0.675 0.191145833984375 0.6916666666666667 0.193229166015625 0.6916666666666667 0.195833333984375 0.6879629618055555 0.195833333984375 0.6740740729166667 0.1875 0.6453703715277778 0.19375 0.6333333333333333 0.195833333984375 0.6166666666666667 0.1921875 0.6111111111111112 0.185416666015625 0.6092592604166667 0.183854166015625 0.6092592604166667 0.177604166015625 0.6101851840277778 0.168229166015625 0.6166666666666667 0.155729166015625 0.6416666666666667 0.140625 0.6472222222222223
0 0.802083333984375 0.8287037048611111 0.806770833984375 0.8379629618055556 0.806770833984375 0.8416666666666667 0.814583333984375 0.8481481493055556 0.8265625 0.8490740729166667 0.834895833984375 0.8537037048611111 0.838020833984375 0.8509259270833334 0.840625 0.8453703715277778 0.839583333984375 0.83240740625 0.83125 0.806481482638889 0.824479166015625 0.79259259375 0.8140625 0.78240740625 0.8015625 0.7814814826388888 0.798958333984375 0.7814814826388888 0.796354166015625 0.7851851840277777 0.796354166015625 0.79259259375 0.802604166015625 0.8166666666666667 0.802083333984375 0.8287037048611111
0 0 0.8962962951388889 0.008333333984375 0.8953703715277778 0.011458333984375 0.8990740729166666 0.0328125 0.9027777777777778 0.0390625 0.8981481493055556 0.039583333984375 0.8833333333333333 0.036458333984375 0.8731481493055555 0.031770833984375 0.8657407395833334 0.032291666015625 0.8629629618055555 0.028125 0.8583333333333333 0.025520833984375 0.8481481493055556 0.020833333984375 0.8416666666666667 0.0234375 0.8379629618055556 0.01875 0.8388888888888889 0.013541666015625 0.8333333333333334 0.011979166015625 0.8277777777777778 0.002604166015625 0.8231481493055556 0 0.8231481493055556 0 0.8962962951388889
0 0.719270833984375 0.10555555555555556 0.717708333984375 0.11203703819444444 0.709895833984375 0.12592592708333333 0.708333333984375 0.13333333333333333 0.709375 0.15462962847222222 0.713541666015625 0.15740740625000002 0.711979166015625 0.1601851840277778 0.713020833984375 0.16851851736111112 0.716145833984375 0.16759259375 0.719270833984375 0.15833333333333333 0.7234375 0.15462962847222222 0.727083333984375 0.1601851840277778 0.7328125 0.1611111111111111 0.735416666015625 0.15000000000000002 0.744791666015625 0.13703703819444446 0.746354166015625 0.12777777777777777 0.754166666015625 0.1111111111111111 0.7546875 0.10185185069444444 0.763541666015625 0.08518518402777778 0.7625 0.07592592708333333 0.7578125 0.07592592708333333 0.744270833984375 0.08796296180555556 0.741145833984375 0.09351851736111111 0.728125 0.09537037152777778 0.719270833984375 0.10555555555555556
0 0.483854166015625 0.12962962847222223 0.480208333984375 0.13703703819444446 0.472395833984375 0.14074073958333333 0.459895833984375 0.14166666666666666 0.45625 0.14722222222222223 0.471354166015625 0.15092592708333333 0.4765625 0.15740740625000002 0.475 0.16574073958333335 0.477083333984375 0.1703703715277778 0.484375 0.16296296180555556 0.497395833984375 0.15833333333333333 0.503125 0.14351851736111113 0.5125 0.13055555555555556 0.516145833984375 0.11666666666666667 0.516666666015625 0.08611111111111111 0.5125 0.07592592708333333 0.508854166015625 0.07314814930555555 0.506770833984375 0.07314814930555555 0.5015625 0.07407407291666666 0.493229166015625 0.08518518402777778 0.4890625 0.09814814930555556 0.483854166015625 0.12962962847222223
0 0.108854166015625 0.825 0.106770833984375 0.8305555555555555 0.116145833984375 0.8361111111111111 0.1171875 0.8398148159722223 0.1140625 0.8416666666666667 0.115625 0.8453703715277778 0.122395833984375 0.8490740729166667 0.123958333984375 0.8518518506944445 0.122395833984375 0.8555555555555556 0.1265625 0.85740740625 0.127083333984375 0.8620370381944444 0.136458333984375 0.8685185173611111 0.148958333984375 0.871296295138889 0.169270833984375 0.8703703715277777 0.180729166015625 0.8555555555555556 0.182291666015625 0.8481481493055556 0.180729166015625 0.8462962951388888 0.179166666015625 0.8277777777777778 0.174479166015625 0.8296296284722222 0.163020833984375 0.8166666666666667 0.1578125 0.8138888888888889 0.1421875 0.8120370381944445 0.138541666015625 0.8120370381944445 0.1234375 0.8138888888888889 0.126041666015625 0.8166666666666667 0.120833333984375 0.8240740729166667 0.108854166015625 0.825
0 0.322916666015625 0.7166666666666667 0.3078125 0.74259259375 0.3015625 0.7444444444444445 0.299479166015625 0.753703704861111 0.3 0.7611111111111111 0.303125 0.7666666666666667 0.303125 0.7731481493055555 0.3046875 0.7759259270833333 0.302604166015625 0.7796296284722222 0.305208333984375 0.78240740625 0.302604166015625 0.7870370381944444 0.3078125 0.7888888888888889 0.308333333984375 0.7972222222222222 0.305729166015625 0.8 0.308854166015625 0.8027777777777777 0.308854166015625 0.806481482638889 0.3140625 0.8157407395833334 0.315104166015625 0.8212962951388889 0.317708333984375 0.8222222222222223 0.325 0.8157407395833334 0.336979166015625 0.8009259270833333 0.339583333984375 0.7935185173611111 0.340104166015625 0.7749999999999999 0.3375 0.7731481493055555 0.336458333984375 0.7685185173611111 0.3453125 0.7379629618055555 0.35 0.7083333333333334 0.3390625 0.6879629618055555 0.338020833984375 0.6879629618055555 0.336458333984375 0.6888888888888889 0.3359375 0.6981481493055556 0.330729166015625 0.70740740625 0.322916666015625 0.7166666666666667
0 0.276041666015625 0.5314814826388888 0.275520833984375 0.55 0.277083333984375 0.5527777777777777 0.2765625 0.5648148159722222 0.278125 0.56759259375 0.281770833984375 0.5972222222222222 0.292708333984375 0.6231481493055555 0.292708333984375 0.6546296284722222 0.296875 0.6638888888888889 0.303645833984375 0.6648148159722223 0.3078125 0.6527777777777778 0.307291666015625 0.6333333333333333 0.308854166015625 0.6296296284722223 0.316666666015625 0.625 0.318229166015625 0.6120370381944444 0.316666666015625 0.5916666666666667 0.311979166015625 0.5870370381944444 0.299479166015625 0.5638888888888889 0.297916666015625 0.5537037048611111 0.29375 0.5453703715277778 0.292708333984375 0.5259259270833333 0.294270833984375 0.5185185173611111 0.304166666015625 0.5083333333333333 0.303125 0.5018518506944445 0.296875 0.49814814930555557 0.2953125 0.49814814930555557 0.2828125 0.4990740729166666 0.278125 0.50740740625 0.274479166015625 0.5222222222222223 0.276041666015625 0.5314814826388888
0 0.535416666015625 0.9342592604166666 0.535416666015625 0.9388888888888888 0.532291666015625 0.9453703715277777 0.534375 0.9490740729166666 0.5328125 0.9555555555555555 0.547916666015625 0.9537037048611112 0.555208333984375 0.9611111111111111 0.568229166015625 0.9675925937500001 0.580729166015625 0.9703703715277777 0.584895833984375 0.9685185173611112 0.588020833984375 0.9712962951388889 0.5921875 0.9666666666666666 0.610416666015625 0.963888888888889 0.617708333984375 0.9592592604166666 0.617708333984375 0.9453703715277777 0.611458333984375 0.9296296284722223 0.615104166015625 0.9249999999999999 0.601041666015625 0.9222222222222223 0.600520833984375 0.9185185173611112 0.584895833984375 0.9101851840277777 0.571354166015625 0.9092592604166667 0.5703125 0.9092592604166667 0.556770833984375 0.911111111111111 0.5546875 0.9157407395833334 0.542708333984375 0.9203703715277778 0.535416666015625 0.9342592604166666
0 0.075 0.3953703715277778 0.053125 0.4046296284722222 0.065104166015625 0.4083333333333333 0.074479166015625 0.4166666666666667 0.083854166015625 0.41759259375 0.094791666015625 0.41018518402777776 0.0984375 0.4037037048611111 0.1046875 0.40092592708333336 0.122916666015625 0.41111111111111115 0.13125 0.41111111111111115 0.152083333984375 0.39722222222222225 0.152083333984375 0.38981481597222223 0.14375 0.37777777777777777 0.136979166015625 0.3712962951388889 0.125 0.36666666666666664 0.122916666015625 0.3472222222222222 0.113541666015625 0.34259259375 0.108854166015625 0.34259259375 0.094791666015625 0.34814814930555554 0.084895833984375 0.3611111111111111 0.078125 0.3796296284722222 0.075 0.3953703715277778
0 0.460416666015625 0.24351851736111108 0.459375 0.2546296284722222 0.456770833984375 0.2592592604166667 0.440625 0.25833333333333336 0.441145833984375 0.26203703819444446 0.446875 0.26759259375 0.450520833984375 0.27592592708333336 0.450520833984375 0.2842592604166667 0.4453125 0.29907407291666666 0.4453125 0.3037037048611111 0.4484375 0.3037037048611111 0.4578125 0.29074073958333335 0.466145833984375 0.28518518402777776 0.4765625 0.28981481597222225 0.483854166015625 0.28981481597222225 0.50625 0.2787037048611111 0.524479166015625 0.2611111111111111 0.531770833984375 0.24444444444444446 0.534895833984375 0.22685185069444444 0.522395833984375 0.20555555555555557 0.516145833984375 0.20833333333333334 0.509895833984375 0.20555555555555557 0.507291666015625 0.20555555555555557 0.491666666015625 0.20925926041666665 0.483333333984375 0.21666666666666667 0.4703125 0.23518518402777777 0.460416666015625 0.24351851736111108
0 0.435416666015625 0.7731481493055555 0.433333333984375 0.7768518506944444 0.420833333984375 0.7787037048611112 0.414583333984375 0.7851851840277777 0.411458333984375 0.7935185173611111 0.400520833984375 0.80740740625 0.3984375 0.8203703715277778 0.3921875 0.8361111111111111 0.377604166015625 0.8490740729166667 0.3890625 0.8583333333333333 0.3921875 0.8759259270833334 0.394270833984375 0.8777777777777778 0.4 0.8592592604166667 0.405208333984375 0.8500000000000001 0.417708333984375 0.8444444444444444 0.422395833984375 0.8370370381944444 0.428645833984375 0.8342592604166668 0.440104166015625 0.8203703715277778 0.440104166015625 0.8157407395833334 0.4484375 0.8166666666666667 0.444270833984375 0.8203703715277778 0.445833333984375 0.8314814826388889 0.441666666015625 0.8592592604166667 0.443229166015625 0.8657407395833334 0.438541666015625 0.8722222222222222 0.440104166015625 0.8777777777777778 0.44375 0.8796296284722223 0.440104166015625 0.8814814826388889 0.438541666015625 0.8870370381944445 0.439583333984375 0.8972222222222221 0.436979166015625 0.9009259270833332 0.438020833984375 0.9092592604166667 0.436979166015625 0.9222222222222223 0.435416666015625 0.9249999999999999 0.436979166015625 0.9351851840277777 0.434895833984375 0.9425925937499999 0.438541666015625 0.946296295138889 0.438020833984375 0.9500000000000001 0.440104166015625 0.9527777777777777 0.438020833984375 0.9564814826388888 0.440625 0.9685185173611112 0.435416666015625 0.9731481493055555 0.438020833984375 0.9740740729166668 0.440104166015625 0.9796296284722222 0.438541666015625 0.9842592604166666 0.448958333984375 0.9842592604166666 0.452083333984375 0.9833333333333333 0.4515625 0.9805555555555555 0.456770833984375 0.9750000000000001 0.456770833984375 0.9703703715277777 0.465104166015625 0.9564814826388888 0.472916666015625 0.9166666666666666 0.477083333984375 0.911111111111111 0.4765625 0.9074074062499999 0.478645833984375 0.9027777777777778 0.477083333984375 0.89259259375 0.478645833984375 0.8851851840277778 0.473958333984375 0.8666666666666667 0.469791666015625 0.8592592604166667 0.466666666015625 0.8231481493055556 0.459375 0.7944444444444445 0.456770833984375 0.7898148159722223 0.457291666015625 0.7861111111111111 0.449479166015625 0.7685185173611111 0.445833333984375 0.7546296284722223 0.4359375 0.7370370381944444 0.432291666015625 0.7361111111111112 0.431770833984375 0.7351851840277778 0.43125 0.7407407395833334 0.4359375 0.7648148159722222 0.439583333984375 0.7722222222222223 0.435416666015625 0.7731481493055555
0 0.608854166015625 0.8555555555555556 0.613541666015625 0.8564814826388889 0.615625 0.8555555555555556 0.616145833984375 0.8518518506944445 0.619791666015625 0.8527777777777777 0.6234375 0.8490740729166667 0.6265625 0.8388888888888889 0.6234375 0.8342592604166668 0.621875 0.8342592604166668 0.6125 0.8416666666666667 0.609375 0.8490740729166667 0.610416666015625 0.8518518506944445 0.608854166015625 0.8555555555555556