0 0.591796875 0.05574912891986063 0.59375 0.059233449477351915 0.60546875 0.059233449477351915 0.607421875 0.0627177700348432 0.6171875 0.0627177700348432 0.619140625 0.06620209059233449 0.623046875 0.0627177700348432 0.630859375 0.0627177700348432 0.640625 0.06968641114982578 0.6484375 0.06620209059233449 0.654296875 0.05574912891986063 0.654296875 0.06620209059233449 0.6484375 0.07665505226480836 0.63671875 0.08710801393728224 0.623046875 0.08710801393728224 0.615234375 0.09407665505226481 0.59765625 0.09407665505226481 0.591796875 0.08710801393728224 0.5859375 0.08710801393728224 0.5859375 0.08362369337979095 0.576171875 0.06620209059233449 0.57421875 0.06620209059233449 0.57421875 0.0627177700348432 0.580078125 0.05574912891986063 0.58984375 0.05574912891986063
0 0.623046875 0.4076655052264808 0.623046875 0.44947735191637633 0.619140625 0.4529616724738676 0.6171875 0.4529616724738676 0.61328125 0.4425087108013937 0.609375 0.43902439024390244 0.609375 0.4146341463414634 0.61328125 0.4146341463414634 0.62109375 0.4076655052264808
0 0.5625 0.24738675958188153 0.568359375 0.24390243902439024 0.568359375 0.2613240418118467 0.5625 0.26480836236933797 0.5625 0.2508710801393728
0 0.548828125 0.059233449477351915 0.556640625 0.059233449477351915 0.556640625 0.0627177700348432 0.5625 0.06968641114982578 0.564453125 0.07665505226480836 0.564453125 0.08362369337979095 0.55859375 0.09059233449477352 0.54296875 0.07317073170731707 0.54296875 0.06968641114982578 0.548828125 0.0627177700348432
0 0.595703125 0.6236933797909407 0.59765625 0.6236933797909407 0.599609375 0.6306620209059234 0.603515625 0.6306620209059234 0.60546875 0.6341463414634146 0.62109375 0.6341463414634146 0.623046875 0.6376306620209059 0.623046875 0.6515679442508711 0.626953125 0.6550522648083623 0.626953125 0.6759581881533101 0.62109375 0.6829268292682927 0.609375 0.6829268292682927 0.60546875 0.6794425087108014 0.595703125 0.686411149825784 0.587890625 0.686411149825784 0.591796875 0.6689895470383276 0.591796875 0.6411149825783972 0.595703125 0.627177700348432
0 0.541015625 0.47735191637630664 0.544921875 0.47735191637630664 0.546875 0.4808362369337979 0.5546875 0.4808362369337979 0.556640625 0.47735191637630664 0.56640625 0.4808362369337979 0.5703125 0.4878048780487805 0.5703125 0.5087108013937283 0.556640625 0.5017421602787456 0.55078125 0.4912891986062718 0.548828125 0.4912891986062718 0.54296875 0.47735191637630664
0 0.544921875 0.397212543554007 0.546875 0.40069686411149824 0.546875 0.41114982578397213 0.544921875 0.4146341463414634 0.541015625 0.4146341463414634 0.541015625 0.4076655052264808 0.54296875 0.4076655052264808 0.544921875 0.40069686411149824
0 0.654296875 0.7909407665505227 0.654296875 0.8292682926829268 0.646484375 0.8292682926829268 0.640625 0.8222996515679443 0.638671875 0.8153310104529616 0.63671875 0.8153310104529616 0.63671875 0.8083623693379791 0.65234375 0.794425087108014
0 0.6171875 0.03832752613240418 0.626953125 0.03832752613240418 0.626953125 0.041811846689895474 0.62109375 0.04878048780487805 0.6171875 0.04878048780487805 0.6171875 0.041811846689895474
0 0.66796875 0.2857142857142857 0.669921875 0.289198606271777 0.6640625 0.313588850174216 0.66015625 0.3240418118466899 0.6484375 0.34146341463414637 0.6484375 0.3519163763066202 0.640625 0.3588850174216028 0.638671875 0.36585365853658536 0.634765625 0.36585365853658536 0.6328125 0.3623693379790941 0.62890625 0.36585365853658536 0.619140625 0.36585365853658536 0.61328125 0.37630662020905925 0.611328125 0.37282229965156793 0.607421875 0.37282229965156793 0.60546875 0.36585365853658536 0.599609375 0.36585365853658536 0.59765625 0.37282229965156793 0.591796875 0.3797909407665505 0.587890625 0.37282229965156793 0.587890625 0.3623693379790941 0.583984375 0.3554006968641115 0.583984375 0.34843205574912894 0.595703125 0.3519163763066202 0.603515625 0.3310104529616725 0.623046875 0.3205574912891986 0.63671875 0.30313588850174217 0.66015625 0.29965156794425085 0.6640625 0.2961672473867596 0.666015625 0.289198606271777
0 0.38671875 0.37282229965156793 0.388671875 0.37282229965156793 0.388671875 0.3902439024390244 0.39453125 0.397212543554007 0.39453125 0.40418118466898956 0.392578125 0.4076655052264808 0.388671875 0.40418118466898956 0.380859375 0.40418118466898956 0.380859375 0.40069686411149824 0.376953125 0.397212543554007 0.376953125 0.3902439024390244 0.37890625 0.3902439024390244 0.380859375 0.3832752613240418 0.38671875 0.37630662020905925
0 0.392578125 0.14634146341463414 0.39453125 0.15331010452961671 0.39453125 0.16376306620209058 0.396484375 0.1672473867595819 0.384765625 0.156794425087108 0.380859375 0.156794425087108 0.380859375 0.14634146341463414 0.3828125 0.14285714285714285 0.388671875 0.14285714285714285 0.390625 0.14634146341463414
0 0.412109375 0.04529616724738676 0.416015625 0.04529616724738676 0.416015625 0.059233449477351915 0.412109375 0.0627177700348432 0.40625 0.05574912891986063 0.412109375 0.04878048780487805
0 0.572265625 0.8362369337979094 0.572265625 0.8571428571428571 0.568359375 0.8641114982578397 0.560546875 0.8641114982578397 0.55859375 0.867595818815331 0.55078125 0.8641114982578397 0.55078125 0.8397212543554007 0.5546875 0.8362369337979094 0.560546875 0.8362369337979094 0.5625 0.8397212543554007 0.5703125 0.8362369337979094
0 0.6953125 0.3902439024390244 0.6953125 0.44947735191637633 0.693359375 0.4425087108013937 0.6875 0.4425087108013937 0.68359375 0.4355400696864111 0.6796875 0.4355400696864111 0.673828125 0.42857142857142855 0.673828125 0.4250871080139373 0.677734375 0.42160278745644597 0.6796875 0.41114982578397213 0.68359375 0.4076655052264808 0.685546875 0.40069686411149824 0.689453125 0.397212543554007 0.689453125 0.39372822299651566 0.693359375 0.39372822299651566
0 0.53125 0.5400696864111498 0.541015625 0.5331010452961672 0.548828125 0.5365853658536586 0.548828125 0.5435540069686411 0.544921875 0.5435540069686411 0.54296875 0.5470383275261324 0.53515625 0.5470383275261324 0.53125 0.5435540069686411
0 0.50390625 0.6236933797909407 0.52734375 0.6236933797909407 0.52734375 0.6411149825783972 0.525390625 0.6445993031358885 0.513671875 0.6480836236933798 0.51171875 0.6515679442508711 0.50390625 0.6515679442508711 0.501953125 0.6550522648083623 0.490234375 0.6550522648083623 0.48828125 0.6585365853658537 0.486328125 0.6550522648083623 0.4921875 0.6376306620209059 0.50390625 0.627177700348432
0 0.400390625 0.0627177700348432 0.40234375 0.06620209059233449 0.400390625 0.07317073170731707 0.392578125 0.07317073170731707 0.388671875 0.06620209059233449 0.384765625 0.06620209059233449 0.388671875 0.0627177700348432 0.3984375 0.0627177700348432
0 0.423828125 0.12195121951219512 0.427734375 0.11846689895470383 0.43359375 0.12195121951219512 0.43359375 0.1289198606271777 0.4296875 0.13240418118466898 0.423828125 0.1289198606271777 0.423828125 0.1254355400696864
0 0.361328125 0.4738675958188153 0.375 0.47038327526132406 0.375 0.4878048780487805 0.361328125 0.4878048780487805 0.361328125 0.47735191637630664
0 0.400390625 0.0313588850174216 0.40234375 0.03832752613240418 0.408203125 0.03832752613240418 0.41015625 0.041811846689895474 0.41015625 0.04878048780487805 0.40625 0.04878048780487805 0.404296875 0.05226480836236934 0.396484375 0.04878048780487805 0.392578125 0.04529616724738676 0.392578125 0.041811846689895474 0.400390625 0.03484320557491289
0 0.4609375 0.027874564459930314 0.470703125 0.027874564459930314 0.470703125 0.041811846689895474 0.46875 0.04529616724738676 0.4609375 0.03832752613240418 0.4609375 0.0313588850174216
0 0.5703125 0.27177700348432055 0.57421875 0.2787456445993031 0.57421875 0.2961672473867596 0.564453125 0.29965156794425085 0.560546875 0.31010452961672474 0.5546875 0.31010452961672474 0.55078125 0.30313588850174217 0.537109375 0.29965156794425085 0.53125 0.289198606271777 0.529296875 0.289198606271777 0.529296875 0.2857142857142857 0.54296875 0.2857142857142857 0.55078125 0.27526132404181186 0.55859375 0.27526132404181186 0.564453125 0.2682926829268293 0.568359375 0.27177700348432055
0 0.39453125 0 0.404296875 0 0.400390625 0.003484320557491289 0.396484375 0
0 0.3828125 0.27526132404181186 0.3828125 0.3170731707317073 0.380859375 0.3240418118466899 0.376953125 0.3240418118466899 0.373046875 0.3310104529616725 0.375 0.33797909407665505 0.365234375 0.3344947735191638 0.37109375 0.3344947735191638 0.373046875 0.3310104529616725 0.37109375 0.32752613240418116 0.361328125 0.32752613240418116 0.361328125 0.2857142857142857 0.36328125 0.28222996515679444 0.369140625 0.28222996515679444 0.375 0.27526132404181186 0.380859375 0.27526132404181186
0 0.6796875 0.6724738675958188 0.681640625 0.6759581881533101 0.69140625 0.6759581881533101 0.69140625 0.6794425087108014 0.6953125 0.6829268292682927 0.6953125 0.7874564459930313 0.68359375 0.7874564459930313 0.681640625 0.7839721254355401 0.677734375 0.7839721254355401 0.673828125 0.7804878048780488 0.669921875 0.7665505226480837 0.669921875 0.7212543554006968 0.671875 0.7177700348432056 0.669921875 0.6759581881533101 0.671875 0.6724738675958188 0.677734375 0.6724738675958188
0 0.556640625 0.34843205574912894 0.572265625 0.34843205574912894 0.572265625 0.3588850174216028 0.56640625 0.3588850174216028 0.55859375 0.36585365853658536 0.5546875 0.36585365853658536 0.55078125 0.3588850174216028 0.55078125 0.3554006968641115 0.5546875 0.3554006968641115 0.556640625 0.3519163763066202