0 0.375 0.15331010452961671 0.37890625 0.14982578397212543 0.400390625 0.15331010452961671 0.400390625 0.1602787456445993 0.39453125 0.1602787456445993 0.392578125 0.16376306620209058 0.37890625 0.16376306620209058 0.375 0.1602787456445993 0.375 0.156794425087108
0 0.546875 0.08710801393728224 0.55078125 0.08710801393728224 0.552734375 0.0975609756097561 0.56640625 0.11846689895470383 0.58203125 0.12195121951219512 0.583984375 0.1289198606271777 0.591796875 0.1289198606271777 0.59375 0.12195121951219512 0.6015625 0.12195121951219512 0.603515625 0.1289198606271777 0.6171875 0.1289198606271777 0.619140625 0.1254355400696864 0.619140625 0.13588850174216027 0.615234375 0.14634146341463414 0.615234375 0.15331010452961671 0.57421875 0.15331010452961671 0.56640625 0.14285714285714285 0.560546875 0.14285714285714285 0.564453125 0.14285714285714285 0.568359375 0.13588850174216027 0.56640625 0.1289198606271777 0.5625 0.1254355400696864 0.560546875 0.1289198606271777 0.552734375 0.1289198606271777 0.55078125 0.1254355400696864 0.55078125 0.11149825783972125 0.546875 0.10801393728222997 0.546875 0.09059233449477352
0 0.501953125 0.08710801393728224 0.501953125 0.09059233449477352 0.5078125 0.0975609756097561 0.517578125 0.0975609756097561 0.521484375 0.10104529616724739 0.5234375 0.10452961672473868 0.5234375 0.1254355400696864 0.515625 0.1289198606271777 0.509765625 0.12195121951219512 0.505859375 0.11149825783972125 0.498046875 0.10801393728222997 0.498046875 0.0975609756097561 0.501953125 0.09407665505226481 0.498046875 0.09059233449477352 0.5 0.09059233449477352
0 0.310546875 0.06620209059233449 0.330078125 0.04878048780487805 0.3359375 0.04878048780487805 0.3359375 0.08710801393728224 0.322265625 0.09059233449477352 0.3203125 0.09407665505226481 0.31640625 0.08710801393728224 0.310546875 0.08710801393728224 0.310546875 0.06968641114982578
0 0.521484375 0.5156794425087108 0.521484375 0.519163763066202 0.525390625 0.5226480836236934 0.525390625 0.5296167247386759 0.529296875 0.5331010452961672 0.53125 0.5400696864111498 0.533203125 0.5400696864111498 0.533203125 0.5505226480836237 0.53515625 0.554006968641115 0.53515625 0.5679442508710801 0.521484375 0.5679442508710801 0.513671875 0.5609756097560976 0.513671875 0.5505226480836237 0.517578125 0.5470383275261324 0.517578125 0.5331010452961672 0.521484375 0.5296167247386759 0.521484375 0.519163763066202
0 0.412109375 0.05226480836236934 0.42578125 0.05226480836236934 0.427734375 0.059233449477351915 0.427734375 0.0627177700348432 0.4140625 0.06620209059233449 0.412109375 0.0627177700348432 0.40625 0.0627177700348432 0.41015625 0.0627177700348432 0.412109375 0.05574912891986063
0 0.509765625 0.3588850174216028 0.537109375 0.3623693379790941 0.537109375 0.3832752613240418 0.53125 0.3832752613240418 0.529296875 0.3867595818815331 0.515625 0.3867595818815331 0.513671875 0.3832752613240418 0.5078125 0.3832752613240418 0.5078125 0.36585365853658536 0.509765625 0.3623693379790941
0 0.630859375 0.9094076655052264 0.630859375 0.9477351916376306 0.619140625 0.9512195121951219 0.609375 0.9442508710801394 0.609375 0.926829268292683 0.6171875 0.9233449477351916 0.623046875 0.9163763066202091 0.62890625 0.9163763066202091 0.630859375 0.9128919860627178
0 0.400390625 0.08362369337979095 0.4140625 0.08362369337979095 0.421875 0.09059233449477352 0.427734375 0.09059233449477352 0.427734375 0.09407665505226481 0.423828125 0.09407665505226481 0.421875 0.0975609756097561 0.404296875 0.0975609756097561 0.40234375 0.09407665505226481 0.39453125 0.09407665505226481 0.400390625 0.08710801393728224
0 0.56640625 0.7247386759581882 0.568359375 0.7247386759581882 0.5703125 0.7317073170731707 0.580078125 0.7386759581881533 0.595703125 0.7386759581881533 0.59765625 0.7421602787456446 0.59765625 0.7560975609756098 0.599609375 0.759581881533101 0.607421875 0.7526132404181185 0.603515625 0.7630662020905923 0.607421875 0.7700348432055749 0.607421875 0.7804878048780488 0.60546875 0.7839721254355401 0.6015625 0.7839721254355401 0.599609375 0.7874564459930313 0.5703125 0.7874564459930313 0.564453125 0.794425087108014 0.55859375 0.794425087108014 0.5546875 0.7909407665505227 0.556640625 0.7839721254355401 0.556640625 0.7665505226480837 0.55859375 0.7630662020905923 0.55859375 0.7456445993031359 0.5625 0.7421602787456446 0.5625 0.735191637630662 0.56640625 0.7282229965156795
0 0.310546875 0.26480836236933797 0.3203125 0.26480836236933797 0.326171875 0.25435540069686413 0.33203125 0.25435540069686413 0.345703125 0.26480836236933797 0.353515625 0.26480836236933797 0.36328125 0.2787456445993031 0.36328125 0.29965156794425085 0.341796875 0.29965156794425085 0.33984375 0.30313588850174217 0.333984375 0.30313588850174217 0.333984375 0.2961672473867596 0.330078125 0.289198606271777 0.310546875 0.289198606271777 0.310546875 0.2682926829268293
0 0.576171875 0.43205574912891986 0.583984375 0.43205574912891986 0.5859375 0.43902439024390244 0.58984375 0.43902439024390244 0.591796875 0.4425087108013937 0.591796875 0.44947735191637633 0.583984375 0.4564459930313589 0.58203125 0.47735191637630664 0.578125 0.49477351916376305 0.576171875 0.49477351916376305 0.5703125 0.5052264808362369 0.56640625 0.5052264808362369 0.560546875 0.5156794425087108 0.55859375 0.5156794425087108 0.556640625 0.5226480836236934 0.546875 0.5226480836236934 0.54296875 0.5331010452961672 0.537109375 0.5331010452961672 0.537109375 0.5226480836236934 0.53125 0.5156794425087108 0.53125 0.5087108013937283 0.541015625 0.5087108013937283 0.544921875 0.5052264808362369 0.546875 0.5017421602787456 0.546875 0.4843205574912892 0.556640625 0.47038327526132406 0.556640625 0.4634146341463415 0.560546875 0.45993031358885017 0.5625 0.4529616724738676 0.56640625 0.44947735191637633 0.56640625 0.445993031358885 0.576171875 0.4355400696864111
0 0.53515625 0.30313588850174217 0.537109375 0.30313588850174217 0.537109375 0.32752613240418116 0.53125 0.32752613240418116 0.529296875 0.3310104529616725 0.5234375 0.3240418118466899 0.51953125 0.3240418118466899 0.5234375 0.3240418118466899 0.525390625 0.3170731707317073 0.529296875 0.313588850174216 0.529296875 0.31010452961672474 0.533203125 0.31010452961672474 0.53515625 0.30662020905923343
0 0.357421875 0.20905923344947736 0.36328125 0.20905923344947736 0.365234375 0.21602787456445993 0.369140625 0.21602787456445993 0.369140625 0.2264808362369338 0.34765625 0.2264808362369338 0.34765625 0.21951219512195122 0.3515625 0.21951219512195122 0.357421875 0.21254355400696864
0 0.4140625 0.17073170731707318 0.427734375 0.17073170731707318 0.4296875 0.17421602787456447 0.4375 0.17421602787456447 0.439453125 0.17770034843205576 0.439453125 0.18815331010452963 0.421875 0.1916376306620209 0.419921875 0.18815331010452963 0.41015625 0.18815331010452963 0.41015625 0.17770034843205576 0.4140625 0.17421602787456447
0 0.392578125 0.06968641114982578 0.40234375 0.06968641114982578 0.40234375 0.07317073170731707 0.40625 0.07665505226480836 0.40625 0.08710801393728224 0.392578125 0.09059233449477352 0.390625 0.08710801393728224 0.384765625 0.08710801393728224 0.38671875 0.08710801393728224 0.388671875 0.08362369337979095 0.388671875 0.07665505226480836 0.392578125 0.07317073170731707
0 0.5546875 0.9024390243902439 0.564453125 0.89198606271777 0.583984375 0.8885017421602788 0.583984375 0.9163763066202091 0.580078125 0.9198606271777003 0.576171875 0.9198606271777003 0.57421875 0.9233449477351916 0.55078125 0.9233449477351916 0.55078125 0.9094076655052264 0.5546875 0.9059233449477352
0 0.564453125 0.11846689895470383 0.57421875 0.11846689895470383 0.57421875 0.14285714285714285 0.556640625 0.14285714285714285 0.556640625 0.1289198606271777 0.564453125 0.12195121951219512
0 0.349609375 0.10452961672473868 0.349609375 0.11498257839721254 0.345703125 0.11498257839721254 0.34375 0.12195121951219512 0.337890625 0.11498257839721254 0.337890625 0.10801393728222997 0.341796875 0.10452961672473868 0.34765625 0.10452961672473868
0 0.642578125 0.7804878048780488 0.66796875 0.7804878048780488 0.669921875 0.7874564459930313 0.67578125 0.7874564459930313 0.68359375 0.794425087108014 0.68359375 0.9094076655052264 0.662109375 0.9094076655052264 0.66015625 0.9059233449477352 0.65234375 0.9059233449477352 0.6484375 0.8954703832752613 0.64453125 0.89198606271777 0.642578125 0.8745644599303136 0.638671875 0.8710801393728222 0.638671875 0.8641114982578397 0.642578125 0.8606271777003485 0.642578125 0.8362369337979094 0.64453125 0.8327526132404182 0.64453125 0.794425087108014 0.642578125 0.7909407665505227 0.642578125 0.7839721254355401
0 0.5 0.41114982578397213 0.501953125 0.41114982578397213 0.501953125 0.4146341463414634 0.505859375 0.4181184668989547 0.5078125 0.42857142857142855 0.51171875 0.43205574912891986 0.51171875 0.44947735191637633 0.50390625 0.44947735191637633 0.5 0.445993031358885 0.5 0.4146341463414634
0 0.400390625 0.0313588850174216 0.412109375 0.0313588850174216 0.412109375 0.03484320557491289 0.419921875 0.04529616724738676 0.419921875 0.04878048780487805 0.412109375 0.04878048780487805 0.41015625 0.05226480836236934 0.39453125 0.04878048780487805 0.39453125 0.041811846689895474 0.400390625 0.03484320557491289
0 0.634765625 0.06620209059233449 0.642578125 0.06620209059233449 0.642578125 0.08362369337979095 0.630859375 0.08362369337979095 0.634765625 0.08013937282229965 0.634765625 0.06968641114982578
0 0.68359375 0.13588850174216027 0.68359375 0.20209059233449478 0.669921875 0.20209059233449478 0.673828125 0.1951219512195122 0.673828125 0.18815331010452963 0.671875 0.18466898954703834 0.66796875 0.18466898954703834 0.640625 0.20905923344947736 0.6328125 0.20905923344947736 0.634765625 0.20209059233449478 0.640625 0.1986062717770035 0.642578125 0.1916376306620209 0.63671875 0.18466898954703834 0.625 0.18466898954703834 0.623046875 0.18118466898954705 0.619140625 0.18118466898954705 0.619140625 0.17073170731707318 0.625 0.16376306620209058 0.669921875 0.16376306620209058 0.671875 0.1602787456445993 0.67578125 0.1602787456445993 0.681640625 0.14982578397212543 0.681640625 0.14285714285714285 0.68359375 0.13937282229965156