0 0.482421875 0.013888888888888888 0.490234375 0.020833333333333332 0.490234375 0.03125 0.486328125 0.03819444444444445 0.470703125 0.03819444444444445 0.466796875 0.03125 0.4609375 0.03125 0.4609375 0.017361111111111112 0.46484375 0.017361111111111112 0.466796875 0.013888888888888888 0.48046875 0.013888888888888888
0 0.5546875 0.10069444444444445 0.56640625 0.10069444444444445 0.56640625 0.1111111111111111 0.560546875 0.1111111111111111 0.55859375 0.11458333333333333 0.548828125 0.1111111111111111 0.552734375 0.1111111111111111 0.5546875 0.10416666666666667
0 0.4921875 0.06597222222222222 0.49609375 0.06597222222222222 0.49609375 0.07291666666666667 0.5 0.0798611111111111 0.513671875 0.08680555555555555 0.513671875 0.10416666666666667 0.51171875 0.1076388888888889 0.505859375 0.1076388888888889 0.5 0.10069444444444445 0.49609375 0.09027777777777778 0.4921875 0.09027777777777778 0.494140625 0.08333333333333333 0.4921875 0.06944444444444445
0 0.421875 0.041666666666666664 0.42578125 0.03819444444444445 0.439453125 0.03819444444444445 0.451171875 0.052083333333333336 0.451171875 0.06597222222222222 0.439453125 0.06944444444444445 0.4375 0.06597222222222222 0.431640625 0.06597222222222222 0.42578125 0.059027777777777776 0.42578125 0.052083333333333336 0.421875 0.04861111111111111 0.421875 0.04513888888888889
0 0.51953125 0.2673611111111111 0.521484375 0.2708333333333333 0.521484375 0.2881944444444444 0.517578125 0.2881944444444444 0.515625 0.2916666666666667 0.505859375 0.2916666666666667 0.501953125 0.2847222222222222 0.498046875 0.2847222222222222 0.49609375 0.2881944444444444 0.498046875 0.2916666666666667 0.49609375 0.2916666666666667 0.4921875 0.2881944444444444 0.4921875 0.2708333333333333 0.501953125 0.2743055555555556 0.50390625 0.2708333333333333 0.517578125 0.2673611111111111
0 0.59375 0.8472222222222222 0.609375 0.8333333333333334 0.615234375 0.8333333333333334 0.615234375 0.8576388888888888 0.61328125 0.8576388888888888 0.611328125 0.8645833333333334 0.59765625 0.8576388888888888 0.59375 0.8541666666666666 0.59375 0.8506944444444444
0 0.6171875 0.4513888888888889 0.623046875 0.4513888888888889 0.623046875 0.4791666666666667 0.62109375 0.4826388888888889 0.62109375 0.4895833333333333 0.619140625 0.4895833333333333 0.603515625 0.5173611111111112 0.603515625 0.5208333333333334 0.599609375 0.5243055555555556 0.59765625 0.5381944444444444 0.58203125 0.5486111111111112 0.5703125 0.5625 0.5625 0.5763888888888888 0.5546875 0.5833333333333334 0.55078125 0.5833333333333334 0.54296875 0.59375 0.5390625 0.59375 0.53125 0.6006944444444444 0.5234375 0.6006944444444444 0.51953125 0.6076388888888888 0.505859375 0.6111111111111112 0.509765625 0.6111111111111112 0.5234375 0.5972222222222222 0.53125 0.59375 0.533203125 0.5868055555555556 0.55078125 0.5555555555555556 0.5546875 0.5520833333333334 0.5703125 0.5104166666666666 0.572265625 0.5104166666666666 0.576171875 0.5 0.578125 0.5 0.59765625 0.46875 0.603515625 0.46875 0.607421875 0.4618055555555556 0.611328125 0.4618055555555556 0.6171875 0.4548611111111111
0 0.55859375 0.4236111111111111 0.568359375 0.4236111111111111 0.568359375 0.4444444444444444 0.56640625 0.4479166666666667 0.568359375 0.4513888888888889 0.568359375 0.4618055555555556 0.56640625 0.4618055555555556 0.552734375 0.4826388888888889 0.546875 0.4861111111111111 0.541015625 0.4965277777777778 0.53515625 0.5 0.53125 0.5104166666666666 0.525390625 0.5 0.517578125 0.5034722222222222 0.517578125 0.4930555555555556 0.515625 0.4895833333333333 0.515625 0.4756944444444444 0.517578125 0.4722222222222222 0.52734375 0.4722222222222222 0.53125 0.46875 0.546875 0.4375 0.55859375 0.4270833333333333
0 0.552734375 0.09722222222222222 0.5546875 0.10069444444444445 0.564453125 0.10069444444444445 0.568359375 0.1111111111111111 0.578125 0.1111111111111111 0.580078125 0.11458333333333333 0.59765625 0.11458333333333333 0.603515625 0.10416666666666667 0.603515625 0.1284722222222222 0.599609375 0.13541666666666666 0.5859375 0.13541666666666666 0.583984375 0.1388888888888889 0.548828125 0.1388888888888889 0.544921875 0.13541666666666666 0.537109375 0.11805555555555555 0.53515625 0.1076388888888889 0.53125 0.10416666666666667 0.533203125 0.10416666666666667 0.53515625 0.09722222222222222 0.541015625 0.09027777777777778 0.55078125 0.09722222222222222
0 0.6328125 0.13194444444444445 0.63671875 0.1284722222222222 0.650390625 0.1284722222222222 0.650390625 0.13194444444444445 0.64453125 0.1388888888888889 0.638671875 0.1388888888888889 0.634765625 0.13194444444444445
0 0.443359375 0.0763888888888889 0.4453125 0.0798611111111111 0.44921875 0.0798611111111111 0.4453125 0.09027777777777778 0.435546875 0.09027777777777778 0.427734375 0.08333333333333333 0.427734375 0.0763888888888889 0.4296875 0.07291666666666667 0.439453125 0.07291666666666667 0.44140625 0.0763888888888889
0 0.458984375 0.14583333333333334 0.458984375 0.1527777777777778 0.45703125 0.1527777777777778 0.455078125 0.1597222222222222 0.451171875 0.1597222222222222 0.44921875 0.16319444444444445 0.439453125 0.16319444444444445 0.4375 0.1597222222222222 0.43359375 0.1597222222222222 0.43359375 0.1527777777777778 0.439453125 0.14583333333333334 0.45703125 0.14583333333333334
0 0.611328125 0.8923611111111112 0.626953125 0.8923611111111112 0.626953125 0.8958333333333334 0.630859375 0.9027777777777778 0.634765625 0.9027777777777778 0.63671875 0.9097222222222222 0.63671875 0.9236111111111112 0.6328125 0.9305555555555556 0.62109375 0.9270833333333334 0.619140625 0.9236111111111112 0.603515625 0.9201388888888888 0.595703125 0.9131944444444444 0.611328125 0.8958333333333334
0 0.3828125 0.1909722222222222 0.392578125 0.1909722222222222 0.39453125 0.19791666666666666 0.40234375 0.19791666666666666 0.40234375 0.2013888888888889 0.3984375 0.2048611111111111 0.384765625 0.2048611111111111 0.3828125 0.2013888888888889 0.376953125 0.2013888888888889 0.376953125 0.19791666666666666 0.380859375 0.19791666666666666 0.3828125 0.19444444444444445
0 0.359375 0.09375 0.373046875 0.09375 0.376953125 0.09722222222222222 0.376953125 0.1076388888888889 0.37109375 0.1076388888888889 0.369140625 0.1111111111111111 0.359375 0.1076388888888889 0.359375 0.09722222222222222
0 0.560546875 0.6597222222222222 0.5625 0.6631944444444444 0.568359375 0.6631944444444444 0.578125 0.6701388888888888 0.580078125 0.6666666666666666 0.5859375 0.6666666666666666 0.587890625 0.6701388888888888 0.587890625 0.6770833333333334 0.5859375 0.6805555555555556 0.58984375 0.6875 0.58984375 0.7083333333333334 0.587890625 0.7118055555555556 0.580078125 0.7118055555555556 0.578125 0.7152777777777778 0.576171875 0.7118055555555556 0.5625 0.7118055555555556 0.55859375 0.71875 0.55078125 0.7222222222222222 0.548828125 0.71875 0.548828125 0.7118055555555556 0.55078125 0.7083333333333334 0.55078125 0.6944444444444444 0.552734375 0.6909722222222222 0.552734375 0.6701388888888888 0.5546875 0.6631944444444444 0.55859375 0.6631944444444444
0 0.55859375 0.7673611111111112 0.5703125 0.7743055555555556 0.5703125 0.7986111111111112 0.564453125 0.8055555555555556 0.5625 0.8020833333333334 0.5625 0.7847222222222222 0.55859375 0.78125 0.55859375 0.7708333333333334
0 0.65625 0.4340277777777778 0.66015625 0.4340277777777778 0.66015625 0.4791666666666667 0.658203125 0.4826388888888889 0.654296875 0.4791666666666667 0.6484375 0.4791666666666667 0.634765625 0.46875 0.634765625 0.4652777777777778 0.63671875 0.4652777777777778 0.638671875 0.4583333333333333 0.640625 0.4583333333333333 0.642578125 0.4513888888888889 0.6484375 0.4444444444444444 0.6484375 0.4409722222222222 0.654296875 0.4409722222222222 0.65625 0.4375
0 0.630859375 0.05555555555555555 0.63671875 0.05555555555555555 0.63671875 0.06597222222222222 0.6328125 0.06944444444444445 0.623046875 0.06597222222222222 0.623046875 0.0625 0.62890625 0.0625 0.630859375 0.059027777777777776
0 0.40625 0.13541666666666666 0.41015625 0.13194444444444445 0.419921875 0.13194444444444445 0.419921875 0.13541666666666666 0.4140625 0.1423611111111111 0.41015625 0.1423611111111111 0.408203125 0.1388888888888889
0 0.611328125 0.1423611111111111 0.625 0.1423611111111111 0.626953125 0.14930555555555555 0.626953125 0.1527777777777778 0.62109375 0.1597222222222222 0.611328125 0.1597222222222222 0.60546875 0.1527777777777778 0.59765625 0.1527777777777778 0.6015625 0.14930555555555555 0.609375 0.14930555555555555 0.611328125 0.14583333333333334
0 0.53125 0.3090277777777778 0.53125 0.3368055555555556 0.525390625 0.3368055555555556 0.5234375 0.3402777777777778 0.505859375 0.3368055555555556 0.505859375 0.3159722222222222 0.509765625 0.3125 0.517578125 0.3125 0.51953125 0.3090277777777778 0.529296875 0.3090277777777778