0 0.6015625 0.6585365853658537 0.609375 0.6585365853658537 0.609375 0.7247386759581882 0.603515625 0.7247386759581882 0.6015625 0.7282229965156795 0.595703125 0.7282229965156795 0.591796875 0.7247386759581882 0.591796875 0.6968641114982579 0.59765625 0.6898954703832753 0.59765625 0.6759581881533101 0.6015625 0.6724738675958188 0.6015625 0.662020905923345
0 0.48828125 0.9024390243902439 0.4921875 0.9059233449477352 0.4921875 0.9581881533101045 0.490234375 0.9581881533101045 0.490234375 0.9442508710801394 0.486328125 0.9407665505226481 0.486328125 0.9163763066202091 0.484375 0.9128919860627178 0.478515625 0.9128919860627178 0.478515625 0.9059233449477352 0.486328125 0.9024390243902439
0 0.5234375 0.11498257839721254 0.525390625 0.11846689895470383 0.53125 0.11846689895470383 0.5546875 0.13937282229965156 0.55859375 0.14634146341463414 0.560546875 0.15331010452961671 0.560546875 0.1916376306620209 0.556640625 0.1916376306620209 0.5546875 0.1951219512195122 0.544921875 0.1951219512195122 0.544921875 0.1916376306620209 0.556640625 0.18118466898954705 0.556640625 0.17770034843205576 0.552734375 0.17421602787456447 0.552734375 0.17073170731707318 0.546875 0.1602787456445993 0.54296875 0.1602787456445993 0.5390625 0.15331010452961671 0.53515625 0.15331010452961671 0.529296875 0.14634146341463414 0.51953125 0.14634146341463414 0.517578125 0.14982578397212543 0.517578125 0.13588850174216027 0.51171875 0.1289198606271777 0.51171875 0.11846689895470383 0.515625 0.11498257839721254 0.521484375 0.11498257839721254
0 0.4453125 0.4738675958188153 0.44921875 0.4738675958188153 0.451171875 0.47038327526132406 0.458984375 0.4738675958188153 0.458984375 0.4843205574912892 0.45703125 0.4878048780487805 0.453125 0.4878048780487805 0.455078125 0.4843205574912892 0.453125 0.4808362369337979 0.4453125 0.47735191637630664
0 0.486328125 0.5331010452961672 0.494140625 0.5331010452961672 0.494140625 0.5505226480836237 0.4921875 0.554006968641115 0.490234375 0.554006968641115 0.494140625 0.5505226480836237 0.490234375 0.5470383275261324 0.486328125 0.5365853658536586
0 0.458984375 0.10801393728222997 0.4609375 0.11498257839721254 0.47265625 0.11498257839721254 0.4765625 0.11846689895470383 0.474609375 0.1254355400696864 0.470703125 0.1254355400696864 0.46875 0.1289198606271777 0.46875 0.13937282229965156 0.47265625 0.14285714285714285 0.474609375 0.14982578397212543 0.474609375 0.1602787456445993 0.4765625 0.16376306620209058 0.474609375 0.18815331010452963 0.47265625 0.1951219512195122 0.46875 0.1986062717770035 0.46875 0.20557491289198607 0.462890625 0.21602787456445993 0.45703125 0.21602787456445993 0.453125 0.2229965156794425 0.44921875 0.2229965156794425 0.443359375 0.21602787456445993 0.44140625 0.20905923344947736 0.44140625 0.18466898954703834 0.439453125 0.18118466898954705 0.439453125 0.17421602787456447 0.4453125 0.17073170731707318 0.44921875 0.16376306620209058 0.44921875 0.15331010452961671 0.453125 0.13937282229965156 0.45703125 0.13937282229965156 0.458984375 0.13588850174216027 0.4609375 0.1289198606271777 0.45703125 0.11498257839721254 0.458984375 0.11149825783972125
0 0.4609375 0.8850174216027874 0.4609375 0.8815331010452961 0.46875 0.8815331010452961 0.46875 0.8989547038327527 0.46484375 0.8954703832752613 0.46484375 0.8885017421602788 0.462890625 0.8850174216027874
0 0.4375 0.4634146341463415 0.4453125 0.46689895470383275 0.4453125 0.47735191637630664 0.44140625 0.4808362369337979 0.44140625 0.4738675958188153 0.4375 0.47038327526132406 0.4375 0.46689895470383275
0 0.427734375 0.4146341463414634 0.435546875 0.4146341463414634 0.4375 0.42160278745644597 0.44140625 0.42160278745644597 0.44140625 0.4250871080139373 0.4453125 0.42857142857142855 0.4453125 0.43902439024390244 0.443359375 0.4425087108013937 0.439453125 0.4425087108013937 0.443359375 0.43902439024390244 0.44140625 0.4355400696864111 0.4375 0.4355400696864111 0.4375 0.43205574912891986 0.43359375 0.42857142857142855 0.431640625 0.42160278745644597 0.427734375 0.42160278745644597 0.427734375 0.4181184668989547
0 0.45703125 0.8536585365853658 0.45703125 0.8362369337979094 0.458984375 0.8397212543554007 0.462890625 0.8397212543554007 0.46484375 0.8466898954703833 0.46484375 0.8571428571428571 0.462890625 0.8606271777003485 0.4609375 0.8606271777003485 0.458984375 0.8536585365853658
0 0.466796875 0.4425087108013937 0.47265625 0.4425087108013937 0.47265625 0.4634146341463415 0.466796875 0.4634146341463415 0.466796875 0.445993031358885
0 0.447265625 0.8432055749128919 0.453125 0.8432055749128919 0.453125 0.867595818815331 0.44921875 0.8710801393728222 0.439453125 0.867595818815331 0.439453125 0.8501742160278746 0.4453125 0.8501742160278746 0.447265625 0.8466898954703833
0 0.490234375 0.926829268292683 0.498046875 0.926829268292683 0.498046875 0.9303135888501742 0.501953125 0.9337979094076655 0.501953125 0.9721254355400697 0.5 0.9721254355400697 0.498046875 0.9686411149825784 0.494140625 0.9686411149825784 0.494140625 0.9651567944250871 0.490234375 0.9616724738675958 0.490234375 0.9303135888501742
0 0.447265625 0.8397212543554007 0.453125 0.8397212543554007 0.455078125 0.8466898954703833 0.455078125 0.8606271777003485 0.453125 0.8641114982578397 0.44921875 0.8641114982578397 0.447265625 0.8606271777003485 0.447265625 0.8432055749128919
0 0.50390625 0.8710801393728222 0.5078125 0.867595818815331 0.513671875 0.867595818815331 0.513671875 0.8745644599303136 0.517578125 0.8780487804878049 0.517578125 0.9198606271777003 0.515625 0.9198606271777003 0.515625 0.9128919860627178 0.51171875 0.9094076655052264 0.51171875 0.8815331010452961 0.50390625 0.8745644599303136
0 0.6171875 0.059233449477351915 0.619140625 0.059233449477351915 0.619140625 0.10801393728222997 0.61328125 0.10801393728222997 0.611328125 0.11149825783972125 0.607421875 0.10801393728222997 0.6015625 0.10801393728222997 0.6015625 0.10104529616724739 0.60546875 0.10104529616724739 0.607421875 0.0975609756097561 0.607421875 0.08362369337979095 0.611328125 0.08013937282229965 0.611328125 0.06968641114982578 0.615234375 0.06968641114982578 0.6171875 0.0627177700348432
0 0.2890625 0.31010452961672474 0.294921875 0.31010452961672474 0.294921875 0.34146341463414637 0.2890625 0.34146341463414637 0.287109375 0.34843205574912894 0.28515625 0.34146341463414637 0.28125 0.34146341463414637 0.28125 0.3205574912891986 0.287109375 0.3205574912891986 0.2890625 0.313588850174216
0 0.4296875 0.43902439024390244 0.44140625 0.445993031358885 0.44140625 0.4564459930313589 0.4375 0.45993031358885017 0.439453125 0.4564459930313589 0.4375 0.4529616724738676 0.43359375 0.4529616724738676 0.4296875 0.4425087108013937
0 0.46875 0.8292682926829268 0.47265625 0.8327526132404182 0.47265625 0.8501742160278746 0.46484375 0.8501742160278746 0.46484375 0.8362369337979094 0.4609375 0.8327526132404182 0.466796875 0.8292682926829268
0 0.591796875 0.7770034843205574 0.599609375 0.7735191637630662 0.599609375 0.818815331010453 0.591796875 0.818815331010453 0.587890625 0.8153310104529616 0.5859375 0.8083623693379791 0.58203125 0.8083623693379791 0.58203125 0.8048780487804879 0.5859375 0.8048780487804879 0.587890625 0.8013937282229965 0.587890625 0.7839721254355401 0.591796875 0.7804878048780488
0 0.443359375 0.3902439024390244 0.4609375 0.3902439024390244 0.4609375 0.40418118466898956 0.45703125 0.4076655052264808 0.458984375 0.40418118466898956 0.45703125 0.40069686411149824 0.453125 0.40069686411149824 0.451171875 0.39372822299651566 0.4453125 0.3902439024390244
0 0.509765625 0.4425087108013937 0.5234375 0.4425087108013937 0.5234375 0.49477351916376305 0.51953125 0.49477351916376305 0.517578125 0.49825783972125437 0.513671875 0.49477351916376305 0.513671875 0.45993031358885017 0.509765625 0.4564459930313589 0.5078125 0.44947735191637633 0.505859375 0.44947735191637633 0.509765625 0.445993031358885
0 0.62890625 0.8048780487804879 0.63671875 0.8048780487804879 0.63671875 0.8153310104529616 0.646484375 0.8292682926829268 0.646484375 0.8850174216027874 0.638671875 0.8850174216027874 0.63671875 0.8885017421602788 0.625 0.8850174216027874 0.625 0.8815331010452961 0.62109375 0.8780487804878049 0.62109375 0.8362369337979094 0.625 0.8327526132404182 0.62109375 0.8292682926829268 0.62109375 0.8257839721254355 0.625 0.8222996515679443 0.625 0.8118466898954704 0.62890625 0.8083623693379791
0 0.43359375 0.49477351916376305 0.439453125 0.49825783972125437 0.44140625 0.5052264808362369 0.44140625 0.5121951219512195 0.4375 0.5156794425087108 0.4375 0.5121951219512195 0.43359375 0.5087108013937283 0.43359375 0.49825783972125437
0 0.474609375 0.4738675958188153 0.478515625 0.47038327526132406 0.486328125 0.4738675958188153 0.486328125 0.4912891986062718 0.474609375 0.4808362369337979 0.474609375 0.47735191637630664
0 0.568359375 0.7282229965156795 0.572265625 0.7247386759581882 0.57421875 0.7282229965156795 0.578125 0.7282229965156795 0.578125 0.7317073170731707 0.58203125 0.735191637630662 0.58203125 0.7386759581881533 0.587890625 0.7456445993031359 0.58984375 0.7526132404181185 0.58984375 0.8083623693379791 0.576171875 0.8083623693379791 0.57421875 0.8048780487804879 0.57421875 0.7874564459930313 0.5703125 0.7839721254355401 0.56640625 0.7700348432055749 0.560546875 0.7665505226480837 0.568359375 0.759581881533101 0.568359375 0.7317073170731707
0 0.46484375 0.4181184668989547 0.46875 0.42160278745644597 0.46875 0.43205574912891986 0.46484375 0.4355400696864111 0.466796875 0.43205574912891986 0.466796875 0.42160278745644597
0 0.486328125 0.9024390243902439 0.486328125 0.9128919860627178 0.49609375 0.9233449477351916 0.498046875 0.926829268292683 0.498046875 0.9337979094076655 0.501953125 0.9372822299651568 0.501953125 0.9721254355400697 0.494140625 0.9651567944250871 0.494140625 0.9616724738675958 0.486328125 0.9512195121951219 0.486328125 0.9407665505226481 0.482421875 0.9372822299651568 0.482421875 0.9128919860627178 0.48046875 0.9094076655052264 0.4765625 0.9094076655052264 0.4765625 0.9059233449477352 0.484375 0.9024390243902439
0 0.654296875 0.08362369337979095 0.65625 0.08362369337979095 0.65625 0.13240418118466898 0.654296875 0.13937282229965156 0.65234375 0.13588850174216027 0.654296875 0.13240418118466898 0.654296875 0.1254355400696864 0.65234375 0.12195121951219512 0.6484375 0.12195121951219512 0.6484375 0.11846689895470383 0.64453125 0.11498257839721254 0.64453125 0.09407665505226481 0.654296875 0.08710801393728224