0 0.9296875 0.2937062937062937 0.9375 0.2867132867132867 0.943359375 0.2972027972027972 0.9453125 0.3076923076923077 0.939453125 0.3076923076923077 0.939453125 0.3041958041958042 0.931640625 0.2937062937062937
0 0.703125 0.18181818181818182 0.69140625 0.19230769230769232 0.65625 0.19230769230769232 0.65234375 0.1888111888111888 0.654296875 0.1853146853146853 0.658203125 0.1853146853146853 0.66015625 0.18181818181818182 0.701171875 0.18181818181818182
0 0.787109375 0.36013986013986016 0.791015625 0.36363636363636365 0.7890625 0.3776223776223776 0.78125 0.3776223776223776 0.779296875 0.3811188811188811 0.771484375 0.3811188811188811 0.76953125 0.38461538461538464 0.75 0.38461538461538464 0.75 0.3811188811188811 0.7578125 0.3706293706293706 0.7734375 0.3706293706293706 0.775390625 0.36713286713286714 0.78515625 0.36713286713286714 0.787109375 0.36363636363636365
0 0.60546875 0.13986013986013987 0.607421875 0.14685314685314685 0.607421875 0.15734265734265734 0.603515625 0.16433566433566432 0.603515625 0.17132867132867133 0.59765625 0.18181818181818182 0.587890625 0.1888111888111888 0.576171875 0.20279720279720279 0.568359375 0.20279720279720279 0.56640625 0.1993006993006993 0.5703125 0.1958041958041958 0.58203125 0.16433566433566432 0.5859375 0.16433566433566432 0.58984375 0.16083916083916083 0.591796875 0.15384615384615385 0.60546875 0.14335664335664336
0 0.958984375 0.2762237762237762 0.958984375 0.2867132867132867 0.95703125 0.2902097902097902 0.953125 0.2937062937062937 0.94921875 0.2902097902097902 0.958984375 0.27972027972027974
0 0.912109375 0.32867132867132864 0.91796875 0.32167832167832167 0.923828125 0.32167832167832167 0.9296875 0.3146853146853147 0.935546875 0.3146853146853147 0.935546875 0.32167832167832167 0.923828125 0.34265734265734266 0.923828125 0.34965034965034963 0.919921875 0.3531468531468531 0.9140625 0.3531468531468531 0.91015625 0.34615384615384615 0.912109375 0.3321678321678322
0 0.142578125 0.3076923076923077 0.15234375 0.3146853146853147 0.1640625 0.3321678321678322 0.1640625 0.35664335664335667 0.15625 0.36363636363636365 0.142578125 0.36013986013986016 0.126953125 0.34615384615384615 0.126953125 0.3181818181818182 0.12890625 0.3181818181818182 0.134765625 0.3076923076923077 0.140625 0.3076923076923077
0 0.96875 0.3321678321678322 0.98046875 0.3356643356643357 0.986328125 0.34265734265734266 0.986328125 0.3531468531468531 0.978515625 0.36013986013986016 0.96875 0.3356643356643357
0 0.876953125 0.48951048951048953 0.87890625 0.493006993006993 0.87890625 0.5 0.875 0.506993006993007 0.8671875 0.5104895104895105 0.859375 0.5209790209790209 0.853515625 0.5209790209790209 0.849609375 0.527972027972028 0.841796875 0.527972027972028 0.83984375 0.5244755244755245 0.841796875 0.5244755244755245 0.849609375 0.506993006993007 0.853515625 0.5034965034965035 0.859375 0.5034965034965035 0.86328125 0.4965034965034965 0.875 0.493006993006993
0 0.9389830508474576 0.20026075619295958 0.02085540254237288 0.02427403105369207
0 0.900390625 0.19230769230769232 0.908203125 0.19230769230769232 0.91015625 0.1993006993006993 0.908203125 0.20279720279720279 0.908203125 0.2097902097902098 0.89453125 0.2202797202797203 0.88671875 0.21678321678321677 0.88671875 0.2097902097902098 0.896484375 0.20279720279720279 0.900390625 0.1958041958041958
0 0.998046875 0.1853146853146853 0.998046875 0.22377622377622378 0.986328125 0.22377622377622378 0.984375 0.22727272727272727 0.974609375 0.22727272727272727 0.970703125 0.22377622377622378 0.970703125 0.2062937062937063 0.974609375 0.2062937062937063 0.9765625 0.1993006993006993 0.986328125 0.1958041958041958 0.98828125 0.1888111888111888 0.99609375 0.1853146853146853