0 0.5 0.3554006968641115 0.509765625 0.3554006968641115 0.509765625 0.3623693379790941 0.51171875 0.36585365853658536 0.51171875 0.3797909407665505 0.505859375 0.3797909407665505 0.505859375 0.37282229965156793 0.50390625 0.3693379790940767 0.5 0.3693379790940767 0.5 0.3588850174216028
0 0.57421875 0.041811846689895474 0.576171875 0.04529616724738676 0.583984375 0.04529616724738676 0.58984375 0.05226480836236934 0.59375 0.05226480836236934 0.61328125 0.07665505226480836 0.61328125 0.13588850174216027 0.6015625 0.13588850174216027 0.6015625 0.1289198606271777 0.607421875 0.12195121951219512 0.607421875 0.11149825783972125 0.59765625 0.0975609756097561 0.58984375 0.09407665505226481 0.58984375 0.08710801393728224 0.583984375 0.07665505226480836 0.57421875 0.07665505226480836 0.57421875 0.06620209059233449 0.5703125 0.0627177700348432 0.568359375 0.05574912891986063 0.568359375 0.04529616724738676 0.572265625 0.041811846689895474
0 0.572265625 0.37630662020905925 0.59765625 0.37630662020905925 0.59765625 0.3867595818815331 0.568359375 0.3867595818815331 0.5703125 0.3867595818815331 0.572265625 0.3797909407665505
0 0.50390625 0.7421602787456446 0.513671875 0.7421602787456446 0.515625 0.7491289198606271 0.515625 0.7665505226480837 0.50390625 0.7665505226480837 0.50390625 0.7456445993031359
0 0.595703125 0.9512195121951219 0.6015625 0.9512195121951219 0.6015625 0.9547038327526133 0.60546875 0.9581881533101045 0.60546875 0.9651567944250871 0.609375 0.9686411149825784 0.609375 0.9825783972125436 0.611328125 0.9860627177700348 0.611328125 0.9965156794425087 0.595703125 0.9965156794425087 0.595703125 0.9547038327526133
0 0.59375 0.7247386759581882 0.603515625 0.7247386759581882 0.60546875 0.7317073170731707 0.60546875 0.7491289198606271 0.603515625 0.7456445993031359 0.599609375 0.7456445993031359 0.599609375 0.7386759581881533 0.59765625 0.735191637630662 0.59375 0.735191637630662 0.59375 0.7282229965156795
0 0.5390625 0.7804878048780488 0.548828125 0.7804878048780488 0.55078125 0.7874564459930313 0.55078125 0.8257839721254355 0.546875 0.8257839721254355 0.544921875 0.8292682926829268 0.54296875 0.8257839721254355 0.5390625 0.8257839721254355 0.5390625 0.7839721254355401
0 0.498046875 0.289198606271777 0.5078125 0.289198606271777 0.509765625 0.2961672473867596 0.513671875 0.2961672473867596 0.513671875 0.29965156794425085 0.505859375 0.30313588850174217 0.50390625 0.29965156794425085 0.498046875 0.29965156794425085 0.498046875 0.2926829268292683
0 0.515625 0.3693379790940767 0.53125 0.3693379790940767 0.533203125 0.37630662020905925 0.537109375 0.37630662020905925 0.537109375 0.3867595818815331 0.533203125 0.3902439024390244 0.53125 0.3867595818815331 0.521484375 0.3867595818815331 0.521484375 0.37630662020905925 0.51953125 0.37282229965156793 0.515625 0.37282229965156793
0 0.515625 0.020905923344947737 0.52734375 0.03484320557491289 0.533203125 0.03484320557491289 0.533203125 0.03832752613240418 0.52734375 0.04529616724738676 0.52734375 0.05226480836236934 0.53125 0.05574912891986063 0.533203125 0.0627177700348432 0.533203125 0.08013937282229965 0.53125 0.08362369337979095 0.53125 0.09407665505226481 0.52734375 0.0975609756097561 0.525390625 0.11149825783972125 0.51171875 0.1289198606271777 0.5 0.1289198606271777 0.498046875 0.1254355400696864 0.498046875 0.10801393728222997 0.494140625 0.10452961672473868 0.498046875 0.10104529616724739 0.494140625 0.0975609756097561 0.494140625 0.09059233449477352 0.4921875 0.08710801393728224 0.5 0.08013937282229965 0.5 0.07317073170731707 0.505859375 0.06620209059233449 0.505859375 0.05574912891986063 0.5078125 0.05226480836236934 0.51953125 0.041811846689895474 0.51953125 0.03832752613240418 0.515625 0.03484320557491289 0.515625 0.024390243902439025
0 0.58203125 0.6445993031358885 0.61328125 0.6445993031358885 0.61328125 0.6550522648083623 0.576171875 0.6550522648083623 0.580078125 0.6550522648083623 0.58203125 0.6480836236933798
0 0.681640625 0.024390243902439025 0.69140625 0.024390243902439025 0.693359375 0.0313588850174216 0.703125 0.03484320557491289 0.703125 0.0627177700348432 0.693359375 0.0627177700348432 0.693359375 0.05226480836236934 0.69140625 0.04878048780487805 0.6875 0.04878048780487805 0.685546875 0.041811846689895474 0.681640625 0.041811846689895474 0.681640625 0.027874564459930314
0 0.49609375 0.710801393728223 0.5 0.710801393728223 0.501953125 0.7177700348432056 0.505859375 0.7177700348432056 0.5078125 0.7212543554006968 0.5078125 0.7421602787456446 0.49609375 0.7421602787456446 0.49609375 0.7142857142857143
0 0.50390625 0.7491289198606271 0.521484375 0.7491289198606271 0.521484375 0.7665505226480837 0.50390625 0.7665505226480837 0.50390625 0.7526132404181185
0 0.50390625 0.7142857142857143 0.515625 0.7142857142857143 0.515625 0.7317073170731707 0.50390625 0.7282229965156795 0.50390625 0.7177700348432056
0 0.482421875 0.3867595818815331 0.4921875 0.3867595818815331 0.494140625 0.39372822299651566 0.494140625 0.40418118466898956 0.48828125 0.40418118466898956 0.48828125 0.397212543554007 0.486328125 0.39372822299651566 0.482421875 0.39372822299651566 0.482421875 0.3902439024390244
0 0.515625 0.3240418118466899 0.525390625 0.3240418118466899 0.52734375 0.3310104529616725 0.52734375 0.3623693379790941 0.5234375 0.3623693379790941 0.521484375 0.36585365853658536 0.521484375 0.3519163763066202 0.51953125 0.34843205574912894 0.515625 0.34843205574912894 0.515625 0.3344947735191638 0.513671875 0.3310104529616725 0.509765625 0.3310104529616725 0.513671875 0.3310104529616725 0.515625 0.32752613240418116
0 0.482421875 0.313588850174216 0.4921875 0.313588850174216 0.4921875 0.3170731707317073 0.49609375 0.3205574912891986 0.498046875 0.32752613240418116 0.498046875 0.3310104529616725 0.4921875 0.3344947735191638 0.494140625 0.3310104529616725 0.482421875 0.3170731707317073
0 0.552734375 0.7282229965156795 0.55859375 0.7282229965156795 0.55859375 0.7317073170731707 0.5625 0.735191637630662 0.5625 0.7421602787456446 0.568359375 0.7491289198606271 0.568359375 0.7874564459930313 0.564453125 0.7874564459930313 0.564453125 0.7770034843205574 0.560546875 0.7735191637630662 0.560546875 0.7526132404181185 0.556640625 0.7491289198606271 0.556640625 0.7421602787456446 0.552734375 0.7386759581881533 0.552734375 0.7317073170731707
0 0.47265625 0.33797909407665505 0.494140625 0.33797909407665505 0.494140625 0.34843205574912894 0.47265625 0.34843205574912894 0.47265625 0.34146341463414637
0 0.482421875 0.34146341463414637 0.4921875 0.34146341463414637 0.4921875 0.34494773519163763 0.498046875 0.3519163763066202 0.498046875 0.37282229965156793 0.494140625 0.3693379790940767 0.494140625 0.36585365853658536 0.490234375 0.3623693379790941 0.490234375 0.3554006968641115 0.486328125 0.3519163763066202 0.484375 0.34494773519163763 0.482421875 0.34494773519163763
0 0.34765625 0.9686411149825784 0.3515625 0.9686411149825784 0.353515625 0.975609756097561 0.359375 0.975609756097561 0.359375 0.9860627177700348 0.3515625 0.9860627177700348 0.349609375 0.9895470383275261 0.34765625 0.9860627177700348 0.34765625 0.9721254355400697
0 0.638671875 0.6306620209059234 0.642578125 0.6306620209059234 0.642578125 0.6341463414634146 0.64453125 0.6376306620209059 0.6484375 0.6376306620209059 0.650390625 0.6445993031358885 0.650390625 0.6898954703832753 0.638671875 0.6898954703832753 0.638671875 0.6829268292682927 0.63671875 0.6794425087108014 0.6328125 0.6794425087108014 0.6328125 0.6585365853658537 0.63671875 0.6585365853658537 0.638671875 0.6550522648083623 0.638671875 0.6480836236933798 0.63671875 0.6445993031358885 0.6328125 0.6445993031358885 0.6328125 0.6376306620209059 0.63671875 0.6376306620209059 0.638671875 0.6341463414634146
0 0.501953125 0.313588850174216 0.51953125 0.313588850174216 0.51953125 0.3240418118466899 0.51171875 0.3240418118466899 0.51171875 0.3170731707317073 0.509765625 0.313588850174216 0.50390625 0.313588850174216
0 0.556640625 0.3310104529616725 0.572265625 0.3310104529616725 0.572265625 0.3832752613240418 0.56640625 0.3832752613240418 0.564453125 0.3867595818815331 0.5625 0.3867595818815331 0.560546875 0.3797909407665505 0.556640625 0.3797909407665505 0.556640625 0.3554006968641115 0.560546875 0.3554006968641115 0.5625 0.3519163763066202 0.560546875 0.34494773519163763 0.556640625 0.34494773519163763 0.556640625 0.3344947735191638
0 0.513671875 0.7003484320557491 0.5234375 0.7003484320557491 0.525390625 0.7073170731707317 0.525390625 0.7282229965156795 0.51953125 0.7282229965156795 0.51953125 0.7212543554006968 0.517578125 0.7177700348432056 0.513671875 0.7177700348432056 0.513671875 0.7038327526132404
0 0.595703125 0.6585365853658537 0.599609375 0.6585365853658537 0.599609375 0.6759581881533101 0.595703125 0.6759581881533101 0.595703125 0.662020905923345
0 0.533203125 0.7526132404181185 0.54296875 0.7526132404181185 0.54296875 0.7630662020905923 0.544921875 0.7665505226480837 0.544921875 0.8118466898954704 0.537109375 0.8118466898954704 0.537109375 0.7665505226480837 0.529296875 0.759581881533101 0.533203125 0.7560975609756098
0 0.65234375 0.5365853658536586 0.658203125 0.5435540069686411 0.658203125 0.6062717770034843 0.654296875 0.6097560975609756 0.640625 0.6097560975609756 0.640625 0.6062717770034843 0.63671875 0.6027874564459931 0.63671875 0.5749128919860628 0.638671875 0.5749128919860628 0.640625 0.5679442508710801 0.64453125 0.5644599303135889 0.64453125 0.5435540069686411 0.650390625 0.5435540069686411 0.65234375 0.5400696864111498
0 0.689453125 0.9651567944250871 0.6953125 0.9651567944250871 0.6953125 0.9965156794425087 0.68359375 0.9965156794425087 0.68359375 0.975609756097561 0.6875 0.975609756097561 0.689453125 0.9686411149825784
0 0.52734375 0.4181184668989547 0.54296875 0.4181184668989547 0.54296875 0.4250871080139373 0.544921875 0.42857142857142855 0.548828125 0.42857142857142855 0.548828125 0.4425087108013937 0.544921875 0.4425087108013937 0.54296875 0.43902439024390244 0.5390625 0.43902439024390244 0.537109375 0.43205574912891986 0.533203125 0.43205574912891986 0.533203125 0.4250871080139373 0.53125 0.42160278745644597 0.52734375 0.42160278745644597
0 0.62109375 0.6306620209059234 0.625 0.6306620209059234 0.626953125 0.6376306620209059 0.638671875 0.6480836236933798 0.638671875 0.6968641114982579 0.634765625 0.7003484320557491 0.626953125 0.7003484320557491 0.623046875 0.6968641114982579 0.623046875 0.686411149825784 0.62109375 0.6794425087108014 0.61328125 0.6724738675958188 0.61328125 0.6689895470383276 0.6171875 0.6655052264808362 0.6171875 0.6550522648083623 0.62109375 0.6515679442508711 0.62109375 0.6341463414634146
0 0.578125 0.7073170731707317 0.58203125 0.7073170731707317 0.58203125 0.7247386759581882 0.578125 0.7247386759581882 0.578125 0.710801393728223