0 0.630859375 0.34843205574912894 0.634765625 0.34843205574912894 0.634765625 0.3519163763066202 0.638671875 0.3554006968641115 0.642578125 0.36585365853658536 0.642578125 0.3797909407665505 0.640625 0.3867595818815331 0.63671875 0.3902439024390244 0.61328125 0.3867595818815331 0.61328125 0.3797909407665505 0.609375 0.37630662020905925 0.609375 0.36585365853658536 0.6171875 0.36585365853658536 0.619140625 0.3693379790940767 0.630859375 0.3519163763066202
0 0.35546875 0.7247386759581882 0.361328125 0.7247386759581882 0.361328125 0.7386759581881533 0.359375 0.7421602787456446 0.35546875 0.7386759581881533 0.35546875 0.7282229965156795
0 0.572265625 0.10801393728222997 0.57421875 0.11498257839721254 0.583984375 0.12195121951219512 0.591796875 0.12195121951219512 0.595703125 0.11846689895470383 0.595703125 0.1254355400696864 0.599609375 0.13240418118466898 0.599609375 0.14634146341463414 0.59765625 0.14982578397212543 0.58984375 0.14982578397212543 0.580078125 0.13588850174216027 0.572265625 0.1289198606271777 0.56640625 0.1289198606271777 0.572265625 0.12195121951219512 0.572265625 0.11149825783972125
0 0.537109375 0.11846689895470383 0.5390625 0.13240418118466898 0.529296875 0.13937282229965156 0.5234375 0.13588850174216027 0.5234375 0.1254355400696864 0.525390625 0.12195121951219512 0.53515625 0.12195121951219512
0 0.376953125 0.059233449477351915 0.37890625 0.07317073170731707 0.375 0.08013937282229965 0.37109375 0.08013937282229965 0.36328125 0.07317073170731707 0.36328125 0.06968641114982578 0.375 0.06620209059233449 0.376953125 0.0627177700348432
0 0.521484375 0.5993031358885017 0.53125 0.5993031358885017 0.53125 0.6132404181184669 0.5234375 0.6132404181184669 0.521484375 0.6097560975609756 0.521484375 0.6027874564459931
0 0.53515625 0.46689895470383275 0.544921875 0.46689895470383275 0.544921875 0.47735191637630664 0.54296875 0.4808362369337979 0.53125 0.47735191637630664 0.53125 0.4738675958188153 0.53515625 0.47038327526132406
0 0.68359375 0.89198606271777 0.6875 0.8954703832752613 0.685546875 0.8989547038327527 0.685546875 0.9198606271777003 0.6875 0.926829268292683 0.68359375 0.9337979094076655 0.6796875 0.9337979094076655 0.671875 0.9233449477351916 0.671875 0.9128919860627178 0.68359375 0.8954703832752613
0 0.59765625 0.47735191637630664 0.607421875 0.47735191637630664 0.609375 0.4843205574912892 0.609375 0.5121951219512195 0.607421875 0.5121951219512195 0.595703125 0.49825783972125437 0.595703125 0.4878048780487805 0.59765625 0.4808362369337979
0 0.611328125 0.06620209059233449 0.619140625 0.06620209059233449 0.619140625 0.06968641114982578 0.6328125 0.09059233449477352 0.650390625 0.09059233449477352 0.65234375 0.09407665505226481 0.66015625 0.09407665505226481 0.662109375 0.09059233449477352 0.685546875 0.09407665505226481 0.689453125 0.08710801393728224 0.69140625 0.07665505226480836 0.6953125 0.06968641114982578 0.697265625 0.07317073170731707 0.6953125 0.09407665505226481 0.68359375 0.10801393728222997 0.6796875 0.10452961672473868 0.673828125 0.11498257839721254 0.671875 0.1254355400696864 0.66796875 0.1254355400696864 0.65625 0.13588850174216027 0.634765625 0.13588850174216027 0.623046875 0.12195121951219512 0.62109375 0.11498257839721254 0.62109375 0.09059233449477352 0.619140625 0.08710801393728224 0.619140625 0.08013937282229965 0.61328125 0.06968641114982578 0.611328125 0.06968641114982578
0 0.361328125 0.47038327526132406 0.388671875 0.47038327526132406 0.390625 0.47735191637630664 0.396484375 0.4808362369337979 0.396484375 0.49825783972125437 0.392578125 0.5017421602787456 0.384765625 0.5017421602787456 0.3828125 0.5052264808362369 0.357421875 0.5052264808362369 0.35546875 0.5017421602787456 0.35546875 0.47735191637630664 0.359375 0.47735191637630664 0.361328125 0.4738675958188153
0 0.509765625 0.14982578397212543 0.515625 0.14982578397212543 0.517578125 0.15331010452961671 0.515625 0.16376306620209058 0.509765625 0.16376306620209058 0.505859375 0.1602787456445993 0.505859375 0.156794425087108 0.509765625 0.15331010452961671
0 0.716796875 0.3170731707317073 0.71875 0.3170731707317073 0.71875 0.37282229965156793 0.716796875 0.37630662020905925 0.6953125 0.3832752613240418 0.689453125 0.39372822299651566 0.685546875 0.3832752613240418 0.6796875 0.3832752613240418 0.67578125 0.3902439024390244 0.67578125 0.397212543554007 0.669921875 0.40069686411149824 0.66796875 0.397212543554007 0.66796875 0.3832752613240418 0.6640625 0.3693379790940767 0.6640625 0.3588850174216028 0.66796875 0.3588850174216028 0.67578125 0.36585365853658536 0.681640625 0.3588850174216028 0.689453125 0.34146341463414637 0.716796875 0.3205574912891986
0 0.3828125 0.519163763066202 0.384765625 0.5226480836236934 0.39453125 0.519163763066202 0.392578125 0.5261324041811847 0.392578125 0.5400696864111498 0.390625 0.5435540069686411 0.380859375 0.5435540069686411 0.37109375 0.5505226480836237 0.36328125 0.5435540069686411 0.36328125 0.5365853658536586 0.365234375 0.5365853658536586 0.37109375 0.5226480836236934 0.376953125 0.5226480836236934 0.380859375 0.519163763066202
0 0.5625 0.3240418118466899 0.5703125 0.3240418118466899 0.5703125 0.32752613240418116 0.57421875 0.3310104529616725 0.572265625 0.33797909407665505 0.560546875 0.34146341463414637 0.560546875 0.3310104529616725 0.5625 0.32752613240418116
0 0.388671875 0.21602787456445993 0.400390625 0.21602787456445993 0.404296875 0.2264808362369338 0.404296875 0.23344947735191637 0.376953125 0.22996515679442509 0.376953125 0.2264808362369338 0.38671875 0.2229965156794425 0.388671875 0.21951219512195122
0 0.71875 0.4564459930313589 0.71875 0.5052264808362369 0.70703125 0.5017421602787456 0.701171875 0.49477351916376305 0.701171875 0.4912891986062718 0.705078125 0.4878048780487805 0.70703125 0.4738675958188153 0.71875 0.45993031358885017
0 0.39453125 0.18466898954703834 0.40234375 0.18466898954703834 0.40234375 0.20209059233449478 0.396484375 0.20209059233449478 0.392578125 0.1951219512195122 0.388671875 0.1951219512195122 0.388671875 0.1916376306620209 0.392578125 0.1916376306620209 0.39453125 0.18815331010452963
0 0.517578125 0.08362369337979095 0.52734375 0.08362369337979095 0.52734375 0.0975609756097561 0.521484375 0.0975609756097561 0.513671875 0.09059233449477352 0.517578125 0.08710801393728224
0 0.5703125 0.43205574912891986 0.57421875 0.4355400696864111 0.583984375 0.4564459930313589 0.587890625 0.4564459930313589 0.5859375 0.47038327526132406 0.58203125 0.4738675958188153 0.578125 0.4738675958188153 0.58203125 0.47038327526132406 0.580078125 0.46689895470383275 0.572265625 0.46689895470383275 0.5703125 0.47038327526132406 0.5625 0.45993031358885017 0.560546875 0.4529616724738676 0.560546875 0.4425087108013937 0.5625 0.4355400696864111 0.568359375 0.43205574912891986
0 0.521484375 0.5505226480836237 0.5234375 0.5505226480836237 0.529296875 0.5365853658536586 0.53515625 0.5365853658536586 0.537109375 0.5331010452961672 0.5390625 0.5331010452961672 0.5390625 0.5470383275261324 0.537109375 0.554006968641115 0.52734375 0.5574912891986062 0.5234375 0.5505226480836237
0 0.380859375 0.3519163763066202 0.388671875 0.37282229965156793 0.392578125 0.37630662020905925 0.400390625 0.37630662020905925 0.40234375 0.3797909407665505 0.40234375 0.3902439024390244 0.359375 0.3902439024390244 0.357421875 0.3867595818815331 0.357421875 0.36585365853658536 0.37109375 0.34494773519163763 0.376953125 0.34494773519163763 0.37890625 0.3519163763066202
0 0.43359375 0.4878048780487805 0.44140625 0.4878048780487805 0.44140625 0.4912891986062718 0.447265625 0.49825783972125437 0.447265625 0.5052264808362369 0.4453125 0.5087108013937283 0.44140625 0.5121951219512195 0.43359375 0.5121951219512195 0.4296875 0.5052264808362369 0.42578125 0.5052264808362369 0.42578125 0.49825783972125437 0.43359375 0.4912891986062718
0 0.623046875 0.710801393728223 0.634765625 0.7212543554006968 0.642578125 0.7177700348432056 0.64453125 0.7212543554006968 0.64453125 0.735191637630662 0.65625 0.7526132404181185 0.67578125 0.7491289198606271 0.677734375 0.7526132404181185 0.6875 0.7526132404181185 0.689453125 0.7560975609756098 0.697265625 0.7560975609756098 0.69921875 0.759581881533101 0.71484375 0.759581881533101 0.71875 0.7630662020905923 0.71875 0.8850174216027874 0.7109375 0.8780487804878049 0.705078125 0.8571428571428571 0.705078125 0.8362369337979094 0.69921875 0.8222996515679443 0.693359375 0.818815331010453 0.685546875 0.8083623693379791 0.681640625 0.8083623693379791 0.67578125 0.7979094076655052 0.662109375 0.7874564459930313 0.65234375 0.7735191637630662 0.6484375 0.7700348432055749 0.6328125 0.7700348432055749 0.630859375 0.7665505226480837 0.626953125 0.7665505226480837 0.619140625 0.7770034843205574 0.61328125 0.7770034843205574 0.611328125 0.7735191637630662 0.615234375 0.7630662020905923 0.6171875 0.7142857142857143 0.62109375 0.710801393728223
0 0.59765625 0.5749128919860628 0.59765625 0.5818815331010453 0.599609375 0.5853658536585366 0.59765625 0.627177700348432 0.576171875 0.6306620209059234 0.576171875 0.627177700348432 0.572265625 0.6236933797909407 0.572265625 0.6167247386759582 0.576171875 0.6132404181184669 0.576171875 0.6027874564459931 0.580078125 0.5958188153310104 0.587890625 0.5923344947735192 0.59765625 0.578397212543554
0 0.4609375 0.7526132404181185 0.46484375 0.7491289198606271 0.474609375 0.7491289198606271 0.4765625 0.7526132404181185 0.484375 0.7526132404181185 0.486328125 0.759581881533101 0.484375 0.7770034843205574 0.447265625 0.7804878048780488 0.44921875 0.7700348432055749 0.455078125 0.759581881533101 0.458984375 0.759581881533101 0.4609375 0.7560975609756098