0 0.37890625 0.7770034843205574 0.396484375 0.7770034843205574 0.396484375 0.8118466898954704 0.392578125 0.8118466898954704 0.3828125 0.8257839721254355 0.37109375 0.8292682926829268 0.3671875 0.8362369337979094 0.359375 0.8292682926829268 0.35546875 0.8292682926829268 0.35546875 0.7979094076655052 0.365234375 0.7874564459930313 0.376953125 0.7839721254355401 0.37890625 0.7804878048780488
0 0.373046875 0.8362369337979094 0.3984375 0.8362369337979094 0.400390625 0.8432055749128919 0.404296875 0.8432055749128919 0.40625 0.8466898954703833 0.40625 0.8606271777003485 0.38671875 0.8641114982578397 0.384765625 0.8606271777003485 0.376953125 0.8606271777003485 0.373046875 0.8536585365853658 0.365234375 0.8501742160278746 0.3671875 0.8432055749128919 0.37109375 0.8432055749128919 0.373046875 0.8397212543554007
0 0.369140625 0.5609756097560976 0.37109375 0.5644599303135889 0.375 0.5644599303135889 0.375 0.5888501742160279 0.3671875 0.6027874564459931 0.3671875 0.6062717770034843 0.36328125 0.6097560975609756 0.353515625 0.6097560975609756 0.341796875 0.6202090592334495 0.326171875 0.6202090592334495 0.3203125 0.6306620209059234 0.318359375 0.6306620209059234 0.318359375 0.6202090592334495 0.314453125 0.6167247386759582 0.3125 0.6097560975609756 0.30859375 0.6062717770034843 0.291015625 0.6062717770034843 0.291015625 0.6027874564459931 0.296875 0.6027874564459931 0.298828125 0.5993031358885017 0.322265625 0.5993031358885017 0.326171875 0.5923344947735192 0.328125 0.5818815331010453 0.34375 0.5644599303135889 0.34765625 0.5644599303135889 0.349609375 0.5609756097560976 0.3671875 0.5609756097560976
0 0.68359375 0.9163763066202091 0.703125 0.9163763066202091 0.705078125 0.9233449477351916 0.7109375 0.9233449477351916 0.716796875 0.9337979094076655 0.716796875 0.9407665505226481 0.712890625 0.9407665505226481 0.7109375 0.9442508710801394 0.666015625 0.9407665505226481 0.6640625 0.9372822299651568 0.6640625 0.926829268292683 0.671875 0.926829268292683 0.673828125 0.9233449477351916 0.681640625 0.9233449477351916 0.68359375 0.9198606271777003
0 0.708984375 0.43902439024390244 0.7265625 0.43902439024390244 0.728515625 0.445993031358885 0.734375 0.445993031358885 0.75 0.45993031358885017 0.75 0.47735191637630664 0.744140625 0.47735191637630664 0.7421875 0.4808362369337979 0.7109375 0.4843205574912892 0.701171875 0.47735191637630664 0.685546875 0.47735191637630664 0.6796875 0.4634146341463415 0.669921875 0.4564459930313589 0.69140625 0.45993031358885017 0.6953125 0.4529616724738676 0.708984375 0.4425087108013937
0 0.751953125 0.554006968641115 0.759765625 0.5470383275261324 0.7734375 0.5261324041811847 0.77734375 0.5261324041811847 0.779296875 0.5226480836236934 0.79296875 0.5226480836236934 0.79296875 0.5435540069686411 0.78125 0.5609756097560976 0.775390625 0.5679442508710801 0.771484375 0.5679442508710801 0.767578125 0.5749128919860628 0.7578125 0.5749128919860628 0.7578125 0.5679442508710801 0.75390625 0.554006968641115
0 0.19921875 0.6550522648083623 0.2265625 0.6550522648083623 0.228515625 0.662020905923345 0.228515625 0.6794425087108014 0.224609375 0.6829268292682927 0.220703125 0.6933797909407665 0.216796875 0.6933797909407665 0.2109375 0.7038327526132404 0.20703125 0.7073170731707317 0.201171875 0.7073170731707317 0.197265625 0.7142857142857143 0.18359375 0.7142857142857143 0.1796875 0.7177700348432056 0.173828125 0.7317073170731707 0.171875 0.7282229965156795 0.16796875 0.7282229965156795 0.171875 0.7247386759581882 0.171875 0.7142857142857143 0.16015625 0.7038327526132404 0.162109375 0.7003484320557491 0.171875 0.7003484320557491 0.17578125 0.6933797909407665 0.17578125 0.686411149825784 0.181640625 0.6794425087108014 0.18359375 0.6724738675958188 0.19921875 0.6585365853658537
0 0.576171875 0.12195121951219512 0.595703125 0.12195121951219512 0.59765625 0.1289198606271777 0.59765625 0.14982578397212543 0.58984375 0.15331010452961671 0.5859375 0.1602787456445993 0.58203125 0.1602787456445993 0.5625 0.17421602787456447 0.546875 0.17421602787456447 0.544921875 0.17770034843205576 0.541015625 0.17770034843205576 0.5390625 0.17421602787456447 0.533203125 0.17421602787456447 0.529296875 0.17073170731707318 0.53125 0.1672473867595819 0.537109375 0.1672473867595819 0.541015625 0.16376306620209058 0.54296875 0.156794425087108 0.5546875 0.13937282229965156 0.55859375 0.13937282229965156 0.568359375 0.1289198606271777 0.57421875 0.1289198606271777 0.576171875 0.1254355400696864
0 0.783203125 0.9303135888501742 0.810546875 0.9303135888501742 0.8125 0.9372822299651568 0.818359375 0.9372822299651568 0.8203125 0.9407665505226481 0.8203125 0.9547038327526133 0.810546875 0.9547038327526133 0.80859375 0.9581881533101045 0.79296875 0.9616724738675958 0.791015625 0.9581881533101045 0.783203125 0.9581881533101045 0.78125 0.9547038327526133 0.767578125 0.9547038327526133 0.767578125 0.9407665505226481 0.78125 0.9372822299651568 0.783203125 0.9337979094076655
0 0.064453125 0 0.10546875 0 0.10546875 0.010452961672473868 0.080078125 0.010452961672473868 0.078125 0.013937282229965157 0.068359375 0.013937282229965157 0.068359375 0.006968641114982578 0.064453125 0.003484320557491289
0 0.4453125 0.21951219512195122 0.4453125 0.2264808362369338 0.455078125 0.24041811846689895 0.474609375 0.24390243902439024 0.482421875 0.2508710801393728 0.48828125 0.2508710801393728 0.498046875 0.26480836236933797 0.501953125 0.26480836236933797 0.505859375 0.27526132404181186 0.505859375 0.28222996515679444 0.509765625 0.289198606271777 0.509765625 0.3205574912891986 0.5078125 0.3205574912891986 0.505859375 0.32752613240418116 0.5 0.32752613240418116 0.490234375 0.3205574912891986 0.482421875 0.3205574912891986 0.478515625 0.313588850174216 0.47265625 0.31010452961672474 0.46484375 0.2926829268292683 0.4609375 0.2926829268292683 0.453125 0.2787456445993031 0.453125 0.27177700348432055 0.44921875 0.26480836236933797 0.4453125 0.2613240418118467 0.43359375 0.2613240418118467 0.431640625 0.2578397212543554 0.42578125 0.2578397212543554 0.421875 0.25435540069686413 0.44140625 0.24390243902439024 0.443359375 0.24041811846689895 0.443359375 0.23344947735191637 0.44140625 0.22996515679442509 0.4453125 0.2229965156794425
0 0.349609375 0.662020905923345 0.365234375 0.662020905923345 0.365234375 0.6655052264808362 0.373046875 0.6759581881533101 0.373046875 0.686411149825784 0.3671875 0.6933797909407665 0.357421875 0.686411149825784 0.318359375 0.686411149825784 0.31640625 0.6829268292682927 0.31640625 0.6794425087108014 0.328125 0.6829268292682927 0.349609375 0.6655052264808362
0 0.681640625 0.7804878048780488 0.681640625 0.7979094076655052 0.67578125 0.8083623693379791 0.671875 0.8083623693379791 0.6640625 0.818815331010453 0.654296875 0.8222996515679443 0.650390625 0.8292682926829268 0.646484375 0.8292682926829268 0.64453125 0.8327526132404182 0.634765625 0.8327526132404182 0.62890625 0.8397212543554007 0.62109375 0.8397212543554007 0.623046875 0.8362369337979094 0.62109375 0.8327526132404182 0.62109375 0.8257839721254355 0.6171875 0.818815331010453 0.623046875 0.818815331010453 0.626953125 0.8153310104529616 0.6328125 0.8083623693379791 0.63671875 0.7979094076655052 0.646484375 0.7874564459930313 0.650390625 0.7874564459930313 0.658203125 0.7804878048780488 0.6796875 0.7804878048780488
0 0.712890625 0.5365853658536586 0.716796875 0.5365853658536586 0.71875 0.5435540069686411 0.736328125 0.5435540069686411 0.73828125 0.5470383275261324 0.748046875 0.5470383275261324 0.763671875 0.5574912891986062 0.763671875 0.5749128919860628 0.7578125 0.5749128919860628 0.751953125 0.5818815331010453 0.740234375 0.5818815331010453 0.732421875 0.5749128919860628 0.72265625 0.5749128919860628 0.716796875 0.5644599303135889 0.71484375 0.5644599303135889 0.7109375 0.5505226480836237 0.70703125 0.5470383275261324 0.712890625 0.5400696864111498
0 0.697265625 0.975609756097561 0.70703125 0.975609756097561 0.70703125 0.9965156794425087 0.677734375 0.9965156794425087 0.677734375 0.9930313588850174 0.697265625 0.9790940766550522
0 0.169921875 0.5156794425087108 0.193359375 0.5156794425087108 0.1953125 0.5226480836236934 0.19921875 0.5226480836236934 0.19921875 0.5400696864111498 0.185546875 0.5609756097560976 0.1796875 0.5609756097560976 0.177734375 0.5644599303135889 0.1640625 0.5644599303135889 0.162109375 0.5609756097560976 0.158203125 0.5609756097560976 0.158203125 0.5574912891986062 0.15234375 0.5470383275261324 0.150390625 0.5470383275261324 0.150390625 0.5400696864111498 0.15234375 0.5400696864111498 0.158203125 0.5261324041811847 0.162109375 0.5226480836236934 0.16796875 0.5226480836236934 0.169921875 0.519163763066202
0 0.4140625 0.8048780487804879 0.43359375 0.8048780487804879 0.435546875 0.8118466898954704 0.435546875 0.8222996515679443 0.43359375 0.8257839721254355 0.416015625 0.8327526132404182 0.40625 0.8257839721254355 0.40625 0.8222996515679443 0.41015625 0.818815331010453 0.41015625 0.8118466898954704 0.4140625 0.8083623693379791
0 0.904296875 0.9477351916376306 0.90625 0.9512195121951219 0.9140625 0.9512195121951219 0.916015625 0.9547038327526133 0.927734375 0.9547038327526133 0.927734375 0.9651567944250871 0.919921875 0.975609756097561 0.91015625 0.975609756097561 0.908203125 0.9790940766550522 0.8984375 0.9790940766550522 0.896484375 0.9825783972125436 0.8828125 0.9825783972125436 0.880859375 0.9790940766550522 0.8671875 0.975609756097561 0.86328125 0.9686411149825784 0.86328125 0.9616724738675958 0.87109375 0.9512195121951219 0.87890625 0.9512195121951219 0.880859375 0.9477351916376306 0.90234375 0.9477351916376306
0 0.421875 0.9024390243902439 0.421875 0.8954703832752613 0.419921875 0.89198606271777 0.421875 0.8850174216027874 0.431640625 0.8780487804878049 0.4375 0.8780487804878049 0.439453125 0.8745644599303136 0.453125 0.8745644599303136 0.453125 0.89198606271777 0.44921875 0.8989547038327527 0.4453125 0.8989547038327527 0.443359375 0.9024390243902439 0.435546875 0.9024390243902439 0.43359375 0.9059233449477352 0.42578125 0.9059233449477352 0.423828125 0.9024390243902439
0 0.439453125 0.6341463414634146 0.455078125 0.6341463414634146 0.455078125 0.6550522648083623 0.451171875 0.6655052264808362 0.4375 0.6829268292682927 0.431640625 0.6829268292682927 0.4296875 0.686411149825784 0.41796875 0.686411149825784 0.412109375 0.6933797909407665 0.408203125 0.686411149825784 0.40234375 0.686411149825784 0.412109375 0.6759581881533101 0.416015625 0.662020905923345 0.42578125 0.6480836236933798 0.439453125 0.6376306620209059
0 0.73828125 0.8989547038327527 0.759765625 0.8989547038327527 0.76171875 0.9059233449477352 0.77734375 0.9094076655052264 0.779296875 0.9163763066202091 0.779296875 0.9303135888501742 0.771484375 0.9372822299651568 0.76953125 0.9337979094076655 0.759765625 0.9337979094076655 0.75 0.926829268292683 0.73828125 0.9128919860627178 0.73828125 0.9024390243902439
0 0.609375 0.3519163763066202 0.623046875 0.3519163763066202 0.625 0.3588850174216028 0.634765625 0.3588850174216028 0.63671875 0.3623693379790941 0.63671875 0.3797909407665505 0.62890625 0.3797909407665505 0.62109375 0.3902439024390244 0.611328125 0.3902439024390244 0.603515625 0.397212543554007 0.59765625 0.397212543554007 0.591796875 0.3902439024390244 0.587890625 0.3797909407665505 0.591796875 0.37630662020905925 0.591796875 0.3693379790940767 0.59375 0.36585365853658536 0.59765625 0.36585365853658536 0.6015625 0.3588850174216028 0.607421875 0.3588850174216028 0.609375 0.3554006968641115
0 0.453125 0.17073170731707318 0.4609375 0.17073170731707318 0.462890625 0.17770034843205576 0.462890625 0.20209059233449478 0.4609375 0.20905923344947736 0.45703125 0.20905923344947736 0.451171875 0.21951219512195122 0.443359375 0.2229965156794425 0.44140625 0.22996515679442509 0.427734375 0.22996515679442509 0.42578125 0.2264808362369338 0.431640625 0.21951219512195122 0.43359375 0.1986062717770035 0.435546875 0.1986062717770035 0.44140625 0.18466898954703834 0.453125 0.17421602787456447
0 0.3359375 0.17770034843205576 0.33984375 0.17421602787456447 0.34765625 0.15331010452961671 0.36328125 0.13588850174216027 0.373046875 0.13588850174216027 0.375 0.13240418118466898 0.392578125 0.13240418118466898 0.392578125 0.156794425087108 0.384765625 0.17073170731707318 0.384765625 0.17421602787456447 0.37890625 0.17770034843205576 0.375 0.18466898954703834 0.37109375 0.18466898954703834 0.361328125 0.1986062717770035 0.34375 0.20557491289198607 0.337890625 0.2229965156794425 0.3359375 0.2229965156794425 0.33203125 0.23344947735191637 0.330078125 0.23344947735191637 0.33203125 0.20557491289198607 0.330078125 0.20209059233449478 0.3125 0.20209059233449478 0.3125 0.1986062717770035 0.31640625 0.1951219512195122 0.326171875 0.1951219512195122 0.328125 0.1916376306620209 0.33203125 0.1916376306620209 0.3359375 0.18118466898954705
0 0.31640625 0.686411149825784 0.318359375 0.6898954703832753 0.326171875 0.6898954703832753 0.328125 0.686411149825784 0.345703125 0.686411149825784 0.34765625 0.6898954703832753 0.365234375 0.6898954703832753 0.369140625 0.6933797909407665 0.37109375 0.6968641114982579 0.37109375 0.7282229965156795 0.365234375 0.7456445993031359 0.353515625 0.759581881533101 0.349609375 0.7665505226480837 0.349609375 0.7735191637630662 0.33984375 0.7874564459930313 0.3203125 0.7839721254355401 0.318359375 0.7874564459930313 0.310546875 0.7874564459930313 0.302734375 0.794425087108014 0.29296875 0.794425087108014 0.291015625 0.7979094076655052 0.275390625 0.7979094076655052 0.271484375 0.794425087108014 0.271484375 0.7874564459930313 0.267578125 0.7770034843205574 0.255859375 0.7665505226480837 0.248046875 0.7665505226480837 0.236328125 0.7526132404181185 0.232421875 0.7526132404181185 0.232421875 0.7491289198606271 0.234375 0.7491289198606271 0.244140625 0.7282229965156795 0.244140625 0.7212543554006968 0.2578125 0.7247386759581882 0.267578125 0.7177700348432056 0.26953125 0.710801393728223 0.28125 0.7073170731707317 0.29296875 0.6968641114982579 0.298828125 0.6968641114982579 0.3046875 0.6898954703832753 0.314453125 0.6898954703832753
0 0.900390625 0 0.91015625 0 0.91015625 0.006968641114982578 0.912109375 0.010452961672473868 0.900390625 0.006968641114982578 0.900390625 0.003484320557491289
0 0.974609375 0.7247386759581882 0.982421875 0.7247386759581882 0.984375 0.7212543554006968 0.998046875 0.7177700348432056 0.998046875 0.735191637630662 0.974609375 0.735191637630662 0.974609375 0.7282229965156795
0 0.650390625 0.3832752613240418 0.66796875 0.3832752613240418 0.669921875 0.3902439024390244 0.673828125 0.39372822299651566 0.6796875 0.39372822299651566 0.68359375 0.40069686411149824 0.68359375 0.41114982578397213 0.681640625 0.4146341463414634 0.666015625 0.4146341463414634 0.6640625 0.4181184668989547 0.638671875 0.4181184668989547 0.63671875 0.4146341463414634 0.626953125 0.4146341463414634 0.623046875 0.41114982578397213 0.623046875 0.4076655052264808 0.640625 0.3902439024390244 0.6484375 0.3902439024390244 0.650390625 0.3867595818815331
0 0.83203125 0.8327526132404182 0.849609375 0.8327526132404182 0.8515625 0.8397212543554007 0.86328125 0.8397212543554007 0.86328125 0.8850174216027874 0.853515625 0.8989547038327527 0.841796875 0.9059233449477352 0.83984375 0.9128919860627178 0.8359375 0.9163763066202091 0.8359375 0.9233449477351916 0.83203125 0.926829268292683 0.828125 0.9094076655052264 0.82421875 0.9059233449477352 0.822265625 0.89198606271777 0.818359375 0.8885017421602788 0.818359375 0.8571428571428571 0.822265625 0.8536585365853658 0.822265625 0.8466898954703833 0.82421875 0.8432055749128919 0.83203125 0.8362369337979094
0 0.216796875 0 0.2265625 0 0.224609375 0.0313588850174216 0.22265625 0.03484320557491289 0.22265625 0.041811846689895474 0.21875 0.04529616724738676 0.216796875 0.04529616724738676 0.21484375 0.03832752613240418 0.216796875 0.0313588850174216 0.216796875 0.003484320557491289
0 0.04296875 0.5121951219512195 0.056640625 0.5121951219512195 0.056640625 0.5296167247386759 0.041015625 0.5609756097560976 0.037109375 0.5644599303135889 0.025390625 0.5644599303135889 0.0234375 0.5679442508710801 0.01171875 0.5679442508710801 0.009765625 0.5644599303135889 0.00390625 0.5644599303135889 0.005859375 0.5609756097560976 0.01171875 0.5609756097560976 0.017578125 0.5505226480836237 0.017578125 0.5470383275261324 0.0234375 0.5400696864111498 0.02734375 0.5261324041811847 0.03125 0.5261324041811847 0.04296875 0.5156794425087108
0 0.833984375 0.2961672473867596 0.83984375 0.2961672473867596 0.84375 0.30662020905923343 0.845703125 0.30662020905923343 0.859375 0.32752613240418116 0.87109375 0.3310104529616725 0.87109375 0.34146341463414637 0.869140625 0.34494773519163763 0.87109375 0.34843205574912894 0.8671875 0.3519163763066202 0.869140625 0.3554006968641115 0.857421875 0.3519163763066202 0.85546875 0.34843205574912894 0.83984375 0.34843205574912894 0.83984375 0.34494773519163763 0.833984375 0.33797909407665505 0.83203125 0.3240418118466899 0.828125 0.3205574912891986 0.83203125 0.3170731707317073 0.83203125 0.30662020905923343 0.833984375 0.29965156794425085
0 0.958984375 0.9790940766550522 0.98046875 0.9790940766550522 0.98046875 0.9860627177700348 0.982421875 0.9895470383275261 0.986328125 0.9895470383275261 0.98828125 0.9965156794425087 0.947265625 0.9965156794425087 0.951171875 0.9965156794425087 0.953125 0.9895470383275261 0.95703125 0.9895470383275261 0.958984375 0.9825783972125436
0 0.513671875 0.21602787456445993 0.517578125 0.21602787456445993 0.51953125 0.2229965156794425 0.525390625 0.2229965156794425 0.529296875 0.22996515679442509 0.529296875 0.2508710801393728 0.525390625 0.25435540069686413 0.5 0.2578397212543554 0.498046875 0.2613240418118467 0.4921875 0.25435540069686413 0.484375 0.25435540069686413 0.484375 0.24390243902439024 0.48828125 0.23693379790940766 0.50390625 0.2229965156794425 0.51171875 0.2229965156794425 0.513671875 0.21951219512195122
0 0.833984375 0.6306620209059234 0.84375 0.6445993031358885 0.84375 0.6655052264808362 0.828125 0.6655052264808362 0.822265625 0.6585365853658537 0.818359375 0.6585365853658537 0.80859375 0.6445993031358885 0.802734375 0.6445993031358885 0.798828125 0.6376306620209059 0.798828125 0.6306620209059234 0.80078125 0.627177700348432 0.826171875 0.627177700348432 0.828125 0.6306620209059234 0.83203125 0.6306620209059234
0 0.560546875 0.7839721254355401 0.5625 0.7874564459930313 0.568359375 0.7874564459930313 0.572265625 0.7909407665505227 0.572265625 0.8013937282229965 0.5703125 0.8048780487804879 0.5546875 0.8048780487804879 0.55078125 0.7979094076655052 0.546875 0.7979094076655052 0.5390625 0.7909407665505227 0.54296875 0.7874564459930313 0.55859375 0.7839721254355401
0 0.48046875 0.6968641114982579 0.484375 0.6968641114982579 0.484375 0.7003484320557491 0.4921875 0.710801393728223 0.498046875 0.710801393728223 0.509765625 0.7247386759581882 0.509765625 0.7491289198606271 0.505859375 0.7526132404181185 0.49609375 0.7526132404181185 0.49609375 0.7491289198606271 0.4921875 0.7456445993031359 0.48828125 0.735191637630662 0.486328125 0.735191637630662 0.484375 0.7212543554006968 0.4765625 0.7142857142857143 0.4765625 0.7038327526132404 0.48046875 0.7003484320557491
0 0.998046875 0.020905923344947737 0.998046875 0.07665505226480836 0.994140625 0.07665505226480836 0.990234375 0.08362369337979095 0.984375 0.08362369337979095 0.982421875 0.08710801393728224 0.966796875 0.08710801393728224 0.96484375 0.09059233449477352 0.951171875 0.09407665505226481 0.9453125 0.10104529616724739 0.943359375 0.10104529616724739 0.943359375 0.0975609756097561 0.947265625 0.0975609756097561 0.94921875 0.09407665505226481 0.94140625 0.08362369337979095 0.921875 0.08362369337979095 0.931640625 0.07665505226480836 0.94921875 0.07665505226480836 0.955078125 0.06968641114982578 0.966796875 0.04529616724738676 0.974609375 0.041811846689895474 0.98046875 0.0313588850174216 0.99609375 0.024390243902439025