0 0.505859375 0.08013937282229965 0.509765625 0.08710801393728224 0.509765625 0.09407665505226481 0.5078125 0.0975609756097561 0.5 0.09407665505226481 0.5 0.08710801393728224 0.50390625 0.08710801393728224 0.505859375 0.08362369337979095
0 0.55859375 0.11498257839721254 0.5625 0.11498257839721254 0.564453125 0.12195121951219512 0.5703125 0.12195121951219512 0.578125 0.13240418118466898 0.578125 0.14285714285714285 0.564453125 0.13937282229965156 0.556640625 0.1254355400696864 0.5546875 0.1254355400696864 0.556640625 0.1254355400696864 0.55859375 0.11846689895470383
0 0.359375 0.04878048780487805 0.365234375 0.05574912891986063 0.365234375 0.059233449477351915 0.357421875 0.06620209059233449 0.359375 0.0627177700348432 0.359375 0.05226480836236934
0 0.369140625 0.3310104529616725 0.375 0.3310104529616725 0.384765625 0.36585365853658536 0.3984375 0.36585365853658536 0.39453125 0.37630662020905925 0.3828125 0.37630662020905925 0.373046875 0.3832752613240418 0.357421875 0.3832752613240418 0.357421875 0.3519163763066202 0.359375 0.3519163763066202 0.369140625 0.3344947735191638
0 0.4921875 0.14982578397212543 0.4921875 0.15331010452961671 0.49609375 0.156794425087108 0.494140625 0.16376306620209058 0.4921875 0.1672473867595819 0.484375 0.16376306620209058 0.4921875 0.15331010452961671
0 0.654296875 0.3344947735191638 0.669921875 0.3240418118466899 0.67578125 0.3240418118466899 0.677734375 0.3205574912891986 0.69140625 0.3205574912891986 0.693359375 0.3240418118466899 0.69921875 0.3240418118466899 0.69921875 0.34494773519163763 0.697265625 0.3519163763066202 0.6953125 0.3519163763066202 0.6875 0.36585365853658536 0.677734375 0.37282229965156793 0.6640625 0.37282229965156793 0.66015625 0.37630662020905925 0.650390625 0.3693379790940767 0.6484375 0.36585365853658536 0.6484375 0.3554006968641115 0.650390625 0.3519163763066202 0.650390625 0.34494773519163763 0.654296875 0.33797909407665505
0 0.36328125 0.0627177700348432 0.3671875 0.0627177700348432 0.3671875 0.08013937282229965 0.365234375 0.08362369337979095 0.361328125 0.08013937282229965 0.361328125 0.06968641114982578 0.36328125 0.06620209059233449
0 0.47265625 0.710801393728223 0.482421875 0.7177700348432056 0.48828125 0.710801393728223 0.48828125 0.7247386759581882 0.46875 0.7421602787456446 0.44921875 0.7421602787456446 0.451171875 0.7386759581881533 0.451171875 0.7317073170731707 0.4609375 0.7142857142857143 0.466796875 0.7142857142857143 0.470703125 0.710801393728223
0 0.509765625 0.11846689895470383 0.509765625 0.1289198606271777 0.505859375 0.13240418118466898 0.498046875 0.1254355400696864 0.501953125 0.12195121951219512 0.5078125 0.12195121951219512
0 0.666015625 0.8501742160278746 0.666015625 0.8850174216027874 0.6640625 0.8885017421602788 0.658203125 0.8885017421602788 0.654296875 0.8815331010452961 0.654296875 0.8745644599303136 0.65234375 0.8710801393728222 0.654296875 0.8606271777003485 0.6640625 0.8501742160278746
0 0.6953125 0.43902439024390244 0.69921875 0.43902439024390244 0.69921875 0.4878048780487805 0.6953125 0.4843205574912892 0.689453125 0.4843205574912892 0.68359375 0.47735191637630664 0.685546875 0.45993031358885017 0.69140625 0.44947735191637633 0.69140625 0.445993031358885 0.6953125 0.4425087108013937
0 0.3828125 0.17770034843205576 0.388671875 0.17421602787456447 0.392578125 0.18118466898954705 0.392578125 0.18466898954703834 0.38671875 0.1951219512195122 0.3828125 0.18118466898954705
0 0.603515625 0.0627177700348432 0.60546875 0.0627177700348432 0.607421875 0.08013937282229965 0.61328125 0.09059233449477352 0.62890625 0.10104529616724739 0.65234375 0.10104529616724739 0.65625 0.10452961672473868 0.666015625 0.08362369337979095 0.666015625 0.07665505226480836 0.66796875 0.07665505226480836 0.66796875 0.09407665505226481 0.6640625 0.10104529616724739 0.6640625 0.10801393728222997 0.66015625 0.10801393728222997 0.6484375 0.1289198606271777 0.64453125 0.1289198606271777 0.638671875 0.13588850174216027 0.61328125 0.13937282229965156 0.60546875 0.1289198606271777 0.60546875 0.09407665505226481 0.603515625 0.09059233449477352 0.603515625 0.08013937282229965 0.599609375 0.07665505226480836 0.599609375 0.06968641114982578 0.603515625 0.06620209059233449
0 0.38671875 0.47735191637630664 0.38671875 0.5017421602787456 0.388671875 0.5052264808362369 0.37890625 0.5121951219512195 0.376953125 0.5087108013937283 0.376953125 0.4878048780487805 0.3828125 0.47735191637630664 0.384765625 0.47735191637630664
0 0.6015625 0.6794425087108014 0.607421875 0.6794425087108014 0.611328125 0.686411149825784 0.626953125 0.686411149825784 0.626953125 0.7003484320557491 0.638671875 0.7177700348432056 0.6640625 0.7177700348432056 0.666015625 0.7212543554006968 0.673828125 0.7212543554006968 0.67578125 0.7247386759581882 0.69140625 0.7247386759581882 0.69921875 0.7317073170731707 0.69921875 0.8432055749128919 0.6953125 0.8432055749128919 0.693359375 0.8397212543554007 0.689453125 0.8397212543554007 0.685546875 0.8292682926829268 0.681640625 0.8118466898954704 0.681640625 0.794425087108014 0.67578125 0.7839721254355401 0.65234375 0.7630662020905923 0.634765625 0.7386759581881533 0.630859375 0.735191637630662 0.615234375 0.735191637630662 0.611328125 0.7317073170731707 0.603515625 0.7421602787456446 0.59765625 0.7421602787456446 0.6015625 0.6829268292682927
0 0.5234375 0.12195121951219512 0.52734375 0.12195121951219512 0.529296875 0.1254355400696864 0.529296875 0.13240418118466898 0.52734375 0.13588850174216027 0.5234375 0.13588850174216027 0.521484375 0.13240418118466898 0.5234375 0.1254355400696864
0 0.58203125 0.43902439024390244 0.5859375 0.43902439024390244 0.587890625 0.44947735191637633 0.59375 0.4564459930313589 0.59375 0.45993031358885017 0.59765625 0.4634146341463415 0.59765625 0.46689895470383275 0.6015625 0.47038327526132406 0.60546875 0.4808362369337979 0.60546875 0.4878048780487805 0.6015625 0.49477351916376305 0.58984375 0.4843205574912892 0.58984375 0.4808362369337979 0.583984375 0.4738675958188153 0.58203125 0.4634146341463415 0.578125 0.4564459930313589 0.58203125 0.4425087108013937
0 0.517578125 0.5749128919860628 0.51953125 0.5749128919860628 0.51953125 0.578397212543554 0.525390625 0.5853658536585366 0.525390625 0.5923344947735192 0.521484375 0.5923344947735192 0.513671875 0.5853658536585366 0.517578125 0.578397212543554