0 0.72265625 0.5121951219512195 0.73046875 0.5121951219512195 0.732421875 0.5087108013937283 0.732421875 0.5017421602787456 0.736328125 0.5017421602787456 0.736328125 0.5679442508710801 0.732421875 0.5714285714285714 0.732421875 0.5156794425087108 0.73046875 0.5121951219512195 0.724609375 0.5121951219512195
0 0.51171875 0.6132404181184669 0.521484375 0.6132404181184669 0.521484375 0.6167247386759582 0.525390625 0.6202090592334495 0.52734375 0.627177700348432 0.529296875 0.627177700348432 0.529296875 0.6376306620209059 0.525390625 0.6411149825783972 0.51171875 0.6376306620209059 0.51171875 0.6236933797909407 0.5078125 0.6202090592334495 0.51171875 0.6167247386759582
0 0.666015625 0.6794425087108014 0.666015625 0.6724738675958188 0.66796875 0.6794425087108014 0.67578125 0.6794425087108014 0.677734375 0.6829268292682927 0.6796875 0.6794425087108014 0.68359375 0.6794425087108014 0.685546875 0.6724738675958188 0.6953125 0.6724738675958188 0.6953125 0.6759581881533101 0.69140625 0.6794425087108014 0.6875 0.6898954703832753 0.6953125 0.7003484320557491 0.6953125 0.7491289198606271 0.693359375 0.7526132404181185 0.68359375 0.7526132404181185 0.6796875 0.7491289198606271 0.677734375 0.7317073170731707 0.671875 0.7247386759581882 0.67578125 0.7247386759581882 0.6796875 0.7177700348432056 0.6796875 0.6898954703832753 0.67578125 0.6829268292682927 0.66796875 0.6794425087108014
0 0.55859375 0.3344947735191638 0.5625 0.3344947735191638 0.5625 0.3588850174216028 0.55859375 0.3623693379790941 0.55859375 0.33797909407665505
0 0.681640625 0.18466898954703834 0.6953125 0.20209059233449478 0.6953125 0.20557491289198607 0.701171875 0.21602787456445993 0.703125 0.21602787456445993 0.705078125 0.2229965156794425 0.705078125 0.23344947735191637 0.70703125 0.23693379790940766 0.70703125 0.2682926829268293 0.705078125 0.27177700348432055 0.705078125 0.2961672473867596 0.703125 0.29965156794425085 0.703125 0.30662020905923343 0.70703125 0.3170731707317073 0.708984375 0.34146341463414637 0.705078125 0.3344947735191638 0.701171875 0.3344947735191638 0.69921875 0.3310104529616725 0.693359375 0.3310104529616725 0.685546875 0.33797909407665505 0.685546875 0.32752613240418116 0.6875 0.32752613240418116 0.693359375 0.3170731707317073 0.693359375 0.30313588850174217 0.6875 0.2926829268292683 0.685546875 0.2926829268292683 0.681640625 0.2857142857142857 0.6796875 0.27526132404181186 0.67578125 0.27177700348432055 0.67578125 0.2613240418118467 0.673828125 0.25435540069686413 0.669921875 0.24738675958188153 0.6640625 0.24738675958188153 0.6640625 0.23693379790940766 0.666015625 0.23344947735191637 0.6640625 0.18466898954703834 0.666015625 0.17770034843205576 0.673828125 0.17770034843205576 0.67578125 0.18466898954703834 0.6796875 0.18466898954703834
0 0.515625 0.26480836236933797 0.5234375 0.26480836236933797 0.52734375 0.2682926829268293 0.52734375 0.289198606271777 0.525390625 0.289198606271777 0.525390625 0.28222996515679444 0.5234375 0.2787456445993031 0.51953125 0.2787456445993031 0.515625 0.2682926829268293
0 0.52734375 0.24041811846689895 0.541015625 0.24041811846689895 0.541015625 0.2613240418118467 0.5390625 0.26480836236933797 0.52734375 0.2613240418118467 0.52734375 0.24390243902439024
0 0.693359375 0.44947735191637633 0.705078125 0.44947735191637633 0.705078125 0.519163763066202 0.703125 0.5226480836236934 0.68359375 0.5226480836236934 0.68359375 0.519163763066202 0.6796875 0.5156794425087108 0.6796875 0.4843205574912892 0.681640625 0.4843205574912892 0.68359375 0.4808362369337979 0.68359375 0.4738675958188153 0.685546875 0.4738675958188153 0.6875 0.46689895470383275 0.693359375 0.45993031358885017 0.693359375 0.4529616724738676
0 0.548828125 0.17770034843205576 0.5625 0.17770034843205576 0.5625 0.20905923344947736 0.560546875 0.21254355400696864 0.556640625 0.21254355400696864 0.55859375 0.20905923344947736 0.55859375 0.18815331010452963 0.556640625 0.18466898954703834 0.548828125 0.18466898954703834 0.548828125 0.18118466898954705
0 0.55078125 0 0.58203125 0 0.5703125 0.0313588850174216 0.5625 0.0313588850174216 0.560546875 0.03484320557491289 0.55859375 0.0313588850174216 0.552734375 0.0313588850174216 0.552734375 0.024390243902439025 0.55078125 0.020905923344947737 0.55078125 0.003484320557491289
0 0.708984375 0.975609756097561 0.708984375 0.9477351916376306 0.7265625 0.9477351916376306 0.7265625 0.9790940766550522 0.71484375 0.9790940766550522 0.7109375 0.975609756097561
0 0.5078125 0.20557491289198607 0.51953125 0.20557491289198607 0.51953125 0.24390243902439024 0.515625 0.24738675958188153 0.51171875 0.24390243902439024 0.51171875 0.23344947735191637 0.5078125 0.22996515679442509 0.5078125 0.20905923344947736
0 0.53125 0.2857142857142857 0.53125 0.25435540069686413 0.54296875 0.25435540069686413 0.54296875 0.2926829268292683 0.53515625 0.2926829268292683 0.533203125 0.2857142857142857
0 0.52734375 0.1916376306620209 0.53515625 0.1916376306620209 0.537109375 0.18815331010452963 0.537109375 0.17073170731707318 0.541015625 0.17073170731707318 0.541015625 0.20557491289198607 0.52734375 0.20209059233449478 0.52734375 0.1951219512195122
0 0.640625 0.6411149825783972 0.64453125 0.6411149825783972 0.64453125 0.6585365853658537 0.630859375 0.6585365853658537 0.630859375 0.6480836236933798 0.638671875 0.6480836236933798 0.640625 0.6445993031358885
0 0.703125 0.42160278745644597 0.7109375 0.42160278745644597 0.712890625 0.42857142857142855 0.716796875 0.42857142857142855 0.716796875 0.5087108013937283 0.703125 0.5087108013937283 0.703125 0.49477351916376305 0.69921875 0.4912891986062718 0.69921875 0.4564459930313589 0.6953125 0.4529616724738676 0.703125 0.445993031358885 0.703125 0.4250871080139373
0 0.724609375 0 0.724609375 0.03484320557491289 0.72265625 0.03832752613240418 0.72265625 0.04878048780487805 0.70703125 0.0627177700348432 0.70703125 0.05226480836236934 0.7109375 0.04878048780487805 0.7109375 0.027874564459930314 0.712890625 0.024390243902439025 0.712890625 0.017421602787456445 0.71484375 0.017421602787456445 0.716796875 0.010452961672473868 0.720703125 0.006968641114982578 0.720703125 0.003484320557491289 0.72265625 0.003484320557491289
0 0.5234375 0.6027874564459931 0.53125 0.6027874564459931 0.53125 0.6411149825783972 0.52734375 0.6445993031358885 0.5234375 0.6411149825783972 0.5234375 0.6341463414634146 0.51953125 0.6306620209059234 0.51953125 0.6097560975609756 0.5234375 0.6062717770034843
0 0.646484375 0.37630662020905925 0.646484375 0.3797909407665505 0.623046875 0.3797909407665505 0.62109375 0.3832752613240418 0.61328125 0.3797909407665505 0.615234375 0.37630662020905925 0.64453125 0.37630662020905925
0 0.546875 0.18466898954703834 0.55078125 0.18466898954703834 0.55078125 0.20209059233449478 0.546875 0.20557491289198607 0.54296875 0.20209059233449478 0.537109375 0.20209059233449478 0.537109375 0.1916376306620209 0.544921875 0.1916376306620209 0.546875 0.18815331010452963
0 0.564453125 0.1986062717770035 0.568359375 0.1986062717770035 0.568359375 0.23693379790940766 0.564453125 0.23693379790940766 0.564453125 0.20209059233449478
0 0.70703125 0.5156794425087108 0.712890625 0.5156794425087108 0.712890625 0.5749128919860628 0.70703125 0.5749128919860628 0.705078125 0.5818815331010453 0.697265625 0.5818815331010453 0.6953125 0.5853658536585366 0.6875 0.5818815331010453 0.6875 0.578397212543554 0.68359375 0.5749128919860628 0.68359375 0.5609756097560976 0.6875 0.5574912891986062 0.6875 0.5470383275261324 0.689453125 0.5470383275261324 0.69140625 0.5400696864111498 0.697265625 0.5331010452961672 0.703125 0.5296167247386759 0.70703125 0.519163763066202
0 0.546875 0.519163763066202 0.552734375 0.519163763066202 0.564453125 0.5331010452961672 0.564453125 0.5505226480836237 0.560546875 0.554006968641115 0.5625 0.5505226480836237 0.55859375 0.5470383275261324 0.556640625 0.5400696864111498 0.55078125 0.5365853658536586 0.55078125 0.5296167247386759 0.546875 0.5261324041811847 0.546875 0.5226480836236934
0 0.53515625 0.5470383275261324 0.544921875 0.5470383275261324 0.546875 0.554006968641115 0.552734375 0.5574912891986062 0.552734375 0.5853658536585366 0.548828125 0.5853658536585366 0.546875 0.5888501742160279 0.54296875 0.5853658536585366 0.54296875 0.578397212543554 0.5390625 0.5749128919860628 0.5390625 0.5609756097560976 0.53515625 0.5574912891986062 0.53515625 0.5505226480836237
0 0.37109375 0.3623693379790941 0.37890625 0.3623693379790941 0.37890625 0.3867595818815331 0.37109375 0.3902439024390244 0.3671875 0.3867595818815331 0.365234375 0.3797909407665505 0.361328125 0.3797909407665505 0.361328125 0.37630662020905925 0.365234375 0.37630662020905925 0.3671875 0.3693379790940767 0.37109375 0.36585365853658536
0 0.55078125 0.2613240418118467 0.5546875 0.2613240418118467 0.5546875 0.26480836236933797 0.556640625 0.2682926829268293 0.560546875 0.2682926829268293 0.5625 0.27526132404181186 0.5625 0.30662020905923343 0.55859375 0.31010452961672474 0.560546875 0.31010452961672474 0.5625 0.30313588850174217 0.560546875 0.29965156794425085 0.55078125 0.2961672473867596 0.55078125 0.2857142857142857 0.548828125 0.28222996515679444 0.544921875 0.28222996515679444 0.544921875 0.2682926829268293 0.548828125 0.2682926829268293 0.55078125 0.26480836236933797
0 0.53515625 0.5958188153310104 0.53515625 0.5888501742160279 0.544921875 0.5888501742160279 0.544921875 0.5958188153310104 0.55078125 0.6027874564459931 0.55078125 0.6341463414634146 0.55078125 0.6306620209059234 0.546875 0.627177700348432 0.544921875 0.6202090592334495 0.54296875 0.6202090592334495 0.54296875 0.6097560975609756 0.5390625 0.6062717770034843 0.5390625 0.5993031358885017 0.537109375 0.5958188153310104
0 0.595703125 0.20209059233449478 0.59765625 0.20209059233449478 0.599609375 0.1951219512195122 0.607421875 0.1951219512195122 0.607421875 0.25435540069686413 0.6015625 0.25435540069686413 0.599609375 0.2578397212543554 0.595703125 0.25435540069686413 0.595703125 0.20557491289198607
0 0.623046875 0.6202090592334495 0.626953125 0.6202090592334495 0.626953125 0.6306620209059234 0.623046875 0.6306620209059234 0.62109375 0.6341463414634146 0.623046875 0.6306620209059234 0.623046875 0.6236933797909407