0 0.708984375 0.1701388888888889 0.7265625 0.1736111111111111 0.732421875 0.18055555555555555 0.736328125 0.18055555555555555 0.748046875 0.19791666666666666 0.76171875 0.21180555555555555 0.765625 0.2048611111111111 0.767578125 0.21875 0.787109375 0.2534722222222222 0.798828125 0.2881944444444444 0.80859375 0.3055555555555556 0.818359375 0.3159722222222222 0.822265625 0.3263888888888889 0.822265625 0.3333333333333333 0.818359375 0.3368055555555556 0.794921875 0.3020833333333333 0.775390625 0.2847222222222222 0.76953125 0.2743055555555556 0.765625 0.2708333333333333 0.7578125 0.2708333333333333 0.75390625 0.2743055555555556 0.755859375 0.2708333333333333 0.75390625 0.2604166666666667 0.73046875 0.22569444444444445 0.724609375 0.20833333333333334 0.71875 0.2013888888888889 0.708984375 0.1736111111111111
0 0.3515625 0.125 0.357421875 0.13194444444444445 0.369140625 0.13541666666666666 0.37109375 0.1388888888888889 0.38671875 0.13194444444444445 0.3828125 0.1423611111111111 0.37890625 0.1423611111111111 0.37109375 0.14930555555555555 0.353515625 0.17708333333333334 0.33984375 0.1909722222222222 0.333984375 0.1909722222222222 0.32421875 0.19791666666666666 0.322265625 0.19444444444444445 0.31640625 0.19444444444444445 0.310546875 0.1875 0.302734375 0.1840277777777778 0.296875 0.19444444444444445 0.296875 0.2013888888888889 0.294921875 0.2048611111111111 0.29296875 0.2048611111111111 0.29296875 0.2013888888888889 0.28125 0.1840277777777778 0.28125 0.17708333333333334 0.28515625 0.1736111111111111 0.294921875 0.1736111111111111 0.310546875 0.1423611111111111 0.310546875 0.1388888888888889 0.30859375 0.13541666666666666 0.3046875 0.13541666666666666 0.302734375 0.1284722222222222 0.349609375 0.125
0 0.43359375 0.9965277777777778 0.435546875 0.9548611111111112 0.4375 0.9513888888888888 0.4375 0.9375 0.44140625 0.9236111111111112 0.443359375 0.9236111111111112 0.443359375 0.9479166666666666 0.4453125 0.9513888888888888 0.447265625 0.9791666666666666 0.451171875 0.9965277777777778 0.435546875 0.9965277777777778
0 0.3828125 0 0.451171875 0 0.470703125 0.052083333333333336 0.4765625 0.0625 0.494140625 0.08333333333333333 0.490234375 0.08333333333333333 0.47265625 0.06597222222222222 0.4609375 0.0625 0.458984375 0.059027777777777776 0.451171875 0.059027777777777776 0.439453125 0.04861111111111111 0.435546875 0.04861111111111111 0.427734375 0.03819444444444445 0.41796875 0.03125 0.400390625 0.003472222222222222 0.384765625 0.003472222222222222
0 0.763671875 0.041666666666666664 0.796875 0.041666666666666664 0.806640625 0.052083333333333336 0.81640625 0.08333333333333333 0.8203125 0.09027777777777778 0.830078125 0.09722222222222222 0.830078125 0.10069444444444445 0.826171875 0.10069444444444445 0.802734375 0.0798611111111111 0.798828125 0.0798611111111111 0.791015625 0.07291666666666667 0.78515625 0.07291666666666667 0.765625 0.052083333333333336 0.763671875 0.04513888888888889
0 0.17578125 0 0.212890625 0 0.212890625 0.010416666666666666 0.216796875 0.024305555555555556 0.216796875 0.041666666666666664 0.203125 0.03819444444444445 0.201171875 0.034722222222222224 0.19140625 0.03125 0.177734375 0.006944444444444444 0.177734375 0.003472222222222222
0 0.69921875 0.9444444444444444 0.708984375 0.9548611111111112 0.71484375 0.9652777777777778 0.71484375 0.9826388888888888 0.708984375 0.9965277777777778 0.693359375 0.9965277777777778 0.69140625 0.9895833333333334 0.69140625 0.9548611111111112 0.693359375 0.9479166666666666 0.697265625 0.9444444444444444
0 0.091796875 0 0.107421875 0 0.103515625 0.013888888888888888 0.091796875 0.03819444444444445 0.08984375 0.034722222222222224 0.08984375 0.010416666666666666 0.091796875 0.003472222222222222
0 0.6015625 0.024305555555555556 0.603515625 0.024305555555555556 0.603515625 0.04513888888888889 0.59765625 0.05555555555555555 0.587890625 0.08680555555555555 0.583984375 0.09027777777777778 0.580078125 0.10069444444444445 0.57421875 0.10416666666666667 0.568359375 0.11458333333333333 0.560546875 0.12152777777777778 0.556640625 0.12152777777777778 0.552734375 0.1284722222222222 0.548828125 0.1284722222222222 0.546875 0.13194444444444445 0.5390625 0.13194444444444445 0.537109375 0.13541666666666666 0.521484375 0.13541666666666666 0.51953125 0.1388888888888889 0.505859375 0.1423611111111111 0.4921875 0.15625 0.486328125 0.15625 0.48828125 0.14930555555555555 0.49609375 0.14583333333333334 0.5078125 0.13194444444444445 0.533203125 0.0798611111111111 0.53515625 0.0798611111111111 0.541015625 0.06944444444444445 0.546875 0.06597222222222222 0.552734375 0.05555555555555555 0.55859375 0.052083333333333336 0.564453125 0.041666666666666664 0.583984375 0.024305555555555556 0.5859375 0.024305555555555556 0.583984375 0.03125 0.5859375 0.03819444444444445 0.59765625 0.03819444444444445 0.6015625 0.027777777777777776
0 0.859375 0.14583333333333334 0.86328125 0.14583333333333334 0.876953125 0.16319444444444445 0.876953125 0.16666666666666666 0.8828125 0.17708333333333334 0.89453125 0.1875 0.90625 0.2048611111111111 0.912109375 0.20833333333333334 0.93359375 0.2465277777777778 0.93359375 0.25 0.9609375 0.3020833333333333 0.96484375 0.3020833333333333 0.978515625 0.3159722222222222 0.984375 0.3159722222222222 0.990234375 0.3229166666666667 0.990234375 0.3298611111111111 0.982421875 0.3298611111111111 0.9609375 0.3125 0.94921875 0.3090277777777778 0.947265625 0.3055555555555556 0.94140625 0.3055555555555556 0.939453125 0.3020833333333333 0.919921875 0.3020833333333333 0.91796875 0.2986111111111111 0.900390625 0.2951388888888889 0.859375 0.2534722222222222 0.841796875 0.2222222222222222 0.8359375 0.2048611111111111 0.828125 0.1909722222222222 0.818359375 0.1840277777777778 0.818359375 0.1701388888888889 0.8203125 0.16666666666666666 0.833984375 0.17708333333333334 0.837890625 0.17708333333333334 0.83984375 0.1736111111111111 0.869140625 0.1736111111111111 0.87109375 0.1701388888888889 0.859375 0.14930555555555555
0 0.751953125 0.9340277777777778 0.755859375 0.9444444444444444 0.763671875 0.9548611111111112 0.767578125 0.96875 0.767578125 0.9722222222222222 0.76171875 0.9826388888888888 0.76171875 0.9965277777777778 0.74609375 0.9965277777777778 0.744140625 0.9930555555555556 0.744140625 0.9583333333333334 0.74609375 0.9548611111111112 0.74609375 0.9444444444444444 0.748046875 0.9375 0.75 0.9375
0 0.736328125 0.875 0.7421875 0.8888888888888888 0.744140625 0.9097222222222222 0.748046875 0.9236111111111112 0.748046875 0.9340277777777778 0.7421875 0.9409722222222222 0.734375 0.9375 0.728515625 0.9270833333333334 0.7265625 0.9270833333333334 0.724609375 0.9166666666666666 0.712890625 0.8923611111111112 0.712890625 0.8784722222222222 0.7265625 0.8645833333333334 0.728515625 0.8645833333333334 0.734375 0.875
0 0 0 0.05078125 0 0.060546875 0.027777777777777776 0.06640625 0.03819444444444445 0.07421875 0.041666666666666664 0.080078125 0.04861111111111111 0.080078125 0.052083333333333336 0.078125 0.052083333333333336 0.06640625 0.041666666666666664 0.044921875 0.041666666666666664 0.04296875 0.03819444444444445 0.03515625 0.03819444444444445 0.029296875 0.03125 0.025390625 0.03125 0.017578125 0.024305555555555556 0.005859375 0.006944444444444444 0 0.003472222222222222