0 0.6171875 0.10069444444444445 0.619140625 0.10416666666666667 0.615234375 0.11458333333333333 0.603515625 0.1284722222222222 0.59375 0.13541666666666666 0.580078125 0.1388888888888889 0.578125 0.1423611111111111 0.568359375 0.1423611111111111 0.560546875 0.13541666666666666 0.548828125 0.11458333333333333 0.548828125 0.1076388888888889 0.55078125 0.10416666666666667 0.568359375 0.10416666666666667 0.5703125 0.1076388888888889 0.580078125 0.1076388888888889 0.58203125 0.1111111111111111 0.599609375 0.1111111111111111 0.6015625 0.11458333333333333 0.607421875 0.11458333333333333 0.615234375 0.10416666666666667
0 0.578125 0.4444444444444444 0.5859375 0.4375 0.58984375 0.4513888888888889 0.58984375 0.4756944444444444 0.587890625 0.4791666666666667 0.583984375 0.4791666666666667 0.578125 0.4652777777777778 0.578125 0.4479166666666667
0 0.533203125 0.2847222222222222 0.537109375 0.2847222222222222 0.5390625 0.2881944444444444 0.5390625 0.2951388888888889 0.533203125 0.3020833333333333 0.53125 0.2986111111111111 0.53125 0.2916666666666667 0.533203125 0.2881944444444444
0 0.52734375 0.1111111111111111 0.533203125 0.125 0.533203125 0.13541666666666666 0.52734375 0.13541666666666666 0.51953125 0.12152777777777778 0.51953125 0.1111111111111111 0.521484375 0.1076388888888889 0.525390625 0.1111111111111111
0 0.564453125 0.6388888888888888 0.57421875 0.6493055555555556 0.5859375 0.6493055555555556 0.587890625 0.65625 0.5859375 0.6597222222222222 0.59375 0.6805555555555556 0.59375 0.6840277777777778 0.5859375 0.6909722222222222 0.568359375 0.6909722222222222 0.560546875 0.7013888888888888 0.55859375 0.6979166666666666 0.55859375 0.6805555555555556 0.560546875 0.6770833333333334 0.560546875 0.6527777777777778 0.564453125 0.6423611111111112
0 0.515625 0.5034722222222222 0.51953125 0.5034722222222222 0.521484375 0.5069444444444444 0.529296875 0.5034722222222222 0.533203125 0.5069444444444444 0.541015625 0.5208333333333334 0.541015625 0.5277777777777778 0.5390625 0.53125 0.533203125 0.53125 0.529296875 0.5277777777777778 0.5234375 0.5208333333333334 0.517578125 0.5069444444444444
0 0.515625 0.4270833333333333 0.517578125 0.4305555555555556 0.517578125 0.4409722222222222 0.515625 0.4444444444444444 0.51171875 0.4444444444444444 0.513671875 0.4305555555555556
0 0.619140625 0.7986111111111112 0.619140625 0.8333333333333334 0.611328125 0.8333333333333334 0.607421875 0.8263888888888888 0.607421875 0.8125 0.615234375 0.7986111111111112 0.6171875 0.7986111111111112
0 0.583984375 0.09375 0.5859375 0.08680555555555555 0.58984375 0.08333333333333333 0.591796875 0.08680555555555555 0.591796875 0.09375 0.58984375 0.09722222222222222 0.5859375 0.09722222222222222
0 0.630859375 0.3125 0.6328125 0.3263888888888889 0.625 0.3402777777777778 0.623046875 0.3506944444444444 0.615234375 0.3611111111111111 0.611328125 0.3715277777777778 0.611328125 0.3784722222222222 0.603515625 0.3888888888888889 0.603515625 0.3958333333333333 0.599609375 0.3923611111111111 0.5859375 0.3923611111111111 0.580078125 0.4027777777777778 0.576171875 0.4027777777777778 0.572265625 0.3923611111111111 0.568359375 0.3923611111111111 0.564453125 0.3993055555555556 0.564453125 0.40625 0.560546875 0.4097222222222222 0.55859375 0.40625 0.55859375 0.3958333333333333 0.5546875 0.3888888888888889 0.552734375 0.3784722222222222 0.564453125 0.3819444444444444 0.568359375 0.375 0.5703125 0.3611111111111111 0.5859375 0.3541666666666667 0.599609375 0.3368055555555556 0.60546875 0.3368055555555556 0.607421875 0.3333333333333333 0.619140625 0.3333333333333333 0.623046875 0.3298611111111111 0.62890625 0.3159722222222222
0 0.36328125 0.4340277777777778 0.36328125 0.4097222222222222 0.365234375 0.40625 0.3671875 0.40625 0.3671875 0.4166666666666667 0.373046875 0.4305555555555556 0.373046875 0.4375 0.365234375 0.4340277777777778
0 0.3671875 0.1875 0.375 0.21180555555555555 0.369140625 0.2048611111111111 0.365234375 0.2048611111111111 0.361328125 0.19791666666666666 0.361328125 0.1909722222222222 0.365234375 0.1875
0 0.38671875 0.1076388888888889 0.38671875 0.10069444444444445 0.390625 0.09375 0.39453125 0.09722222222222222 0.39453125 0.1076388888888889 0.392578125 0.1111111111111111 0.388671875 0.1076388888888889
0 0.5234375 0.84375 0.537109375 0.84375 0.541015625 0.8402777777777778 0.54296875 0.8472222222222222 0.54296875 0.8506944444444444 0.5390625 0.8541666666666666 0.533203125 0.8680555555555556 0.525390625 0.8680555555555556 0.5234375 0.8645833333333334 0.5234375 0.8472222222222222
0 0.6489583333333333 0.44953703703703707 0.019791666666666666 0.058333333333333334
0 0.505859375 0.5590277777777778 0.509765625 0.5555555555555556 0.515625 0.5555555555555556 0.51953125 0.5590277777777778 0.517578125 0.5659722222222222 0.505859375 0.5659722222222222 0.505859375 0.5625
0 0.498046875 0.6423611111111112 0.498046875 0.6493055555555556 0.494140625 0.65625 0.490234375 0.6597222222222222 0.484375 0.6597222222222222 0.482421875 0.6631944444444444 0.4765625 0.6631944444444444 0.474609375 0.6666666666666666 0.46875 0.6666666666666666 0.462890625 0.6736111111111112 0.4609375 0.6701388888888888 0.470703125 0.6458333333333334 0.48046875 0.6388888888888888 0.494140625 0.6388888888888888 0.49609375 0.6423611111111112
0 0.375 0.1076388888888889 0.376953125 0.1111111111111111 0.380859375 0.1111111111111111 0.380859375 0.11805555555555555 0.37890625 0.12152777777777778 0.373046875 0.12152777777777778 0.369140625 0.11458333333333333 0.369140625 0.1111111111111111 0.373046875 0.1076388888888889
0 0.404296875 0.16666666666666666 0.408203125 0.16666666666666666 0.41015625 0.1736111111111111 0.408203125 0.17708333333333334 0.404296875 0.17708333333333334 0.404296875 0.1701388888888889
0 0.34375 0.5 0.34765625 0.4965277777777778 0.353515625 0.4965277777777778 0.35546875 0.5034722222222222 0.35546875 0.5104166666666666 0.341796875 0.5104166666666666 0.34375 0.5034722222222222
0 0.3828125 0.08333333333333333 0.38671875 0.09027777777777778 0.38671875 0.09722222222222222 0.384765625 0.10069444444444445 0.380859375 0.10069444444444445 0.376953125 0.09375 0.376953125 0.08680555555555555 0.380859375 0.08333333333333333
0 0.4375 0.0798611111111111 0.4453125 0.0798611111111111 0.447265625 0.08333333333333333 0.447265625 0.09027777777777778 0.4453125 0.09375 0.44140625 0.09375 0.4375 0.08333333333333333
0 0.533203125 0.3055555555555556 0.54296875 0.3194444444444444 0.54296875 0.3298611111111111 0.53515625 0.3333333333333333 0.529296875 0.34375 0.509765625 0.3333333333333333 0.505859375 0.3229166666666667 0.513671875 0.3229166666666667 0.521484375 0.3125 0.52734375 0.3125 0.53125 0.3090277777777778
0 0.375 0.03819444444444445 0.380859375 0.03819444444444445 0.388671875 0.04513888888888889 0.38671875 0.052083333333333336 0.37890625 0.05555555555555555 0.376953125 0.052083333333333336 0.373046875 0.052083333333333336 0.373046875 0.04513888888888889 0.375 0.041666666666666664
0 0.359375 0.3125 0.36328125 0.3159722222222222 0.36328125 0.3263888888888889 0.361328125 0.3298611111111111 0.361328125 0.3368055555555556 0.36328125 0.3402777777777778 0.35546875 0.3611111111111111 0.341796875 0.3611111111111111 0.341796875 0.3229166666666667 0.357421875 0.3125
0 0.63671875 0.6875 0.64453125 0.6875 0.646484375 0.6909722222222222 0.658203125 0.6944444444444444 0.658203125 0.7951388888888888 0.646484375 0.7951388888888888 0.640625 0.7881944444444444 0.634765625 0.7638888888888888 0.634765625 0.7569444444444444 0.63671875 0.7534722222222222 0.63671875 0.7465277777777778 0.634765625 0.7430555555555556 0.63671875 0.7395833333333334 0.63671875 0.7222222222222222 0.638671875 0.71875 0.63671875 0.6909722222222222
0 0.5234375 0.3854166666666667 0.52734375 0.3819444444444444 0.541015625 0.3819444444444444 0.54296875 0.3854166666666667 0.53125 0.3958333333333333 0.5234375 0.3958333333333333 0.5234375 0.3888888888888889