0 0.517578125 0.2787456445993031 0.51953125 0.2787456445993031 0.51953125 0.289198606271777 0.521484375 0.2926829268292683 0.521484375 0.31010452961672474 0.517578125 0.313588850174216 0.517578125 0.28222996515679444
0 0.54296875 0.3554006968641115 0.544921875 0.3623693379790941 0.544921875 0.3832752613240418 0.54296875 0.3867595818815331 0.54296875 0.3588850174216028
0 0.51171875 0.5818815331010453 0.517578125 0.5818815331010453 0.517578125 0.5888501742160279 0.51953125 0.5923344947735192 0.51953125 0.6132404181184669 0.517578125 0.6132404181184669 0.51953125 0.6097560975609756 0.513671875 0.5818815331010453
0 0.50390625 0 0.505859375 0 0.505859375 0.017421602787456445 0.501953125 0.027874564459930314 0.501953125 0.03832752613240418 0.5 0.041811846689895474 0.4921875 0.041811846689895474 0.486328125 0.04878048780487805 0.484375 0.04529616724738676 0.48828125 0.04529616724738676 0.490234375 0.041811846689895474 0.490234375 0.03832752613240418 0.49609375 0.027874564459930314 0.49609375 0.020905923344947737 0.501953125 0.013937282229965157 0.501953125 0.006968641114982578 0.50390625 0.003484320557491289
0 0.607421875 0.6167247386759582 0.609375 0.6202090592334495 0.60546875 0.6341463414634146 0.6015625 0.6376306620209059 0.607421875 0.6202090592334495
0 0.583984375 0.22996515679442509 0.5859375 0.22996515679442509 0.5859375 0.25435540069686413 0.583984375 0.2578397212543554 0.583984375 0.2682926829268293 0.580078125 0.2787456445993031 0.580078125 0.25435540069686413 0.58203125 0.2508710801393728 0.58203125 0.24041811846689895 0.583984375 0.23344947735191637
0 0.615234375 0.7038327526132404 0.6171875 0.7073170731707317 0.6171875 0.7177700348432056 0.611328125 0.710801393728223 0.611328125 0.7073170731707317 0.61328125 0.7073170731707317
0 0.517578125 0.5435540069686411 0.51953125 0.5435540069686411 0.5234375 0.5609756097560976 0.5234375 0.5714285714285714 0.51953125 0.5714285714285714 0.517578125 0.5609756097560976 0.513671875 0.5574912891986062 0.517578125 0.5470383275261324
0 0.529296875 0.20209059233449478 0.53125 0.1951219512195122 0.529296875 0.21951219512195122 0.52734375 0.2229965156794425 0.525390625 0.21951219512195122 0.525390625 0.21254355400696864 0.52734375 0.21254355400696864 0.529296875 0.20557491289198607
0 0.6640625 0.46689895470383275 0.671875 0.47038327526132406 0.669921875 0.47735191637630664 0.671875 0.5121951219512195 0.66796875 0.5296167247386759 0.6640625 0.5331010452961672 0.658203125 0.5331010452961672 0.658203125 0.49825783972125437 0.66015625 0.49477351916376305 0.66015625 0.4878048780487805 0.6640625 0.4808362369337979 0.6640625 0.47038327526132406
0 0.51171875 0.289198606271777 0.51171875 0.29965156794425085 0.513671875 0.30313588850174217 0.513671875 0.313588850174216 0.51171875 0.313588850174216 0.51171875 0.2926829268292683
0 0.560546875 0.010452961672473868 0.568359375 0.017421602787456445 0.572265625 0.017421602787456445 0.576171875 0.010452961672473868 0.580078125 0.010452961672473868 0.5703125 0.0313588850174216 0.57421875 0.04529616724738676 0.572265625 0.059233449477351915 0.552734375 0.08710801393728224 0.546875 0.08710801393728224 0.54296875 0.08362369337979095 0.54296875 0.04878048780487805 0.548828125 0.04878048780487805 0.5546875 0.03832752613240418 0.560546875 0.03484320557491289 0.564453125 0.027874564459930314 0.560546875 0.020905923344947737 0.560546875 0.013937282229965157
0 0.666015625 0.2926829268292683 0.66796875 0.2961672473867596 0.671875 0.2961672473867596 0.68359375 0.3170731707317073 0.68359375 0.32752613240418116 0.685546875 0.3310104529616725 0.685546875 0.3867595818815331 0.68359375 0.3902439024390244 0.68359375 0.397212543554007 0.673828125 0.40418118466898956 0.677734375 0.397212543554007 0.671875 0.3867595818815331 0.66796875 0.37282229965156793 0.66796875 0.36585365853658536 0.66015625 0.3519163763066202 0.658203125 0.3519163763066202 0.658203125 0.3310104529616725 0.654296875 0.3170731707317073 0.654296875 0.29965156794425085 0.658203125 0.2926829268292683 0.6640625 0.2926829268292683
0 0.5234375 0.25435540069686413 0.525390625 0.25435540069686413 0.525390625 0.2682926829268293 0.52734375 0.27177700348432055 0.52734375 0.2857142857142857 0.529296875 0.289198606271777 0.525390625 0.289198606271777 0.52734375 0.28222996515679444 0.5234375 0.2787456445993031 0.5234375 0.2578397212543554
0 0.646484375 0.6898954703832753 0.650390625 0.6898954703832753 0.66015625 0.6794425087108014 0.65625 0.6968641114982579 0.66015625 0.7073170731707317 0.66015625 0.7212543554006968 0.662109375 0.7247386759581882 0.662109375 0.759581881533101 0.66015625 0.7665505226480837 0.65625 0.7665505226480837 0.65625 0.7560975609756098 0.650390625 0.7456445993031359 0.65234375 0.7421602787456446 0.65234375 0.7142857142857143 0.654296875 0.710801393728223 0.654296875 0.7038327526132404 0.6484375 0.6898954703832753
0 0.373046875 0.9686411149825784 0.375 0.9686411149825784 0.375 0.9721254355400697 0.37109375 0.9790940766550522 0.37109375 0.9930313588850174 0.3671875 0.9965156794425087 0.357421875 0.9965156794425087 0.365234375 0.9965156794425087 0.369140625 0.9790940766550522 0.373046875 0.9721254355400697
0 0.62109375 0.6411149825783972 0.623046875 0.6411149825783972 0.623046875 0.6515679442508711 0.62109375 0.6550522648083623 0.62109375 0.662020905923345 0.6171875 0.662020905923345 0.6171875 0.6515679442508711 0.619140625 0.6515679442508711 0.62109375 0.6445993031358885
0 0.677734375 0.4250871080139373 0.68359375 0.4250871080139373 0.68359375 0.43205574912891986 0.685546875 0.4355400696864111 0.685546875 0.4878048780487805 0.68359375 0.4912891986062718 0.68359375 0.5017421602787456 0.677734375 0.5087108013937283 0.67578125 0.5052264808362369 0.67578125 0.49477351916376305 0.677734375 0.4878048780487805 0.67578125 0.4843205574912892 0.673828125 0.4564459930313589 0.6796875 0.4425087108013937 0.6796875 0.42857142857142855
0 0.505859375 0.22996515679442509 0.5078125 0.22996515679442509 0.5078125 0.2578397212543554 0.50390625 0.2613240418118467 0.505859375 0.2578397212543554 0.505859375 0.23344947735191637
0 0.349609375 0.5993031358885017 0.353515625 0.5993031358885017 0.353515625 0.6132404181184669 0.34375 0.6132404181184669 0.34375 0.6097560975609756 0.349609375 0.6027874564459931
0 0.533203125 0.1986062717770035 0.53515625 0.20209059233449478 0.53515625 0.21254355400696864 0.533203125 0.21602787456445993 0.533203125 0.2229965156794425 0.529296875 0.2264808362369338 0.529296875 0.21951219512195122 0.533203125 0.21602787456445993 0.533203125 0.20209059233449478
0 0.671875 0.5853658536585366 0.669921875 0.578397212543554 0.669921875 0.5470383275261324 0.677734375 0.5261324041811847 0.685546875 0.5261324041811847 0.685546875 0.5609756097560976 0.677734375 0.5818815331010453 0.673828125 0.5853658536585366
0 0.5234375 0.5017421602787456 0.525390625 0.5017421602787456 0.529296875 0.519163763066202 0.533203125 0.5261324041811847 0.533203125 0.5400696864111498 0.53125 0.5400696864111498 0.52734375 0.5296167247386759 0.5234375 0.5052264808362369
0 0.478515625 0.03832752613240418 0.482421875 0.05574912891986063 0.482421875 0.06968641114982578 0.48046875 0.07317073170731707 0.48046875 0.0975609756097561 0.482421875 0.10104529616724739 0.482421875 0.10801393728222997 0.48046875 0.10452961672473868 0.474609375 0.10452961672473868 0.4765625 0.0975609756097561 0.4765625 0.08013937282229965 0.474609375 0.07665505226480836 0.474609375 0.05226480836236934 0.4765625 0.04878048780487805 0.4765625 0.041811846689895474
0 0.55078125 0.21602787456445993 0.55078125 0.25435540069686413 0.546875 0.2578397212543554 0.55078125 0.25435540069686413 0.55078125 0.21951219512195122
0 0.537109375 0.289198606271777 0.537109375 0.2961672473867596 0.5390625 0.29965156794425085 0.5390625 0.32752613240418116 0.53515625 0.3205574912891986 0.533203125 0.2961672473867596 0.53125 0.2926829268292683 0.53515625 0.289198606271777
0 0.68359375 0.10801393728222997 0.685546875 0.11149825783972125 0.685546875 0.11846689895470383 0.6796875 0.11846689895470383 0.67578125 0.11498257839721254 0.673828125 0.10801393728222997 0.677734375 0.10452961672473868 0.681640625 0.11149825783972125
0 0.541015625 0.21254355400696864 0.54296875 0.21951219512195122 0.54296875 0.23693379790940766 0.5390625 0.24041811846689895 0.541015625 0.23344947735191637 0.541015625 0.21602787456445993
0 0.599609375 0.6898954703832753 0.626953125 0.6898954703832753 0.626953125 0.6968641114982579 0.599609375 0.6968641114982579 0.599609375 0.6933797909407665