0 0.50390625 0.78125 0.5078125 0.78125 0.5078125 0.7881944444444444 0.509765625 0.7916666666666666 0.509765625 0.8020833333333334 0.50390625 0.7986111111111112 0.50390625 0.7847222222222222
0 0.49609375 0.3194444444444444 0.501953125 0.3194444444444444 0.50390625 0.3263888888888889 0.50390625 0.3298611111111111 0.49609375 0.3298611111111111 0.49609375 0.3229166666666667
0 0.48046875 0.3958333333333333 0.48828125 0.3958333333333333 0.490234375 0.4027777777777778 0.490234375 0.4131944444444444 0.486328125 0.4097222222222222 0.482421875 0.3993055555555556 0.48046875 0.3993055555555556
0 0.67578125 0.10416666666666667 0.67578125 0.12152777777777778 0.673828125 0.1284722222222222 0.669921875 0.13194444444444445 0.669921875 0.11458333333333333 0.67578125 0.1076388888888889
0 0.580078125 0.90625 0.58203125 0.90625 0.58203125 0.9236111111111112 0.583984375 0.9270833333333334 0.583984375 0.9722222222222222 0.58203125 0.9756944444444444 0.583984375 0.96875 0.580078125 0.9652777777777778 0.580078125 0.9548611111111112 0.576171875 0.9513888888888888 0.576171875 0.9236111111111112 0.580078125 0.9201388888888888 0.580078125 0.9097222222222222
0 0.6618131868131868 0.33015873015873015 0.009950206043956043 0.017582417582417582
0 0.544921875 0.052083333333333336 0.552734375 0.052083333333333336 0.5625 0.0625 0.576171875 0.06944444444444445 0.58203125 0.0798611111111111 0.58203125 0.09027777777777778 0.583984375 0.09375 0.583984375 0.09722222222222222 0.576171875 0.09722222222222222 0.578125 0.09375 0.57421875 0.08680555555555555 0.568359375 0.08680555555555555 0.560546875 0.0798611111111111 0.552734375 0.0798611111111111 0.548828125 0.0763888888888889 0.546875 0.06944444444444445 0.541015625 0.0625 0.541015625 0.059027777777777776 0.544921875 0.05555555555555555
0 0.509765625 0.7916666666666666 0.515625 0.7916666666666666 0.515625 0.8090277777777778 0.509765625 0.8020833333333334 0.509765625 0.7951388888888888
0 0.46593406593406594 -0.011721611721611722 0.01379635989010989 0.025396825396825397
0 0.580078125 0.90625 0.58203125 0.90625 0.58203125 0.9201388888888888 0.583984375 0.9236111111111112 0.583984375 0.9722222222222222 0.58203125 0.9756944444444444 0.583984375 0.96875 0.580078125 0.9652777777777778 0.580078125 0.9548611111111112 0.576171875 0.9513888888888888 0.576171875 0.9236111111111112 0.580078125 0.9201388888888888 0.580078125 0.9097222222222222
0 0.66796875 0.9756944444444444 0.669921875 0.9756944444444444 0.669921875 0.9965277777777778 0.6640625 0.9965277777777778 0.6640625 0.9826388888888888 0.66796875 0.9791666666666666
0 0.619140625 0.6770833333333334 0.62109375 0.6770833333333334 0.62109375 0.7361111111111112 0.615234375 0.7465277777777778 0.611328125 0.7465277777777778 0.609375 0.75 0.607421875 0.75 0.603515625 0.7395833333333334 0.603515625 0.71875 0.607421875 0.7118055555555556 0.607421875 0.7048611111111112 0.615234375 0.6944444444444444 0.619140625 0.6805555555555556
0 0.494140625 0.06597222222222222 0.498046875 0.06944444444444445 0.509765625 0.06944444444444445 0.509765625 0.0763888888888889 0.50390625 0.09027777777777778 0.50390625 0.09722222222222222 0.5078125 0.1076388888888889 0.5078125 0.125 0.509765625 0.1284722222222222 0.5078125 0.13194444444444445 0.5078125 0.1423611111111111 0.50390625 0.15625 0.4921875 0.1736111111111111 0.484375 0.1736111111111111 0.482421875 0.16666666666666666 0.482421875 0.1388888888888889 0.48046875 0.13194444444444445 0.486328125 0.125 0.494140625 0.09722222222222222 0.5 0.09027777777777778 0.498046875 0.0763888888888889 0.494140625 0.07291666666666667 0.494140625 0.06944444444444445
0 0.5546875 0.3854166666666667 0.5625 0.3854166666666667 0.5625 0.3923611111111111 0.564453125 0.3958333333333333 0.576171875 0.3958333333333333 0.578125 0.3923611111111111 0.578125 0.3958333333333333 0.572265625 0.4027777777777778 0.564453125 0.4027777777777778 0.5625 0.4097222222222222 0.55859375 0.4131944444444444 0.55859375 0.4305555555555556 0.556640625 0.4305555555555556 0.5546875 0.4236111111111111 0.5546875 0.3993055555555556 0.556640625 0.3923611111111111 0.5546875 0.3888888888888889
0 0.52734375 0.4513888888888889 0.533203125 0.4513888888888889 0.533203125 0.4618055555555556 0.53515625 0.4652777777777778 0.533203125 0.4722222222222222 0.533203125 0.4618055555555556 0.529296875 0.4583333333333333 0.529296875 0.4548611111111111
0 0.67578125 0.1076388888888889 0.67578125 0.125 0.669921875 0.13194444444444445 0.669921875 0.11805555555555555 0.671875 0.1111111111111111 0.673828125 0.1111111111111111
0 0.505859375 0.7361111111111112 0.51171875 0.7361111111111112 0.51171875 0.7395833333333334 0.515625 0.7430555555555556 0.517578125 0.75 0.515625 0.7569444444444444 0.51171875 0.7569444444444444 0.501953125 0.7465277777777778 0.501953125 0.7430555555555556 0.505859375 0.7395833333333334
0 0.646484375 0.90625 0.650390625 0.9027777777777778 0.65625 0.9027777777777778 0.65625 0.9270833333333334 0.65234375 0.9270833333333334 0.650390625 0.9201388888888888 0.646484375 0.9166666666666666 0.646484375 0.9097222222222222
0 0.482421875 0.3541666666666667 0.48828125 0.3576388888888889 0.4921875 0.3645833333333333 0.4921875 0.3715277777777778 0.490234375 0.3715277777777778 0.490234375 0.3680555555555556 0.482421875 0.3576388888888889
0 0.48046875 0.4340277777777778 0.486328125 0.4305555555555556 0.48828125 0.4444444444444444 0.486328125 0.4444444444444444 0.48828125 0.4409722222222222 0.482421875 0.4340277777777778
0 0.494140625 0.4027777777777778 0.5 0.4027777777777778 0.5 0.4201388888888889 0.498046875 0.4166666666666667 0.5 0.4131944444444444 0.494140625 0.40625
0 0.5078125 0.3715277777777778 0.513671875 0.3715277777777778 0.513671875 0.3854166666666667 0.51171875 0.3854166666666667 0.5078125 0.375
0 0.494140625 0.7430555555555556 0.5 0.7395833333333334 0.5 0.7430555555555556 0.50390625 0.7465277777777778 0.50390625 0.7604166666666666 0.505859375 0.7638888888888888 0.501953125 0.7638888888888888 0.501953125 0.7604166666666666 0.498046875 0.7569444444444444 0.494140625 0.7465277777777778
0 0.548828125 0.7916666666666666 0.5546875 0.7916666666666666 0.5546875 0.8055555555555556 0.55859375 0.8090277777777778 0.55859375 0.8472222222222222 0.556640625 0.8472222222222222 0.556640625 0.8368055555555556 0.5546875 0.8298611111111112 0.55078125 0.8263888888888888 0.55078125 0.8090277777777778 0.544921875 0.8020833333333334 0.544921875 0.7986111111111112 0.548828125 0.7951388888888888
0 0.3515625 0.22916666666666666 0.3515625 0.2534722222222222 0.349609375 0.2604166666666667 0.345703125 0.2604166666666667 0.34375 0.2638888888888889 0.341796875 0.2604166666666667 0.341796875 0.24305555555555555 0.34375 0.24305555555555555 0.345703125 0.2361111111111111 0.349609375 0.2326388888888889
0 0.48046875 0.3715277777777778 0.486328125 0.3715277777777778 0.486328125 0.3784722222222222 0.48828125 0.3819444444444444 0.48828125 0.3888888888888889 0.484375 0.3888888888888889 0.486328125 0.3888888888888889 0.48828125 0.3819444444444444 0.48046875 0.375
0 0.625 0.5763888888888888 0.6328125 0.5763888888888888 0.634765625 0.5833333333333334 0.6328125 0.5868055555555556 0.6328125 0.59375 0.634765625 0.5972222222222222 0.634765625 0.6354166666666666 0.630859375 0.6354166666666666 0.625 0.6423611111111112 0.62109375 0.6354166666666666 0.62109375 0.6111111111111112 0.623046875 0.6076388888888888 0.623046875 0.5902777777777778 0.625 0.5868055555555556 0.625 0.5798611111111112
0 0.568359375 0.6458333333333334 0.587890625 0.6458333333333334 0.587890625 0.6527777777777778 0.5625 0.6527777777777778 0.56640625 0.6527777777777778 0.568359375 0.6493055555555556
0 0.5054945054945055 0.33797313797313794 0.010499656593406594 0.011721611721611722
0 0.552734375 0.3819444444444444 0.55859375 0.3819444444444444 0.55859375 0.4305555555555556 0.556640625 0.4305555555555556 0.55859375 0.4270833333333333 0.556640625 0.4236111111111111 0.552734375 0.4236111111111111 0.552734375 0.3854166666666667
0 0.4921875 0.7534722222222222 0.4921875 0.7604166666666666 0.494140625 0.7638888888888888 0.494140625 0.7708333333333334 0.4921875 0.7708333333333334 0.4921875 0.7569444444444444
0 0.630859375 0.09722222222222222 0.634765625 0.09722222222222222 0.634765625 0.1423611111111111 0.6328125 0.1423611111111111 0.630859375 0.14930555555555555 0.625 0.1423611111111111 0.625 0.12152777777777778 0.62890625 0.11805555555555555 0.630859375 0.1111111111111111 0.630859375 0.10069444444444445
0 0.669921875 0.3159722222222222 0.67578125 0.3125 0.67578125 0.3298611111111111 0.673828125 0.3298611111111111 0.669921875 0.3194444444444444
0 0.603515625 0.5833333333333334 0.609375 0.6041666666666666 0.609375 0.6354166666666666 0.611328125 0.6388888888888888 0.611328125 0.6493055555555556 0.609375 0.6527777777777778 0.609375 0.6840277777777778 0.611328125 0.6875 0.607421875 0.6875 0.603515625 0.6770833333333334 0.599609375 0.6770833333333334 0.60546875 0.6701388888888888 0.60546875 0.6597222222222222 0.599609375 0.6527777777777778 0.599609375 0.6354166666666666 0.595703125 0.625 0.595703125 0.59375 0.59765625 0.5868055555555556 0.6015625 0.5833333333333334
0 0.66796875 0.03125 0.673828125 0.03125 0.67578125 0.03819444444444445 0.67578125 0.06944444444444445 0.67578125 0.059027777777777776 0.671875 0.05555555555555555 0.671875 0.04861111111111111 0.66796875 0.04513888888888889 0.66796875 0.034722222222222224
0 0.517578125 0.3993055555555556 0.525390625 0.3958333333333333 0.529296875 0.40625 0.533203125 0.40625 0.53515625 0.4131944444444444 0.53515625 0.4236111111111111 0.537109375 0.4270833333333333 0.537109375 0.4305555555555556 0.53515625 0.4305555555555556 0.537109375 0.4270833333333333 0.53515625 0.4201388888888889 0.53125 0.4166666666666667 0.525390625 0.4027777777777778 0.517578125 0.4027777777777778
0 0.533203125 0.8229166666666666 0.533203125 0.8333333333333334 0.541015625 0.84375 0.541015625 0.875 0.54296875 0.8784722222222222 0.541015625 0.8819444444444444 0.53515625 0.8715277777777778 0.533203125 0.8645833333333334 0.533203125 0.8506944444444444 0.529296875 0.8472222222222222 0.529296875 0.8368055555555556 0.52734375 0.8298611111111112 0.53125 0.8298611111111112 0.533203125 0.8263888888888888
0 0.51171875 0.7291666666666666 0.515625 0.7291666666666666 0.51953125 0.7395833333333334 0.51953125 0.75 0.515625 0.7534722222222222 0.517578125 0.75 0.509765625 0.7395833333333334 0.51171875 0.7326388888888888