0 0.181640625 0.5868055555555556 0.193359375 0.5972222222222222 0.208984375 0.5972222222222222 0.2109375 0.6006944444444444 0.21875 0.6006944444444444 0.22265625 0.6041666666666666 0.22265625 0.6319444444444444 0.2109375 0.6354166666666666 0.203125 0.6423611111111112 0.19140625 0.6423611111111112 0.189453125 0.6458333333333334 0.171875 0.6493055555555556 0.169921875 0.6527777777777778 0.150390625 0.6527777777777778 0.146484375 0.6493055555555556 0.146484375 0.6076388888888888 0.1484375 0.6006944444444444 0.158203125 0.5868055555555556 0.1796875 0.5868055555555556
0 0.87890625 0.3368055555555556 0.880859375 0.3402777777777778 0.8984375 0.3402777777777778 0.900390625 0.34375 0.9140625 0.3472222222222222 0.9140625 0.3576388888888889 0.896484375 0.3576388888888889 0.89453125 0.3611111111111111 0.880859375 0.3611111111111111 0.87890625 0.3645833333333333 0.841796875 0.3611111111111111 0.83984375 0.3576388888888889 0.833984375 0.3576388888888889 0.83203125 0.3541666666666667 0.826171875 0.3541666666666667 0.822265625 0.3506944444444444 0.822265625 0.34375 0.828125 0.3368055555555556 0.876953125 0.3368055555555556
0 0.630859375 0.25 0.6328125 0.2534722222222222 0.640625 0.2534722222222222 0.6484375 0.2604166666666667 0.65625 0.2604166666666667 0.662109375 0.2673611111111111 0.6796875 0.2743055555555556 0.6796875 0.2777777777777778 0.67578125 0.2743055555555556 0.671875 0.2743055555555556 0.669921875 0.2777777777777778 0.646484375 0.2777777777777778 0.64453125 0.2743055555555556 0.6171875 0.2743055555555556 0.615234375 0.2708333333333333 0.609375 0.2708333333333333 0.6015625 0.2638888888888889 0.595703125 0.2534722222222222 0.59765625 0.2465277777777778 0.62890625 0.25
0 0.7109375 0.4166666666666667 0.7265625 0.4166666666666667 0.728515625 0.4236111111111111 0.73828125 0.4236111111111111 0.740234375 0.4270833333333333 0.74609375 0.4270833333333333 0.751953125 0.4340277777777778 0.771484375 0.4375 0.775390625 0.4444444444444444 0.771484375 0.4513888888888889 0.7578125 0.4513888888888889 0.755859375 0.4479166666666667 0.728515625 0.4479166666666667 0.72265625 0.4409722222222222 0.71875 0.4409722222222222 0.7109375 0.4340277777777778 0.708984375 0.4305555555555556 0.708984375 0.4236111111111111 0.7109375 0.4201388888888889
0 0.58984375 0.6666666666666666 0.611328125 0.6666666666666666 0.61328125 0.6736111111111112 0.626953125 0.6736111111111112 0.62890625 0.6770833333333334 0.626953125 0.6805555555555556 0.626953125 0.6875 0.623046875 0.6875 0.62109375 0.6909722222222222 0.599609375 0.6909722222222222 0.59765625 0.6944444444444444 0.5859375 0.6944444444444444 0.583984375 0.6979166666666666 0.55078125 0.6979166666666666 0.54296875 0.6909722222222222 0.54296875 0.6875 0.55078125 0.6770833333333334 0.556640625 0.6770833333333334 0.55859375 0.6736111111111112 0.587890625 0.6736111111111112 0.58984375 0.6701388888888888
0 0.107421875 0.2361111111111111 0.12109375 0.2361111111111111 0.123046875 0.24305555555555555 0.1484375 0.2465277777777778 0.1484375 0.2569444444444444 0.142578125 0.2569444444444444 0.140625 0.2604166666666667 0.12109375 0.2604166666666667 0.119140625 0.2638888888888889 0.109375 0.2638888888888889 0.107421875 0.2673611111111111 0.0859375 0.2673611111111111 0.083984375 0.2638888888888889 0.076171875 0.2638888888888889 0.072265625 0.2604166666666667 0.072265625 0.2534722222222222 0.078125 0.2465277777777778 0.0859375 0.2465277777777778 0.087890625 0.24305555555555555 0.10546875 0.24305555555555555 0.107421875 0.23958333333333334
0 0.578125 0.4201388888888889 0.578125 0.4131944444444444 0.5859375 0.40625 0.615234375 0.40625 0.6171875 0.4097222222222222 0.62890625 0.4097222222222222 0.630859375 0.4131944444444444 0.638671875 0.4131944444444444 0.638671875 0.4201388888888889 0.63671875 0.4236111111111111 0.6171875 0.4236111111111111 0.615234375 0.4270833333333333 0.59765625 0.4270833333333333 0.595703125 0.4236111111111111 0.583984375 0.4236111111111111 0.580078125 0.4201388888888889
0 0.806640625 0.3784722222222222 0.80859375 0.3819444444444444 0.814453125 0.3819444444444444 0.8125 0.3854166666666667 0.791015625 0.3888888888888889 0.7890625 0.3923611111111111 0.78125 0.3923611111111111 0.779296875 0.3958333333333333 0.775390625 0.3958333333333333 0.7734375 0.3923611111111111 0.76953125 0.3958333333333333 0.751953125 0.3958333333333333 0.74609375 0.3888888888888889 0.74609375 0.3819444444444444 0.75 0.3819444444444444 0.751953125 0.3784722222222222 0.783203125 0.3784722222222222 0.78515625 0.375 0.791015625 0.375 0.79296875 0.3784722222222222 0.8046875 0.3784722222222222
0 0.1484375 0.4027777777777778 0.150390625 0.4097222222222222 0.1484375 0.4131944444444444 0.13671875 0.4166666666666667 0.134765625 0.4201388888888889 0.12890625 0.4201388888888889 0.126953125 0.4236111111111111 0.115234375 0.4270833333333333 0.11328125 0.4305555555555556 0.107421875 0.4305555555555556 0.10546875 0.4340277777777778 0.09375 0.4340277777777778 0.091796875 0.4375 0.080078125 0.4375 0.072265625 0.4305555555555556 0.072265625 0.4236111111111111 0.076171875 0.4166666666666667 0.08203125 0.4166666666666667 0.087890625 0.4097222222222222 0.09375 0.4097222222222222 0.095703125 0.40625 0.126953125 0.40625 0.12890625 0.4027777777777778 0.146484375 0.4027777777777778
0 0.314453125 0.2777777777777778 0.314453125 0.2881944444444444 0.31640625 0.2916666666666667 0.3359375 0.2916666666666667 0.3359375 0.3125 0.3046875 0.3125 0.302734375 0.3159722222222222 0.26953125 0.3229166666666667 0.25390625 0.3333333333333333 0.2421875 0.3333333333333333 0.232421875 0.3263888888888889 0.234375 0.3263888888888889 0.23828125 0.3159722222222222 0.2421875 0.3159722222222222 0.24609375 0.3090277777777778 0.25 0.3090277777777778 0.255859375 0.3020833333333333 0.267578125 0.2986111111111111 0.2734375 0.2916666666666667 0.279296875 0.2916666666666667 0.28125 0.2881944444444444 0.287109375 0.2881944444444444 0.296875 0.28125 0.3125 0.2777777777777778
0 0.16015625 0.4340277777777778 0.16015625 0.4270833333333333 0.1640625 0.4201388888888889 0.17578125 0.4097222222222222 0.181640625 0.4097222222222222 0.19140625 0.3993055555555556 0.208984375 0.3958333333333333 0.21875 0.3888888888888889 0.22265625 0.3923611111111111 0.220703125 0.4027777777777778 0.216796875 0.4027777777777778 0.193359375 0.4270833333333333 0.189453125 0.4270833333333333 0.1875 0.4305555555555556 0.177734375 0.4305555555555556 0.17578125 0.4340277777777778 0.162109375 0.4340277777777778
0 0.185546875 0.2986111111111111 0.185546875 0.3125 0.173828125 0.3159722222222222 0.162109375 0.3263888888888889 0.150390625 0.3298611111111111 0.1484375 0.3333333333333333 0.140625 0.3333333333333333 0.138671875 0.3368055555555556 0.111328125 0.3368055555555556 0.109375 0.3333333333333333 0.109375 0.3263888888888889 0.11328125 0.3194444444444444 0.125 0.3159722222222222 0.1328125 0.3090277777777778 0.14453125 0.3090277777777778 0.146484375 0.3055555555555556 0.158203125 0.3055555555555556 0.16015625 0.3020833333333333 0.18359375 0.3020833333333333
0 0.7578125 0.4097222222222222 0.7734375 0.3993055555555556 0.78125 0.3993055555555556 0.794921875 0.3888888888888889 0.802734375 0.3888888888888889 0.8046875 0.3854166666666667 0.818359375 0.3854166666666667 0.8203125 0.3819444444444444 0.853515625 0.3819444444444444 0.857421875 0.3784722222222222 0.857421875 0.3958333333333333 0.8515625 0.3958333333333333 0.8359375 0.4097222222222222 0.826171875 0.4131944444444444 0.8203125 0.4201388888888889 0.8125 0.4201388888888889 0.8046875 0.4270833333333333 0.791015625 0.4270833333333333 0.7890625 0.4305555555555556 0.765625 0.4270833333333333 0.763671875 0.4236111111111111 0.759765625 0.4236111111111111 0.7578125 0.4201388888888889 0.7578125 0.4131944444444444
0 0.57421875 0.17708333333333334 0.57421875 0.1909722222222222 0.572265625 0.19791666666666666 0.548828125 0.2013888888888889 0.546875 0.2048611111111111 0.52734375 0.2048611111111111 0.525390625 0.2013888888888889 0.517578125 0.2013888888888889 0.515625 0.19444444444444445 0.521484375 0.1875 0.537109375 0.1840277777777778 0.5390625 0.18055555555555555 0.572265625 0.18055555555555555
0 0.14453125 0.2534722222222222 0.15625 0.2534722222222222 0.158203125 0.2604166666666667 0.162109375 0.2604166666666667 0.1640625 0.2534722222222222 0.166015625 0.2534722222222222 0.166015625 0.2708333333333333 0.15234375 0.2743055555555556 0.150390625 0.2777777777777778 0.142578125 0.2777777777777778 0.140625 0.28125 0.119140625 0.28125 0.109375 0.2743055555555556 0.109375 0.2708333333333333 0.11328125 0.2708333333333333 0.119140625 0.2638888888888889 0.142578125 0.2604166666666667 0.14453125 0.2569444444444444
0 0.3359375 0.2951388888888889 0.3359375 0.3125 0.330078125 0.3125 0.328125 0.3159722222222222 0.3046875 0.3125 0.302734375 0.3159722222222222 0.29296875 0.3159722222222222 0.291015625 0.3194444444444444 0.283203125 0.3194444444444444 0.283203125 0.3159722222222222 0.294921875 0.3020833333333333 0.30078125 0.3020833333333333 0.30859375 0.2951388888888889 0.333984375 0.2951388888888889
0 0.306640625 0.19791666666666666 0.30859375 0.2013888888888889 0.314453125 0.2013888888888889 0.314453125 0.2048611111111111 0.306640625 0.21180555555555555 0.296875 0.21180555555555555 0.27734375 0.22569444444444445 0.2734375 0.22569444444444445 0.271484375 0.2222222222222222 0.25 0.2222222222222222 0.2421875 0.2152777777777778 0.2421875 0.21180555555555555 0.24609375 0.21180555555555555 0.251953125 0.2048611111111111 0.26171875 0.2048611111111111 0.263671875 0.2013888888888889 0.3046875 0.2013888888888889
0 0.677734375 0.4722222222222222 0.677734375 0.4861111111111111 0.673828125 0.4861111111111111 0.66796875 0.4930555555555556 0.6640625 0.4895833333333333 0.654296875 0.4895833333333333 0.65234375 0.4930555555555556 0.6484375 0.4930555555555556 0.64453125 0.4861111111111111 0.64453125 0.4756944444444444 0.66796875 0.4756944444444444 0.669921875 0.4722222222222222 0.67578125 0.4722222222222222
0 0.984375 0.4236111111111111 0.984375 0.4340277777777778 0.97265625 0.4375 0.970703125 0.4409722222222222 0.966796875 0.4409722222222222 0.958984375 0.4479166666666667 0.953125 0.4479166666666667 0.951171875 0.4513888888888889 0.935546875 0.4548611111111111 0.9296875 0.4618055555555556 0.919921875 0.4618055555555556 0.91796875 0.4652777777777778 0.8984375 0.4652777777777778 0.896484375 0.4618055555555556 0.896484375 0.4548611111111111 0.908203125 0.4409722222222222 0.9140625 0.4409722222222222 0.921875 0.4340277777777778 0.931640625 0.4340277777777778 0.93359375 0.4305555555555556 0.947265625 0.4305555555555556 0.94921875 0.4270833333333333 0.974609375 0.4270833333333333 0.9765625 0.4236111111111111 0.982421875 0.4236111111111111
0 0.177734375 0.4444444444444444 0.189453125 0.4340277777777778 0.20703125 0.4305555555555556 0.20703125 0.4444444444444444 0.1953125 0.4548611111111111 0.181640625 0.4618055555555556 0.177734375 0.4583333333333333 0.177734375 0.4479166666666667
0 0.3046875 0.2152777777777778 0.306640625 0.2152777777777778 0.30859375 0.2222222222222222 0.31640625 0.2222222222222222 0.32421875 0.22916666666666666 0.330078125 0.22916666666666666 0.3359375 0.2361111111111111 0.3359375 0.25 0.333984375 0.2534722222222222 0.3203125 0.25 0.314453125 0.24305555555555555 0.310546875 0.24305555555555555 0.3046875 0.2361111111111111 0.30078125 0.22569444444444445 0.298828125 0.22569444444444445 0.3046875 0.21875
0 0.673828125 0.3576388888888889 0.67578125 0.3576388888888889 0.67578125 0.3819444444444444 0.654296875 0.3819444444444444 0.646484375 0.3888888888888889 0.625 0.3923611111111111 0.623046875 0.3958333333333333 0.59765625 0.3958333333333333 0.591796875 0.3888888888888889 0.591796875 0.3854166666666667 0.599609375 0.3784722222222222 0.611328125 0.375 0.61328125 0.3715277777777778 0.66796875 0.3680555555555556 0.673828125 0.3611111111111111
0 0.8359375 0.53125 0.85546875 0.5138888888888888 0.869140625 0.5138888888888888 0.87890625 0.5069444444444444 0.951171875 0.5034722222222222 0.955078125 0.5 0.955078125 0.5173611111111112 0.939453125 0.5173611111111112 0.9375 0.5208333333333334 0.9296875 0.5208333333333334 0.921875 0.5277777777777778 0.916015625 0.5277777777777778 0.908203125 0.5347222222222222 0.8984375 0.5347222222222222 0.896484375 0.5381944444444444 0.88671875 0.5381944444444444 0.884765625 0.5416666666666666 0.85546875 0.5451388888888888 0.853515625 0.5486111111111112 0.8515625 0.5451388888888888 0.8359375 0.5451388888888888 0.83203125 0.5416666666666666 0.83203125 0.5381944444444444 0.8359375 0.5347222222222222
0 0.337890625 0.3576388888888889 0.337890625 0.3715277777777778 0.333984375 0.3784722222222222 0.318359375 0.3888888888888889 0.306640625 0.3888888888888889 0.3046875 0.3854166666666667 0.306640625 0.3715277777777778 0.3125 0.3645833333333333 0.3359375 0.3611111111111111
0 0.201171875 0.3263888888888889 0.201171875 0.34375 0.1953125 0.34375 0.185546875 0.3506944444444444 0.1796875 0.3611111111111111 0.1796875 0.3715277777777778 0.17578125 0.375 0.169921875 0.3645833333333333 0.162109375 0.3645833333333333 0.15234375 0.3715277777777778 0.126953125 0.3715277777777778 0.12109375 0.3645833333333333 0.12109375 0.3576388888888889 0.1328125 0.34375 0.15625 0.3402777777777778 0.166015625 0.3333333333333333 0.1875 0.3333333333333333 0.189453125 0.3298611111111111 0.19921875 0.3298611111111111
0 0.203125 0.3715277777777778 0.205078125 0.3715277777777778 0.2109375 0.3576388888888889 0.21484375 0.3576388888888889 0.220703125 0.3506944444444444 0.232421875 0.3506944444444444 0.234375 0.3472222222222222 0.283203125 0.3472222222222222 0.283203125 0.3576388888888889 0.279296875 0.3576388888888889 0.267578125 0.3715277777777778 0.255859375 0.3715277777777778 0.25390625 0.375 0.24609375 0.375 0.244140625 0.3784722222222222 0.2109375 0.3784722222222222 0.205078125 0.3715277777777778
0 0.302734375 0.16666666666666666 0.3046875 0.1701388888888889 0.310546875 0.1701388888888889 0.3125 0.1736111111111111 0.3125 0.1840277777777778 0.27734375 0.1840277777777778 0.275390625 0.1875 0.263671875 0.1875 0.26171875 0.1909722222222222 0.2265625 0.1909722222222222 0.224609375 0.1840277777777778 0.220703125 0.1840277777777778 0.23046875 0.1736111111111111 0.25 0.1701388888888889 0.251953125 0.16666666666666666 0.30078125 0.16666666666666666
0 0.03515625 0.3368055555555556 0.060546875 0.3368055555555556 0.0625 0.34375 0.06640625 0.34375 0.06640625 0.3541666666666667 0.060546875 0.3611111111111111 0.044921875 0.3611111111111111 0.037109375 0.3541666666666667 0.03125 0.3541666666666667 0.025390625 0.3472222222222222 0.025390625 0.34375 0.033203125 0.34375 0.03515625 0.3402777777777778
0 0.623046875 0.2916666666666667 0.640625 0.2916666666666667 0.642578125 0.2986111111111111 0.666015625 0.3090277777777778 0.666015625 0.3159722222222222 0.6640625 0.3194444444444444 0.630859375 0.3194444444444444 0.62890625 0.3159722222222222 0.615234375 0.3159722222222222 0.609375 0.3090277777777778 0.609375 0.3055555555555556 0.615234375 0.2986111111111111 0.62109375 0.2986111111111111 0.623046875 0.2951388888888889
0 0.521484375 0.2326388888888889 0.546875 0.2326388888888889 0.548828125 0.23958333333333334 0.560546875 0.23958333333333334 0.5625 0.24305555555555555 0.5625 0.2534722222222222 0.544921875 0.2569444444444444 0.54296875 0.2604166666666667 0.53515625 0.2604166666666667 0.529296875 0.2673611111111111 0.5234375 0.2673611111111111 0.521484375 0.2638888888888889 0.515625 0.2638888888888889 0.513671875 0.2534722222222222 0.509765625 0.25 0.509765625 0.24305555555555555 0.513671875 0.23958333333333334 0.51953125 0.23958333333333334 0.521484375 0.2361111111111111
0 0.3359375 0.6006944444444444 0.349609375 0.6006944444444444 0.3515625 0.6076388888888888 0.3515625 0.6944444444444444 0.349609375 0.6979166666666666 0.3359375 0.6979166666666666 0.330078125 0.7083333333333334 0.330078125 0.7118055555555556 0.326171875 0.7152777777777778 0.31640625 0.7152777777777778 0.314453125 0.71875 0.298828125 0.7222222222222222 0.296875 0.7256944444444444 0.279296875 0.7256944444444444 0.27734375 0.7291666666666666 0.26953125 0.7291666666666666 0.267578125 0.7256944444444444 0.25 0.7256944444444444 0.24609375 0.7361111111111112 0.23828125 0.75 0.236328125 0.75 0.232421875 0.7430555555555556 0.232421875 0.7326388888888888 0.2265625 0.7083333333333334 0.220703125 0.6979166666666666 0.220703125 0.6944444444444444 0.216796875 0.6909722222222222 0.216796875 0.6840277777777778 0.220703125 0.6805555555555556 0.2421875 0.6805555555555556 0.244140625 0.6840277777777778 0.26171875 0.6875 0.275390625 0.6736111111111112 0.283203125 0.6527777777777778 0.296875 0.6319444444444444 0.31640625 0.6145833333333334 0.322265625 0.6145833333333334 0.328125 0.6076388888888888 0.333984375 0.6076388888888888 0.3359375 0.6041666666666666
0 0.208984375 0.3680555555555556 0.208984375 0.375 0.21484375 0.3819444444444444 0.212890625 0.3854166666666667 0.212890625 0.3923611111111111 0.181640625 0.3958333333333333 0.1796875 0.3993055555555556 0.162109375 0.3993055555555556 0.16015625 0.3958333333333333 0.1640625 0.3958333333333333 0.171875 0.3888888888888889 0.177734375 0.3888888888888889 0.185546875 0.3819444444444444 0.19140625 0.3819444444444444 0.193359375 0.3784722222222222 0.201171875 0.3784722222222222 0.208984375 0.3715277777777778