0 0.5546875 0.08362369337979095 0.564453125 0.08362369337979095 0.568359375 0.0975609756097561 0.576171875 0.10801393728222997 0.580078125 0.11149825783972125 0.59375 0.11149825783972125 0.595703125 0.11846689895470383 0.623046875 0.11846689895470383 0.626953125 0.10801393728222997 0.626953125 0.1254355400696864 0.623046875 0.13937282229965156 0.619140625 0.14285714285714285 0.576171875 0.14285714285714285 0.578125 0.13588850174216027 0.576171875 0.13240418118466898 0.5703125 0.13240418118466898 0.5703125 0.1254355400696864 0.568359375 0.12195121951219512 0.5625 0.12195121951219512 0.560546875 0.1254355400696864 0.55859375 0.11846689895470383 0.55859375 0.10104529616724739 0.5546875 0.0975609756097561 0.5546875 0.08710801393728224
0 0.583984375 0.40418118466898956 0.595703125 0.40418118466898956 0.59765625 0.41114982578397213 0.6015625 0.41114982578397213 0.609375 0.4181184668989547 0.609375 0.42857142857142855 0.58984375 0.42857142857142855 0.583984375 0.42160278745644597 0.580078125 0.42160278745644597 0.580078125 0.4181184668989547 0.576171875 0.4146341463414634 0.576171875 0.41114982578397213 0.58203125 0.41114982578397213 0.583984375 0.4076655052264808
0 0.5859375 0.11149825783972125 0.5859375 0.1289198606271777 0.5703125 0.1289198606271777 0.5703125 0.11846689895470383 0.583984375 0.11149825783972125
0 0.509765625 0.07665505226480836 0.515625 0.08013937282229965 0.517578125 0.08710801393728224 0.529296875 0.08710801393728224 0.53125 0.09407665505226481 0.537109375 0.09407665505226481 0.5390625 0.10104529616724739 0.5390625 0.11498257839721254 0.5234375 0.11498257839721254 0.517578125 0.10801393728222997 0.515625 0.10104529616724739 0.509765625 0.10104529616724739 0.505859375 0.0975609756097561 0.509765625 0.09407665505226481 0.509765625 0.08013937282229965
0 0.537109375 0.32752613240418116 0.5390625 0.3310104529616725 0.55078125 0.3310104529616725 0.55078125 0.3588850174216028 0.521484375 0.3588850174216028 0.521484375 0.3310104529616725 0.525390625 0.32752613240418116 0.53515625 0.32752613240418116
0 0.6171875 0.8641114982578397 0.625 0.8571428571428571 0.638671875 0.8536585365853658 0.638671875 0.89198606271777 0.62109375 0.89198606271777 0.6171875 0.8885017421602788 0.6171875 0.8815331010452961 0.61328125 0.8780487804878049 0.61328125 0.8710801393728222 0.6171875 0.867595818815331
0 0.40234375 0.13240418118466898 0.4140625 0.13240418118466898 0.416015625 0.13937282229965156 0.427734375 0.13937282229965156 0.427734375 0.14982578397212543 0.3984375 0.14982578397212543 0.3984375 0.13937282229965156 0.40234375 0.13588850174216027
0 0.416015625 0.06968641114982578 0.435546875 0.06968641114982578 0.435546875 0.08013937282229965 0.4296875 0.08013937282229965 0.427734375 0.08362369337979095 0.416015625 0.08013937282229965 0.416015625 0.07317073170731707
0 0.427734375 0.06968641114982578 0.4375 0.06968641114982578 0.439453125 0.07665505226480836 0.4453125 0.07665505226480836 0.4453125 0.08013937282229965 0.44921875 0.08362369337979095 0.44921875 0.08710801393728224 0.423828125 0.08710801393728224 0.423828125 0.07665505226480836 0.427734375 0.07317073170731707
0 0.58203125 0.4146341463414634 0.58984375 0.4146341463414634 0.58984375 0.46689895470383275 0.583984375 0.4738675958188153 0.580078125 0.4738675958188153 0.578125 0.4808362369337979 0.5703125 0.4878048780487805 0.56640625 0.49825783972125437 0.552734375 0.4912891986062718 0.55078125 0.49477351916376305 0.55078125 0.5017421602787456 0.546875 0.5017421602787456 0.544921875 0.49825783972125437 0.544921875 0.4912891986062718 0.541015625 0.4878048780487805 0.541015625 0.4738675958188153 0.55078125 0.4738675958188153 0.552734375 0.47038327526132406 0.552734375 0.45993031358885017 0.560546875 0.4529616724738676 0.564453125 0.4425087108013937 0.572265625 0.4355400696864111 0.57421875 0.42857142857142855 0.58203125 0.4181184668989547
0 0.44921875 0.156794425087108 0.451171875 0.1602787456445993 0.462890625 0.1602787456445993 0.462890625 0.17421602787456447 0.43359375 0.17421602787456447 0.43359375 0.1602787456445993 0.4375 0.156794425087108 0.447265625 0.156794425087108
0 0.5390625 0.4878048780487805 0.54296875 0.4878048780487805 0.54296875 0.49825783972125437 0.548828125 0.5052264808362369 0.548828125 0.5296167247386759 0.53515625 0.5296167247386759 0.53515625 0.5261324041811847 0.53125 0.5226480836236934 0.53125 0.5121951219512195 0.53515625 0.5087108013937283 0.53515625 0.49825783972125437 0.537109375 0.49825783972125437 0.5390625 0.4912891986062718
0 0.5234375 0.28222996515679444 0.548828125 0.28222996515679444 0.548828125 0.30662020905923343 0.5234375 0.30662020905923343 0.5234375 0.2857142857142857
0 0.57421875 0.6759581881533101 0.576171875 0.6759581881533101 0.576171875 0.6794425087108014 0.58203125 0.686411149825784 0.599609375 0.686411149825784 0.6015625 0.6898954703832753 0.60546875 0.6898954703832753 0.607421875 0.6933797909407665 0.60546875 0.6968641114982579 0.60546875 0.7073170731707317 0.607421875 0.710801393728223 0.61328125 0.7073170731707317 0.615234375 0.7003484320557491 0.6171875 0.7003484320557491 0.61328125 0.710801393728223 0.61328125 0.7177700348432056 0.6171875 0.7247386759581882 0.6171875 0.7317073170731707 0.615234375 0.735191637630662 0.611328125 0.735191637630662 0.60546875 0.7421602787456446 0.564453125 0.7421602787456446 0.56640625 0.7003484320557491 0.5703125 0.6968641114982579 0.5703125 0.686411149825784 0.57421875 0.6794425087108014
0 0.583984375 0.818815331010453 0.595703125 0.818815331010453 0.595703125 0.8501742160278746 0.59375 0.8571428571428571 0.576171875 0.8571428571428571 0.57421875 0.8606271777003485 0.5703125 0.8571428571428571 0.5625 0.8571428571428571 0.5625 0.8536585365853658 0.56640625 0.8501742160278746 0.56640625 0.8432055749128919 0.5703125 0.8397212543554007 0.5703125 0.8327526132404182 0.583984375 0.8222996515679443
0 0.64453125 0.0627177700348432 0.650390625 0.0627177700348432 0.650390625 0.07317073170731707 0.646484375 0.07317073170731707 0.64453125 0.07665505226480836 0.640625 0.07317073170731707 0.6328125 0.07317073170731707 0.642578125 0.07317073170731707 0.64453125 0.06620209059233449
0 0.435546875 0.03832752613240418 0.443359375 0.03832752613240418 0.4453125 0.04529616724738676 0.451171875 0.04529616724738676 0.451171875 0.0627177700348432 0.42578125 0.0627177700348432 0.42578125 0.04529616724738676 0.43359375 0.04529616724738676 0.435546875 0.041811846689895474
0 0.515625 0.3867595818815331 0.521484375 0.3867595818815331 0.521484375 0.397212543554007 0.5234375 0.40069686411149824 0.5234375 0.4146341463414634 0.521484375 0.42160278745644597 0.51953125 0.42160278745644597 0.517578125 0.4146341463414634 0.51171875 0.4146341463414634 0.51171875 0.39372822299651566 0.515625 0.3902439024390244
0 0.376953125 0.1951219512195122 0.39453125 0.1951219512195122 0.39453125 0.1986062717770035 0.3984375 0.20209059233449478 0.400390625 0.20905923344947736 0.40234375 0.20905923344947736 0.40234375 0.21254355400696864 0.369140625 0.21254355400696864 0.369140625 0.20905923344947736 0.37109375 0.20905923344947736 0.373046875 0.20209059233449478 0.376953125 0.1986062717770035
0 0.443359375 0.0313588850174216 0.443359375 0.04529616724738676 0.421875 0.04529616724738676 0.41796875 0.041811846689895474 0.41796875 0.03484320557491289 0.42578125 0.027874564459930314 0.44140625 0.0313588850174216
0 0.35546875 0.22996515679442509 0.357421875 0.23344947735191637 0.3671875 0.23693379790940766 0.373046875 0.24390243902439024 0.376953125 0.24390243902439024 0.3828125 0.2508710801393728 0.3828125 0.2613240418118467 0.384765625 0.26480836236933797 0.384765625 0.2787456445993031 0.3828125 0.28222996515679444 0.376953125 0.28222996515679444 0.375 0.2787456445993031 0.369140625 0.2787456445993031 0.3671875 0.28222996515679444 0.337890625 0.28222996515679444 0.3359375 0.2787456445993031 0.3359375 0.23693379790940766 0.34375 0.22996515679442509 0.353515625 0.22996515679442509
0 0.6484375 0.9303135888501742 0.6484375 0.9337979094076655 0.65234375 0.9372822299651568 0.65625 0.9477351916376306 0.6875 0.9477351916376306 0.6875 0.9825783972125436 0.67578125 0.9825783972125436 0.673828125 0.975609756097561 0.669921875 0.975609756097561 0.669921875 0.9686411149825784 0.66796875 0.9651567944250871 0.65625 0.9616724738675958 0.654296875 0.9581881533101045 0.65234375 0.9616724738675958 0.64453125 0.9616724738675958 0.64453125 0.9372822299651568 0.6484375 0.9337979094076655
0 0.6875 0.1951219512195122 0.6875 0.24738675958188153 0.68359375 0.2508710801393728 0.669921875 0.2508710801393728 0.66015625 0.2578397212543554 0.65234375 0.2578397212543554 0.646484375 0.26480836236933797 0.630859375 0.2682926829268293 0.62890625 0.27177700348432055 0.62109375 0.27177700348432055 0.619140625 0.27526132404181186 0.615234375 0.27177700348432055 0.603515625 0.27177700348432055 0.603515625 0.2682926829268293 0.607421875 0.2682926829268293 0.611328125 0.2613240418118467 0.6171875 0.2613240418118467 0.62109375 0.25435540069686413 0.626953125 0.25435540069686413 0.6328125 0.24738675958188153 0.63671875 0.24738675958188153 0.646484375 0.23344947735191637 0.646484375 0.2264808362369338 0.65234375 0.21254355400696864 0.658203125 0.21254355400696864 0.66015625 0.20905923344947736 0.673828125 0.20557491289198607 0.6796875 0.1986062717770035 0.685546875 0.1986062717770035