0 0.31640625 0.10069444444444445 0.3203125 0.10069444444444445 0.3359375 0.11805555555555555 0.349609375 0.125 0.349609375 0.1284722222222222 0.353515625 0.13194444444444445 0.37109375 0.16666666666666666 0.37890625 0.1701388888888889 0.37890625 0.17708333333333334 0.3671875 0.1736111111111111 0.3515625 0.1840277777777778 0.341796875 0.1840277777777778 0.333984375 0.17708333333333334 0.328125 0.17708333333333334 0.314453125 0.14583333333333334 0.30859375 0.14583333333333334 0.30078125 0.15625 0.296875 0.15625 0.296875 0.14930555555555555 0.294921875 0.14583333333333334 0.294921875 0.1284722222222222 0.29296875 0.12152777777777778 0.294921875 0.11805555555555555 0.298828125 0.11805555555555555 0.30859375 0.1284722222222222 0.3125 0.1284722222222222 0.3203125 0.11458333333333333 0.318359375 0.10416666666666667
0 0.748046875 0.041666666666666664 0.751953125 0.041666666666666664 0.75390625 0.04513888888888889 0.771484375 0.04513888888888889 0.7734375 0.041666666666666664 0.783203125 0.041666666666666664 0.79296875 0.052083333333333336 0.794921875 0.0625 0.80078125 0.07291666666666667 0.8046875 0.08680555555555555 0.798828125 0.08680555555555555 0.791015625 0.0798611111111111 0.78515625 0.0798611111111111 0.783203125 0.0763888888888889 0.77734375 0.0763888888888889 0.775390625 0.07291666666666667 0.765625 0.06944444444444445 0.7578125 0.0625 0.748046875 0.04513888888888889
0 0.33984375 0 0.3984375 0 0.40234375 0.006944444444444444 0.404296875 0.017361111111111112 0.3984375 0.017361111111111112 0.388671875 0.010416666666666666 0.357421875 0.010416666666666666 0.35546875 0.006944444444444444 0.341796875 0.003472222222222222
0 0.716796875 0.8506944444444444 0.720703125 0.8541666666666666 0.73046875 0.875 0.73046875 0.8854166666666666 0.732421875 0.8923611111111112 0.740234375 0.9097222222222222 0.7421875 0.9305555555555556 0.740234375 0.9340277777777778 0.732421875 0.9340277777777778 0.728515625 0.9305555555555556 0.72265625 0.9236111111111112 0.712890625 0.8993055555555556 0.70703125 0.8645833333333334 0.7109375 0.8541666666666666 0.71484375 0.8541666666666666
0 0.69140625 0.1736111111111111 0.705078125 0.1736111111111111 0.70703125 0.17708333333333334 0.728515625 0.18055555555555555 0.744140625 0.19444444444444445 0.74609375 0.19444444444444445 0.751953125 0.1840277777777778 0.751953125 0.19444444444444445 0.755859375 0.2048611111111111 0.76953125 0.21875 0.787109375 0.25 0.7890625 0.2569444444444444 0.806640625 0.2708333333333333 0.810546875 0.2777777777777778 0.80859375 0.2847222222222222 0.8046875 0.2847222222222222 0.787109375 0.2673611111111111 0.783203125 0.2673611111111111 0.775390625 0.2604166666666667 0.76953125 0.2604166666666667 0.767578125 0.2569444444444444 0.755859375 0.2569444444444444 0.751953125 0.2638888888888889 0.751953125 0.2847222222222222 0.748046875 0.2847222222222222 0.748046875 0.2743055555555556 0.74609375 0.2708333333333333 0.74609375 0.25 0.7421875 0.24305555555555555 0.734375 0.23958333333333334 0.73046875 0.2326388888888889 0.724609375 0.22916666666666666 0.71875 0.21875 0.712890625 0.2152777777777778 0.69921875 0.1909722222222222 0.69921875 0.1875 0.69140625 0.17708333333333334
0 0.421875 0.03819444444444445 0.427734375 0.04861111111111111 0.43359375 0.04861111111111111 0.451171875 0.0625 0.45703125 0.07291666666666667 0.45703125 0.0763888888888889 0.4609375 0.0798611111111111 0.4609375 0.08333333333333333 0.466796875 0.09375 0.466796875 0.10416666666666667 0.46484375 0.1076388888888889 0.455078125 0.1076388888888889 0.453125 0.1111111111111111 0.451171875 0.1076388888888889 0.419921875 0.1076388888888889 0.416015625 0.10069444444444445 0.412109375 0.10069444444444445 0.40625 0.09375 0.400390625 0.09375 0.392578125 0.08680555555555555 0.388671875 0.0798611111111111 0.3828125 0.0763888888888889 0.376953125 0.06597222222222222 0.373046875 0.06597222222222222 0.365234375 0.059027777777777776 0.359375 0.04861111111111111 0.353515625 0.04861111111111111 0.353515625 0.04513888888888889 0.359375 0.03819444444444445 0.373046875 0.034722222222222224 0.38671875 0.024305555555555556 0.408203125 0.024305555555555556 0.4140625 0.034722222222222224 0.41796875 0.034722222222222224 0.419921875 0.03819444444444445
0 0.7109375 0.9375 0.71484375 0.9375 0.716796875 0.9340277777777778 0.7265625 0.9340277777777778 0.734375 0.9409722222222222 0.751953125 0.9791666666666666 0.751953125 0.9930555555555556 0.75 0.9965277777777778 0.73828125 0.9965277777777778 0.73046875 0.9895833333333334 0.716796875 0.9652777777777778 0.71484375 0.9548611111111112 0.7109375 0.9479166666666666 0.7109375 0.9409722222222222
0 0.400390625 0 0.453125 0 0.46875 0.04513888888888889 0.484375 0.06944444444444445 0.484375 0.07291666666666667 0.474609375 0.0625 0.447265625 0.05555555555555555 0.435546875 0.04513888888888889 0.431640625 0.04513888888888889 0.427734375 0.03819444444444445 0.412109375 0.024305555555555556 0.41015625 0.017361111111111112 0.400390625 0.003472222222222222
0 0.169921875 0 0.20703125 0 0.208984375 0.017361111111111112 0.2109375 0.020833333333333332 0.2109375 0.027777777777777776 0.203125 0.027777777777777776 0.181640625 0.010416666666666666 0.17578125 0.010416666666666666 0.169921875 0.003472222222222222
0 0.68359375 0.9236111111111112 0.6875 0.9236111111111112 0.697265625 0.9409722222222222 0.697265625 0.9479166666666666 0.701171875 0.9618055555555556 0.701171875 0.9756944444444444 0.697265625 0.9791666666666666 0.69140625 0.9756944444444444 0.685546875 0.9652777777777778 0.681640625 0.9513888888888888 0.681640625 0.9305555555555556 0.68359375 0.9270833333333334
0 0.4375 0.14583333333333334 0.44140625 0.14583333333333334 0.453125 0.13541666666666666 0.46484375 0.11458333333333333 0.46484375 0.1111111111111111 0.48046875 0.08680555555555555 0.484375 0.0763888888888889 0.513671875 0.041666666666666664 0.55078125 0.041666666666666664 0.552734375 0.03819444444444445 0.5625 0.03819444444444445 0.5625 0.04513888888888889 0.552734375 0.05555555555555555 0.544921875 0.0798611111111111 0.53125 0.10416666666666667 0.525390625 0.1076388888888889 0.521484375 0.11458333333333333 0.4921875 0.13541666666666666 0.46484375 0.13541666666666666 0.44140625 0.1527777777777778 0.4375 0.1527777777777778 0.4375 0.14930555555555555
0 0.08203125 0.1284722222222222 0.087890625 0.14583333333333334 0.087890625 0.16319444444444445 0.08203125 0.1840277777777778 0.07421875 0.19791666666666666 0.06640625 0.2013888888888889 0.05078125 0.22569444444444445 0.04296875 0.2326388888888889 0.0390625 0.2326388888888889 0.03125 0.24305555555555555 0.02734375 0.24305555555555555 0.025390625 0.23958333333333334 0.005859375 0.23958333333333334 0.00390625 0.2361111111111111 0 0.2361111111111111 0 0.2152777777777778 0.017578125 0.20833333333333334 0.02734375 0.1909722222222222 0.03515625 0.16319444444444445 0.04296875 0.1527777777777778 0.052734375 0.14930555555555555 0.05859375 0.1388888888888889 0.06640625 0.13194444444444445 0.076171875 0.13194444444444445 0.080078125 0.1284722222222222
0 0.88671875 0.12152777777777778 0.890625 0.125 0.890625 0.1284722222222222 0.89453125 0.13194444444444445 0.904296875 0.15625 0.908203125 0.1597222222222222 0.927734375 0.19444444444444445 0.927734375 0.19791666666666666 0.935546875 0.20833333333333334 0.935546875 0.21180555555555555 0.94140625 0.2222222222222222 0.951171875 0.2569444444444444 0.955078125 0.2638888888888889 0.958984375 0.28125 0.9765625 0.3125 0.994140625 0.3298611111111111 0.98828125 0.3368055555555556 0.970703125 0.3159722222222222 0.9609375 0.3090277777777778 0.95703125 0.3020833333333333 0.9453125 0.2986111111111111 0.943359375 0.2951388888888889 0.9375 0.2951388888888889 0.931640625 0.2881944444444444 0.921875 0.2847222222222222 0.90625 0.2708333333333333 0.87890625 0.22916666666666666 0.87890625 0.22569444444444445 0.8671875 0.2013888888888889 0.85546875 0.1597222222222222 0.849609375 0.14930555555555555 0.841796875 0.14583333333333334 0.83984375 0.1423611111111111 0.83984375 0.13194444444444445 0.84375 0.125 0.849609375 0.125 0.8515625 0.13194444444444445 0.859375 0.1388888888888889 0.880859375 0.1388888888888889 0.88671875 0.14583333333333334 0.890625 0.14583333333333334 0.892578125 0.1388888888888889 0.88671875 0.125
0 0 0 0.03125 0 0.0546875 0.059027777777777776 0.068359375 0.0763888888888889 0.068359375 0.0798611111111111 0.06640625 0.0798611111111111 0.056640625 0.06944444444444445 0.046875 0.06597222222222222 0.044921875 0.0625 0.037109375 0.0625 0.015625 0.04513888888888889 0 0.020833333333333332 0 0.003472222222222222
0 0.443359375 0.9305555555555556 0.451171875 0.9965277777777778 0.427734375 0.9965277777777778 0.427734375 0.9895833333333334 0.4296875 0.9861111111111112 0.4296875 0.96875 0.431640625 0.9652777777777778 0.4296875 0.9409722222222222 0.431640625 0.9409722222222222 0.431640625 0.9479166666666666 0.43359375 0.9513888888888888 0.4375 0.9513888888888888 0.44140625 0.9409722222222222 0.44140625 0.9340277777777778