0 0.705078125 0.9722222222222222 0.7109375 0.9722222222222222 0.7109375 0.9791666666666666 0.712890625 0.9826388888888888 0.712890625 0.9965277777777778 0.70703125 0.9965277777777778 0.705078125 0.9895833333333334 0.701171875 0.9895833333333334 0.705078125 0.9861111111111112 0.705078125 0.9756944444444444
0 0.689453125 0.5034722222222222 0.705078125 0.5034722222222222 0.701171875 0.5208333333333334 0.703125 0.5277777777777778 0.703125 0.5763888888888888 0.69921875 0.5763888888888888 0.697265625 0.5798611111111112 0.693359375 0.5798611111111112 0.6953125 0.5138888888888888 0.689453125 0.5069444444444444
0 0.548828125 0.6770833333333334 0.552734375 0.6805555555555556 0.556640625 0.6979166666666666 0.556640625 0.7118055555555556 0.552734375 0.7118055555555556 0.548828125 0.6979166666666666 0.548828125 0.6805555555555556
0 0.517578125 0.6666666666666666 0.5234375 0.6666666666666666 0.5234375 0.6701388888888888 0.52734375 0.6736111111111112 0.52734375 0.7013888888888888 0.529296875 0.7048611111111112 0.529296875 0.7118055555555556 0.52734375 0.7118055555555556 0.517578125 0.6909722222222222 0.517578125 0.6701388888888888
0 0.564453125 0.034722222222222224 0.578125 0.034722222222222224 0.572265625 0.04861111111111111 0.576171875 0.059027777777777776 0.576171875 0.0763888888888889 0.57421875 0.0798611111111111 0.57421875 0.08680555555555555 0.560546875 0.1111111111111111 0.55078125 0.11458333333333333 0.546875 0.10416666666666667 0.546875 0.0798611111111111 0.54296875 0.0763888888888889 0.54296875 0.06597222222222222 0.546875 0.06944444444444445 0.552734375 0.06944444444444445 0.556640625 0.05555555555555555 0.55859375 0.05555555555555555 0.56640625 0.041666666666666664 0.564453125 0.03819444444444445
0 0.67578125 0.7222222222222222 0.677734375 0.7222222222222222 0.67578125 0.7465277777777778 0.681640625 0.7534722222222222 0.6796875 0.7604166666666666 0.6796875 0.7777777777777778 0.67578125 0.7743055555555556 0.662109375 0.7743055555555556 0.666015625 0.7708333333333334 0.666015625 0.7638888888888888 0.671875 0.7534722222222222 0.6640625 0.7395833333333334 0.662109375 0.7395833333333334 0.66796875 0.7361111111111112 0.67578125 0.7256944444444444
0 0.560546875 0.59375 0.5625 0.6215277777777778 0.564453125 0.625 0.564453125 0.6388888888888888 0.5625 0.6423611111111112 0.564453125 0.6354166666666666 0.5625 0.6319444444444444 0.55859375 0.6041666666666666 0.552734375 0.5972222222222222 0.55859375 0.59375
0 0.484375 0 0.48828125 0 0.48828125 0.027777777777777776 0.486328125 0.03125 0.48828125 0.034722222222222224 0.48828125 0.04513888888888889 0.484375 0.04513888888888889 0.486328125 0.03819444444444445 0.484375 0.03125 0.484375 0.003472222222222222
0 0.546875 0.34375 0.55078125 0.34375 0.55078125 0.3472222222222222 0.5546875 0.3506944444444444 0.556640625 0.3576388888888889 0.556640625 0.3715277777777778 0.55859375 0.375 0.55859375 0.3819444444444444 0.556640625 0.3819444444444444 0.556640625 0.375 0.552734375 0.3715277777777778 0.552734375 0.3645833333333333 0.55078125 0.3576388888888889 0.546875 0.3541666666666667 0.546875 0.3472222222222222
0 0.72265625 0.5763888888888888 0.724609375 0.5798611111111112 0.724609375 0.6284722222222222 0.72265625 0.6319444444444444 0.71484375 0.6319444444444444 0.71484375 0.625 0.7109375 0.6215277777777778 0.7109375 0.6145833333333334 0.71484375 0.6111111111111112 0.71484375 0.5833333333333334 0.720703125 0.5763888888888888
0 0.728515625 0.5 0.728515625 0.5763888888888888 0.724609375 0.5729166666666666 0.724609375 0.5555555555555556 0.720703125 0.5520833333333334 0.720703125 0.5208333333333334 0.724609375 0.5173611111111112 0.724609375 0.5104166666666666 0.720703125 0.5069444444444444 0.7265625 0.5034722222222222
0 0.537109375 0.2569444444444444 0.5390625 0.2569444444444444 0.5390625 0.2777777777777778 0.541015625 0.28125 0.5390625 0.2916666666666667 0.537109375 0.2881944444444444 0.537109375 0.2708333333333333 0.533203125 0.2673611111111111 0.53515625 0.2673611111111111 0.537109375 0.2604166666666667
0 0.650390625 0.20833333333333334 0.65625 0.20833333333333334 0.66015625 0.2152777777777778 0.666015625 0.21875 0.677734375 0.24305555555555555 0.677734375 0.3125 0.67578125 0.3159722222222222 0.67578125 0.3298611111111111 0.681640625 0.3506944444444444 0.677734375 0.3506944444444444 0.673828125 0.34375 0.66015625 0.3472222222222222 0.662109375 0.3472222222222222 0.6640625 0.3402777777777778 0.669921875 0.3333333333333333 0.669921875 0.3159722222222222 0.662109375 0.3020833333333333 0.658203125 0.2777777777777778 0.654296875 0.2708333333333333 0.650390625 0.2708333333333333 0.650390625 0.2569444444444444 0.65234375 0.2534722222222222 0.6484375 0.2361111111111111 0.6484375 0.2152777777777778 0.650390625 0.21180555555555555
0 0.681640625 0.5138888888888888 0.68359375 0.5208333333333334 0.6875 0.5208333333333334 0.6875 0.5486111111111112 0.689453125 0.5520833333333334 0.6875 0.5763888888888888 0.685546875 0.5798611111111112 0.677734375 0.5798611111111112 0.677734375 0.5451388888888888 0.681640625 0.53125 0.681640625 0.5243055555555556 0.6796875 0.5208333333333334 0.681640625 0.5173611111111112
0 0.509765625 0.34375 0.515625 0.3472222222222222 0.515625 0.3680555555555556 0.513671875 0.3680555555555556 0.513671875 0.3611111111111111 0.509765625 0.3576388888888889 0.509765625 0.3472222222222222
0 0.70703125 0.9722222222222222 0.7109375 0.9722222222222222 0.7109375 0.9791666666666666 0.71484375 0.9930555555555556 0.71484375 0.9965277777777778 0.703125 0.9965277777777778 0.70703125 0.9930555555555556 0.70703125 0.9756944444444444
0 0.50390625 0.2986111111111111 0.5078125 0.2986111111111111 0.509765625 0.3055555555555556 0.509765625 0.3263888888888889 0.51171875 0.3298611111111111 0.51171875 0.3368055555555556 0.5078125 0.3368055555555556 0.509765625 0.3298611111111111 0.505859375 0.3263888888888889 0.50390625 0.3020833333333333
0 0.6171875 0.6805555555555556 0.619140625 0.6805555555555556 0.619140625 0.6944444444444444 0.623046875 0.7013888888888888 0.630859375 0.6979166666666666 0.6328125 0.7013888888888888 0.642578125 0.7013888888888888 0.64453125 0.7048611111111112 0.642578125 0.7048611111111112 0.640625 0.7118055555555556 0.638671875 0.7083333333333334 0.634765625 0.7118055555555556 0.6328125 0.7152777777777778 0.634765625 0.71875 0.6328125 0.7256944444444444 0.62890625 0.7256944444444444 0.625 0.7152777777777778 0.615234375 0.7083333333333334 0.615234375 0.6875 0.6171875 0.6840277777777778
0 0.705078125 0.020833333333333332 0.705078125 0.03125 0.70703125 0.034722222222222224 0.705078125 0.09027777777777778 0.703125 0.09375 0.69921875 0.09027777777777778 0.69921875 0.03819444444444445 0.701171875 0.034722222222222224 0.701171875 0.027777777777777776 0.705078125 0.024305555555555556
0 0.525390625 0.3263888888888889 0.529296875 0.3263888888888889 0.529296875 0.3333333333333333 0.533203125 0.3368055555555556 0.533203125 0.34375 0.53515625 0.3472222222222222 0.53515625 0.3715277777777778 0.53515625 0.3611111111111111 0.53125 0.3576388888888889 0.529296875 0.3472222222222222 0.525390625 0.34375 0.525390625 0.3298611111111111
0 0.52734375 0.25 0.52734375 0.2708333333333333 0.529296875 0.2743055555555556 0.52734375 0.2777777777777778 0.52734375 0.2916666666666667 0.525390625 0.2916666666666667 0.52734375 0.2847222222222222 0.52734375 0.2534722222222222
0 0.611328125 0.4270833333333333 0.6328125 0.4270833333333333 0.634765625 0.4305555555555556 0.6328125 0.4340277777777778 0.607421875 0.4340277777777778 0.611328125 0.4305555555555556
0 0.546875 0.2604166666666667 0.552734375 0.2604166666666667 0.552734375 0.28125 0.55078125 0.28125 0.55078125 0.2743055555555556 0.546875 0.2708333333333333 0.546875 0.2638888888888889
0 0.5546875 0.4097222222222222 0.556640625 0.4097222222222222 0.55859375 0.4166666666666667 0.55859375 0.4340277777777778 0.556640625 0.4340277777777778 0.556640625 0.4201388888888889 0.5546875 0.4131944444444444
0 0.54296875 0.6284722222222222 0.548828125 0.6284722222222222 0.552734375 0.6388888888888888 0.552734375 0.6493055555555556 0.5546875 0.6527777777777778 0.5546875 0.6736111111111112 0.55078125 0.6736111111111112 0.548828125 0.6701388888888888 0.546875 0.6354166666666666 0.54296875 0.6319444444444444
0 0.591796875 0.2881944444444444 0.595703125 0.2881944444444444 0.59375 0.2951388888888889 0.59375 0.3368055555555556 0.591796875 0.3402777777777778 0.58984375 0.3402777777777778 0.591796875 0.3368055555555556 0.591796875 0.2916666666666667
0 0.68359375 0.5972222222222222 0.6875 0.59375 0.6875 0.5868055555555556 0.689453125 0.5833333333333334 0.69140625 0.5833333333333334 0.69140625 0.59375 0.693359375 0.5972222222222222 0.693359375 0.625 0.69140625 0.6284722222222222 0.69140625 0.6423611111111112 0.6875 0.6423611111111112 0.68359375 0.6493055555555556 0.6796875 0.6493055555555556 0.677734375 0.6458333333333334 0.677734375 0.6180555555555556 0.681640625 0.6111111111111112 0.681640625 0.6041666666666666 0.68359375 0.6006944444444444
0 0.556640625 0.2847222222222222 0.55859375 0.2847222222222222 0.55859375 0.2951388888888889 0.560546875 0.2986111111111111 0.560546875 0.3194444444444444 0.55859375 0.3229166666666667 0.556640625 0.3159722222222222 0.556640625 0.3020833333333333 0.552734375 0.2986111111111111 0.552734375 0.2916666666666667 0.556640625 0.2881944444444444