0 0.63671875 0.445993031358885 0.640625 0.445993031358885 0.646484375 0.43902439024390244 0.65234375 0.43902439024390244 0.65234375 0.4878048780487805 0.6484375 0.4878048780487805 0.646484375 0.4912891986062718 0.64453125 0.4843205574912892 0.63671875 0.4843205574912892 0.634765625 0.4808362369337979 0.62890625 0.4808362369337979 0.623046875 0.4738675958188153 0.619140625 0.4738675958188153 0.619140625 0.47038327526132406 0.623046875 0.47038327526132406 0.625 0.4634146341463415 0.62890625 0.45993031358885017 0.62890625 0.4564459930313589 0.63671875 0.44947735191637633
0 0.408203125 0.7282229965156795 0.41796875 0.7386759581881533 0.421875 0.7386759581881533 0.423828125 0.735191637630662 0.423828125 0.7491289198606271 0.4140625 0.7526132404181185 0.408203125 0.759581881533101 0.3984375 0.759581881533101 0.396484375 0.7630662020905923 0.380859375 0.7630662020905923 0.37890625 0.759581881533101 0.37109375 0.759581881533101 0.37109375 0.7526132404181185 0.384765625 0.735191637630662 0.40625 0.7282229965156795
0 0.48046875 0 0.51953125 0 0.513671875 0 0.51171875 0.003484320557491289 0.48828125 0.003484320557491289 0.486328125 0 0.482421875 0
0 0.533203125 0.04529616724738676 0.5390625 0.04529616724738676 0.54296875 0.059233449477351915 0.546875 0.059233449477351915 0.552734375 0.06968641114982578 0.556640625 0.06968641114982578 0.55859375 0.07317073170731707 0.5703125 0.07317073170731707 0.572265625 0.07665505226480836 0.603515625 0.07665505226480836 0.60546875 0.08013937282229965 0.60546875 0.10104529616724739 0.59765625 0.11149825783972125 0.58203125 0.11149825783972125 0.57421875 0.11846689895470383 0.556640625 0.11846689895470383 0.55078125 0.11149825783972125 0.541015625 0.11149825783972125 0.537109375 0.10801393728222997 0.53515625 0.10104529616724739 0.53515625 0.09407665505226481 0.537109375 0.09059233449477352 0.537109375 0.06620209059233449 0.533203125 0.04878048780487805
0 0.490234375 0.09059233449477352 0.494140625 0.09059233449477352 0.49609375 0.0975609756097561 0.51171875 0.0975609756097561 0.52734375 0.10801393728222997 0.52734375 0.12195121951219512 0.513671875 0.1254355400696864 0.51171875 0.11846689895470383 0.5 0.11498257839721254 0.4921875 0.10452961672473868 0.486328125 0.10104529616724739 0.48828125 0.10104529616724739 0.490234375 0.09407665505226481
0 0.46484375 0.4425087108013937 0.478515625 0.4425087108013937 0.478515625 0.4529616724738676 0.47265625 0.4529616724738676 0.46484375 0.45993031358885017 0.458984375 0.4529616724738676 0.455078125 0.4529616724738676 0.455078125 0.44947735191637633 0.462890625 0.44947735191637633 0.46484375 0.445993031358885
0 0.609375 0.8780487804878049 0.6171875 0.8780487804878049 0.6171875 0.9163763066202091 0.6015625 0.9163763066202091 0.59765625 0.9128919860627178 0.595703125 0.9059233449477352 0.59375 0.9059233449477352 0.59375 0.8954703832752613 0.609375 0.8815331010452961
0 0.431640625 0.059233449477351915 0.455078125 0.059233449477351915 0.455078125 0.07317073170731707 0.447265625 0.07317073170731707 0.4453125 0.07665505226480836 0.42578125 0.06620209059233449 0.4296875 0.06620209059233449 0.431640625 0.0627177700348432
0 0.533203125 0.4634146341463415 0.541015625 0.4634146341463415 0.541015625 0.46689895470383275 0.54296875 0.47038327526132406 0.546875 0.47038327526132406 0.548828125 0.47735191637630664 0.548828125 0.49477351916376305 0.54296875 0.49477351916376305 0.541015625 0.5017421602787456 0.537109375 0.4912891986062718 0.529296875 0.4878048780487805 0.529296875 0.47038327526132406 0.533203125 0.46689895470383275
0 0.298828125 0.3240418118466899 0.30078125 0.32752613240418116 0.3046875 0.32752613240418116 0.306640625 0.3344947735191638 0.310546875 0.33797909407665505 0.314453125 0.3554006968641115 0.318359375 0.3554006968641115 0.3203125 0.3588850174216028 0.333984375 0.3588850174216028 0.333984375 0.3693379790940767 0.314453125 0.37282229965156793 0.3125 0.37630662020905925 0.2734375 0.37630662020905925 0.2734375 0.34494773519163763 0.28125 0.34146341463414637 0.287109375 0.3310104529616725 0.296875 0.3240418118466899
0 0.32421875 0.1951219512195122 0.326171875 0.1986062717770035 0.330078125 0.1986062717770035 0.330078125 0.21254355400696864 0.326171875 0.21254355400696864 0.32421875 0.21602787456445993 0.310546875 0.21602787456445993 0.30859375 0.21254355400696864 0.298828125 0.21254355400696864 0.296875 0.20905923344947736 0.29296875 0.20905923344947736 0.29296875 0.20557491289198607 0.296875 0.20557491289198607 0.302734375 0.1986062717770035 0.322265625 0.1951219512195122
0 0.431640625 0.1289198606271777 0.439453125 0.1289198606271777 0.44140625 0.13588850174216027 0.44140625 0.13937282229965156 0.4375 0.13937282229965156 0.43359375 0.14634146341463414 0.42578125 0.14634146341463414 0.421875 0.13937282229965156 0.4296875 0.13937282229965156 0.431640625 0.13240418118466898
0 0.630859375 0.30662020905923343 0.65234375 0.30662020905923343 0.65234375 0.3554006968641115 0.6484375 0.3623693379790941 0.630859375 0.36585365853658536 0.62890625 0.3693379790940767 0.619140625 0.3693379790940767 0.6171875 0.37282229965156793 0.591796875 0.3693379790940767 0.587890625 0.3797909407665505 0.587890625 0.37630662020905925 0.583984375 0.37282229965156793 0.580078125 0.3554006968641115 0.580078125 0.3519163763066202 0.587890625 0.3519163763066202 0.59765625 0.3310104529616725 0.609375 0.32752613240418116 0.61328125 0.3205574912891986 0.619140625 0.3205574912891986 0.623046875 0.313588850174216 0.62890625 0.313588850174216 0.630859375 0.31010452961672474
0 0.294921875 0.49825783972125437 0.306640625 0.4878048780487805 0.3125 0.4878048780487805 0.318359375 0.4808362369337979 0.32421875 0.4808362369337979 0.32421875 0.5156794425087108 0.3203125 0.519163763066202 0.30859375 0.519163763066202 0.306640625 0.5226480836236934 0.294921875 0.519163763066202 0.294921875 0.5017421602787456
0 0.44921875 0.519163763066202 0.4765625 0.519163763066202 0.4765625 0.5331010452961672 0.47265625 0.5365853658536586 0.458984375 0.5365853658536586 0.45703125 0.5400696864111498 0.453125 0.5365853658536586 0.443359375 0.5365853658536586 0.443359375 0.5296167247386759 0.447265625 0.5296167247386759 0.44921875 0.5226480836236934
0 0.283203125 0.04529616724738676 0.302734375 0.04529616724738676 0.302734375 0.05574912891986063 0.296875 0.05574912891986063 0.29296875 0.0627177700348432 0.287109375 0.05574912891986063 0.27734375 0.05574912891986063 0.27734375 0.05226480836236934 0.28125 0.05226480836236934 0.283203125 0.04878048780487805
0 0.443359375 0.0975609756097561 0.4609375 0.0975609756097561 0.4609375 0.10801393728222997 0.453125 0.10801393728222997 0.451171875 0.11149825783972125 0.4453125 0.11149825783972125 0.443359375 0.10801393728222997 0.431640625 0.10801393728222997 0.435546875 0.10801393728222997 0.443359375 0.10104529616724739
0 0.615234375 0.04878048780487805 0.619140625 0.04529616724738676 0.625 0.04529616724738676 0.625 0.07665505226480836 0.6171875 0.08362369337979095 0.607421875 0.08362369337979095 0.6015625 0.09059233449477352 0.599609375 0.08362369337979095 0.595703125 0.08362369337979095 0.595703125 0.07665505226480836 0.6015625 0.07317073170731707 0.603515625 0.06620209059233449 0.607421875 0.0627177700348432 0.607421875 0.059233449477351915 0.615234375 0.05226480836236934
0 0.306640625 0.16376306620209058 0.310546875 0.1602787456445993 0.32421875 0.1602787456445993 0.326171875 0.16376306620209058 0.330078125 0.16376306620209058 0.330078125 0.17421602787456447 0.322265625 0.17421602787456447 0.3203125 0.17770034843205576 0.314453125 0.17770034843205576 0.306640625 0.17073170731707318 0.306640625 0.1672473867595819
0 0.455078125 0.10104529616724739 0.46875 0.10104529616724739 0.46875 0.10452961672473868 0.47265625 0.10801393728222997 0.47265625 0.11149825783972125 0.46484375 0.11149825783972125 0.4609375 0.11846689895470383 0.455078125 0.11846689895470383 0.451171875 0.11149825783972125 0.443359375 0.11149825783972125 0.447265625 0.11149825783972125 0.455078125 0.10452961672473868
0 0.5078125 0.42857142857142855 0.515625 0.42857142857142855 0.515625 0.43205574912891986 0.5234375 0.43902439024390244 0.5234375 0.4425087108013937 0.529296875 0.44947735191637633 0.53125 0.4564459930313589 0.537109375 0.4564459930313589 0.537109375 0.4738675958188153 0.533203125 0.4738675958188153 0.53125 0.47735191637630664 0.529296875 0.47735191637630664 0.53125 0.4738675958188153 0.525390625 0.46689895470383275 0.51171875 0.46689895470383275 0.509765625 0.4634146341463415 0.50390625 0.4634146341463415 0.50390625 0.4564459930313589 0.5 0.4529616724738676 0.5 0.445993031358885 0.501953125 0.445993031358885 0.50390625 0.4425087108013937 0.50390625 0.4355400696864111 0.5078125 0.43205574912891986
0 0.291015625 0.4529616724738676 0.29296875 0.4564459930313589 0.3046875 0.4564459930313589 0.306640625 0.4634146341463415 0.31640625 0.46689895470383275 0.31640625 0.4808362369337979 0.314453125 0.4843205574912892 0.30859375 0.4843205574912892 0.306640625 0.4878048780487805 0.294921875 0.4878048780487805 0.29296875 0.4912891986062718 0.271484375 0.4878048780487805 0.271484375 0.4564459930313589 0.2890625 0.4529616724738676
0 0.484375 0.31010452961672474 0.4921875 0.30313588850174217 0.505859375 0.30313588850174217 0.5078125 0.30662020905923343 0.505859375 0.313588850174216 0.5 0.313588850174216 0.490234375 0.3205574912891986 0.48828125 0.3170731707317073 0.484375 0.3170731707317073 0.484375 0.313588850174216
0 0.537109375 0.6933797909407665 0.541015625 0.6933797909407665 0.548828125 0.7003484320557491 0.56640625 0.7003484320557491 0.568359375 0.7038327526132404 0.568359375 0.7177700348432056 0.576171875 0.7247386759581882 0.580078125 0.735191637630662 0.611328125 0.735191637630662 0.61328125 0.7386759581881533 0.623046875 0.7386759581881533 0.625 0.7421602787456446 0.646484375 0.7421602787456446 0.6484375 0.7456445993031359 0.65234375 0.7456445993031359 0.65234375 0.867595818815331 0.650390625 0.867595818815331 0.638671875 0.8501742160278746 0.638671875 0.8432055749128919 0.63671875 0.8397212543554007 0.63671875 0.8153310104529616 0.630859375 0.8048780487804879 0.625 0.8048780487804879 0.62109375 0.7979094076655052 0.611328125 0.794425087108014 0.60546875 0.7839721254355401 0.59765625 0.7804878048780488 0.5859375 0.7630662020905923 0.58203125 0.7630662020905923 0.57421875 0.7526132404181185 0.546875 0.7526132404181185 0.53515625 0.7630662020905923 0.533203125 0.759581881533101 0.533203125 0.7456445993031359 0.53515625 0.7421602787456446 0.53515625 0.7142857142857143 0.537109375 0.710801393728223 0.537109375 0.6968641114982579
0 0.443359375 0.5853658536585366 0.44921875 0.5853658536585366 0.451171875 0.5818815331010453 0.455078125 0.5853658536585366 0.466796875 0.5853658536585366 0.466796875 0.5958188153310104 0.4609375 0.5958188153310104 0.458984375 0.5993031358885017 0.443359375 0.5958188153310104 0.443359375 0.5888501742160279