0 0.419921875 0.6794425087108014 0.423828125 0.6759581881533101 0.42578125 0.6794425087108014 0.439453125 0.6794425087108014 0.44140625 0.686411149825784 0.447265625 0.686411149825784 0.44921875 0.6829268292682927 0.447265625 0.6968641114982579 0.44140625 0.7038327526132404 0.4296875 0.7038327526132404 0.427734375 0.7073170731707317 0.41015625 0.7073170731707317 0.4140625 0.6933797909407665 0.419921875 0.6829268292682927
0 0.505859375 0.10104529616724739 0.51171875 0.0975609756097561 0.513671875 0.10104529616724739 0.51953125 0.10104529616724739 0.5234375 0.10452961672473868 0.52734375 0.11149825783972125 0.52734375 0.12195121951219512 0.525390625 0.1254355400696864 0.51953125 0.1254355400696864 0.515625 0.12195121951219512 0.5078125 0.10104529616724739
0 0.32421875 0.027874564459930314 0.326171875 0.03832752613240418 0.322265625 0.04878048780487805 0.314453125 0.041811846689895474 0.314453125 0.0313588850174216 0.31640625 0.027874564459930314 0.322265625 0.027874564459930314
0 0.552734375 0.6480836236933798 0.556640625 0.6480836236933798 0.55859375 0.6550522648083623 0.5625 0.6550522648083623 0.56640625 0.662020905923345 0.58203125 0.662020905923345 0.58203125 0.6759581881533101 0.5859375 0.6794425087108014 0.5859375 0.686411149825784 0.587890625 0.6898954703832753 0.5859375 0.6933797909407665 0.5859375 0.7003484320557491 0.580078125 0.7073170731707317 0.55859375 0.7073170731707317 0.556640625 0.710801393728223 0.548828125 0.710801393728223 0.548828125 0.7003484320557491 0.55078125 0.6968641114982579 0.55078125 0.6724738675958188 0.552734375 0.6689895470383276 0.55078125 0.6585365853658537 0.552734375 0.6515679442508711
0 0.615234375 0.818815331010453 0.61328125 0.8153310104529616 0.615234375 0.818815331010453 0.615234375 0.8501742160278746 0.61328125 0.8536585365853658 0.607421875 0.8536585365853658 0.603515625 0.8501742160278746 0.6015625 0.8432055749128919 0.599609375 0.8432055749128919 0.599609375 0.8397212543554007 0.6015625 0.8397212543554007 0.60546875 0.8292682926829268 0.615234375 0.8222996515679443
0 0.544921875 0.42857142857142855 0.55078125 0.42857142857142855 0.5546875 0.43902439024390244 0.5546875 0.4634146341463415 0.552734375 0.46689895470383275 0.548828125 0.46689895470383275 0.544921875 0.45993031358885017 0.544921875 0.43205574912891986
0 0.443359375 0.0975609756097561 0.447265625 0.0975609756097561 0.44921875 0.10452961672473868 0.447265625 0.11149825783972125 0.44140625 0.11149825783972125 0.4375 0.10801393728222997 0.4375 0.10452961672473868 0.44140625 0.10452961672473868 0.443359375 0.10104529616724739
0 0.552734375 0.04529616724738676 0.556640625 0.04878048780487805 0.55859375 0.0627177700348432 0.5703125 0.08013937282229965 0.57421875 0.08013937282229965 0.576171875 0.08362369337979095 0.603515625 0.08362369337979095 0.60546875 0.08710801393728224 0.609375 0.08710801393728224 0.611328125 0.08362369337979095 0.611328125 0.07665505226480836 0.609375 0.09407665505226481 0.60546875 0.10452961672473868 0.59375 0.11498257839721254 0.578125 0.11846689895470383 0.576171875 0.12195121951219512 0.560546875 0.11846689895470383 0.552734375 0.10801393728222997 0.552734375 0.059233449477351915 0.548828125 0.05574912891986063 0.548828125 0.05226480836236934 0.552734375 0.04878048780487805
0 0.333984375 0.31010452961672474 0.337890625 0.3205574912891986 0.341796875 0.3240418118466899 0.341796875 0.3344947735191638 0.345703125 0.34146341463414637 0.349609375 0.34146341463414637 0.3515625 0.34494773519163763 0.349609375 0.3519163763066202 0.341796875 0.3588850174216028 0.337890625 0.3588850174216028 0.3359375 0.3623693379790941 0.322265625 0.3623693379790941 0.3203125 0.36585365853658536 0.3125 0.3623693379790941 0.3125 0.32752613240418116 0.32421875 0.313588850174216 0.33203125 0.31010452961672474
0 0.3359375 0.15331010452961671 0.337890625 0.15331010452961671 0.341796875 0.16376306620209058 0.33984375 0.17073170731707318 0.3359375 0.1672473867595819 0.333984375 0.16376306620209058 0.3359375 0.156794425087108
0 0.51953125 0.289198606271777 0.515625 0.29965156794425085 0.51171875 0.30313588850174217 0.51171875 0.2961672473867596 0.517578125 0.2926829268292683
0 0.388671875 0.4425087108013937 0.390625 0.445993031358885 0.390625 0.4564459930313589 0.388671875 0.45993031358885017 0.384765625 0.45993031358885017 0.3828125 0.4529616724738676 0.3828125 0.445993031358885 0.38671875 0.4425087108013937
0 0.615234375 0.30662020905923343 0.630859375 0.30662020905923343 0.6328125 0.313588850174216 0.63671875 0.313588850174216 0.642578125 0.3205574912891986 0.640625 0.32752613240418116 0.640625 0.33797909407665505 0.630859375 0.3519163763066202 0.625 0.3519163763066202 0.623046875 0.3554006968641115 0.603515625 0.3554006968641115 0.599609375 0.3519163763066202 0.599609375 0.34146341463414637 0.595703125 0.33797909407665505 0.595703125 0.3310104529616725 0.59765625 0.3310104529616725 0.603515625 0.3170731707317073 0.607421875 0.3170731707317073 0.615234375 0.31010452961672474
0 0.4765625 0.4878048780487805 0.484375 0.4843205574912892 0.48828125 0.4738675958188153 0.490234375 0.4738675958188153 0.4921875 0.4808362369337979 0.490234375 0.4843205574912892 0.490234375 0.49477351916376305 0.478515625 0.49825783972125437 0.4765625 0.4912891986062718
0 0.318359375 0.05574912891986063 0.322265625 0.05226480836236934 0.328125 0.05226480836236934 0.330078125 0.059233449477351915 0.330078125 0.06968641114982578 0.32421875 0.06968641114982578 0.318359375 0.0627177700348432 0.318359375 0.059233449477351915
0 0.33203125 0.43205574912891986 0.33203125 0.4355400696864111 0.337890625 0.4425087108013937 0.341796875 0.4529616724738676 0.341796875 0.4634146341463415 0.33984375 0.46689895470383275 0.3359375 0.46689895470383275 0.333984375 0.45993031358885017 0.333984375 0.44947735191637633 0.33203125 0.445993031358885 0.33203125 0.4355400696864111
0 0.6484375 0.4146341463414634 0.6484375 0.4634146341463415 0.646484375 0.4634146341463415 0.64453125 0.4564459930313589 0.638671875 0.4564459930313589 0.6328125 0.44947735191637633 0.634765625 0.4355400696864111 0.63671875 0.4355400696864111 0.638671875 0.42857142857142855 0.646484375 0.4181184668989547
0 0.556640625 0.6480836236933798 0.564453125 0.6585365853658537 0.578125 0.6585365853658537 0.578125 0.6655052264808362 0.576171875 0.6689895470383276 0.58203125 0.6759581881533101 0.5859375 0.686411149825784 0.58984375 0.686411149825784 0.591796875 0.6898954703832753 0.595703125 0.686411149825784 0.60546875 0.686411149825784 0.607421875 0.6898954703832753 0.619140625 0.6898954703832753 0.62109375 0.6933797909407665 0.630859375 0.6933797909407665 0.6328125 0.6968641114982579 0.64453125 0.6968641114982579 0.6484375 0.7003484320557491 0.6484375 0.8118466898954704 0.64453125 0.8118466898954704 0.63671875 0.7979094076655052 0.6328125 0.7804878048780488 0.6328125 0.7630662020905923 0.62890625 0.7526132404181185 0.62109375 0.7491289198606271 0.6015625 0.7247386759581882 0.59765625 0.7247386759581882 0.58203125 0.7038327526132404 0.55859375 0.7038327526132404 0.5546875 0.710801393728223 0.548828125 0.710801393728223 0.548828125 0.6968641114982579 0.55078125 0.6933797909407665 0.55078125 0.6515679442508711 0.5546875 0.6480836236933798
0 0.31491712707182323 0.45190675111171 0.007221167127071823 0.010841819546845825
0 0.4453125 0.07317073170731707 0.447265625 0.06968641114982578 0.45703125 0.06968641114982578 0.45703125 0.07665505226480836 0.455078125 0.08013937282229965 0.44921875 0.08013937282229965 0.447265625 0.07665505226480836
0 0.517578125 0.5087108013937283 0.525390625 0.5121951219512195 0.52734375 0.519163763066202 0.53125 0.519163763066202 0.53125 0.5435540069686411 0.533203125 0.5470383275261324 0.53125 0.5609756097560976 0.52734375 0.5644599303135889 0.52734375 0.5574912891986062 0.5234375 0.554006968641115 0.5234375 0.5261324041811847 0.517578125 0.519163763066202 0.517578125 0.5121951219512195
0 0.427734375 0.14634146341463414 0.439453125 0.14285714285714285 0.439453125 0.14982578397212543 0.427734375 0.14982578397212543
0 0.494140625 0.40418118466898956 0.49609375 0.40418118466898956 0.49609375 0.4146341463414634 0.494140625 0.4181184668989547 0.490234375 0.42160278745644597 0.486328125 0.42160278745644597 0.484375 0.4181184668989547 0.486328125 0.41114982578397213 0.4921875 0.41114982578397213 0.494140625 0.4076655052264808
0 0.4806629834254144 0.11137505534487074 0.009431111878453038 0.017741159258474987
0 0.474609375 0.5505226480836237 0.4765625 0.5505226480836237 0.4765625 0.554006968641115 0.48046875 0.5574912891986062 0.482421875 0.5644599303135889 0.474609375 0.5644599303135889 0.470703125 0.5609756097560976 0.474609375 0.554006968641115
0 0.544921875 0.09059233449477352 0.54296875 0.0975609756097561 0.5390625 0.10104529616724739 0.53515625 0.10104529616724739 0.533203125 0.09407665505226481 0.54296875 0.09407665505226481