0 0.61328125 0.5923344947735192 0.6171875 0.5923344947735192 0.62109375 0.6027874564459931 0.62109375 0.6097560975609756 0.625 0.6236933797909407 0.625 0.6445993031358885 0.623046875 0.6515679442508711 0.615234375 0.6585365853658537 0.611328125 0.6550522648083623 0.611328125 0.6202090592334495 0.61328125 0.6167247386759582 0.61328125 0.5958188153310104
0 0.46875 0.36585365853658536 0.474609375 0.36585365853658536 0.4765625 0.37282229965156793 0.48046875 0.37282229965156793 0.48046875 0.3797909407665505 0.4765625 0.3797909407665505 0.47265625 0.37630662020905925 0.470703125 0.3693379790940767 0.46875 0.3693379790940767
0 0.4921875 0.8048780487804879 0.494140625 0.8048780487804879 0.498046875 0.8153310104529616 0.498046875 0.8222996515679443 0.49609375 0.8222996515679443 0.4921875 0.8153310104529616 0.4921875 0.8083623693379791
0 0.470703125 0.4076655052264808 0.474609375 0.40418118466898956 0.478515625 0.4146341463414634 0.478515625 0.42160278745644597 0.4765625 0.42160278745644597 0.47265625 0.41114982578397213
0 0.54296875 0.05226480836236934 0.5625 0.06968641114982578 0.568359375 0.08013937282229965 0.572265625 0.0975609756097561 0.56640625 0.0975609756097561 0.56640625 0.09407665505226481 0.55859375 0.08362369337979095 0.552734375 0.08362369337979095 0.55078125 0.08013937282229965 0.54296875 0.08013937282229965 0.5390625 0.07665505226480836 0.53515625 0.06620209059233449 0.53125 0.0627177700348432 0.53125 0.05574912891986063 0.53515625 0.05226480836236934 0.541015625 0.05226480836236934
0 0.56640625 0.926829268292683 0.568359375 0.926829268292683 0.572265625 0.9407665505226481 0.572265625 0.9965156794425087 0.56640625 0.9930313588850174 0.56640625 0.9303135888501742
0 0.607421875 0.7038327526132404 0.611328125 0.7212543554006968 0.611328125 0.7456445993031359 0.609375 0.7491289198606271 0.609375 0.7560975609756098 0.6015625 0.7700348432055749 0.59765625 0.7700348432055749 0.59765625 0.7630662020905923 0.59375 0.759581881533101 0.59375 0.735191637630662 0.595703125 0.735191637630662 0.6015625 0.7247386759581882 0.60546875 0.7073170731707317
0 0.666015625 0.13588850174216027 0.66796875 0.13588850174216027 0.66796875 0.16376306620209058 0.666015625 0.16376306620209058 0.666015625 0.13937282229965156
0 0.48046875 0.06968641114982578 0.484375 0.07317073170731707 0.498046875 0.07317073170731707 0.490234375 0.09059233449477352 0.490234375 0.10452961672473868 0.494140625 0.11498257839721254 0.494140625 0.14285714285714285 0.48828125 0.16376306620209058 0.48046875 0.17770034843205576 0.47265625 0.17770034843205576 0.470703125 0.17421602787456447 0.470703125 0.1672473867595819 0.46875 0.16376306620209058 0.46875 0.13937282229965156 0.466796875 0.13588850174216027 0.46875 0.13588850174216027 0.474609375 0.1254355400696864 0.478515625 0.10801393728222997 0.486328125 0.09059233449477352 0.48046875 0.07317073170731707
0 0.55078125 0.662020905923345 0.568359375 0.662020905923345 0.5703125 0.6585365853658537 0.576171875 0.6585365853658537 0.578125 0.662020905923345 0.578125 0.6689895470383276 0.55078125 0.6689895470383276 0.55078125 0.6655052264808362
0 0.666015625 0.10452961672473868 0.66796875 0.10452961672473868 0.66796875 0.11846689895470383 0.6640625 0.11846689895470383 0.6640625 0.11149825783972125 0.666015625 0.10801393728222997
0 0.494140625 0.7630662020905923 0.5 0.7630662020905923 0.5 0.7665505226480837 0.505859375 0.7735191637630662 0.50390625 0.7770034843205574 0.5 0.7770034843205574 0.49609375 0.7735191637630662 0.494140625 0.7665505226480837
0 0.484375 0.3310104529616725 0.490234375 0.32752613240418116 0.494140625 0.34146341463414637 0.494140625 0.34843205574912894 0.4921875 0.34843205574912894 0.484375 0.3344947735191638
0 0.642578125 0.9233449477351916 0.646484375 0.926829268292683 0.646484375 0.9337979094076655 0.6484375 0.9372822299651568 0.6484375 0.9442508710801394 0.646484375 0.9477351916376306 0.642578125 0.9407665505226481 0.642578125 0.926829268292683
0 0.5 0.8083623693379791 0.501953125 0.8083623693379791 0.50390625 0.8153310104529616 0.50390625 0.8257839721254355 0.5 0.8222996515679443 0.5 0.8118466898954704
0 0.58984375 0.5923344947735192 0.591796875 0.5923344947735192 0.59765625 0.6132404181184669 0.59765625 0.6236933797909407 0.599609375 0.627177700348432 0.599609375 0.6515679442508711 0.6015625 0.6550522648083623 0.59765625 0.6689895470383276 0.59765625 0.686411149825784 0.599609375 0.6898954703832753 0.599609375 0.6968641114982579 0.58984375 0.6933797909407665 0.59375 0.686411149825784 0.59375 0.6724738675958188 0.58984375 0.6585365853658537 0.58984375 0.6445993031358885 0.583984375 0.6376306620209059 0.583984375 0.6306620209059234 0.587890625 0.627177700348432 0.587890625 0.6027874564459931 0.58984375 0.5958188153310104
0 0.46875 0.4425087108013937 0.470703125 0.4425087108013937 0.4765625 0.4529616724738676 0.4765625 0.4564459930313589 0.474609375 0.4564459930313589 0.47265625 0.44947735191637633 0.46875 0.445993031358885
0 0.482421875 0.4076655052264808 0.48828125 0.4146341463414634 0.48828125 0.42857142857142855 0.486328125 0.42857142857142855 0.48046875 0.4146341463414634 0.482421875 0.41114982578397213
0 0.49609375 0.3867595818815331 0.498046875 0.3867595818815331 0.505859375 0.41114982578397213 0.505859375 0.4146341463414634 0.501953125 0.4146341463414634 0.501953125 0.4076655052264808 0.5 0.40069686411149824 0.49609375 0.397212543554007 0.49609375 0.3902439024390244
0 0.515625 0.8501742160278746 0.51953125 0.8501742160278746 0.51953125 0.8571428571428571 0.52734375 0.8710801393728222 0.52734375 0.8780487804878049 0.53125 0.89198606271777 0.53125 0.9059233449477352 0.525390625 0.9024390243902439 0.521484375 0.89198606271777 0.51953125 0.867595818815331 0.515625 0.8536585365853658
0 0.484375 0.7630662020905923 0.486328125 0.7700348432055749 0.4921875 0.7804878048780488 0.494140625 0.7804878048780488 0.4921875 0.7874564459930313 0.48828125 0.7839721254355401 0.484375 0.7770034843205574 0.484375 0.7665505226480837
0 0.5390625 0.8222996515679443 0.54296875 0.8257839721254355 0.544921875 0.8397212543554007 0.548828125 0.8501742160278746 0.548828125 0.8710801393728222 0.546875 0.867595818815331 0.541015625 0.8501742160278746 0.5390625 0.8257839721254355
0 0.328125 0.24738675958188153 0.330078125 0.24738675958188153 0.33203125 0.24041811846689895 0.337890625 0.23344947735191637 0.33203125 0.2682926829268293 0.328125 0.27177700348432055 0.328125 0.2508710801393728
0 0.466796875 0.3797909407665505 0.47265625 0.3797909407665505 0.4765625 0.39372822299651566 0.4765625 0.40069686411149824 0.47265625 0.40069686411149824 0.470703125 0.3867595818815331 0.466796875 0.3832752613240418
0 0.662109375 0.020905923344947737 0.66796875 0.041811846689895474 0.66796875 0.07317073170731707 0.666015625 0.05574912891986063 0.662109375 0.04529616724738676 0.662109375 0.03484320557491289 0.658203125 0.0313588850174216 0.658203125 0.024390243902439025 0.66015625 0.024390243902439025
0 0.513671875 0.40418118466898956 0.513671875 0.41114982578397213 0.525390625 0.4355400696864111 0.5234375 0.4425087108013937 0.51953125 0.42857142857142855 0.513671875 0.4181184668989547 0.5078125 0.4146341463414634 0.513671875 0.4076655052264808
0 0.654296875 0.7630662020905923 0.65625 0.7630662020905923 0.65625 0.7700348432055749 0.66015625 0.7804878048780488 0.66015625 0.7874564459930313 0.6640625 0.7979094076655052 0.6640625 0.8048780487804879 0.66796875 0.818815331010453 0.66796875 0.8466898954703833 0.662109375 0.8606271777003485 0.65625 0.8606271777003485 0.658203125 0.8536585365853658 0.654296875 0.8362369337979094 0.654296875 0.818815331010453 0.650390625 0.8153310104529616 0.650390625 0.8118466898954704 0.654296875 0.8083623693379791 0.650390625 0.8048780487804879 0.650390625 0.7979094076655052 0.654296875 0.794425087108014 0.654296875 0.7770034843205574 0.650390625 0.7735191637630662 0.65234375 0.7735191637630662 0.654296875 0.7665505226480837
0 0.478515625 0.7735191637630662 0.482421875 0.7909407665505227 0.478515625 0.7874564459930313 0.478515625 0.7770034843205574
0 0.623046875 0.10452961672473868 0.625 0.10801393728222997 0.625 0.1289198606271777 0.623046875 0.13240418118466898 0.62109375 0.156794425087108 0.6171875 0.156794425087108 0.6171875 0.1289198606271777 0.619140625 0.1254355400696864 0.62109375 0.10801393728222997
0 0.515625 0.4634146341463415 0.51953125 0.4634146341463415 0.5234375 0.4738675958188153 0.5234375 0.4808362369337979 0.51953125 0.47735191637630664 0.517578125 0.46689895470383275
0 0.544921875 0.3902439024390244 0.548828125 0.3902439024390244 0.548828125 0.445993031358885 0.544921875 0.4355400696864111 0.544921875 0.39372822299651566