0 0.65625 0.3693379790940767 0.65625 0.43205574912891986 0.646484375 0.43205574912891986 0.64453125 0.42857142857142855 0.64453125 0.397212543554007 0.646484375 0.39372822299651566 0.646484375 0.3867595818815331 0.654296875 0.3797909407665505 0.65625 0.37282229965156793
0 0.49609375 0.10801393728222997 0.50390625 0.10801393728222997 0.505859375 0.11498257839721254 0.509765625 0.11498257839721254 0.509765625 0.12195121951219512 0.51171875 0.1254355400696864 0.51171875 0.13588850174216027 0.501953125 0.13588850174216027 0.49609375 0.1289198606271777 0.49609375 0.11149825783972125
0 0.548828125 0.7038327526132404 0.560546875 0.7142857142857143 0.576171875 0.7142857142857143 0.576171875 0.7317073170731707 0.578125 0.735191637630662 0.583984375 0.7282229965156795 0.580078125 0.7386759581881533 0.5859375 0.7491289198606271 0.57421875 0.7630662020905923 0.560546875 0.7630662020905923 0.556640625 0.759581881533101 0.548828125 0.7700348432055749 0.54296875 0.7700348432055749 0.54296875 0.759581881533101 0.544921875 0.7560975609756098 0.544921875 0.7282229965156795 0.546875 0.7247386759581882 0.546875 0.7142857142857143 0.548828125 0.7073170731707317
0 0.609375 0.8850174216027874 0.607421875 0.89198606271777 0.607421875 0.9198606271777003 0.599609375 0.9198606271777003 0.59375 0.9128919860627178 0.59375 0.8954703832752613 0.599609375 0.8885017421602788 0.607421875 0.8850174216027874
0 0.5390625 0.13240418118466898 0.54296875 0.1289198606271777 0.587890625 0.1289198606271777 0.58984375 0.13240418118466898 0.59765625 0.13240418118466898 0.611328125 0.11846689895470383 0.611328125 0.1289198606271777 0.609375 0.13240418118466898 0.603515625 0.13588850174216027 0.59375 0.14982578397212543 0.583984375 0.14982578397212543 0.578125 0.156794425087108 0.556640625 0.156794425087108 0.5546875 0.15331010452961671 0.548828125 0.15331010452961671 0.544921875 0.14982578397212543 0.544921875 0.14285714285714285 0.5390625 0.13588850174216027
0 0.341796875 0.11149825783972125 0.345703125 0.11498257839721254 0.345703125 0.1254355400696864 0.337890625 0.1289198606271777 0.333984375 0.12195121951219512 0.333984375 0.11846689895470383 0.33984375 0.11846689895470383 0.341796875 0.11498257839721254
0 0.388671875 0.09059233449477352 0.390625 0.09407665505226481 0.390625 0.10104529616724739 0.38671875 0.10104529616724739 0.384765625 0.10452961672473868 0.376953125 0.10452961672473868 0.373046875 0.10104529616724739 0.373046875 0.09059233449477352 0.375 0.08710801393728224 0.384765625 0.08710801393728224 0.38671875 0.09059233449477352
0 0.583984375 0.41114982578397213 0.580078125 0.43205574912891986 0.578125 0.43205574912891986 0.572265625 0.445993031358885 0.572265625 0.4634146341463415 0.5703125 0.46689895470383275 0.56640625 0.46689895470383275 0.564453125 0.45993031358885017 0.560546875 0.45993031358885017 0.5546875 0.46689895470383275 0.544921875 0.47038327526132406 0.54296875 0.4738675958188153 0.54296875 0.4912891986062718 0.533203125 0.4634146341463415 0.529296875 0.45993031358885017 0.529296875 0.4564459930313589 0.533203125 0.4529616724738676 0.533203125 0.445993031358885 0.53515625 0.4425087108013937 0.53515625 0.43205574912891986 0.529296875 0.4250871080139373 0.529296875 0.4181184668989547 0.533203125 0.4181184668989547 0.53515625 0.4146341463414634 0.5390625 0.4181184668989547 0.55078125 0.4181184668989547 0.552734375 0.4146341463414634 0.5625 0.4146341463414634 0.564453125 0.41114982578397213 0.58203125 0.41114982578397213
0 0.55078125 0.8745644599303136 0.552734375 0.8745644599303136 0.552734375 0.8850174216027874 0.5546875 0.8885017421602788 0.55078125 0.89198606271777 0.548828125 0.9024390243902439 0.5390625 0.9163763066202091 0.533203125 0.9163763066202091 0.52734375 0.9233449477351916 0.5234375 0.9233449477351916 0.5234375 0.9059233449477352 0.525390625 0.8989547038327527 0.53515625 0.8885017421602788 0.544921875 0.8885017421602788 0.55078125 0.8780487804878049
0 0.501953125 0.5261324041811847 0.50390625 0.5261324041811847 0.50390625 0.5296167247386759 0.509765625 0.5400696864111498 0.513671875 0.5400696864111498 0.513671875 0.5470383275261324 0.515625 0.5505226480836237 0.515625 0.5714285714285714 0.5078125 0.5644599303135889 0.5 0.5644599303135889 0.5 0.5609756097560976 0.505859375 0.5609756097560976 0.5078125 0.5574912891986062 0.505859375 0.5435540069686411 0.501953125 0.5400696864111498 0.501953125 0.5296167247386759
0 0.603515625 0.08013937282229965 0.60546875 0.08013937282229965 0.60546875 0.09407665505226481 0.6015625 0.09407665505226481 0.603515625 0.09059233449477352 0.603515625 0.08362369337979095
0 0.353515625 0.1602787456445993 0.361328125 0.1602787456445993 0.361328125 0.17421602787456447 0.357421875 0.17770034843205576 0.3515625 0.17073170731707318 0.353515625 0.16376306620209058
0 0.3984375 0.07317073170731707 0.400390625 0.07317073170731707 0.404296875 0.0627177700348432 0.408203125 0.06620209059233449 0.408203125 0.08013937282229965 0.40625 0.08362369337979095 0.40234375 0.08362369337979095 0.40234375 0.08013937282229965 0.3984375 0.07665505226480836
0 0.490234375 0.4425087108013937 0.494140625 0.43902439024390244 0.5 0.43902439024390244 0.5 0.45993031358885017 0.49609375 0.4634146341463415 0.494140625 0.45993031358885017 0.494140625 0.445993031358885 0.4921875 0.4425087108013937
0 0.33984375 0.26480836236933797 0.345703125 0.26480836236933797 0.34765625 0.27177700348432055 0.35546875 0.2787456445993031 0.359375 0.2787456445993031 0.357421875 0.28222996515679444 0.328125 0.2857142857142857 0.32421875 0.28222996515679444 0.32421875 0.2787456445993031 0.33984375 0.2682926829268293
0 0.3828125 0.03832752613240418 0.384765625 0.041811846689895474 0.384765625 0.05226480836236934 0.380859375 0.05226480836236934 0.37890625 0.05574912891986063 0.3671875 0.05226480836236934 0.3671875 0.041811846689895474 0.373046875 0.03484320557491289 0.37890625 0.03484320557491289 0.380859375 0.03832752613240418
0 0.33984375 0.2229965156794425 0.345703125 0.2229965156794425 0.345703125 0.23344947735191637 0.341796875 0.23344947735191637 0.33984375 0.2264808362369338
0 0.39453125 0.17770034843205576 0.40234375 0.17770034843205576 0.40234375 0.1916376306620209 0.400390625 0.1951219512195122 0.392578125 0.18815331010452963 0.39453125 0.18118466898954705
0 0.53125 0.1289198606271777 0.53515625 0.1289198606271777 0.53515625 0.14634146341463414 0.53125 0.14634146341463414 0.529296875 0.14285714285714285 0.529296875 0.13588850174216027 0.53125 0.13240418118466898
0 0.626953125 0.759581881533101 0.642578125 0.759581881533101 0.64453125 0.7665505226480837 0.6484375 0.7665505226480837 0.65625 0.7735191637630662 0.65625 0.8780487804878049 0.638671875 0.8780487804878049 0.630859375 0.8710801393728222 0.626953125 0.8536585365853658 0.626953125 0.8222996515679443 0.62890625 0.818815331010453 0.62890625 0.7770034843205574 0.626953125 0.7735191637630662 0.626953125 0.7630662020905923
0 0.5 0.3519163763066202 0.501953125 0.3519163763066202 0.501953125 0.3554006968641115 0.505859375 0.3588850174216028 0.509765625 0.3693379790940767 0.51171875 0.3693379790940767 0.5078125 0.3832752613240418 0.5 0.3797909407665505 0.498046875 0.37282229965156793 0.494140625 0.3693379790940767 0.5 0.3623693379790941 0.5 0.3554006968641115
0 0.35270425776754893 0.08981447697100677 0.02001672180667434 0.02155547447304162