0 0.92578125 0.47735191637630664 0.927734375 0.47735191637630664 0.9296875 0.47038327526132406 0.95703125 0.47038327526132406 0.958984375 0.47735191637630664 0.96875 0.47735191637630664 0.97265625 0.4808362369337979 0.974609375 0.4843205574912892 0.974609375 0.5261324041811847 0.970703125 0.5261324041811847 0.96875 0.5296167247386759 0.93359375 0.5296167247386759 0.935546875 0.5261324041811847 0.947265625 0.5261324041811847 0.955078125 0.5156794425087108 0.955078125 0.5087108013937283 0.951171875 0.5052264808362369 0.94921875 0.49825783972125437 0.9453125 0.49825783972125437 0.94140625 0.4878048780487805 0.935546875 0.4878048780487805 0.927734375 0.47735191637630664
0 0.564453125 0.11846689895470383 0.576171875 0.11498257839721254 0.578125 0.11149825783972125 0.58984375 0.11149825783972125 0.591796875 0.10801393728222997 0.611328125 0.10801393728222997 0.61328125 0.11149825783972125 0.61328125 0.13937282229965156 0.56640625 0.13937282229965156 0.560546875 0.13240418118466898 0.564453125 0.12195121951219512
0 0.19921875 0.3588850174216028 0.203125 0.3588850174216028 0.21484375 0.34494773519163763 0.220703125 0.34494773519163763 0.236328125 0.3344947735191638 0.255859375 0.3310104529616725 0.2578125 0.32752613240418116 0.275390625 0.32752613240418116 0.275390625 0.3344947735191638 0.26171875 0.33797909407665505 0.25 0.3519163763066202 0.24609375 0.3519163763066202 0.2421875 0.3588850174216028 0.23828125 0.3588850174216028 0.236328125 0.3623693379790941 0.234375 0.37630662020905925 0.236328125 0.3797909407665505 0.236328125 0.39372822299651566 0.240234375 0.397212543554007 0.240234375 0.40069686411149824 0.234375 0.40069686411149824 0.2265625 0.3902439024390244 0.22265625 0.3902439024390244 0.2109375 0.37282229965156793 0.19921875 0.3693379790940767 0.19921875 0.3623693379790941
0 0.669921875 0.20557491289198607 0.671875 0.20557491289198607 0.673828125 0.1986062717770035 0.705078125 0.1986062717770035 0.70703125 0.20557491289198607 0.72265625 0.20557491289198607 0.724609375 0.20905923344947736 0.74609375 0.21254355400696864 0.748046875 0.21602787456445993 0.751953125 0.21602787456445993 0.751953125 0.21951219512195122 0.7578125 0.2264808362369338 0.76953125 0.2264808362369338 0.76953125 0.24390243902439024 0.765625 0.24390243902439024 0.763671875 0.24041811846689895 0.712890625 0.24041811846689895 0.7109375 0.23693379790940766 0.69921875 0.23693379790940766 0.697265625 0.22996515679442509 0.6875 0.22996515679442509 0.68359375 0.2229965156794425 0.677734375 0.2229965156794425 0.673828125 0.21951219512195122 0.669921875 0.20905923344947736
0 0.671875 0.3344947735191638 0.67578125 0.34146341463414637 0.689453125 0.34843205574912894 0.689453125 0.39372822299651566 0.6796875 0.39372822299651566 0.67578125 0.3902439024390244 0.673828125 0.3832752613240418 0.666015625 0.3832752613240418 0.662109375 0.37282229965156793 0.654296875 0.3693379790940767 0.654296875 0.3623693379790941 0.6484375 0.3554006968641115 0.6484375 0.33797909407665505 0.650390625 0.33797909407665505 0.654296875 0.32752613240418116 0.6640625 0.32752613240418116 0.666015625 0.3344947735191638 0.669921875 0.3344947735191638
0 0.703125 0.27177700348432055 0.705078125 0.27526132404181186 0.708984375 0.27526132404181186 0.712890625 0.2857142857142857 0.728515625 0.289198606271777 0.732421875 0.29965156794425085 0.677734375 0.29965156794425085 0.673828125 0.2926829268292683 0.669921875 0.2926829268292683 0.66796875 0.2857142857142857 0.650390625 0.2857142857142857 0.650390625 0.28222996515679444 0.654296875 0.28222996515679444 0.65625 0.27526132404181186 0.66015625 0.27177700348432055 0.662109375 0.2613240418118467 0.693359375 0.2613240418118467 0.6953125 0.2682926829268293 0.69921875 0.2682926829268293 0.701171875 0.27177700348432055
0 0.572265625 0.18815331010452963 0.580078125 0.18466898954703834 0.58203125 0.17770034843205576 0.62109375 0.17770034843205576 0.62109375 0.20905923344947736 0.568359375 0.20905923344947736 0.568359375 0.1951219512195122 0.572265625 0.1916376306620209
0 0.591796875 0.6898954703832753 0.595703125 0.686411149825784 0.6015625 0.686411149825784 0.603515625 0.6794425087108014 0.626953125 0.6794425087108014 0.62890625 0.686411149825784 0.65234375 0.686411149825784 0.654296875 0.6898954703832753 0.666015625 0.6898954703832753 0.671875 0.6968641114982579 0.68359375 0.6968641114982579 0.685546875 0.7038327526132404 0.69140625 0.710801393728223 0.69140625 0.7177700348432056 0.666015625 0.7177700348432056 0.6640625 0.7142857142857143 0.60546875 0.7142857142857143 0.599609375 0.7073170731707317 0.59375 0.7073170731707317 0.591796875 0.7038327526132404 0.591796875 0.6933797909407665
0 0.642578125 0.4808362369337979 0.654296875 0.47735191637630664 0.65625 0.4738675958188153 0.66796875 0.4738675958188153 0.669921875 0.47038327526132406 0.73828125 0.47038327526132406 0.73828125 0.4843205574912892 0.734375 0.4843205574912892 0.732421875 0.4878048780487805 0.72265625 0.4878048780487805 0.720703125 0.4912891986062718 0.701171875 0.4912891986062718 0.69921875 0.49477351916376305 0.64453125 0.49477351916376305 0.642578125 0.4912891986062718 0.642578125 0.4843205574912892
0 0.462890625 0.1916376306620209 0.46875 0.1916376306620209 0.4765625 0.18466898954703834 0.4921875 0.18118466898954705 0.501953125 0.17421602787456447 0.513671875 0.17421602787456447 0.517578125 0.1672473867595819 0.525390625 0.1672473867595819 0.52734375 0.1602787456445993 0.53515625 0.1602787456445993 0.53515625 0.18118466898954705 0.53125 0.17770034843205576 0.529296875 0.18118466898954705 0.515625 0.18466898954703834 0.509765625 0.1986062717770035 0.505859375 0.1986062717770035 0.5 0.20905923344947736 0.49609375 0.20905923344947736 0.490234375 0.21602787456445993 0.484375 0.21602787456445993 0.482421875 0.21951219512195122 0.451171875 0.21951219512195122 0.451171875 0.20905923344947736 0.462890625 0.1951219512195122
0 0.654296875 0.36585365853658536 0.66015625 0.37282229965156793 0.6640625 0.37282229965156793 0.666015625 0.3797909407665505 0.673828125 0.3832752613240418 0.673828125 0.3867595818815331 0.6484375 0.3867595818815331 0.646484375 0.3832752613240418 0.642578125 0.3832752613240418 0.642578125 0.37282229965156793 0.65234375 0.36585365853658536
0 0.58203125 0.3519163763066202 0.58984375 0.34494773519163763 0.595703125 0.34494773519163763 0.599609375 0.34146341463414637 0.6015625 0.3344947735191638 0.62109375 0.3344947735191638 0.623046875 0.34146341463414637 0.623046875 0.3797909407665505 0.58203125 0.3797909407665505 0.58203125 0.3554006968641115
0 0.470703125 0.4076655052264808 0.470703125 0.40069686411149824 0.51171875 0.40069686411149824 0.51171875 0.4181184668989547 0.501953125 0.4250871080139373 0.474609375 0.4250871080139373 0.474609375 0.41114982578397213 0.47265625 0.4076655052264808
0 0.505859375 0.2682926829268293 0.51171875 0.26480836236933797 0.513671875 0.2578397212543554 0.54296875 0.2578397212543554 0.54296875 0.28222996515679444 0.529296875 0.28222996515679444 0.52734375 0.2857142857142857 0.5234375 0.28222996515679444 0.505859375 0.28222996515679444 0.505859375 0.27177700348432055
0 0.16015625 0.2682926829268293 0.1640625 0.2682926829268293 0.171875 0.2508710801393728 0.177734375 0.2508710801393728 0.185546875 0.24390243902439024 0.1953125 0.24390243902439024 0.197265625 0.24041811846689895 0.205078125 0.24041811846689895 0.20703125 0.23693379790940766 0.240234375 0.23693379790940766 0.2421875 0.24041811846689895 0.25 0.24041811846689895 0.259765625 0.23344947735191637 0.259765625 0.24738675958188153 0.236328125 0.25435540069686413 0.224609375 0.26480836236933797 0.20703125 0.26480836236933797 0.205078125 0.27177700348432055 0.1953125 0.27177700348432055 0.193359375 0.27526132404181186 0.189453125 0.27526132404181186 0.177734375 0.2926829268292683 0.173828125 0.2926829268292683 0.162109375 0.30313588850174217 0.13671875 0.30313588850174217 0.13671875 0.29965156794425085 0.138671875 0.29965156794425085 0.14453125 0.2857142857142857 0.16015625 0.27177700348432055
0 0.646484375 0.2508710801393728 0.6484375 0.25435540069686413 0.658203125 0.25435540069686413 0.658203125 0.2682926829268293 0.607421875 0.2682926829268293 0.60546875 0.27177700348432055 0.599609375 0.27177700348432055 0.59765625 0.2682926829268293 0.578125 0.2682926829268293 0.580078125 0.25435540069686413 0.583984375 0.2508710801393728 0.6171875 0.2508710801393728 0.619140625 0.24390243902439024 0.62109375 0.2508710801393728 0.64453125 0.2508710801393728
0 0.14453125 0.3902439024390244 0.15625 0.3797909407665505 0.158203125 0.37282229965156793 0.173828125 0.37282229965156793 0.173828125 0.4250871080139373 0.15234375 0.4250871080139373 0.13671875 0.4146341463414634 0.1328125 0.40418118466898956 0.14453125 0.39372822299651566
0 0.068359375 0.34146341463414637 0.068359375 0.3344947735191638 0.078125 0.3344947735191638 0.080078125 0.34146341463414637 0.08984375 0.34146341463414637 0.091796875 0.34494773519163763 0.099609375 0.34494773519163763 0.109375 0.3519163763066202 0.1171875 0.3519163763066202 0.119140625 0.3588850174216028 0.123046875 0.3588850174216028 0.125 0.3623693379790941 0.125 0.3797909407665505 0.109375 0.3797909407665505 0.107421875 0.37630662020905925 0.095703125 0.37282229965156793 0.09375 0.36585365853658536 0.0859375 0.3623693379790941 0.080078125 0.3554006968641115 0.076171875 0.34494773519163763 0.0703125 0.34146341463414637
0 0.7421875 0.36585365853658536 0.7421875 0.37630662020905925 0.728515625 0.37630662020905925 0.7265625 0.3832752613240418 0.677734375 0.3832752613240418 0.677734375 0.36585365853658536 0.6796875 0.3588850174216028 0.71875 0.3588850174216028 0.720703125 0.36585365853658536 0.740234375 0.36585365853658536
0 0.462890625 0.29965156794425085 0.474609375 0.2961672473867596 0.4765625 0.289198606271777 0.486328125 0.289198606271777 0.48828125 0.2961672473867596 0.48828125 0.3205574912891986 0.478515625 0.3205574912891986 0.4765625 0.3240418118466899 0.447265625 0.3205574912891986 0.44921875 0.3205574912891986 0.451171875 0.313588850174216 0.462890625 0.30313588850174217
0 0.4453125 0.2857142857142857 0.455078125 0.2787456445993031 0.462890625 0.2787456445993031 0.47265625 0.27177700348432055 0.48046875 0.27177700348432055 0.482421875 0.2682926829268293 0.482421875 0.2961672473867596 0.478515625 0.2961672473867596 0.4765625 0.29965156794425085 0.46875 0.29965156794425085 0.466796875 0.30313588850174217 0.44140625 0.30313588850174217 0.4375 0.29965156794425085 0.4375 0.2961672473867596 0.4453125 0.289198606271777
0 0.142578125 0.4355400696864111 0.150390625 0.4425087108013937 0.150390625 0.45993031358885017 0.1484375 0.4634146341463415 0.140625 0.4634146341463415 0.138671875 0.46689895470383275 0.041015625 0.46689895470383275 0.041015625 0.4634146341463415 0.03515625 0.4564459930313589 0.044921875 0.4529616724738676 0.046875 0.445993031358885 0.052734375 0.445993031358885 0.0546875 0.4425087108013937 0.0625 0.4425087108013937 0.064453125 0.43902439024390244 0.072265625 0.43902439024390244 0.07421875 0.4355400696864111 0.08984375 0.4355400696864111 0.091796875 0.43205574912891986 0.107421875 0.43205574912891986 0.109375 0.42857142857142855 0.11328125 0.42857142857142855 0.115234375 0.43205574912891986 0.125 0.43205574912891986 0.126953125 0.42857142857142855 0.138671875 0.42857142857142855 0.140625 0.4355400696864111
0 0.619140625 0.40069686411149824 0.623046875 0.397212543554007 0.6328125 0.397212543554007 0.634765625 0.3902439024390244 0.65625 0.3902439024390244 0.658203125 0.397212543554007 0.677734375 0.397212543554007 0.6796875 0.40069686411149824 0.6875 0.40069686411149824 0.689453125 0.4076655052264808 0.6953125 0.41114982578397213 0.6953125 0.4146341463414634 0.689453125 0.4146341463414634 0.6875 0.4181184668989547 0.6640625 0.4181184668989547 0.662109375 0.4146341463414634 0.623046875 0.4146341463414634 0.619140625 0.40418118466898956
0 0.310546875 0.6411149825783972 0.3125 0.6445993031358885 0.3125 0.6794425087108014 0.30859375 0.6933797909407665 0.3125 0.7038327526132404 0.3125 0.7142857142857143 0.310546875 0.7177700348432056 0.29296875 0.7212543554006968 0.291015625 0.7247386759581882 0.287109375 0.7247386759581882 0.28125 0.7386759581881533 0.26953125 0.7421602787456446 0.263671875 0.7491289198606271 0.244140625 0.7526132404181185 0.2421875 0.7560975609756098 0.240234375 0.7526132404181185 0.23046875 0.7526132404181185 0.22265625 0.7456445993031359 0.208984375 0.7456445993031359 0.20703125 0.7491289198606271 0.20703125 0.7665505226480837 0.205078125 0.7665505226480837 0.201171875 0.7770034843205574 0.1953125 0.7770034843205574 0.1953125 0.7630662020905923 0.197265625 0.7560975609756098 0.1953125 0.7491289198606271 0.193359375 0.7456445993031359 0.189453125 0.7456445993031359 0.189453125 0.7421602787456446 0.18359375 0.7317073170731707 0.181640625 0.7142857142857143 0.177734375 0.710801393728223 0.177734375 0.7038327526132404 0.18359375 0.6968641114982579 0.1953125 0.6968641114982579 0.203125 0.6898954703832753 0.212890625 0.6968641114982579 0.2421875 0.6515679442508711 0.2578125 0.6376306620209059 0.265625 0.6376306620209059 0.267578125 0.6341463414634146 0.283203125 0.6341463414634146 0.28515625 0.627177700348432 0.287109375 0.6341463414634146 0.29296875 0.6341463414634146 0.30078125 0.6411149825783972 0.30859375 0.6411149825783972
0 0.998046875 0.5470383275261324 0.998046875 0.5714285714285714 0.970703125 0.5714285714285714 0.96875 0.5679442508710801 0.958984375 0.5679442508710801 0.958984375 0.5644599303135889 0.962890625 0.5609756097560976 0.974609375 0.5609756097560976 0.978515625 0.5574912891986062 0.98046875 0.5505226480836237 0.9921875 0.5505226480836237 0.99609375 0.5470383275261324
0 0.189453125 0.30662020905923343 0.201171875 0.2961672473867596 0.2109375 0.2961672473867596 0.212890625 0.289198606271777 0.21484375 0.289198606271777 0.21484375 0.3344947735191638 0.185546875 0.3344947735191638 0.185546875 0.313588850174216 0.189453125 0.31010452961672474
0 0.025390625 0.42160278745644597 0.037109375 0.4181184668989547 0.0390625 0.4146341463414634 0.044921875 0.4146341463414634 0.05078125 0.4076655052264808 0.0546875 0.4076655052264808 0.056640625 0.40069686411149824 0.068359375 0.40069686411149824 0.0703125 0.4076655052264808 0.07421875 0.4076655052264808 0.07421875 0.4146341463414634 0.072265625 0.4181184668989547 0.06640625 0.4181184668989547 0.064453125 0.4250871080139373 0.05859375 0.4250871080139373 0.0546875 0.43205574912891986 0.048828125 0.4355400696864111 0.044921875 0.4425087108013937 0.044921875 0.44947735191637633 0.04296875 0.44947735191637633 0.0390625 0.45993031358885017 0.005859375 0.45993031358885017 0.00390625 0.4564459930313589 0.00390625 0.4425087108013937 0.005859375 0.43902439024390244 0.009765625 0.43902439024390244 0.025390625 0.4250871080139373
0 0.859375 0.554006968641115 0.861328125 0.554006968641115 0.86328125 0.5470383275261324 0.900390625 0.5470383275261324 0.90234375 0.554006968641115 0.908203125 0.554006968641115 0.916015625 0.5609756097560976 0.921875 0.5609756097560976 0.921875 0.5679442508710801 0.923828125 0.5714285714285714 0.923828125 0.5853658536585366 0.890625 0.5853658536585366 0.888671875 0.5818815331010453 0.884765625 0.5818815331010453 0.880859375 0.5714285714285714 0.865234375 0.5644599303135889 0.86328125 0.5574912891986062 0.859375 0.5574912891986062
0 0.095703125 0.2264808362369338 0.099609375 0.21951219512195122 0.10546875 0.21951219512195122 0.107421875 0.21602787456445993 0.125 0.21602787456445993 0.126953125 0.21951219512195122 0.1484375 0.2229965156794425 0.16015625 0.23344947735191637 0.166015625 0.23344947735191637 0.16796875 0.24041811846689895 0.17578125 0.24041811846689895 0.17578125 0.25435540069686413 0.138671875 0.25435540069686413 0.13671875 0.2508710801393728 0.12109375 0.2508710801393728 0.115234375 0.24390243902439024 0.109375 0.24390243902439024 0.103515625 0.23693379790940766 0.09765625 0.23693379790940766 0.09765625 0.22996515679442509
0 0.62109375 0.31010452961672474 0.623046875 0.313588850174216 0.6328125 0.313588850174216 0.63671875 0.3170731707317073 0.63671875 0.32752613240418116 0.5546875 0.32752613240418116 0.552734375 0.3240418118466899 0.548828125 0.3240418118466899 0.548828125 0.313588850174216 0.5546875 0.31010452961672474 0.556640625 0.30313588850174217 0.61328125 0.30313588850174217 0.615234375 0.31010452961672474 0.619140625 0.31010452961672474
0 0.904296875 0.5644599303135889 0.90625 0.5644599303135889 0.908203125 0.5574912891986062 0.953125 0.5574912891986062 0.955078125 0.5644599303135889 0.97265625 0.5679442508710801 0.98046875 0.5749128919860628 0.986328125 0.5749128919860628 0.98828125 0.578397212543554 0.998046875 0.5818815331010453 0.998046875 0.6097560975609756 0.9765625 0.6097560975609756 0.974609375 0.6062717770034843 0.96484375 0.6062717770034843 0.962890625 0.6027874564459931 0.953125 0.6027874564459931 0.951171875 0.5993031358885017 0.939453125 0.5993031358885017 0.9375 0.5958188153310104 0.9296875 0.5958188153310104 0.921875 0.5888501742160279 0.9140625 0.5888501742160279 0.9140625 0.5853658536585366 0.908203125 0.5749128919860628 0.908203125 0.5679442508710801 0.90625 0.5644599303135889
0 0.0703125 0.34146341463414637 0.0703125 0.3344947735191638 0.07421875 0.3344947735191638 0.076171875 0.34146341463414637 0.091796875 0.34494773519163763 0.1171875 0.3623693379790941 0.13671875 0.3588850174216028 0.138671875 0.3554006968641115 0.181640625 0.3554006968641115 0.185546875 0.3588850174216028 0.185546875 0.37282229965156793 0.171875 0.37282229965156793 0.169921875 0.37630662020905925 0.1640625 0.37630662020905925 0.158203125 0.3832752613240418 0.150390625 0.3832752613240418 0.1484375 0.3867595818815331 0.111328125 0.3867595818815331 0.109375 0.3832752613240418 0.10546875 0.3832752613240418 0.099609375 0.37282229965156793 0.087890625 0.36585365853658536 0.083984375 0.3554006968641115 0.080078125 0.3554006968641115 0.072265625 0.34146341463414637
0 0.171875 0.24738675958188153 0.189453125 0.24390243902439024 0.19140625 0.24041811846689895 0.19921875 0.24041811846689895 0.201171875 0.23693379790940766 0.2578125 0.23693379790940766 0.255859375 0.2508710801393728 0.251953125 0.25435540069686413 0.244140625 0.25435540069686413 0.2421875 0.2578397212543554 0.234375 0.2578397212543554 0.232421875 0.2613240418118467 0.205078125 0.2613240418118467 0.203125 0.2578397212543554 0.166015625 0.2613240418118467 0.166015625 0.2578397212543554 0.171875 0.2508710801393728
0 0.185546875 0.3588850174216028 0.185546875 0.37282229965156793 0.173828125 0.37282229965156793 0.171875 0.3797909407665505 0.1640625 0.3797909407665505 0.162109375 0.3832752613240418 0.134765625 0.3832752613240418 0.1328125 0.3867595818815331 0.111328125 0.3832752613240418 0.11328125 0.3623693379790941 0.134765625 0.3588850174216028 0.13671875 0.3519163763066202 0.181640625 0.3519163763066202 0.18359375 0.3588850174216028
0 0 0.3519163763066202 0.01171875 0.34843205574912894 0.013671875 0.34494773519163763 0.0390625 0.34146341463414637 0.041015625 0.33797909407665505 0.06640625 0.33797909407665505 0.06640625 0.3519163763066202 0.060546875 0.3588850174216028 0.060546875 0.3693379790940767 0.046875 0.37282229965156793 0.044921875 0.37630662020905925 0.033203125 0.37630662020905925 0.025390625 0.3832752613240418 0 0.3832752613240418 0 0.3554006968641115
0 0.998046875 0.710801393728223 0.998046875 0.735191637630662 0.93359375 0.735191637630662 0.9296875 0.7317073170731707 0.9296875 0.7212543554006968 0.939453125 0.7212543554006968 0.94140625 0.7142857142857143 0.9765625 0.7142857142857143 0.978515625 0.710801393728223 0.99609375 0.710801393728223
0 0.115234375 0.30662020905923343 0.115234375 0.3240418118466899 0.103515625 0.3240418118466899 0.1015625 0.32752613240418116 0.09375 0.32752613240418116 0.087890625 0.3344947735191638 0.078125 0.3344947735191638 0.076171875 0.33797909407665505 0.0390625 0.33797909407665505 0.037109375 0.3344947735191638 0.025390625 0.3344947735191638 0.01953125 0.32752613240418116 0.01953125 0.3205574912891986 0.025390625 0.313588850174216 0.03125 0.313588850174216 0.033203125 0.31010452961672474 0.044921875 0.31010452961672474 0.046875 0.30662020905923343 0.087890625 0.30662020905923343 0.08984375 0.29965156794425085 0.091796875 0.29965156794425085 0.09375 0.30662020905923343 0.11328125 0.30662020905923343
0 0.591796875 0.27526132404181186 0.609375 0.27177700348432055 0.611328125 0.2682926829268293 0.626953125 0.2682926829268293 0.62890625 0.26480836236933797 0.65234375 0.26480836236933797 0.654296875 0.2578397212543554 0.66015625 0.2578397212543554 0.662109375 0.26480836236933797 0.669921875 0.26480836236933797 0.669921875 0.2787456445993031 0.66796875 0.2787456445993031 0.666015625 0.2857142857142857 0.650390625 0.2857142857142857 0.6484375 0.289198606271777 0.58984375 0.289198606271777 0.58984375 0.28222996515679444 0.591796875 0.2787456445993031
0 0.2323204419889503 0.606156274664562 0.21039580455801107 0.1901553506458506
0 0.537109375 0.3519163763066202 0.54296875 0.3519163763066202 0.544921875 0.34494773519163763 0.59765625 0.34494773519163763 0.59765625 0.36585365853658536 0.595703125 0.37282229965156793 0.58984375 0.37282229965156793 0.587890625 0.37630662020905925 0.537109375 0.37630662020905925 0.537109375 0.3554006968641115
0 0.970703125 0.36585365853658536 0.9765625 0.37282229965156793 0.998046875 0.37282229965156793 0.998046875 0.3797909407665505 0.994140625 0.3832752613240418 0.95703125 0.3867595818815331 0.955078125 0.39372822299651566 0.93359375 0.39372822299651566 0.931640625 0.397212543554007 0.916015625 0.397212543554007 0.9140625 0.40069686411149824 0.904296875 0.40069686411149824 0.90234375 0.40418118466898956 0.86328125 0.40418118466898956 0.859375 0.4181184668989547 0.84765625 0.4181184668989547 0.841796875 0.4076655052264808 0.83984375 0.40069686411149824 0.83984375 0.3902439024390244 0.841796875 0.3832752613240418 0.84765625 0.37630662020905925 0.8671875 0.37282229965156793 0.869140625 0.3693379790940767 0.880859375 0.3693379790940767 0.8828125 0.36585365853658536 0.9140625 0.36585365853658536 0.916015625 0.3588850174216028 0.947265625 0.3588850174216028 0.94921875 0.36585365853658536 0.96875 0.36585365853658536