0 0.65625 0.5470383275261324 0.666015625 0.5470383275261324 0.666015625 0.6132404181184669 0.650390625 0.6167247386759582 0.6484375 0.6132404181184669 0.6484375 0.5958188153310104 0.64453125 0.5923344947735192 0.64453125 0.5609756097560976 0.646484375 0.5609756097560976 0.6484375 0.554006968641115 0.654296875 0.554006968641115 0.65625 0.5505226480836237
0 0.509765625 0.7073170731707317 0.515625 0.7038327526132404 0.521484375 0.710801393728223 0.525390625 0.710801393728223 0.525390625 0.7491289198606271 0.521484375 0.7456445993031359 0.521484375 0.735191637630662 0.517578125 0.7317073170731707 0.517578125 0.7177700348432056 0.513671875 0.7142857142857143 0.51171875 0.7073170731707317
0 0.482421875 0.3519163763066202 0.484375 0.3519163763066202 0.484375 0.3588850174216028 0.48828125 0.3623693379790941 0.490234375 0.3693379790940767 0.494140625 0.3693379790940767 0.49609375 0.37630662020905925 0.501953125 0.3797909407665505 0.501953125 0.3902439024390244 0.498046875 0.3867595818815331 0.486328125 0.3867595818815331 0.482421875 0.3832752613240418 0.482421875 0.3623693379790941 0.48046875 0.3588850174216028 0.4765625 0.3588850174216028 0.48046875 0.3588850174216028 0.482421875 0.3554006968641115
0 0.482421875 0.6898954703832753 0.48828125 0.6898954703832753 0.490234375 0.6968641114982579 0.49609375 0.7003484320557491 0.49609375 0.735191637630662 0.490234375 0.7386759581881533 0.494140625 0.735191637630662 0.482421875 0.7247386759581882 0.48046875 0.7177700348432056 0.474609375 0.7142857142857143 0.474609375 0.7038327526132404 0.470703125 0.7003484320557491 0.474609375 0.6968641114982579 0.48046875 0.6968641114982579 0.482421875 0.6933797909407665
0 0.6328125 0.7491289198606271 0.638671875 0.7491289198606271 0.638671875 0.7665505226480837 0.634765625 0.7665505226480837 0.6328125 0.7700348432055749 0.62109375 0.7700348432055749 0.6171875 0.7665505226480837 0.6171875 0.7630662020905923 0.62109375 0.759581881533101 0.626953125 0.759581881533101 0.6328125 0.7526132404181185
0 0.431640625 0 0.453125 0 0.453125 0.020905923344947737 0.44921875 0.020905923344947737 0.4453125 0.0313588850174216 0.4375 0.027874564459930314 0.4375 0.017421602787456445 0.435546875 0.013937282229965157 0.431640625 0.013937282229965157 0.431640625 0.003484320557491289
0 0.505859375 0.36585365853658536 0.509765625 0.36585365853658536 0.509765625 0.37282229965156793 0.51171875 0.37630662020905925 0.515625 0.37630662020905925 0.515625 0.3832752613240418 0.517578125 0.3867595818815331 0.521484375 0.3867595818815331 0.521484375 0.397212543554007 0.517578125 0.40069686411149824 0.515625 0.40069686411149824 0.517578125 0.397212543554007 0.515625 0.39372822299651566 0.505859375 0.3902439024390244 0.505859375 0.3693379790940767
0 0.658203125 0.9616724738675958 0.673828125 0.9616724738675958 0.673828125 0.9860627177700348 0.669921875 0.9860627177700348 0.66796875 0.9895470383275261 0.6640625 0.9860627177700348 0.658203125 0.9860627177700348 0.658203125 0.9651567944250871
0 0.5859375 0.7142857142857143 0.59375 0.7142857142857143 0.59375 0.7317073170731707 0.576171875 0.7317073170731707 0.576171875 0.7212543554006968 0.583984375 0.7212543554006968 0.5859375 0.7177700348432056
0 0.685546875 0.13588850174216027 0.689453125 0.13588850174216027 0.689453125 0.14634146341463414 0.685546875 0.14634146341463414 0.685546875 0.13937282229965156
0 0.59765625 0.17770034843205576 0.603515625 0.18466898954703834 0.607421875 0.18466898954703834 0.611328125 0.1916376306620209 0.615234375 0.1916376306620209 0.6171875 0.1986062717770035 0.623046875 0.20557491289198607 0.626953125 0.20557491289198607 0.626953125 0.20905923344947736 0.630859375 0.21254355400696864 0.630859375 0.21951219512195122 0.6328125 0.2229965156794425 0.6328125 0.28222996515679444 0.630859375 0.2857142857142857 0.6328125 0.32752613240418116 0.62109375 0.3170731707317073 0.611328125 0.3170731707317073 0.611328125 0.313588850174216 0.62109375 0.30313588850174217 0.62109375 0.2857142857142857 0.611328125 0.27526132404181186 0.611328125 0.27177700348432055 0.60546875 0.26480836236933797 0.603515625 0.2578397212543554 0.603515625 0.24738675958188153 0.599609375 0.24390243902439024 0.59765625 0.23693379790940766 0.587890625 0.23693379790940766 0.587890625 0.23344947735191637 0.58984375 0.23344947735191637 0.59375 0.2229965156794425 0.591796875 0.21602787456445993 0.591796875 0.20557491289198607 0.587890625 0.20209059233449478 0.587890625 0.18118466898954705 0.595703125 0.17770034843205576
0 0.455078125 0.3310104529616725 0.46484375 0.3310104529616725 0.46484375 0.33797909407665505 0.466796875 0.34146341463414637 0.470703125 0.34146341463414637 0.470703125 0.34843205574912894 0.47265625 0.3519163763066202 0.4765625 0.3519163763066202 0.4765625 0.3623693379790941 0.46875 0.36585365853658536 0.46484375 0.3554006968641115 0.4609375 0.3554006968641115 0.4609375 0.34843205574912894 0.458984375 0.34494773519163763 0.455078125 0.34494773519163763 0.455078125 0.3344947735191638
0 0.478515625 0.2857142857142857 0.486328125 0.2857142857142857 0.486328125 0.3170731707317073 0.478515625 0.3205574912891986 0.478515625 0.313588850174216 0.4765625 0.31010452961672474 0.46875 0.31010452961672474 0.46875 0.2926829268292683 0.4765625 0.2926829268292683 0.478515625 0.289198606271777
0 0.63671875 0.5331010452961672 0.646484375 0.5331010452961672 0.646484375 0.5365853658536586 0.650390625 0.5400696864111498 0.650390625 0.5993031358885017 0.63671875 0.6027874564459931 0.62890625 0.5958188153310104 0.62890625 0.5888501742160279 0.625 0.5853658536585366 0.625 0.578397212543554 0.62890625 0.5749128919860628 0.62890625 0.5644599303135889 0.630859375 0.5644599303135889 0.6328125 0.5574912891986062 0.634765625 0.5574912891986062 0.63671875 0.5505226480836237 0.640625 0.5470383275261324 0.63671875 0.5365853658536586
0 0.4609375 0.37630662020905925 0.478515625 0.37630662020905925 0.478515625 0.3902439024390244 0.470703125 0.3902439024390244 0.46875 0.3832752613240418 0.4609375 0.3832752613240418 0.4609375 0.3797909407665505
0 0.517578125 0.05574912891986063 0.525390625 0.05574912891986063 0.53125 0.0627177700348432 0.5390625 0.05574912891986063 0.5390625 0.06620209059233449 0.53125 0.07317073170731707 0.533203125 0.08013937282229965 0.533203125 0.10104529616724739 0.53125 0.10801393728222997 0.515625 0.13240418118466898 0.501953125 0.13588850174216027 0.49609375 0.1289198606271777 0.49609375 0.10452961672473868 0.494140625 0.10104529616724739 0.494140625 0.09059233449477352 0.498046875 0.09059233449477352 0.5 0.09407665505226481 0.509765625 0.08013937282229965 0.513671875 0.08013937282229965 0.51953125 0.07317073170731707 0.517578125 0.059233449477351915
0 0.494140625 0.289198606271777 0.501953125 0.289198606271777 0.501953125 0.313588850174216 0.49609375 0.3205574912891986 0.4921875 0.31010452961672474 0.484375 0.31010452961672474 0.484375 0.30313588850174217 0.4921875 0.30313588850174217 0.494140625 0.29965156794425085 0.494140625 0.2926829268292683
0 0.5703125 0.6968641114982579 0.60546875 0.6968641114982579 0.60546875 0.7073170731707317 0.576171875 0.7073170731707317 0.57421875 0.710801393728223 0.568359375 0.7073170731707317 0.5703125 0.7003484320557491
0 0.51171875 0.6411149825783972 0.5234375 0.6411149825783972 0.525390625 0.6480836236933798 0.529296875 0.6480836236933798 0.53125 0.6550522648083623 0.537109375 0.6585365853658537 0.537109375 0.686411149825784 0.53515625 0.686411149825784 0.53515625 0.6759581881533101 0.53125 0.6724738675958188 0.529296875 0.6655052264808362 0.525390625 0.6655052264808362 0.525390625 0.662020905923345 0.521484375 0.6585365853658537 0.521484375 0.6515679442508711 0.51953125 0.6480836236933798 0.51171875 0.6445993031358885
0 0.642578125 0 0.6640625 0 0.6640625 0.04529616724738676 0.66015625 0.04529616724738676 0.658203125 0.05226480836236934 0.65625 0.05226480836236934 0.65234375 0.03832752613240418 0.6484375 0.03832752613240418 0.6484375 0.024390243902439025 0.646484375 0.020905923344947737 0.642578125 0.020905923344947737 0.642578125 0.003484320557491289
0 0.673828125 0.5958188153310104 0.6796875 0.5958188153310104 0.681640625 0.6027874564459931 0.681640625 0.6550522648083623 0.671875 0.6585365853658537 0.669921875 0.6550522648083623 0.669921875 0.6132404181184669 0.666015625 0.6097560975609756 0.666015625 0.6062717770034843 0.673828125 0.5993031358885017
0 0.501953125 0.662020905923345 0.513671875 0.662020905923345 0.515625 0.6655052264808362 0.51953125 0.6655052264808362 0.51953125 0.6689895470383276 0.5234375 0.6724738675958188 0.525390625 0.6794425087108014 0.52734375 0.6794425087108014 0.52734375 0.710801393728223 0.51953125 0.7142857142857143 0.521484375 0.710801393728223 0.51953125 0.7073170731707317 0.515625 0.7073170731707317 0.515625 0.7003484320557491 0.51171875 0.6968641114982579 0.51171875 0.6724738675958188 0.505859375 0.6655052264808362 0.501953125 0.6655052264808362
0 0.673828125 0.5470383275261324 0.689453125 0.5470383275261324 0.689453125 0.6062717770034843 0.689453125 0.5993031358885017 0.685546875 0.5958188153310104 0.685546875 0.5609756097560976 0.689453125 0.5574912891986062 0.68359375 0.5505226480836237 0.673828125 0.5505226480836237
0 0.63671875 0.6097560975609756 0.65234375 0.6097560975609756 0.65234375 0.6585365853658537 0.650390625 0.6585365853658537 0.6484375 0.6655052264808362 0.642578125 0.6724738675958188 0.63671875 0.6724738675958188 0.634765625 0.6759581881533101 0.6328125 0.6724738675958188 0.626953125 0.6724738675958188 0.626953125 0.6585365853658537 0.623046875 0.6550522648083623 0.623046875 0.6480836236933798 0.626953125 0.6445993031358885 0.626953125 0.6376306620209059 0.634765625 0.6306620209059234 0.63671875 0.6236933797909407 0.63671875 0.6132404181184669
0 0.55859375 0.43205574912891986 0.59375 0.43205574912891986 0.59375 0.4355400696864111 0.58984375 0.43902439024390244 0.56640625 0.43902439024390244 0.564453125 0.4355400696864111 0.55859375 0.4355400696864111
0 0.5 0.2926829268292683 0.513671875 0.2926829268292683 0.513671875 0.3170731707317073 0.509765625 0.3205574912891986 0.5 0.3170731707317073 0.5 0.2961672473867596
0 0.517578125 0.3170731707317073 0.521484375 0.3170731707317073 0.521484375 0.34843205574912894 0.51953125 0.34843205574912894 0.517578125 0.3554006968641115 0.515625 0.3519163763066202 0.517578125 0.34843205574912894 0.517578125 0.3205574912891986
0 0.544921875 0.3170731707317073 0.556640625 0.3170731707317073 0.556640625 0.36585365853658536 0.552734375 0.36585365853658536 0.55078125 0.3693379790940767 0.548828125 0.3693379790940767 0.55078125 0.36585365853658536 0.55078125 0.3554006968641115 0.548828125 0.3519163763066202 0.544921875 0.3519163763066202 0.544921875 0.34146341463414637 0.548828125 0.34146341463414637 0.55078125 0.33797909407665505 0.55078125 0.32752613240418116 0.548828125 0.3240418118466899 0.544921875 0.3240418118466899 0.544921875 0.3205574912891986
0 0.509765625 0.42857142857142855 0.51953125 0.42857142857142855 0.5234375 0.43205574912891986 0.525390625 0.445993031358885 0.5234375 0.445993031358885 0.521484375 0.4529616724738676 0.51953125 0.4529616724738676 0.521484375 0.4425087108013937 0.51171875 0.42857142857142855