0 0.664556337890625 0.949638818815331 0.665491615234375 0.9409365156794426 0.659879955078125 0.9180929721254355 0.65426829296875 0.908302881533101 0.6514624609375 0.908302881533101 0.643980248046875 0.913741818815331 0.64304496875 0.9213563344947735 0.649591908203125 0.9485510313588851 0.653333017578125 0.9572533344947735 0.656138845703125 0.9572533344947735 0.664556337890625 0.949638818815331
0 0.137492466796875 0.2077674843205575 0.135118140625 0.21103085017421602 0.1367010234375 0.249103425087108 0.14382400390625 0.2567179407665505 0.150946982421875 0.288263787456446 0.1604442890625 0.29587830313588853 0.16519294140625 0.29587830313588853 0.16915015234375 0.289351574912892 0.165984384765625 0.28173706271777005 0.16519294140625 0.268683606271777 0.162027173828125 0.268683606271777 0.154112751953125 0.252366787456446 0.142241119140625 0.2404011219512195 0.142241119140625 0.2229965156794425 0.14540688671875 0.21211863763066202 0.139866794921875 0.2077674843205575 0.137492466796875 0.2077674843205575
0 0.851575095703125 0.624390243902439 0.8441533828125 0.623302456445993 0.83895818359375 0.623302456445993 0.817435212890625 0.6298291846689895 0.818177384765625 0.639619275261324 0.830794296875 0.6494093658536586 0.840442525390625 0.6526727282229965 0.861223322265625 0.6483215783972126 0.85973898046875 0.6341803344947735 0.851575095703125 0.624390243902439
0 0.633618076171875 0.4884167595818816 0.6343940546875 0.4688365783972125 0.6320661171875 0.46013427526132405 0.624306322265625 0.45143197212543557 0.6219783828125 0.45143197212543557 0.613442609375 0.4590464843205575 0.597923017578125 0.46448542508710805 0.6010269375 0.47645109059233454 0.60645879296875 0.485153393728223 0.62585828125 0.49276790940766546 0.633618076171875 0.4884167595818816
0 0.32170107421875 0.5264893344947735 0.31549323828125 0.5297526968641115 0.306181484375 0.5460695156794425 0.306957462890625 0.550420668989547 0.300749626953125 0.5580351846689895 0.301525607421875 0.5623863344947735 0.29609375 0.5667374878048781 0.29609375 0.5808787282229966 0.301525607421875 0.5841420905923345 0.307733443359375 0.5808787282229966 0.32170107421875 0.5667374878048781 0.32092509375 0.5623863344947735 0.32558097265625 0.550420668989547 0.332564787109375 0.5417183658536585 0.331012826171875 0.5308404878048781 0.32325303125 0.5264893344947735 0.32170107421875 0.5264893344947735
0 0.496589177734375 0.745134700348432 0.491361455078125 0.7266423031358885 0.47493146875 0.715764425087108 0.46148875390625 0.713588850174216 0.45999512109375 0.711413275261324 0.454020580078125 0.7222911533101045 0.478665556640625 0.7581881533101045 0.478665556640625 0.7625393031358885 0.4853869140625 0.7668904564459931 0.495095541015625 0.7647148815331011 0.496589177734375 0.745134700348432
0 0.4323591953125 0.835421094076655 0.43317454296875 0.8082263972125435 0.42909780078125 0.7940851533101044 0.424205712890625 0.7908217909407665 0.42339036328125 0.7908217909407665 0.41605223046875 0.7951729407665505 0.407083400390625 0.8267187909407665 0.402191310546875 0.8560890627177701 0.407083400390625 0.8680547282229966 0.41605223046875 0.860440212543554 0.4323591953125 0.835421094076655
0 0.88303230078125 0.7777683344947736 0.901746876953125 0.7788561219512196 0.90390625 0.7625393031358885 0.9010270859375 0.7549247909407665 0.8866312578125 0.7429591219512195 0.87511459765625 0.7386079721254356 0.870795849609375 0.7386079721254356 0.857119814453125 0.7396957595818816 0.85280106640625 0.746222487804878 0.853520857421875 0.7505736376306621 0.862158353515625 0.7636270940766551 0.88303230078125 0.7777683344947736
0 0.40390625 0.663550606271777 0.39630628515625 0.64070706271777 0.393266298828125 0.6352681219512195 0.37578637890625 0.622214668989547 0.37122640234375 0.622214668989547 0.3651464296875 0.624390243902439 0.36438643359375 0.639619275261324 0.37426638671875 0.6646383972125435 0.393266298828125 0.6831307909407666 0.40390625 0.680955212543554 0.40390625 0.663550606271777
0 0.441754494140625 0.485153393728223 0.448454583984375 0.499294637630662 0.463343671875 0.5243137595818815 0.473021578125 0.531928275261324 0.48046612109375 0.5275771219512195 0.48195503125 0.5210503937282229 0.472277123046875 0.49276790940766546 0.473021578125 0.4895045470383276 0.4596213984375 0.46774878745644594 0.448454583984375 0.46013427526132405 0.44696567578125 0.46013427526132405 0.442498947265625 0.46122206271777005 0.438776677734375 0.4688365783972125 0.441754494140625 0.485153393728223
0 0.8837951875 0.606985637630662 0.87676756640625 0.606985637630662 0.87536204296875 0.6167757282229965 0.883092423828125 0.625478031358885 0.896444904296875 0.627653606271777 0.9006614765625 0.6320047595818815 0.926663673828125 0.624390243902439 0.9343940546875 0.6178635156794425 0.9343940546875 0.605897850174216 0.93228576953125 0.602634487804878 0.920338814453125 0.5950199721254356 0.91120290625 0.5939321846689896 0.91050014453125 0.5939321846689896 0.9006614765625 0.5950199721254356 0.8837951875 0.606985637630662
0 0.554781091796875 0.587405456445993 0.546809990234375 0.5765275783972126 0.53738959375 0.5700008501742161 0.533404041015625 0.5700008501742161 0.51999809375 0.573264212543554 0.50840376171875 0.5830543031358886 0.507679115234375 0.5906688188153311 0.51782415625 0.5971955470383274 0.522172033203125 0.603722275261324 0.512026990234375 0.6189513031358885 0.51275163671875 0.625478031358885 0.51347628125 0.622214668989547 0.52651990625 0.6167757282229965 0.53738959375 0.620039094076655 0.54608534375 0.6156879407665505 0.54173746875 0.6113367909407665 0.55043321875 0.608073425087108 0.55550573828125 0.6015466968641114 0.55695503125 0.5950199721254356 0.554781091796875 0.587405456445993
0 0.463842333984375 0.1903628780487805 0.457507392578125 0.19145066550522646 0.444133623046875 0.20124075958188153 0.4377986796875 0.21211863763066202 0.4385025625 0.215382 0.42231326171875 0.23931333449477354 0.427240439453125 0.2447522717770035 0.43005597265625 0.2578057282229965 0.4335753828125 0.2578057282229965 0.443429740234375 0.2447522717770035 0.4582112734375 0.236049968641115 0.47369669140625 0.21973315331010454 0.480031634765625 0.2077674843205575 0.480735517578125 0.20015296864111498 0.47862387109375 0.19471403135888501 0.468065630859375 0.1903628780487805 0.463842333984375 0.1903628780487805
0 0.95798529296875 0.43620294076655053 0.964272103515625 0.4187983344947735 0.963573568359375 0.40683266898954706 0.9607794296875 0.4013937282229965 0.94890434375 0.392691425087108 0.947507275390625 0.392691425087108 0.943316068359375 0.395954787456446 0.942617533203125 0.40465709059233446 0.925154169921875 0.42423727526132404 0.925852705078125 0.42750063763066204 0.922360033203125 0.42858842508710804 0.913977619140625 0.443817456445993 0.90280106640625 0.448168606271777 0.90280106640625 0.45251975958188156 0.90769080859375 0.46013427526132405 0.908389341796875 0.4688365783972125 0.911183482421875 0.46992436585365854 0.92445563671875 0.4579586968641115 0.930043912109375 0.46122206271777005 0.9335365859375 0.4568709094076655 0.939823396484375 0.4557831219512195 0.95798529296875 0.43620294076655053
0 0.8336808046875 0.10116427177700349 0.837798900390625 0.09681312195121951 0.83848525 0.089198606271777 0.85427128125 0.07288178745644598 0.851525884765625 0.06961842508710801 0.85358493359375 0.06635505923344948 0.858389376953125 0.06961842508710801 0.881038900390625 0.05656496864111498 0.883784298828125 0.051126031358885014 0.881038900390625 0.040248153310104534 0.867998265625 0.03807257491289198 0.86731191796875 0.036984787456446 0.85289858203125 0.040248153310104534 0.8432896953125 0.04786266550522648 0.830935408203125 0.051126031358885014 0.815835724609375 0.07288178745644598 0.813776677734375 0.07723294076655052 0.815149375 0.0804963031358885 0.828190009765625 0.08593524390243902 0.824758263671875 0.08702303135888502 0.8240719140625 0.09354975609756098 0.82132651953125 0.09681312195121951 0.826130962890625 0.10225205923344947 0.826130962890625 0.10660321254355401 0.8316217578125 0.11095436236933798 0.832308107421875 0.10660321254355401 0.835053501953125 0.10551542508710801 0.8336808046875 0.10116427177700349
0 0.764644380859375 0.786470637630662 0.7701011328125 0.787558425087108 0.788517671875 0.746222487804878 0.789881859375 0.7201155783972125 0.788517671875 0.713588850174216 0.783743013671875 0.710325487804878 0.783060919921875 0.710325487804878 0.777604166015625 0.713588850174216 0.7728295078125 0.7222911533101045 0.764644380859375 0.747310275261324 0.750320404296875 0.732081243902439 0.7387248046875 0.7277300940766551 0.718944078125 0.729905668989547 0.716215701171875 0.7386079721254356 0.718261982421875 0.746222487804878 0.72508292578125 0.7527492125435541 0.735314333984375 0.7560125783972125 0.7400889921875 0.7625393031358885 0.751684591796875 0.7636270940766551 0.758505533203125 0.7549247909407665 0.765326474609375 0.7527492125435541 0.766690662109375 0.770153818815331 0.764644380859375 0.786470637630662
0 0.146703505859375 0.47645109059233454 0.154693470703125 0.5232259721254355 0.159051634765625 0.5188748188153309 0.171399765625 0.5199626062717769 0.1852006171875 0.5101725156794426 0.1953696640625 0.4895045470383276 0.193190583984375 0.4775388815331011 0.18374789453125 0.4536075470383275 0.175031568359375 0.4394663031358885 0.167767962890625 0.43402736585365853 0.16486251953125 0.43402736585365853 0.16050435546875 0.4405540905923345 0.16050435546875 0.4688365783972125 0.146703505859375 0.47645109059233454
0 0.100971798828125 0.802787456445993 0.10232261328125 0.82019206271777 0.10637505859375 0.823455425087108 0.101647205078125 0.8278065783972125 0.105699650390625 0.8310699407665506 0.1144799453125 0.8299821533101046 0.115155353515625 0.835421094076655 0.1239356484375 0.8473867595818815 0.158381423828125 0.8647913658536586 0.176617423828125 0.8647913658536586 0.1813452734375 0.8571768501742161 0.179994458984375 0.8441233972125436 0.16851253515625 0.8267187909407665 0.146224091796875 0.8158409094076655 0.119883203125 0.8169287003484321 0.105024244140625 0.802787456445993 0.100971798828125 0.802787456445993
0 0.358908046875 0.18166057491289198 0.35821051171875 0.180572787456446 0.357512974609375 0.21103085017421602 0.34914253125 0.21973315331010454 0.36448834375 0.23061103135888503 0.3672784921875 0.248015637630662 0.37634647265625 0.26542024390243907 0.377741548828125 0.2730347595818815 0.384019380859375 0.28173706271777005 0.39517997265625 0.289351574912892 0.404945490234375 0.289351574912892 0.40843317578125 0.286088212543554 0.411223322265625 0.2784736968641115 0.409828248046875 0.268683606271777 0.39517997265625 0.23278660627177697 0.37634647265625 0.2055919094076655 0.369371103515625 0.20015296864111498 0.358908046875 0.18166057491289198
0 0.68664215234375 0.6309169721254355 0.669464462890625 0.64070706271777 0.6557223125 0.663550606271777 0.6522867734375 0.680955212543554 0.648851234375 0.6863941533101046 0.6406059453125 0.6896575156794424 0.641293052734375 0.696184243902439 0.64541569921875 0.698359818815331 0.651599666015625 0.709237700348432 0.67152578515625 0.7005353972125435 0.69145190625 0.680955212543554 0.710003810546875 0.643970425087108 0.709316703125 0.6352681219512195 0.702445626953125 0.628741393728223 0.697635875 0.628741393728223 0.68664215234375 0.6309169721254355
0 0.922792708984375 0.8854593344947734 0.920017662109375 0.8854593344947734 0.910305 0.890898275261324 0.90197986328125 0.890898275261324 0.8985110546875 0.887634912891986 0.8936547265625 0.889810487804878 0.906836193359375 0.9322342160278746 0.917936376953125 0.9518143972125435 0.929730322265625 0.961604487804878 0.94638059765625 0.9681312160278746 0.95539949609375 0.965955637630662 0.95817454296875 0.959428912891986 0.95817454296875 0.9485510313588851 0.954705734375 0.9333220034843205 0.948461880859375 0.9213563344947735 0.949155642578125 0.9180929721254355 0.939442984375 0.8996005783972125 0.922792708984375 0.8854593344947734
0 0.19870148828125 0.733169031358885 0.188334443359375 0.713588850174216 0.209759669921875 0.680955212543554 0.211833080078125 0.6689895470383276 0.2056128515625 0.6602872439024391 0.197319216796875 0.6591994564459931 0.196628080078125 0.6581116689895471 0.18626103515625 0.6602872439024391 0.173129447265625 0.6711651219512196 0.162071265625 0.6885697282229964 0.158615583984375 0.699447606271777 0.145483994140625 0.7059743344947735 0.154468765625 0.716852212543554 0.158615583984375 0.730993456445993 0.16898262890625 0.7222911533101045 0.182114216796875 0.732081243902439 0.1931723984375 0.7581881533101045 0.19248126171875 0.7636270940766551 0.1959369453125 0.7755927595818816 0.2007748984375 0.7766805470383276 0.204230580078125 0.7636270940766551 0.203539443359375 0.7549247909407665 0.19870148828125 0.733169031358885
0 0.574864662109375 0.07505736236933798 0.58409357421875 0.045687090592334494 0.586223322265625 0.015229031358885018 0.58125391015625 0.006526728222996515 0.574864662109375 0.003263362369337979 0.574154744140625 0.003263362369337979 0.56137625 0.009790090592334495 0.554277087890625 0.018492393728223 0.54149859375 0.04242372822299652 0.5343994296875 0.06417948432055749 0.5343994296875 0.09463754703832754 0.53084984765625 0.10551542508710801 0.540788677734375 0.1185688780487805 0.54149859375 0.126183393728223 0.5464680078125 0.13706127177700347 0.548597755859375 0.1305345470383275 0.547177923828125 0.12183224390243902 0.552857255859375 0.11312994076655053 0.551437419921875 0.10225205923344947 0.555696919921875 0.10007648432055749 0.563506 0.08593524390243902 0.574864662109375 0.07505736236933798
0 0.28327674609375 0.5961077595818816 0.27646895703125 0.5917566062717771 0.271703505859375 0.5917566062717771 0.2839575234375 0.620039094076655 0.29416920703125 0.6657261846689895 0.3105078984375 0.697272031358885 0.305742447265625 0.7201155783972125 0.30710400390625 0.7375201846689896 0.3173156875 0.7440469094076655 0.3261658125 0.7429591219512195 0.33161204296875 0.730993456445993 0.33365437890625 0.7027109721254355 0.3418237265625 0.696184243902439 0.346589177734375 0.6853063658536586 0.345908396484375 0.6679017595818815 0.34250450390625 0.6570238815331011 0.311869455078125 0.606985637630662 0.2996154375 0.5961077595818816 0.28327674609375 0.5961077595818816
0 0.357674208984375 0.8626157909407666 0.367293716796875 0.8430356097560976 0.383784298828125 0.7788561219512196 0.383784298828125 0.769066031358885 0.3810358671875 0.7614515156794425 0.368667931640625 0.7592759407665505 0.367293716796875 0.7592759407665505 0.352177349609375 0.7788561219512196 0.332938337890625 0.822367637630662 0.3240059375 0.8278065783972125 0.325380154296875 0.8321577282229966 0.32057040234375 0.8484745470383275 0.3191961875 0.875669243902439 0.31438643359375 0.8930738501742159 0.316447755859375 0.9170051846689896 0.32263172265625 0.925707487804878 0.331564123046875 0.925707487804878 0.372103470703125 0.8930738501742159 0.372790578125 0.8800203972125435 0.36523239453125 0.8745814564459929 0.35836131640625 0.8745814564459929 0.35629999609375 0.8702303066202091 0.357674208984375 0.8626157909407666
0 0.087022751953125 0.42532506271777004 0.0955332734375 0.431851787456446 0.136121916015625 0.43402736585365853 0.1524883046875 0.4220616968641115 0.157725548828125 0.411183818815331 0.16361744921875 0.40792045644599306 0.164272103515625 0.392691425087108 0.149869681640625 0.38290133449477354 0.128266048828125 0.38072575958188154 0.107317072265625 0.38834027526132403 0.104698451171875 0.392691425087108 0.104043794921875 0.37963797212543554 0.11451828515625 0.37528681881533105 0.12106483984375 0.352443275261324 0.12106483984375 0.3470043344947735 0.117791560546875 0.340477606271777 0.111245005859375 0.338302031358885 0.107644400390625 0.338302031358885 0.089641373046875 0.3459165470383275 0.075238951171875 0.36223336585365856 0.075238951171875 0.3665845156794425 0.0680377421875 0.37963797212543554 0.062800498046875 0.40900824390243906 0.056253943359375 0.412271606271777 0.05690859765625 0.4177105470383275 0.0542899765625 0.413359393728223 0.05036204296875 0.41662275958188155 0.059527220703125 0.4209739094076655 0.06541912109375 0.431851787456446 0.06541912109375 0.43620294076655053 0.070656365234375 0.43402736585365853 0.073274986328125 0.42858842508710804 0.083094818359375 0.42858842508710804 0.087022751953125 0.42532506271777004
0 0.565700123046875 0.2773859094076655 0.56831874609375 0.263244668989547 0.5715920234375 0.2578057282229965 0.598432900390625 0.2447522717770035 0.623309810546875 0.22082094076655054 0.63312964453125 0.19906518118466898 0.633784298828125 0.180572787456446 0.62461912109375 0.16534375958188155 0.604324798828125 0.15664145644599303 0.6003968671875 0.15664145644599303 0.589267724609375 0.15772924390243903 0.576174611328125 0.16643154703832752 0.5454058046875 0.2066796968641115 0.54147787109375 0.22082094076655054 0.51987423828125 0.22625987804878048 0.51987423828125 0.23278660627177697 0.53296734765625 0.23931333449477354 0.53493131640625 0.2436644843205575 0.523802169921875 0.26542024390243907 0.522492859375 0.2741225470383275 0.54147787109375 0.2752103344947735 0.544751146484375 0.2795614843205575 0.552607013671875 0.28173706271777005 0.555880291015625 0.28173706271777005 0.5584989140625 0.2773859094076655 0.565700123046875 0.2773859094076655
0 0.50369154296875 1 0.50388925 0.9996770627177699 0.502557330078125 0.9909747595818816 0.499893486328125 0.9866236097560975 0.502557330078125 0.9790090940766552 0.4985615625 0.9626922752613241 0.497229640625 0.9409365156794426 0.492567912109375 0.9376731533101045 0.494565796875 0.9333220034843205 0.491901951171875 0.930058637630662 0.491235990234375 0.923531912891986 0.491901951171875 0.9050395156794424 0.51254674609375 0.876757031358885 0.518540396484375 0.860440212543554 0.518540396484375 0.8441233972125436 0.510548861328125 0.835421094076655 0.505221171875 0.835421094076655 0.48857214453125 0.841947818815331 0.479248689453125 0.837596668989547 0.4732550390625 0.8550012752613241 0.45727197265625 0.8702303066202091 0.4406229453125 0.8974250034843205 0.425971798828125 0.9006883658536586 0.425971798828125 0.908302881533101 0.43263141015625 0.923531912891986 0.434629294921875 0.9420243066202091 0.4472825546875 0.92788306271777 0.454608126953125 0.9267952752613241 0.46126773828125 0.9333220034843205 0.475252921875 0.9344097909407666 0.47658484375 0.9387609407665506 0.4745869609375 0.9420243066202091 0.478582728515625 0.9463754564459931 0.473921 0.9507266097560976 0.47658484375 0.9539899721254355 0.4705911953125 0.961604487804878 0.473921 0.9626922752613241 0.47658484375 0.9713945783972124 0.473921 0.9735701533101044 0.471923115234375 0.9692190034843207 0.469925234375 0.9703067909407666 0.47658484375 0.977921306620209 0.4759188828125 0.9811846689895471 0.472589080078125 0.9811846689895471 0.4705911953125 0.9768335191637632 0.471923115234375 0.982272456445993 0.469925234375 0.9866236097560975 0.4772508046875 0.9942381219512195 0.477642751953125 1 0.50369154296875 1
0 0.578190009765625 0.8441233972125436 0.57231326171875 0.8517379094076655 0.578190009765625 0.8615280034843206 0.58910397265625 0.8691425156794426 0.60085746875 0.8680547282229966 0.60001793359375 0.860440212543554 0.5899435078125 0.8462989721254355 0.579029544921875 0.8441233972125436 0.578190009765625 0.8441233972125436