0 0.322265625 0.09027777777777778 0.32421875 0.09027777777777778 0.3359375 0.1111111111111111 0.33984375 0.1111111111111111 0.34375 0.11805555555555555 0.349609375 0.12152777777777778 0.359375 0.1423611111111111 0.361328125 0.1527777777777778 0.3671875 0.16319444444444445 0.369140625 0.16319444444444445 0.369140625 0.16666666666666666 0.365234375 0.1701388888888889 0.357421875 0.1701388888888889 0.353515625 0.17708333333333334 0.341796875 0.18055555555555555 0.33203125 0.1736111111111111 0.318359375 0.1423611111111111 0.310546875 0.1423611111111111 0.30859375 0.14583333333333334 0.302734375 0.1423611111111111 0.302734375 0.1284722222222222 0.306640625 0.1111111111111111 0.310546875 0.1111111111111111 0.318359375 0.125 0.326171875 0.1111111111111111 0.326171875 0.10416666666666667 0.322265625 0.09375
0 0.40234375 0 0.451171875 0 0.46484375 0.04513888888888889 0.470703125 0.05555555555555555 0.46875 0.0625 0.458984375 0.0625 0.45703125 0.059027777777777776 0.451171875 0.059027777777777776 0.44921875 0.05555555555555555 0.443359375 0.05555555555555555 0.4375 0.04861111111111111 0.43359375 0.04861111111111111 0.42578125 0.03819444444444445 0.416015625 0.03125 0.40234375 0.006944444444444444 0.40234375 0.003472222222222222
0 0.685546875 0.1736111111111111 0.728515625 0.1736111111111111 0.734375 0.18055555555555555 0.744140625 0.1840277777777778 0.751953125 0.1909722222222222 0.7578125 0.2013888888888889 0.767578125 0.20833333333333334 0.7890625 0.2465277777777778 0.798828125 0.25 0.80859375 0.2604166666666667 0.80859375 0.2638888888888889 0.80078125 0.2638888888888889 0.79296875 0.2569444444444444 0.77734375 0.2534722222222222 0.767578125 0.2465277777777778 0.75390625 0.2465277777777778 0.75 0.2569444444444444 0.748046875 0.2569444444444444 0.748046875 0.25 0.7421875 0.23958333333333334 0.72265625 0.22569444444444445 0.703125 0.2013888888888889 0.693359375 0.1840277777777778 0.685546875 0.17708333333333334
0 0.443359375 0.9236111111111112 0.447265625 0.9305555555555556 0.447265625 0.9513888888888888 0.4453125 0.9548611111111112 0.4453125 0.9618055555555556 0.44921875 0.9756944444444444 0.44921875 0.9895833333333334 0.451171875 0.9965277777777778 0.42578125 0.9965277777777778 0.42578125 0.9652777777777778 0.423828125 0.9618055555555556 0.423828125 0.9479166666666666 0.421875 0.9409722222222222 0.42578125 0.9444444444444444 0.42578125 0.9548611111111112 0.427734375 0.9583333333333334 0.431640625 0.9583333333333334 0.439453125 0.9479166666666666 0.44140625 0.9270833333333334
0 0.744140625 0.041666666666666664 0.751953125 0.041666666666666664 0.75390625 0.04513888888888889 0.783203125 0.041666666666666664 0.791015625 0.052083333333333336 0.791015625 0.059027777777777776 0.80078125 0.0798611111111111 0.80078125 0.08680555555555555 0.798828125 0.08333333333333333 0.791015625 0.08333333333333333 0.7890625 0.0798611111111111 0.78125 0.0798611111111111 0.779296875 0.0763888888888889 0.767578125 0.07291666666666667 0.751953125 0.059027777777777776 0.744140625 0.04513888888888889
0 0.6953125 0.9027777777777778 0.697265625 0.9027777777777778 0.703125 0.9131944444444444 0.716796875 0.9166666666666666 0.728515625 0.9375 0.73046875 0.9479166666666666 0.73828125 0.9652777777777778 0.73828125 0.9826388888888888 0.734375 0.9861111111111112 0.716796875 0.96875 0.7109375 0.9513888888888888 0.705078125 0.9409722222222222 0.6953125 0.90625
0 0.341796875 0 0.38671875 0 0.400390625 0.027777777777777776 0.404296875 0.027777777777777776 0.40625 0.034722222222222224 0.400390625 0.034722222222222224 0.388671875 0.024305555555555556 0.380859375 0.024305555555555556 0.37890625 0.020833333333333332 0.37109375 0.020833333333333332 0.369140625 0.017361111111111112 0.359375 0.017361111111111112 0.34375 0.003472222222222222
0 0.501953125 0.027777777777777776 0.505859375 0.034722222222222224 0.525390625 0.03819444444444445 0.52734375 0.041666666666666664 0.533203125 0.03819444444444445 0.5390625 0.027777777777777776 0.54296875 0.041666666666666664 0.52734375 0.06597222222222222 0.521484375 0.08333333333333333 0.50390625 0.1076388888888889 0.48828125 0.12152777777777778 0.482421875 0.12152777777777778 0.47265625 0.1284722222222222 0.447265625 0.1284722222222222 0.4453125 0.13194444444444445 0.439453125 0.13194444444444445 0.42578125 0.1423611111111111 0.423828125 0.1388888888888889 0.423828125 0.13541666666666666 0.43359375 0.13194444444444445 0.439453125 0.12152777777777778 0.44140625 0.12152777777777778 0.45703125 0.09027777777777778 0.4609375 0.0763888888888889 0.4765625 0.052083333333333336 0.5 0.03125
0 0.181640625 0 0.21875 0 0.2109375 0 0.208984375 0.003472222222222222 0.208984375 0.013888888888888888 0.2109375 0.020833333333333332 0.201171875 0.020833333333333332 0.181640625 0.003472222222222222
0 0.900390625 0.11458333333333333 0.912109375 0.13541666666666666 0.92578125 0.1701388888888889 0.943359375 0.2013888888888889 0.943359375 0.2048611111111111 0.947265625 0.20833333333333334 0.951171875 0.22569444444444445 0.958984375 0.2465277777777778 0.958984375 0.2534722222222222 0.962890625 0.2604166666666667 0.974609375 0.3020833333333333 0.9921875 0.3298611111111111 0.998046875 0.3333333333333333 0.998046875 0.34375 0.994140625 0.3472222222222222 0.986328125 0.3333333333333333 0.96875 0.3125 0.921875 0.2777777777777778 0.916015625 0.2673611111111111 0.9140625 0.2673611111111111 0.912109375 0.2604166666666667 0.908203125 0.2569444444444444 0.892578125 0.22569444444444445 0.890625 0.22569444444444445 0.8828125 0.2048611111111111 0.869140625 0.1527777777777778 0.86328125 0.1423611111111111 0.85546875 0.1388888888888889 0.8515625 0.13541666666666666 0.8515625 0.13194444444444445 0.857421875 0.12152777777777778 0.865234375 0.11805555555555555 0.875 0.13194444444444445 0.880859375 0.13194444444444445 0.8828125 0.13541666666666666 0.890625 0.13194444444444445 0.90234375 0.1423611111111111 0.904296875 0.1388888888888889 0.904296875 0.13194444444444445 0.900390625 0.11805555555555555
0 0.4140625 0.034722222222222224 0.427734375 0.04861111111111111 0.44140625 0.05555555555555555 0.45703125 0.0798611111111111 0.455078125 0.09027777777777778 0.44140625 0.11458333333333333 0.439453125 0.1111111111111111 0.427734375 0.1111111111111111 0.421875 0.11805555555555555 0.421875 0.1284722222222222 0.421875 0.11458333333333333 0.416015625 0.10416666666666667 0.396484375 0.09375 0.3671875 0.059027777777777776 0.36328125 0.059027777777777776 0.349609375 0.04861111111111111 0.349609375 0.041666666666666664 0.36328125 0.03819444444444445 0.365234375 0.034722222222222224 0.3984375 0.034722222222222224 0.400390625 0.03819444444444445 0.40234375 0.034722222222222224 0.412109375 0.034722222222222224
0 0 0 0.025390625 0 0.041015625 0.034722222222222224 0.05078125 0.0625 0.068359375 0.08333333333333333 0.068359375 0.08680555555555555 0.064453125 0.08680555555555555 0.05078125 0.07291666666666667 0.0234375 0.0625 0.005859375 0.034722222222222224 0 0.03125 0 0.003472222222222222