0 0.802734375 0.4305555555555556 0.8046875 0.4340277777777778 0.810546875 0.4340277777777778 0.81640625 0.4409722222222222 0.826171875 0.4444444444444444 0.826171875 0.4548611111111111 0.82421875 0.4583333333333333 0.822265625 0.4548611111111111 0.818359375 0.4583333333333333 0.80859375 0.4583333333333333 0.806640625 0.4548611111111111 0.80078125 0.4548611111111111 0.794921875 0.4479166666666667 0.787109375 0.4444444444444444 0.787109375 0.4375 0.7890625 0.4340277777777778 0.80078125 0.4305555555555556
0 0.265625 0.5729166666666666 0.267578125 0.5763888888888888 0.275390625 0.5763888888888888 0.28515625 0.5833333333333334 0.29296875 0.5833333333333334 0.298828125 0.5902777777777778 0.3125 0.5972222222222222 0.314453125 0.6006944444444444 0.314453125 0.6145833333333334 0.306640625 0.6319444444444444 0.30078125 0.6319444444444444 0.298828125 0.6354166666666666 0.287109375 0.6354166666666666 0.28515625 0.6388888888888888 0.27734375 0.6388888888888888 0.275390625 0.6423611111111112 0.259765625 0.6423611111111112 0.2578125 0.6458333333333334 0.25 0.6458333333333334 0.240234375 0.6527777777777778 0.19921875 0.65625 0.197265625 0.6597222222222222 0.1875 0.6597222222222222 0.185546875 0.6631944444444444 0.1796875 0.65625 0.1796875 0.6180555555555556 0.185546875 0.6041666666666666 0.193359375 0.6041666666666666 0.1953125 0.6076388888888888 0.197265625 0.6041666666666666 0.1953125 0.59375 0.197265625 0.59375 0.203125 0.5833333333333334 0.216796875 0.5798611111111112 0.21875 0.5763888888888888 0.228515625 0.5763888888888888 0.23046875 0.5729166666666666 0.263671875 0.5729166666666666
0 0.583984375 0.6041666666666666 0.599609375 0.6041666666666666 0.619140625 0.6215277777777778 0.625 0.6319444444444444 0.630859375 0.6354166666666666 0.640625 0.6527777777777778 0.658203125 0.6701388888888888 0.65625 0.6736111111111112 0.646484375 0.6736111111111112 0.63671875 0.6631944444444444 0.6328125 0.6631944444444444 0.61328125 0.6458333333333334 0.609375 0.6458333333333334 0.6015625 0.6354166666666666 0.595703125 0.6319444444444444 0.583984375 0.6076388888888888
0 0.013671875 0.3020833333333333 0.02734375 0.2916666666666667 0.033203125 0.2916666666666667 0.03515625 0.2881944444444444 0.0546875 0.2847222222222222 0.056640625 0.28125 0.068359375 0.28125 0.0703125 0.2777777777777778 0.083984375 0.2777777777777778 0.0859375 0.28125 0.08984375 0.2777777777777778 0.107421875 0.2777777777777778 0.109375 0.2847222222222222 0.109375 0.2881944444444444 0.099609375 0.2881944444444444 0.09765625 0.2916666666666667 0.083984375 0.2951388888888889 0.08203125 0.2986111111111111 0.0703125 0.3020833333333333 0.068359375 0.3055555555555556 0.0625 0.3055555555555556 0.060546875 0.3090277777777778 0.052734375 0.3090277777777778 0.05078125 0.3125 0.021484375 0.3125 0.01953125 0.3159722222222222 0.017578125 0.3125 0.013671875 0.3125 0.013671875 0.3055555555555556
0 0.3515625 0.4513888888888889 0.359375 0.4583333333333333 0.376953125 0.4583333333333333 0.376953125 0.4618055555555556 0.37109375 0.46875 0.34375 0.46875 0.341796875 0.4652777777777778 0.341796875 0.4479166666666667 0.345703125 0.4444444444444444 0.349609375 0.4513888888888889
0 0.33203125 0.5625 0.3515625 0.5798611111111112 0.35546875 0.5798611111111112 0.35546875 0.5902777777777778 0.349609375 0.6006944444444444 0.34375 0.6006944444444444 0.341796875 0.6041666666666666 0.33984375 0.6006944444444444 0.333984375 0.6006944444444444 0.3203125 0.5798611111111112 0.318359375 0.5729166666666666 0.3203125 0.5659722222222222 0.32421875 0.5625 0.330078125 0.5625
0 0.197265625 0.2847222222222222 0.197265625 0.2777777777777778 0.19921875 0.2743055555555556 0.20703125 0.2708333333333333 0.216796875 0.2604166666666667 0.220703125 0.2604166666666667 0.228515625 0.25 0.232421875 0.25 0.23828125 0.24305555555555555 0.25390625 0.23958333333333334 0.265625 0.22916666666666666 0.279296875 0.22916666666666666 0.283203125 0.2326388888888889 0.283203125 0.2361111111111111 0.27734375 0.24305555555555555 0.271484375 0.23958333333333334 0.263671875 0.2465277777777778 0.2578125 0.2465277777777778 0.251953125 0.2569444444444444 0.25 0.2569444444444444 0.24609375 0.2673611111111111 0.21484375 0.2881944444444444 0.201171875 0.2881944444444444 0.19921875 0.2847222222222222
0 0.369140625 0.3472222222222222 0.373046875 0.3576388888888889 0.37109375 0.3715277777777778 0.361328125 0.3715277777777778 0.359375 0.3680555555555556 0.33984375 0.3680555555555556 0.326171875 0.3784722222222222 0.318359375 0.3784722222222222 0.310546875 0.3854166666666667 0.30078125 0.3854166666666667 0.298828125 0.3888888888888889 0.2890625 0.3888888888888889 0.28515625 0.3854166666666667 0.28515625 0.3784722222222222 0.291015625 0.3715277777777778 0.302734375 0.3680555555555556 0.31640625 0.3576388888888889 0.32421875 0.3576388888888889 0.326171875 0.3541666666666667 0.33984375 0.3506944444444444 0.341796875 0.3472222222222222 0.3671875 0.3472222222222222
0 0.568359375 0.4583333333333333 0.572265625 0.4618055555555556 0.572265625 0.4722222222222222 0.56640625 0.4826388888888889 0.556640625 0.4895833333333333 0.55078125 0.4895833333333333 0.544921875 0.4826388888888889 0.537109375 0.4791666666666667 0.53515625 0.4756944444444444 0.53515625 0.46875 0.537109375 0.4652777777777778 0.541015625 0.4652777777777778 0.544921875 0.4583333333333333 0.56640625 0.4583333333333333
0 0.9888020833333333 0.33935185185185185 0.022395833333333334 0.0287037037037037
0 0.3359375 0.3229166666666667 0.33984375 0.3055555555555556 0.349609375 0.2916666666666667 0.353515625 0.2916666666666667 0.35546875 0.2881944444444444 0.365234375 0.2881944444444444 0.369140625 0.3020833333333333 0.369140625 0.3125 0.35546875 0.3229166666666667 0.337890625 0.3263888888888889
0 0.3515625 0.6076388888888888 0.3515625 0.6145833333333334 0.345703125 0.625 0.33203125 0.6388888888888888 0.328125 0.6388888888888888 0.326171875 0.6354166666666666 0.330078125 0.6180555555555556 0.3359375 0.6076388888888888 0.349609375 0.6076388888888888
0 0.544921875 0.4236111111111111 0.546875 0.4270833333333333 0.55859375 0.4270833333333333 0.560546875 0.4305555555555556 0.55859375 0.4375 0.53515625 0.4375 0.53515625 0.4270833333333333 0.537109375 0.4236111111111111 0.54296875 0.4236111111111111
0 0.154296875 0.3645833333333333 0.15625 0.3680555555555556 0.169921875 0.3715277777777778 0.173828125 0.3819444444444444 0.1484375 0.3854166666666667 0.138671875 0.3923611111111111 0.107421875 0.3923611111111111 0.10546875 0.3958333333333333 0.08203125 0.3923611111111111 0.080078125 0.3854166666666667 0.080078125 0.3680555555555556 0.083984375 0.3645833333333333 0.1015625 0.3645833333333333 0.103515625 0.3680555555555556 0.13671875 0.3680555555555556 0.138671875 0.3645833333333333 0.15234375 0.3645833333333333
0 0.251953125 0.3090277777777778 0.251953125 0.3159722222222222 0.25 0.3194444444444444 0.228515625 0.3298611111111111 0.216796875 0.3402777777777778 0.19921875 0.3402777777777778 0.197265625 0.34375 0.162109375 0.3402777777777778 0.16015625 0.3368055555555556 0.16015625 0.3298611111111111 0.166015625 0.3229166666666667 0.169921875 0.3229166666666667 0.177734375 0.3159722222222222 0.18359375 0.3159722222222222 0.185546875 0.3125 0.205078125 0.3090277777777778 0.20703125 0.3055555555555556 0.248046875 0.3055555555555556 0.25 0.3090277777777778
0 0.720703125 0.4027777777777778 0.7265625 0.4097222222222222 0.73046875 0.4097222222222222 0.716796875 0.4097222222222222 0.71484375 0.4131944444444444 0.70703125 0.4131944444444444 0.705078125 0.4166666666666667 0.697265625 0.4166666666666667 0.6953125 0.4201388888888889 0.66015625 0.4201388888888889 0.65625 0.4131944444444444 0.666015625 0.4027777777777778 0.71875 0.4027777777777778
0 0.560546875 0.15625 0.560546875 0.1423611111111111 0.5625 0.13541666666666666 0.568359375 0.1284722222222222 0.572265625 0.1284722222222222 0.580078125 0.12152777777777778 0.587890625 0.12152777777777778 0.58984375 0.11805555555555555 0.595703125 0.11805555555555555 0.599609375 0.125 0.599609375 0.1388888888888889 0.6015625 0.1423611111111111 0.6015625 0.1527777777777778 0.60546875 0.1701388888888889 0.60546875 0.2152777777777778 0.599609375 0.2361111111111111 0.595703125 0.24305555555555555 0.591796875 0.24305555555555555 0.58984375 0.23958333333333334 0.5859375 0.24305555555555555 0.56640625 0.24305555555555555 0.552734375 0.2326388888888889 0.548828125 0.22569444444444445 0.548828125 0.2222222222222222 0.54296875 0.21180555555555555 0.552734375 0.1909722222222222 0.552734375 0.16319444444444445 0.5546875 0.1597222222222222 0.55859375 0.1597222222222222
0 0.01953125 0.3888888888888889 0.021484375 0.3923611111111111 0.025390625 0.3923611111111111 0.03125 0.4027777777777778 0.03125 0.40625 0.02734375 0.4097222222222222 0.021484375 0.4097222222222222 0.015625 0.4027777777777778 0.015625 0.3923611111111111 0.017578125 0.3923611111111111
0 0.232421875 0.4166666666666667 0.234375 0.4201388888888889 0.2578125 0.4166666666666667 0.2578125 0.4270833333333333 0.255859375 0.4305555555555556 0.234375 0.4340277777777778 0.232421875 0.4375 0.2109375 0.4444444444444444 0.208984375 0.4479166666666667 0.193359375 0.4479166666666667 0.19140625 0.4513888888888889 0.173828125 0.4479166666666667 0.171875 0.4444444444444444 0.171875 0.4375 0.19140625 0.4236111111111111 0.23046875 0.4166666666666667
0 0.31640625 0.4027777777777778 0.318359375 0.40625 0.318359375 0.4131944444444444 0.31640625 0.4166666666666667 0.3125 0.4201388888888889 0.306640625 0.4201388888888889 0.3046875 0.4236111111111111 0.296875 0.4236111111111111 0.294921875 0.4270833333333333 0.275390625 0.4270833333333333 0.2734375 0.4236111111111111 0.2734375 0.4166666666666667 0.29296875 0.4027777777777778 0.314453125 0.4027777777777778
0 0.169921875 0.4375 0.171875 0.4409722222222222 0.171875 0.4479166666666667 0.158203125 0.4513888888888889 0.146484375 0.4618055555555556 0.130859375 0.4652777777777778 0.12890625 0.46875 0.10546875 0.46875 0.1015625 0.4652777777777778 0.107421875 0.4548611111111111 0.119140625 0.4513888888888889 0.130859375 0.4409722222222222 0.140625 0.4409722222222222 0.142578125 0.4375 0.16796875 0.4375
0 0.953125 0.3541666666666667 0.95703125 0.3576388888888889 0.95703125 0.3611111111111111 0.943359375 0.3888888888888889 0.943359375 0.3993055555555556 0.94140625 0.4027777777777778 0.943359375 0.40625 0.9453125 0.4236111111111111 0.943359375 0.4270833333333333 0.93359375 0.4270833333333333 0.9296875 0.4201388888888889 0.92578125 0.4027777777777778 0.9296875 0.3854166666666667 0.939453125 0.3680555555555556 0.951171875 0.3576388888888889
0 0.9921875 0.5 0.998046875 0.5069444444444444 0.998046875 0.53125 0.982421875 0.53125 0.98046875 0.5277777777777778 0.958984375 0.5243055555555556 0.953125 0.5173611111111112 0.9453125 0.5138888888888888 0.94140625 0.5069444444444444 0.947265625 0.4965277777777778 0.990234375 0.5
0 0.13671875 0.3125 0.142578125 0.3194444444444444 0.142578125 0.3298611111111111 0.138671875 0.3368055555555556 0.130859375 0.3368055555555556 0.125 0.3298611111111111 0.123046875 0.3263888888888889 0.125 0.3194444444444444 0.134765625 0.3159722222222222
0 0.19140625 0.3541666666666667 0.19921875 0.34375 0.220703125 0.34375 0.224609375 0.3472222222222222 0.22265625 0.3541666666666667 0.2109375 0.3645833333333333 0.197265625 0.3645833333333333 0.193359375 0.3611111111111111 0.193359375 0.3576388888888889
0 0.248046875 0.3854166666666667 0.248046875 0.3784722222222222 0.251953125 0.3715277777777778 0.255859375 0.3715277777777778 0.26171875 0.3645833333333333 0.265625 0.3645833333333333 0.2734375 0.3576388888888889 0.283203125 0.3576388888888889 0.28515625 0.3541666666666667 0.302734375 0.3541666666666667 0.298828125 0.3645833333333333 0.291015625 0.3680555555555556 0.28515625 0.375 0.2734375 0.3784722222222222 0.271484375 0.3819444444444444 0.265625 0.3819444444444444 0.263671875 0.3854166666666667 0.25 0.3854166666666667
0 0.5390625 0.3819444444444444 0.54296875 0.3784722222222222 0.564453125 0.3784722222222222 0.57421875 0.3958333333333333 0.5703125 0.40625 0.5625 0.4131944444444444 0.552734375 0.4131944444444444 0.54296875 0.40625 0.537109375 0.3958333333333333 0.537109375 0.3888888888888889 0.5390625 0.3854166666666667
0 0.828125 0.5104166666666666 0.830078125 0.5138888888888888 0.837890625 0.5138888888888888 0.84765625 0.5208333333333334 0.86328125 0.5243055555555556 0.875 0.5381944444444444 0.880859375 0.5381944444444444 0.880859375 0.5486111111111112 0.87890625 0.5520833333333334 0.8671875 0.5486111111111112 0.865234375 0.5451388888888888 0.857421875 0.5451388888888888 0.85546875 0.5416666666666666 0.8046875 0.5416666666666666 0.802734375 0.5381944444444444 0.7890625 0.5416666666666666 0.787109375 0.5381944444444444 0.78125 0.5381944444444444 0.77734375 0.53125 0.77734375 0.5243055555555556 0.78515625 0.5138888888888888 0.794921875 0.5138888888888888 0.796875 0.5104166666666666 0.826171875 0.5104166666666666
0 0.349609375 0.40625 0.369140625 0.4201388888888889 0.369140625 0.4270833333333333 0.365234375 0.4270833333333333 0.36328125 0.4305555555555556 0.349609375 0.4305555555555556 0.34765625 0.4270833333333333 0.33984375 0.4270833333333333 0.33203125 0.4201388888888889 0.328125 0.4131944444444444 0.33203125 0.4027777777777778 0.345703125 0.4027777777777778 0.34765625 0.40625
0 0.23828125 0.2326388888888889 0.240234375 0.23958333333333334 0.236328125 0.2465277777777778 0.232421875 0.2465277777777778 0.228515625 0.2534722222222222 0.224609375 0.2534722222222222 0.212890625 0.2673611111111111 0.201171875 0.2743055555555556 0.197265625 0.28125 0.19140625 0.28125 0.181640625 0.2881944444444444 0.173828125 0.2881944444444444 0.171875 0.2916666666666667 0.162109375 0.2916666666666667 0.162109375 0.28125 0.169921875 0.2708333333333333 0.173828125 0.2708333333333333 0.177734375 0.2638888888888889 0.19140625 0.2569444444444444 0.197265625 0.25 0.203125 0.25 0.2109375 0.24305555555555555 0.220703125 0.24305555555555555 0.236328125 0.2326388888888889
0 0.189453125 0.3993055555555556 0.189453125 0.40625 0.181640625 0.40625 0.1796875 0.4097222222222222 0.169921875 0.4131944444444444 0.16015625 0.4236111111111111 0.1484375 0.4270833333333333 0.142578125 0.4340277777777778 0.109375 0.4340277777777778 0.10546875 0.4270833333333333 0.111328125 0.4166666666666667 0.123046875 0.4131944444444444 0.125 0.4097222222222222 0.1328125 0.4097222222222222 0.140625 0.4027777777777778 0.15234375 0.4027777777777778 0.154296875 0.3993055555555556 0.166015625 0.3993055555555556 0.16796875 0.3958333333333333 0.185546875 0.3958333333333333 0.1875 0.3993055555555556
0 0.21484375 0.3784722222222222 0.228515625 0.3888888888888889 0.234375 0.3993055555555556 0.236328125 0.3993055555555556 0.23828125 0.40625 0.234375 0.4097222222222222 0.23046875 0.4097222222222222 0.21875 0.3993055555555556 0.212890625 0.3993055555555556 0.2109375 0.3958333333333333 0.19921875 0.3958333333333333 0.1953125 0.3923611111111111 0.193359375 0.3888888888888889 0.193359375 0.3819444444444444 0.1953125 0.3784722222222222 0.212890625 0.3784722222222222
0 0.671875 0.3888888888888889 0.681640625 0.3819444444444444 0.6875 0.3715277777777778 0.724609375 0.3715277777777778 0.728515625 0.3784722222222222 0.7265625 0.3819444444444444 0.7265625 0.3888888888888889 0.736328125 0.40625 0.736328125 0.4131944444444444 0.732421875 0.4131944444444444 0.7265625 0.40625 0.720703125 0.40625 0.71875 0.4027777777777778 0.669921875 0.3993055555555556 0.671875 0.3923611111111111
0 0.029296875 0 0.03125 0.003472222222222222 0.03515625 0 0.0390625 0.003472222222222222 0.04296875 0 0.080078125 0 0.08203125 0.003472222222222222 0.0859375 0.003472222222222222 0.087890625 0 0.201171875 0 0.197265625 0.003472222222222222 0.189453125 0.003472222222222222 0.1875 0.006944444444444444 0.1796875 0.006944444444444444 0.177734375 0.010416666666666666 0.158203125 0.013888888888888888 0.15625 0.017361111111111112 0.13671875 0.017361111111111112 0.134765625 0.020833333333333332 0.0546875 0.020833333333333332 0.052734375 0.017361111111111112 0.01953125 0.017361111111111112 0.017578125 0.013888888888888888 0.005859375 0.013888888888888888 0.00390625 0.010416666666666666 0 0.010416666666666666 0 0.006944444444444444 0.01953125 0.006944444444444444 0.021484375 0.003472222222222222 0.02734375 0.003472222222222222
0 0.662109375 0.20833333333333334 0.673828125 0.21875 0.677734375 0.22569444444444445 0.677734375 0.2361111111111111 0.673828125 0.23958333333333334 0.6484375 0.23958333333333334 0.646484375 0.24305555555555555 0.62890625 0.24305555555555555 0.623046875 0.2326388888888889 0.623046875 0.22569444444444445 0.634765625 0.20833333333333334 0.638671875 0.20833333333333334 0.640625 0.2048611111111111 0.658203125 0.2048611111111111 0.66015625 0.20833333333333334
0 0.98203125 0.30972222222222223 0.0359375 0.026851851851851852
0 0.326171875 0.5659722222222222 0.328125 0.5729166666666666 0.333984375 0.5729166666666666 0.33984375 0.5868055555555556 0.345703125 0.5902777777777778 0.34375 0.59375 0.345703125 0.5972222222222222 0.349609375 0.5972222222222222 0.34765625 0.6041666666666666 0.341796875 0.6111111111111112 0.341796875 0.6145833333333334 0.33984375 0.6111111111111112 0.3359375 0.6111111111111112 0.337890625 0.6076388888888888 0.3359375 0.6006944444444444 0.33203125 0.5972222222222222 0.32421875 0.5972222222222222 0.322265625 0.59375 0.3203125 0.5972222222222222 0.3203125 0.6041666666666666 0.31640625 0.6111111111111112 0.31640625 0.625 0.310546875 0.6319444444444444 0.3046875 0.6319444444444444 0.302734375 0.6354166666666666 0.2890625 0.6354166666666666 0.287109375 0.6388888888888888 0.27734375 0.6388888888888888 0.275390625 0.6423611111111112 0.26171875 0.6423611111111112 0.259765625 0.6458333333333334 0.2421875 0.6493055555555556 0.240234375 0.6527777777777778 0.19921875 0.65625 0.189453125 0.6631944444444444 0.185546875 0.6631944444444444 0.1796875 0.65625 0.177734375 0.6493055555555556 0.1796875 0.6458333333333334 0.177734375 0.6215277777777778 0.185546875 0.6041666666666666 0.193359375 0.6041666666666666 0.1953125 0.6006944444444444 0.1953125 0.59375 0.203125 0.5833333333333334 0.216796875 0.5798611111111112 0.21875 0.5763888888888888 0.2265625 0.5763888888888888 0.228515625 0.5729166666666666 0.265625 0.5729166666666666 0.267578125 0.5763888888888888 0.275390625 0.5763888888888888 0.27734375 0.5798611111111112 0.29296875 0.5833333333333334 0.294921875 0.5868055555555556 0.306640625 0.5902777777777778 0.314453125 0.5972222222222222 0.322265625 0.5902777777777778 0.318359375 0.5763888888888888 0.3203125 0.5694444444444444 0.32421875 0.5659722222222222