0 0.517578125 0.3693379790940767 0.521484375 0.3693379790940767 0.5234375 0.37630662020905925 0.5234375 0.4146341463414634 0.521484375 0.42160278745644597 0.517578125 0.41114982578397213 0.517578125 0.3797909407665505 0.513671875 0.37630662020905925 0.517578125 0.37282229965156793
0 0.498046875 0.7247386759581882 0.50390625 0.7212543554006968 0.50390625 0.7282229965156795 0.5078125 0.7317073170731707 0.51171875 0.7421602787456446 0.51171875 0.7735191637630662 0.509765625 0.7735191637630662 0.509765625 0.7665505226480837 0.505859375 0.7630662020905923 0.50390625 0.735191637630662 0.498046875 0.7282229965156795
0 0.478515625 0.42160278745644597 0.484375 0.4250871080139373 0.48828125 0.43205574912891986 0.48828125 0.4425087108013937 0.486328125 0.4425087108013937 0.48828125 0.43902439024390244 0.484375 0.43205574912891986 0.48046875 0.43205574912891986 0.478515625 0.4250871080139373
0 0.458984375 0.4181184668989547 0.462890625 0.4181184668989547 0.46484375 0.42160278745644597 0.46484375 0.4355400696864111 0.458984375 0.4250871080139373 0.458984375 0.42160278745644597
0 0.58984375 0.7630662020905923 0.599609375 0.7630662020905923 0.603515625 0.7770034843205574 0.603515625 0.7909407665505227 0.6015625 0.794425087108014 0.58984375 0.794425087108014 0.587890625 0.7909407665505227 0.587890625 0.7735191637630662 0.58984375 0.7665505226480837
0 0.6171875 0.627177700348432 0.634765625 0.627177700348432 0.6328125 0.6341463414634146 0.634765625 0.6376306620209059 0.634765625 0.6689895470383276 0.63671875 0.6724738675958188 0.63671875 0.6794425087108014 0.634765625 0.6829268292682927 0.634765625 0.6968641114982579 0.62890625 0.7038327526132404 0.623046875 0.7038327526132404 0.623046875 0.6898954703832753 0.62109375 0.686411149825784 0.62109375 0.6585365853658537 0.6171875 0.6550522648083623 0.6171875 0.6515679442508711 0.62109375 0.6480836236933798 0.623046875 0.6341463414634146 0.619140625 0.627177700348432
0 0.65234375 0.13937282229965156 0.65625 0.13937282229965156 0.658203125 0.14634146341463414 0.658203125 0.17770034843205576 0.65625 0.17770034843205576 0.658203125 0.17073170731707318 0.654296875 0.1672473867595819 0.65234375 0.14285714285714285
0 0.556640625 0.16376306620209058 0.560546875 0.16376306620209058 0.5625 0.17073170731707318 0.56640625 0.17073170731707318 0.578125 0.18118466898954705 0.578125 0.18466898954703834 0.583984375 0.1951219512195122 0.5859375 0.1951219512195122 0.5859375 0.30662020905923343 0.580078125 0.29965156794425085 0.572265625 0.29965156794425085 0.572265625 0.2961672473867596 0.580078125 0.2857142857142857 0.580078125 0.27526132404181186 0.576171875 0.27177700348432055 0.572265625 0.2613240418118467 0.568359375 0.23693379790940766 0.564453125 0.23344947735191637 0.564453125 0.2264808362369338 0.560546875 0.21951219512195122 0.552734375 0.21951219512195122 0.55859375 0.21254355400696864 0.556640625 0.1916376306620209 0.552734375 0.18815331010452963 0.552734375 0.17421602787456447 0.5546875 0.17421602787456447 0.556640625 0.1672473867595819
0 0.43359375 0.3902439024390244 0.439453125 0.3902439024390244 0.443359375 0.39372822299651566 0.4453125 0.4076655052264808 0.44140625 0.4076655052264808 0.44140625 0.40069686411149824 0.435546875 0.39372822299651566
0 0.60546875 0.5853658536585366 0.615234375 0.5853658536585366 0.615234375 0.6062717770034843 0.6171875 0.6097560975609756 0.6171875 0.6411149825783972 0.615234375 0.6445993031358885 0.60546875 0.6480836236933798 0.603515625 0.6445993031358885 0.603515625 0.6062717770034843 0.60546875 0.6027874564459931 0.60546875 0.5888501742160279
0 0.53515625 0.45993031358885017 0.55859375 0.45993031358885017 0.55859375 0.46689895470383275 0.53515625 0.46689895470383275 0.53515625 0.4634146341463415
0 0.6360759493670886 1.010541172319499 0.013687607882623706 0.03181998612687097
0 0.4375 0.4250871080139373 0.443359375 0.43205574912891986 0.443359375 0.44947735191637633 0.443359375 0.4425087108013937 0.439453125 0.43902439024390244 0.4375 0.42857142857142855
0 0.44140625 0.34494773519163763 0.447265625 0.3519163763066202 0.447265625 0.3623693379790941 0.44921875 0.36585365853658536 0.44921875 0.37282229965156793 0.447265625 0.37282229965156793 0.44921875 0.3693379790940767 0.4453125 0.36585365853658536 0.443359375 0.3588850174216028 0.44140625 0.3588850174216028 0.44140625 0.34843205574912894
0 0.48046875 0.08362369337979095 0.486328125 0.08362369337979095 0.48828125 0.09059233449477352 0.4921875 0.09059233449477352 0.494140625 0.08710801393728224 0.490234375 0.10104529616724739 0.4921875 0.10801393728222997 0.4921875 0.15331010452961671 0.486328125 0.17073170731707318 0.478515625 0.17073170731707318 0.47265625 0.17770034843205576 0.46875 0.17770034843205576 0.46484375 0.17073170731707318 0.46484375 0.14634146341463414 0.462890625 0.13937282229965156 0.458984375 0.13588850174216027 0.466796875 0.13240418118466898 0.470703125 0.11846689895470383 0.47265625 0.11846689895470383 0.478515625 0.10452961672473868 0.486328125 0.0975609756097561 0.482421875 0.09407665505226481 0.48046875 0.08710801393728224
0 0.462890625 0.34146341463414637 0.462890625 0.3554006968641115 0.46484375 0.3588850174216028 0.462890625 0.36585365853658536 0.4609375 0.3623693379790941 0.462890625 0.3588850174216028 0.462890625 0.34494773519163763
0 0.65234375 0.6202090592334495 0.65625 0.6202090592334495 0.658203125 0.627177700348432 0.658203125 0.6794425087108014 0.65625 0.6759581881533101 0.658203125 0.6724738675958188 0.658203125 0.662020905923345 0.654296875 0.6585365853658537 0.654296875 0.6341463414634146 0.6484375 0.627177700348432 0.65234375 0.6236933797909407
0 0.455078125 0.7700348432055749 0.458984375 0.7665505226480837 0.46484375 0.7700348432055749 0.46484375 0.794425087108014 0.455078125 0.7874564459930313 0.455078125 0.7735191637630662
0 0.44921875 0.41114982578397213 0.455078125 0.41114982578397213 0.455078125 0.42160278745644597 0.45703125 0.4250871080139373 0.455078125 0.42857142857142855 0.453125 0.42857142857142855 0.455078125 0.4250871080139373 0.455078125 0.4146341463414634 0.451171875 0.41114982578397213
0 0.40234375 0 0.416015625 0 0.4140625 0.006968641114982578 0.4140625 0.027874564459930314 0.41015625 0.0313588850174216 0.40234375 0.024390243902439025 0.40234375 0.020905923344947737 0.40625 0.017421602787456445 0.40625 0.013937282229965157 0.400390625 0.006968641114982578 0.40234375 0.003484320557491289
0 0.607421875 0.6515679442508711 0.607421875 0.6550522648083623 0.61328125 0.662020905923345 0.61328125 0.7177700348432056 0.611328125 0.7247386759581882 0.607421875 0.7247386759581882 0.603515625 0.7317073170731707 0.599609375 0.7317073170731707 0.595703125 0.7247386759581882 0.595703125 0.7003484320557491 0.6015625 0.6898954703832753 0.603515625 0.6759581881533101 0.607421875 0.6724738675958188 0.607421875 0.6550522648083623
0 0.46875 0.34494773519163763 0.474609375 0.34494773519163763 0.474609375 0.3588850174216028 0.4765625 0.3623693379790941 0.474609375 0.37282229965156793 0.47265625 0.37282229965156793 0.474609375 0.3693379790940767 0.474609375 0.3554006968641115 0.47265625 0.3519163763066202 0.46875 0.3519163763066202 0.46875 0.34843205574912894
0 0.484375 0.36585365853658536 0.484375 0.37282229965156793 0.486328125 0.37630662020905925 0.486328125 0.397212543554007 0.482421875 0.4076655052264808 0.484375 0.40069686411149824 0.484375 0.3693379790940767
0 0.474609375 0.41114982578397213 0.48046875 0.41114982578397213 0.48046875 0.4181184668989547 0.478515625 0.42160278745644597 0.474609375 0.4181184668989547 0.474609375 0.4146341463414634
0 0.5390625 0.7317073170731707 0.546875 0.7247386759581882 0.568359375 0.7247386759581882 0.5703125 0.7282229965156795 0.568359375 0.735191637630662 0.54296875 0.735191637630662 0.541015625 0.7317073170731707
0 0.48828125 0.7386759581881533 0.494140625 0.7386759581881533 0.49609375 0.7665505226480837 0.498046875 0.7700348432055749 0.498046875 0.8292682926829268 0.49609375 0.8292682926829268 0.49609375 0.8153310104529616 0.4921875 0.8118466898954704 0.4921875 0.7979094076655052 0.490234375 0.794425087108014 0.490234375 0.759581881533101 0.48828125 0.7560975609756098 0.48828125 0.7421602787456446
0 0.619140625 0 0.625 0 0.625 0.0313588850174216 0.619140625 0.017421602787456445 0.619140625 0.003484320557491289
0 0.54296875 0.7421602787456446 0.544921875 0.7421602787456446 0.54296875 0.7491289198606271 0.54296875 0.7630662020905923 0.541015625 0.7665505226480837 0.537109375 0.7630662020905923 0.537109375 0.759581881533101 0.541015625 0.759581881533101 0.54296875 0.7560975609756098 0.54296875 0.7456445993031359
0 0.486328125 0.46689895470383275 0.494140625 0.4738675958188153 0.494140625 0.4808362369337979 0.49609375 0.4843205574912892 0.49609375 0.4912891986062718 0.494140625 0.4912891986062718 0.4921875 0.4843205574912892 0.486328125 0.47735191637630664 0.486328125 0.47038327526132406