0 0.4765625 0 0.490234375 0 0.4921875 0.003484320557491289 0.501953125 0.003484320557491289 0.505859375 0.006968641114982578 0.505859375 0.0313588850174216 0.494140625 0.03484320557491289 0.4921875 0.0313588850174216 0.48828125 0.0313588850174216 0.48828125 0.024390243902439025 0.486328125 0.020905923344947737 0.482421875 0.017421602787456445 0.4765625 0.017421602787456445 0.4765625 0.003484320557491289
0 0.6015625 0.7804878048780488 0.609375 0.7804878048780488 0.609375 0.818815331010453 0.5859375 0.818815331010453 0.5859375 0.794425087108014 0.58984375 0.7909407665505227 0.595703125 0.7909407665505227 0.6015625 0.7839721254355401
0 0.296875 0.1602787456445993 0.302734375 0.1602787456445993 0.310546875 0.14982578397212543 0.3203125 0.14982578397212543 0.333984375 0.1602787456445993 0.341796875 0.1602787456445993 0.349609375 0.17073170731707318 0.349609375 0.1986062717770035 0.3125 0.20209059233449478 0.3125 0.1916376306620209 0.310546875 0.18815331010452963 0.296875 0.18815331010452963 0.296875 0.16376306620209058
0 0.34375 0.11498257839721254 0.359375 0.11498257839721254 0.36328125 0.1289198606271777 0.369140625 0.1289198606271777 0.369140625 0.13240418118466898 0.33984375 0.13240418118466898 0.33984375 0.12195121951219512 0.34375 0.11846689895470383
0 0.3828125 0 0.416015625 0 0.416015625 0.006968641114982578 0.3828125 0.006968641114982578 0.3828125 0.003484320557491289
0 0.5625 0.3310104529616725 0.572265625 0.3310104529616725 0.57421875 0.33797909407665505 0.580078125 0.34146341463414637 0.580078125 0.3519163763066202 0.5625 0.34843205574912894 0.560546875 0.3519163763066202 0.560546875 0.3623693379790941 0.55859375 0.3623693379790941 0.5546875 0.37282229965156793 0.5546875 0.3867595818815331 0.55078125 0.3902439024390244 0.548828125 0.397212543554007 0.544921875 0.397212543554007 0.541015625 0.40418118466898956 0.537109375 0.40418118466898956 0.53125 0.4146341463414634 0.529296875 0.4146341463414634 0.52734375 0.42160278745644597 0.525390625 0.42160278745644597 0.5234375 0.4146341463414634 0.517578125 0.4146341463414634 0.515625 0.4181184668989547 0.517578125 0.4250871080139373 0.51171875 0.4250871080139373 0.51171875 0.41114982578397213 0.5078125 0.4076655052264808 0.5078125 0.40069686411149824 0.515625 0.40069686411149824 0.517578125 0.397212543554007 0.517578125 0.3867595818815331 0.51953125 0.3797909407665505 0.53125 0.36585365853658536 0.537109375 0.3519163763066202 0.54296875 0.34494773519163763 0.5546875 0.34146341463414637 0.5625 0.3344947735191638
0 0.55859375 0.027874564459930314 0.55859375 0.04529616724738676 0.552734375 0.04529616724738676 0.55078125 0.04878048780487805 0.544921875 0.04878048780487805 0.541015625 0.04529616724738676 0.541015625 0.0313588850174216 0.544921875 0.0313588850174216 0.546875 0.027874564459930314 0.556640625 0.027874564459930314
0 0.658203125 0.13937282229965156 0.658203125 0.20209059233449478 0.646484375 0.20209059233449478 0.640625 0.20905923344947736 0.634765625 0.20905923344947736 0.6328125 0.21602787456445993 0.626953125 0.21602787456445993 0.62109375 0.2229965156794425 0.61328125 0.2229965156794425 0.60546875 0.22996515679442509 0.599609375 0.22996515679442509 0.578125 0.24738675958188153 0.572265625 0.24738675958188153 0.5703125 0.2508710801393728 0.564453125 0.24738675958188153 0.572265625 0.24390243902439024 0.580078125 0.2264808362369338 0.59375 0.21951219512195122 0.595703125 0.21602787456445993 0.595703125 0.20905923344947736 0.599609375 0.20209059233449478 0.599609375 0.1951219512195122 0.603515625 0.18815331010452963 0.615234375 0.17770034843205576 0.62109375 0.17770034843205576 0.625 0.1672473867595819 0.630859375 0.1672473867595819 0.634765625 0.1602787456445993 0.642578125 0.156794425087108 0.646484375 0.14982578397212543 0.65625 0.14285714285714285
0 0.43359375 0.08013937282229965 0.43359375 0.09407665505226481 0.396484375 0.09407665505226481 0.396484375 0.08362369337979095 0.404296875 0.07665505226480836 0.431640625 0.08013937282229965
0 0.609375 0.8641114982578397 0.615234375 0.8641114982578397 0.615234375 0.867595818815331 0.62109375 0.8745644599303136 0.65234375 0.8745644599303136 0.654296875 0.8780487804878049 0.658203125 0.8780487804878049 0.658203125 0.9163763066202091 0.65625 0.9128919860627178 0.6484375 0.9128919860627178 0.64453125 0.9059233449477352 0.63671875 0.9024390243902439 0.6328125 0.89198606271777 0.626953125 0.8850174216027874 0.623046875 0.8850174216027874 0.62109375 0.8815331010452961 0.619140625 0.8850174216027874 0.609375 0.8850174216027874 0.609375 0.867595818815331
0 0.50390625 0.4146341463414634 0.513671875 0.4076655052264808 0.513671875 0.41114982578397213 0.517578125 0.4146341463414634 0.517578125 0.42160278745644597 0.51953125 0.4250871080139373 0.51953125 0.44947735191637633 0.517578125 0.4529616724738676 0.5078125 0.4529616724738676 0.5 0.445993031358885 0.498046875 0.43902439024390244 0.5 0.4355400696864111 0.5 0.42160278745644597 0.50390625 0.4181184668989547
0 0.515625 0.20209059233449478 0.515625 0.2264808362369338 0.509765625 0.2264808362369338 0.5078125 0.22996515679442509 0.49609375 0.2264808362369338 0.49609375 0.21254355400696864 0.5 0.20905923344947736 0.513671875 0.20905923344947736 0.515625 0.20557491289198607
0 0.54296875 0.6027874564459931 0.546875 0.6027874564459931 0.55078125 0.6132404181184669 0.568359375 0.6132404181184669 0.5703125 0.6167247386759582 0.578125 0.6167247386759582 0.578125 0.6236933797909407 0.576171875 0.6236933797909407 0.57421875 0.6306620209059234 0.583984375 0.6411149825783972 0.587890625 0.6515679442508711 0.587890625 0.6585365853658537 0.583984375 0.6655052264808362 0.580078125 0.6655052264808362 0.578125 0.6689895470383276 0.53125 0.6689895470383276 0.533203125 0.627177700348432 0.537109375 0.6236933797909407 0.537109375 0.6132404181184669 0.54296875 0.6062717770034843
0 0.5625 0.7421602787456446 0.564453125 0.7421602787456446 0.564453125 0.7804878048780488 0.560546875 0.7839721254355401 0.548828125 0.7839721254355401 0.546875 0.7874564459930313 0.53125 0.7874564459930313 0.53125 0.7804878048780488 0.53515625 0.7804878048780488 0.537109375 0.7770034843205574 0.537109375 0.7630662020905923 0.5390625 0.7630662020905923 0.541015625 0.7560975609756098 0.544921875 0.7526132404181185 0.560546875 0.7491289198606271 0.5625 0.7456445993031359
0 0.369140625 0.05574912891986063 0.388671875 0.05574912891986063 0.390625 0.0627177700348432 0.396484375 0.0627177700348432 0.396484375 0.06620209059233449 0.373046875 0.06968641114982578 0.37109375 0.06620209059233449 0.36328125 0.06620209059233449 0.36328125 0.0627177700348432 0.3671875 0.0627177700348432 0.369140625 0.059233449477351915
0 0.611328125 0.6550522648083623 0.62890625 0.6550522648083623 0.630859375 0.662020905923345 0.642578125 0.662020905923345 0.64453125 0.6655052264808362 0.65234375 0.6655052264808362 0.66015625 0.6724738675958188 0.66015625 0.7770034843205574 0.654296875 0.7770034843205574 0.65234375 0.7804878048780488 0.642578125 0.7804878048780488 0.640625 0.7770034843205574 0.62109375 0.7770034843205574 0.619140625 0.7700348432055749 0.615234375 0.7665505226480837 0.615234375 0.759581881533101 0.611328125 0.7560975609756098 0.611328125 0.7282229965156795 0.615234375 0.7247386759581882 0.615234375 0.6968641114982579 0.619140625 0.6933797909407665 0.619140625 0.6829268292682927 0.615234375 0.6794425087108014 0.615234375 0.6724738675958188 0.611328125 0.6689895470383276 0.611328125 0.6585365853658537
0 0.478515625 0.30662020905923343 0.48828125 0.30662020905923343 0.4921875 0.31010452961672474 0.4921875 0.313588850174216 0.48828125 0.3170731707317073 0.48828125 0.33797909407665505 0.482421875 0.33797909407665505 0.478515625 0.3344947735191638 0.478515625 0.32752613240418116 0.474609375 0.3240418118466899 0.474609375 0.3170731707317073 0.4765625 0.3170731707317073 0.478515625 0.31010452961672474
0 0.48828125 0.2508710801393728 0.517578125 0.2508710801393728 0.521484375 0.24738675958188153 0.521484375 0.2787456445993031 0.51171875 0.2787456445993031 0.509765625 0.28222996515679444 0.505859375 0.28222996515679444 0.50390625 0.2787456445993031 0.484375 0.2787456445993031 0.484375 0.27526132404181186 0.48828125 0.27177700348432055 0.48828125 0.25435540069686413