0 0.099609375 0.3693379790940767 0.103515625 0.36585365853658536 0.109375 0.36585365853658536 0.123046875 0.3554006968641115 0.12890625 0.3554006968641115 0.130859375 0.3519163763066202 0.15234375 0.3519163763066202 0.15234375 0.3693379790940767 0.146484375 0.3693379790940767 0.13671875 0.37630662020905925 0.126953125 0.37630662020905925 0.125 0.3797909407665505 0.11328125 0.3832752613240418 0.111328125 0.3797909407665505 0.103515625 0.3797909407665505 0.099609375 0.37630662020905925 0.099609375 0.37282229965156793
0 0.1015625 0.519163763066202 0.103515625 0.5226480836236934 0.109375 0.5226480836236934 0.109375 0.5261324041811847 0.115234375 0.5331010452961672 0.115234375 0.5505226480836237 0.11328125 0.554006968641115 0.103515625 0.554006968641115 0.099609375 0.5609756097560976 0.09375 0.5609756097560976 0.091796875 0.5644599303135889 0.080078125 0.5609756097560976 0.080078125 0.5574912891986062 0.07421875 0.5505226480836237 0.07421875 0.5365853658536586 0.0703125 0.5331010452961672 0.0703125 0.5296167247386759 0.072265625 0.5296167247386759 0.07421875 0.5226480836236934 0.099609375 0.519163763066202
0 0.8359375 0.24738675958188153 0.837890625 0.2508710801393728 0.849609375 0.2508710801393728 0.8515625 0.25435540069686413 0.875 0.2578397212543554 0.87890625 0.2613240418118467 0.87890625 0.2682926829268293 0.826171875 0.2682926829268293 0.82421875 0.27177700348432055 0.7890625 0.27177700348432055 0.787109375 0.2682926829268293 0.765625 0.2682926829268293 0.755859375 0.25435540069686413 0.755859375 0.24390243902439024 0.7578125 0.24041811846689895 0.767578125 0.24041811846689895 0.76953125 0.24390243902439024 0.81640625 0.24390243902439024 0.818359375 0.24738675958188153 0.833984375 0.24738675958188153
0 0.57421875 0.15331010452961671 0.576171875 0.156794425087108 0.587890625 0.156794425087108 0.58984375 0.1602787456445993 0.595703125 0.1602787456445993 0.60546875 0.1672473867595819 0.61328125 0.1672473867595819 0.62109375 0.17770034843205576 0.6328125 0.17770034843205576 0.6328125 0.18466898954703834 0.62890625 0.18466898954703834 0.626953125 0.18815331010452963 0.578125 0.18466898954703834 0.5625 0.17421602787456447 0.556640625 0.17421602787456447 0.552734375 0.17073170731707318 0.55078125 0.16376306620209058 0.548828125 0.16376306620209058 0.548828125 0.156794425087108 0.552734375 0.156794425087108 0.5546875 0.15331010452961671 0.572265625 0.15331010452961671
0 0.689453125 0.32752613240418116 0.69140625 0.3310104529616725 0.703125 0.3310104529616725 0.705078125 0.3344947735191638 0.71875 0.33797909407665505 0.71875 0.34843205574912894 0.71484375 0.34843205574912894 0.712890625 0.3519163763066202 0.662109375 0.3519163763066202 0.66015625 0.34843205574912894 0.654296875 0.34843205574912894 0.64453125 0.34146341463414637 0.638671875 0.3344947735191638 0.646484375 0.32752613240418116 0.6875 0.32752613240418116
0 0.5703125 0.6132404181184669 0.572265625 0.6167247386759582 0.58203125 0.6167247386759582 0.583984375 0.6202090592334495 0.595703125 0.6202090592334495 0.59765625 0.6236933797909407 0.6015625 0.6236933797909407 0.6015625 0.6341463414634146 0.599609375 0.6376306620209059 0.578125 0.6376306620209059 0.576171875 0.6411149825783972 0.5546875 0.6411149825783972 0.552734375 0.6445993031358885 0.5234375 0.6445993031358885 0.521484375 0.6411149825783972 0.509765625 0.6411149825783972 0.498046875 0.6306620209059234 0.498046875 0.627177700348432 0.494140625 0.6236933797909407 0.50390625 0.6132404181184669 0.568359375 0.6132404181184669
0 0.580078125 0 0.580078125 0.024390243902439025 0.5625 0.024390243902439025 0.560546875 0.027874564459930314 0.54296875 0.027874564459930314 0.541015625 0.024390243902439025 0.53125 0.024390243902439025 0.53125 0.013937282229965157 0.533203125 0.006968641114982578 0.537109375 0.006968641114982578 0.541015625 0 0.578125 0
0 0.26171875 0.2578397212543554 0.2734375 0.24738675958188153 0.291015625 0.24390243902439024 0.291015625 0.26480836236933797 0.287109375 0.2682926829268293 0.275390625 0.2682926829268293 0.2734375 0.26480836236933797 0.265625 0.26480836236933797 0.26171875 0.2613240418118467
0 0.21484375 0.0975609756097561 0.228515625 0.0975609756097561 0.23046875 0.10452961672473868 0.24609375 0.10801393728222997 0.251953125 0.11498257839721254 0.2578125 0.11498257839721254 0.26953125 0.1289198606271777 0.283203125 0.13588850174216027 0.283203125 0.14285714285714285 0.279296875 0.14285714285714285 0.27734375 0.14982578397212543 0.265625 0.13937282229965156 0.25390625 0.13937282229965156 0.251953125 0.13588850174216027 0.23046875 0.13240418118466898 0.22265625 0.11846689895470383 0.21875 0.11846689895470383 0.212890625 0.10801393728222997 0.2109375 0.10801393728222997 0.2109375 0.10452961672473868 0.21484375 0.10104529616724739
0 0.705078125 0.2961672473867596 0.744140625 0.2961672473867596 0.74609375 0.29965156794425085 0.759765625 0.29965156794425085 0.76171875 0.30313588850174217 0.765625 0.30313588850174217 0.765625 0.31010452961672474 0.76171875 0.313588850174216 0.716796875 0.313588850174216 0.71484375 0.31010452961672474 0.70703125 0.31010452961672474 0.701171875 0.30313588850174217 0.705078125 0.29965156794425085
0 0.55859375 0.33797909407665505 0.576171875 0.33797909407665505 0.578125 0.34494773519163763 0.59375 0.34843205574912894 0.59375 0.3554006968641115 0.587890625 0.3554006968641115 0.5859375 0.3588850174216028 0.56640625 0.3588850174216028 0.564453125 0.3623693379790941 0.55859375 0.3623693379790941 0.552734375 0.3554006968641115 0.548828125 0.3554006968641115 0.55078125 0.34494773519163763 0.556640625 0.34494773519163763 0.55859375 0.34146341463414637
0 0.236328125 0.20905923344947736 0.236328125 0.22996515679442509 0.232421875 0.23344947735191637 0.220703125 0.23693379790940766 0.21484375 0.24390243902439024 0.201171875 0.24738675958188153 0.1953125 0.25435540069686413 0.19140625 0.25435540069686413 0.18359375 0.2613240418118467 0.169921875 0.2613240418118467 0.162109375 0.2682926829268293 0.146484375 0.2682926829268293 0.140625 0.2613240418118467 0.13671875 0.2613240418118467 0.140625 0.2508710801393728 0.14453125 0.2508710801393728 0.154296875 0.24041811846689895 0.1640625 0.23693379790940766 0.169921875 0.22996515679442509 0.185546875 0.2229965156794425 0.1875 0.21951219512195122 0.2109375 0.21602787456445993 0.212890625 0.21254355400696864 0.23046875 0.21254355400696864 0.234375 0.20905923344947736
0 0.1484375 0.3310104529616725 0.1484375 0.34494773519163763 0.14453125 0.34843205574912894 0.13671875 0.34843205574912894 0.134765625 0.3519163763066202 0.125 0.3554006968641115 0.119140625 0.3623693379790941 0.11328125 0.3623693379790941 0.103515625 0.3693379790940767 0.09375 0.3693379790940767 0.091796875 0.37282229965156793 0.080078125 0.37282229965156793 0.078125 0.3693379790940767 0.072265625 0.3693379790940767 0.068359375 0.36585365853658536 0.0703125 0.3588850174216028 0.07421875 0.3554006968641115 0.078125 0.3554006968641115 0.09765625 0.34146341463414637 0.111328125 0.34146341463414637 0.11328125 0.33797909407665505 0.142578125 0.3344947735191638 0.146484375 0.3310104529616725
0 0.513671875 0.17770034843205576 0.529296875 0.17770034843205576 0.529296875 0.20209059233449478 0.513671875 0.20209059233449478 0.505859375 0.20905923344947736 0.501953125 0.20905923344947736 0.49609375 0.20209059233449478 0.48828125 0.20209059233449478 0.48828125 0.1951219512195122 0.494140625 0.1951219512195122 0.498046875 0.18815331010452963 0.51171875 0.18466898954703834 0.513671875 0.18118466898954705
0 0.103515625 0.23693379790940766 0.103515625 0.24738675958188153 0.091796875 0.2508710801393728 0.0859375 0.2578397212543554 0.080078125 0.2578397212543554 0.0703125 0.26480836236933797 0.0546875 0.26480836236933797 0.052734375 0.2682926829268293 0.025390625 0.2682926829268293 0.0234375 0.26480836236933797 0.017578125 0.26480836236933797 0.015625 0.2613240418118467 0.015625 0.25435540069686413 0.017578125 0.2508710801393728 0.03125 0.24738675958188153 0.033203125 0.24390243902439024 0.04296875 0.24390243902439024 0.044921875 0.24041811846689895 0.0546875 0.24041811846689895 0.056640625 0.23693379790940766 0.1015625 0.23693379790940766
0 0.720703125 0.313588850174216 0.724609375 0.313588850174216 0.7265625 0.3205574912891986 0.728515625 0.313588850174216 0.75 0.313588850174216 0.751953125 0.3205574912891986 0.76953125 0.3205574912891986 0.771484375 0.3240418118466899 0.794921875 0.32752613240418116 0.796875 0.3310104529616725 0.80859375 0.3310104529616725 0.810546875 0.32752613240418116 0.810546875 0.34494773519163763 0.767578125 0.34494773519163763 0.765625 0.34843205574912894 0.751953125 0.34843205574912894 0.75 0.3519163763066202 0.744140625 0.3519163763066202 0.736328125 0.34494773519163763 0.720703125 0.34494773519163763 0.7109375 0.33797909407665505 0.7109375 0.32752613240418116 0.71484375 0.3205574912891986 0.71875 0.3205574912891986 0.720703125 0.3170731707317073
0 0.271484375 0.2857142857142857 0.271484375 0.30313588850174217 0.267578125 0.30313588850174217 0.263671875 0.31010452961672474 0.251953125 0.313588850174216 0.25 0.3170731707317073 0.236328125 0.3170731707317073 0.234375 0.313588850174216 0.23046875 0.313588850174216 0.23046875 0.30313588850174217 0.232421875 0.29965156794425085 0.24609375 0.289198606271777 0.26953125 0.2857142857142857
0 0.27734375 0.20905923344947736 0.2890625 0.20905923344947736 0.2890625 0.23344947735191637 0.265625 0.23344947735191637 0.263671875 0.23693379790940766 0.2421875 0.23693379790940766 0.240234375 0.23344947735191637 0.232421875 0.23344947735191637 0.232421875 0.2264808362369338 0.2421875 0.21951219512195122 0.248046875 0.21951219512195122 0.25 0.21602787456445993 0.275390625 0.21602787456445993 0.27734375 0.21254355400696864
0 0 0.34494773519163763 0.04296875 0.34494773519163763 0.044921875 0.3519163763066202 0.06640625 0.3519163763066202 0.068359375 0.3554006968641115 0.072265625 0.3554006968641115 0.072265625 0.36585365853658536 0.0546875 0.36585365853658536 0.052734375 0.3693379790940767 0.03515625 0.3693379790940767 0.033203125 0.37282229965156793 0.013671875 0.37282229965156793 0.01171875 0.37630662020905925 0.00390625 0.37630662020905925 0 0.37282229965156793 0 0.34843205574912894
0 0.888671875 0.3623693379790941 0.896484375 0.3623693379790941 0.8984375 0.3693379790940767 0.958984375 0.3693379790940767 0.958984375 0.3832752613240418 0.95703125 0.3867595818815331 0.91796875 0.3867595818815331 0.916015625 0.3902439024390244 0.896484375 0.3902439024390244 0.892578125 0.39372822299651566 0.890625 0.3902439024390244 0.875 0.3902439024390244 0.873046875 0.3867595818815331 0.85546875 0.3867595818815331 0.8515625 0.3832752613240418 0.8515625 0.37630662020905925 0.861328125 0.3693379790940767 0.88671875 0.3693379790940767 0.888671875 0.36585365853658536
0 0.140625 0.554006968641115 0.150390625 0.554006968641115 0.150390625 0.5818815331010453 0.1484375 0.5853658536585366 0.1328125 0.5853658536585366 0.125 0.5923344947735192 0.119140625 0.5923344947735192 0.1171875 0.5853658536585366 0.11328125 0.5853658536585366 0.115234375 0.5818815331010453 0.115234375 0.5749128919860628 0.12109375 0.5679442508710801 0.1328125 0.5644599303135889 0.140625 0.5574912891986062
0 0.2265625 0.11149825783972125 0.232421875 0.11846689895470383 0.232421875 0.1254355400696864 0.23046875 0.1289198606271777 0.22265625 0.1289198606271777 0.220703125 0.13240418118466898 0.205078125 0.13588850174216027 0.203125 0.13937282229965156 0.181640625 0.13937282229965156 0.1796875 0.13588850174216027 0.16796875 0.13588850174216027 0.1640625 0.13240418118466898 0.1640625 0.12195121951219512 0.16796875 0.11846689895470383 0.181640625 0.11846689895470383 0.18359375 0.11498257839721254 0.201171875 0.11498257839721254 0.203125 0.11149825783972125 0.224609375 0.11149825783972125
0 0.5908551068883611 0.3045676876856994 0.09324432155581948 0.03707780545738949
0 0.970703125 0.4146341463414634 0.974609375 0.4250871080139373 0.974609375 0.44947735191637633 0.966796875 0.445993031358885 0.95703125 0.4529616724738676 0.955078125 0.445993031358885 0.951171875 0.445993031358885 0.94921875 0.44947735191637633 0.94921875 0.4564459930313589 0.9296875 0.4564459930313589 0.91015625 0.47038327526132406 0.90234375 0.47038327526132406 0.896484375 0.47735191637630664 0.890625 0.47735191637630664 0.888671875 0.4808362369337979 0.873046875 0.4808362369337979 0.87109375 0.4843205574912892 0.837890625 0.4843205574912892 0.8359375 0.4808362369337979 0.818359375 0.4808362369337979 0.81640625 0.47735191637630664 0.8125 0.47735191637630664 0.8125 0.4738675958188153 0.822265625 0.45993031358885017 0.826171875 0.45993031358885017 0.83203125 0.4529616724738676 0.865234375 0.44947735191637633 0.8671875 0.445993031358885 0.921875 0.445993031358885 0.9296875 0.43902439024390244 0.935546875 0.43902439024390244 0.94921875 0.42160278745644597 0.95703125 0.42160278745644597 0.9609375 0.41114982578397213 0.966796875 0.41114982578397213 0.96875 0.4146341463414634
0 0.130859375 0.24738675958188153 0.130859375 0.27526132404181186 0.1171875 0.2787456445993031 0.107421875 0.2926829268292683 0.0859375 0.2926829268292683 0.083984375 0.2961672473867596 0.064453125 0.29965156794425085 0.0625 0.30313588850174217 0.03125 0.29965156794425085 0.02734375 0.2926829268292683 0.02734375 0.2857142857142857 0.037109375 0.27526132404181186 0.060546875 0.27177700348432055 0.0625 0.2682926829268293 0.072265625 0.2682926829268293 0.07421875 0.26480836236933797 0.099609375 0.2613240418118467 0.111328125 0.2508710801393728 0.12890625 0.24738675958188153
0 0.109375 0.29965156794425085 0.119140625 0.289198606271777 0.1328125 0.2857142857142857 0.138671875 0.2787456445993031 0.162109375 0.27526132404181186 0.1640625 0.27177700348432055 0.205078125 0.27177700348432055 0.20703125 0.2682926829268293 0.216796875 0.2682926829268293 0.216796875 0.2857142857142857 0.203125 0.2857142857142857 0.201171875 0.289198606271777 0.1875 0.2926829268292683 0.173828125 0.30313588850174217 0.140625 0.30662020905923343 0.138671875 0.30313588850174217 0.11328125 0.30313588850174217 0.111328125 0.29965156794425085
0 0.203125 0.06968641114982578 0.22265625 0.06968641114982578 0.224609375 0.07665505226480836 0.23046875 0.07665505226480836 0.23046875 0.08710801393728224 0.228515625 0.09059233449477352 0.21875 0.09059233449477352 0.2109375 0.0975609756097561 0.201171875 0.0975609756097561 0.19921875 0.10104529616724739 0.1796875 0.10104529616724739 0.177734375 0.10452961672473868 0.16796875 0.10452961672473868 0.166015625 0.10801393728222997 0.150390625 0.10801393728222997 0.1484375 0.10452961672473868 0.138671875 0.10104529616724739 0.138671875 0.0975609756097561 0.1484375 0.08710801393728224 0.158203125 0.08710801393728224 0.16796875 0.08013937282229965 0.181640625 0.08013937282229965 0.18359375 0.07665505226480836 0.201171875 0.07665505226480836 0.203125 0.07317073170731707
0 0.94140625 0.4355400696864111 0.94140625 0.45993031358885017 0.923828125 0.4634146341463415 0.91796875 0.47038327526132406 0.904296875 0.4738675958188153 0.896484375 0.4808362369337979 0.87109375 0.4808362369337979 0.869140625 0.4843205574912892 0.814453125 0.4808362369337979 0.814453125 0.47735191637630664 0.822265625 0.4634146341463415 0.826171875 0.4634146341463415 0.833984375 0.4564459930313589 0.873046875 0.4529616724738676 0.875 0.44947735191637633 0.923828125 0.44947735191637633 0.92578125 0.445993031358885 0.93359375 0.445993031358885 0.94140625 0.43902439024390244
0 0 0.1602787456445993 0.0390625 0.1602787456445993 0.041015625 0.1672473867595819 0.048828125 0.1672473867595819 0.05078125 0.17073170731707318 0.068359375 0.17073170731707318 0.068359375 0.1916376306620209 0.056640625 0.1951219512195122 0.0546875 0.1986062717770035 0.0234375 0.20209059233449478 0.021484375 0.1986062717770035 0 0.1986062717770035 0 0.16376306620209058
0 0.587890625 0.1986062717770035 0.59375 0.1986062717770035 0.59375 0.23344947735191637 0.591796875 0.23693379790940766 0.5859375 0.24390243902439024 0.576171875 0.24390243902439024 0.57421875 0.24738675958188153 0.5625 0.24738675958188153 0.560546875 0.24390243902439024 0.556640625 0.24390243902439024 0.556640625 0.23344947735191637 0.55859375 0.23344947735191637 0.5625 0.2229965156794425 0.587890625 0.20209059233449478
0 0.3046875 0.5261324041811847 0.3125 0.5261324041811847 0.3125 0.5365853658536586 0.3046875 0.554006968641115 0.3046875 0.5644599303135889 0.30078125 0.578397212543554 0.3046875 0.5958188153310104 0.3046875 0.627177700348432 0.296875 0.6480836236933798 0.291015625 0.6480836236933798 0.28515625 0.6411149825783972 0.27734375 0.6411149825783972 0.26953125 0.6515679442508711 0.26171875 0.6515679442508711 0.259765625 0.6550522648083623 0.244140625 0.6550522648083623 0.2421875 0.6515679442508711 0.234375 0.6515679442508711 0.232421875 0.6480836236933798 0.208984375 0.6480836236933798 0.197265625 0.6794425087108014 0.19140625 0.686411149825784 0.18359375 0.686411149825784 0.181640625 0.6829268292682927 0.17578125 0.6829268292682927 0.18359375 0.6515679442508711 0.17578125 0.6376306620209059 0.166015625 0.627177700348432 0.16796875 0.627177700348432 0.171875 0.6167247386759582 0.197265625 0.6167247386759582 0.19921875 0.6202090592334495 0.21484375 0.6167247386759582 0.224609375 0.6062717770034843 0.2265625 0.5923344947735192 0.232421875 0.5818815331010453 0.234375 0.5818815331010453 0.240234375 0.5714285714285714 0.244140625 0.5714285714285714 0.251953125 0.5574912891986062 0.259765625 0.554006968641115 0.27734375 0.5365853658536586 0.283203125 0.5365853658536586 0.28515625 0.5331010452961672 0.302734375 0.5331010452961672 0.3046875 0.5296167247386759
0 0.14453125 0.31010452961672474 0.146484375 0.313588850174216 0.146484375 0.3205574912891986 0.119140625 0.3240418118466899 0.1171875 0.32752613240418116 0.099609375 0.32752613240418116 0.09375 0.3205574912891986 0.09765625 0.3170731707317073 0.1015625 0.3170731707317073 0.109375 0.31010452961672474 0.142578125 0.31010452961672474
0 0.322265625 0.4564459930313589 0.337890625 0.4564459930313589 0.33984375 0.4634146341463415 0.345703125 0.4634146341463415 0.353515625 0.47038327526132406 0.353515625 0.4843205574912892 0.3515625 0.4878048780487805 0.306640625 0.4912891986062718 0.3046875 0.4878048780487805 0.30078125 0.4878048780487805 0.30078125 0.4843205574912892 0.302734375 0.4808362369337979 0.306640625 0.4808362369337979 0.310546875 0.4738675958188153 0.314453125 0.4738675958188153 0.31640625 0.46689895470383275 0.322265625 0.45993031358885017