0 0.48828125 0.6655052264808362 0.5 0.6655052264808362 0.5 0.6968641114982579 0.498046875 0.6898954703832753 0.494140625 0.6898954703832753 0.494140625 0.6794425087108014 0.4921875 0.6759581881533101 0.48828125 0.6759581881533101 0.48828125 0.6689895470383276
0 0.6484375 0.5052264808362369 0.669921875 0.5052264808362369 0.669921875 0.578397212543554 0.65234375 0.578397212543554 0.65234375 0.5435540069686411 0.6484375 0.5400696864111498 0.6484375 0.5365853658536586 0.650390625 0.5365853658536586 0.65234375 0.5296167247386759 0.65625 0.5261324041811847 0.65625 0.5121951219512195 0.654296875 0.5087108013937283 0.6484375 0.5087108013937283
0 0.505859375 0.662020905923345 0.515625 0.662020905923345 0.515625 0.6655052264808362 0.51953125 0.6689895470383276 0.521484375 0.6759581881533101 0.5234375 0.6759581881533101 0.5234375 0.6829268292682927 0.52734375 0.686411149825784 0.52734375 0.7073170731707317 0.517578125 0.7073170731707317 0.517578125 0.7038327526132404 0.513671875 0.7003484320557491 0.513671875 0.6759581881533101 0.509765625 0.6724738675958188 0.5078125 0.6655052264808362 0.505859375 0.6655052264808362
0 0.498046875 0.3344947735191638 0.5 0.3344947735191638 0.501953125 0.34146341463414637 0.505859375 0.34146341463414637 0.505859375 0.3588850174216028 0.509765625 0.3623693379790941 0.509765625 0.3797909407665505 0.501953125 0.37630662020905925 0.501953125 0.3693379790940767 0.498046875 0.36585365853658536 0.498046875 0.33797909407665505
0 0.4921875 0.662020905923345 0.498046875 0.662020905923345 0.498046875 0.6759581881533101 0.5 0.6794425087108014 0.5 0.7038327526132404 0.49609375 0.7038327526132404 0.484375 0.6933797909407665 0.484375 0.6689895470383276 0.490234375 0.6689895470383276 0.4921875 0.6655052264808362
0 0.53515625 0.059233449477351915 0.541015625 0.059233449477351915 0.54296875 0.06620209059233449 0.548828125 0.06620209059233449 0.55078125 0.059233449477351915 0.552734375 0.059233449477351915 0.552734375 0.06620209059233449 0.544921875 0.07317073170731707 0.544921875 0.07665505226480836 0.55078125 0.08362369337979095 0.548828125 0.11498257839721254 0.546875 0.11498257839721254 0.54296875 0.1254355400696864 0.537109375 0.13240418118466898 0.51953125 0.13588850174216027 0.51171875 0.1289198606271777 0.51171875 0.11846689895470383 0.513671875 0.11498257839721254 0.51171875 0.10801393728222997 0.51171875 0.0975609756097561 0.51953125 0.0975609756097561 0.5234375 0.08362369337979095 0.525390625 0.08362369337979095 0.53125 0.07317073170731707 0.53515625 0.07317073170731707 0.537109375 0.06968641114982578 0.53515625 0.0627177700348432
0 0.642578125 0.7142857142857143 0.642578125 0.7456445993031359 0.64453125 0.7491289198606271 0.6484375 0.7491289198606271 0.6484375 0.7804878048780488 0.62890625 0.7804878048780488 0.62890625 0.7630662020905923 0.63671875 0.7560975609756098 0.638671875 0.7491289198606271 0.634765625 0.7456445993031359 0.630859375 0.735191637630662 0.623046875 0.7317073170731707 0.623046875 0.7282229965156795 0.63671875 0.7282229965156795 0.638671875 0.7212543554006968 0.642578125 0.7177700348432056
0 0.51953125 0.4146341463414634 0.53125 0.4146341463414634 0.53125 0.43902439024390244 0.5234375 0.43902439024390244 0.5234375 0.4250871080139373 0.51953125 0.42160278745644597 0.51953125 0.4181184668989547
0 0.666015625 0.9651567944250871 0.677734375 0.9651567944250871 0.677734375 0.9895470383275261 0.666015625 0.9860627177700348 0.666015625 0.9686411149825784
0 0.5703125 0.4355400696864111 0.603515625 0.4355400696864111 0.603515625 0.445993031358885 0.58203125 0.445993031358885 0.580078125 0.44947735191637633 0.5703125 0.445993031358885 0.5703125 0.43902439024390244
0 0.61328125 0.22996515679442509 0.6171875 0.22996515679442509 0.619140625 0.23693379790940766 0.630859375 0.24041811846689895 0.634765625 0.24738675958188153 0.638671875 0.24738675958188153 0.638671875 0.2508710801393728 0.6484375 0.26480836236933797 0.6484375 0.3344947735191638 0.646484375 0.33797909407665505 0.6484375 0.37282229965156793 0.62890625 0.37282229965156793 0.630859375 0.37282229965156793 0.634765625 0.3588850174216028 0.638671875 0.3554006968641115 0.638671875 0.34146341463414637 0.626953125 0.32752613240418116 0.625 0.3205574912891986 0.625 0.31010452961672474 0.62109375 0.30662020905923343 0.62109375 0.29965156794425085 0.6171875 0.2926829268292683 0.61328125 0.2926829268292683 0.611328125 0.289198606271777 0.61328125 0.2857142857142857 0.61328125 0.2578397212543554 0.611328125 0.25435540069686413 0.611328125 0.23693379790940766 0.61328125 0.23344947735191637
0 0.474609375 0.30662020905923343 0.482421875 0.30662020905923343 0.482421875 0.313588850174216 0.486328125 0.3170731707317073 0.486328125 0.34494773519163763 0.48046875 0.34843205574912894 0.478515625 0.34494773519163763 0.478515625 0.3344947735191638 0.474609375 0.3310104529616725 0.474609375 0.31010452961672474
0 0.509765625 0.26480836236933797 0.513671875 0.26480836236933797 0.513671875 0.30313588850174217 0.509765625 0.30313588850174217 0.509765625 0.2682926829268293
0 0.640625 0.5156794425087108 0.646484375 0.5156794425087108 0.6484375 0.5226480836236934 0.654296875 0.5226480836236934 0.65625 0.5261324041811847 0.65625 0.5818815331010453 0.634765625 0.5818815331010453 0.634765625 0.5470383275261324 0.638671875 0.5470383275261324 0.640625 0.5435540069686411 0.640625 0.519163763066202
0 0.521484375 0.34494773519163763 0.525390625 0.34494773519163763 0.525390625 0.37630662020905925 0.521484375 0.37630662020905925 0.521484375 0.3588850174216028 0.51953125 0.3554006968641115 0.51171875 0.3554006968641115 0.51171875 0.3519163763066202 0.51953125 0.3519163763066202 0.521484375 0.34843205574912894
0 0.6640625 0.975609756097561 0.671875 0.975609756097561 0.673828125 0.9825783972125436 0.677734375 0.9860627177700348 0.677734375 0.9965156794425087 0.6640625 0.9965156794425087 0.6640625 0.9790940766550522
0 0.517578125 0.5923344947735192 0.52734375 0.5923344947735192 0.52734375 0.5993031358885017 0.53515625 0.6062717770034843 0.53515625 0.6376306620209059 0.533203125 0.6376306620209059 0.529296875 0.6341463414634146 0.529296875 0.6202090592334495 0.525390625 0.6167247386759582 0.525390625 0.6097560975609756 0.521484375 0.6062717770034843 0.517578125 0.5958188153310104
0 0.51953125 0.2961672473867596 0.533203125 0.2961672473867596 0.533203125 0.3344947735191638 0.529296875 0.3344947735191638 0.529296875 0.30662020905923343 0.52734375 0.30313588850174217 0.51953125 0.30313588850174217 0.51953125 0.29965156794425085
0 0.6015625 0.6898954703832753 0.603515625 0.6968641114982579 0.61328125 0.6968641114982579 0.61328125 0.7073170731707317 0.607421875 0.7073170731707317 0.60546875 0.7142857142857143 0.6015625 0.7177700348432056 0.6015625 0.7247386759581882 0.60546875 0.7282229965156795 0.59765625 0.7282229965156795 0.591796875 0.7142857142857143 0.583984375 0.7142857142857143 0.58203125 0.7073170731707317 0.576171875 0.7073170731707317 0.576171875 0.6968641114982579 0.59375 0.7003484320557491 0.6015625 0.6933797909407665
0 0.685546875 0.5261324041811847 0.693359375 0.5226480836236934 0.693359375 0.5679442508710801 0.681640625 0.5679442508710801 0.681640625 0.5365853658536586 0.68359375 0.5365853658536586 0.685546875 0.5296167247386759
0 0.666015625 0.0627177700348432 0.673828125 0.0627177700348432 0.673828125 0.1289198606271777 0.66796875 0.1289198606271777 0.666015625 0.13240418118466898 0.662109375 0.1289198606271777 0.662109375 0.07317073170731707 0.6640625 0.07317073170731707 0.666015625 0.06620209059233449
0 0.517578125 0.3693379790940767 0.525390625 0.3693379790940767 0.525390625 0.37282229965156793 0.529296875 0.37630662020905925 0.529296875 0.39372822299651566 0.52734375 0.39372822299651566 0.52734375 0.3832752613240418 0.517578125 0.37630662020905925 0.517578125 0.37282229965156793
0 0.455078125 0.006968641114982578 0.46484375 0.006968641114982578 0.46484375 0.017421602787456445 0.466796875 0.020905923344947737 0.466796875 0.08013937282229965 0.462890625 0.08362369337979095 0.4609375 0.08013937282229965 0.44921875 0.08013937282229965 0.453125 0.08013937282229965 0.455078125 0.07665505226480836 0.453125 0.06968641114982578 0.44921875 0.06968641114982578 0.44921875 0.017421602787456445 0.453125 0.017421602787456445 0.455078125 0.010452961672473868
0 0.486328125 0.3554006968641115 0.490234375 0.3554006968641115 0.490234375 0.3797909407665505 0.486328125 0.3832752613240418 0.486328125 0.3588850174216028
0 0.556640625 0.29965156794425085 0.568359375 0.29965156794425085 0.568359375 0.3519163763066202 0.556640625 0.3519163763066202 0.556640625 0.30313588850174217
0 0.658203125 0.5818815331010453 0.66015625 0.5818815331010453 0.66015625 0.6480836236933798 0.638671875 0.6480836236933798 0.638671875 0.6202090592334495 0.642578125 0.6167247386759582 0.642578125 0.6062717770034843 0.6484375 0.6027874564459931 0.650390625 0.5993031358885017 0.650390625 0.5923344947735192 0.658203125 0.5853658536585366
0 0.5 0.26480836236933797 0.50390625 0.26480836236933797 0.50390625 0.30313588850174217 0.5 0.30313588850174217 0.5 0.2682926829268293
0 0.517578125 0.27177700348432055 0.525390625 0.27177700348432055 0.525390625 0.27526132404181186 0.529296875 0.2787456445993031 0.529296875 0.31010452961672474 0.525390625 0.31010452961672474 0.5234375 0.313588850174216 0.521484375 0.31010452961672474 0.517578125 0.31010452961672474 0.517578125 0.27526132404181186
0 0.50390625 0.6202090592334495 0.517578125 0.6202090592334495 0.517578125 0.627177700348432 0.521484375 0.6306620209059234 0.5234375 0.6376306620209059 0.525390625 0.6376306620209059 0.525390625 0.6655052264808362 0.515625 0.6655052264808362 0.515625 0.6550522648083623 0.51171875 0.6515679442508711 0.51171875 0.6306620209059234 0.50390625 0.6236933797909407
0 0.583984375 0.6759581881533101 0.587890625 0.6759581881533101 0.587890625 0.6968641114982579 0.57421875 0.6968641114982579 0.57421875 0.6829268292682927 0.58203125 0.6829268292682927 0.583984375 0.6794425087108014