0 0.23828125 0.5729166666666666 0.25390625 0.5833333333333334 0.259765625 0.59375 0.26953125 0.6041666666666666 0.271484375 0.6111111111111112 0.271484375 0.6319444444444444 0.26171875 0.6423611111111112 0.23828125 0.6458333333333334 0.236328125 0.6493055555555556 0.228515625 0.6493055555555556 0.22265625 0.65625 0.212890625 0.65625 0.2109375 0.6597222222222222 0.1953125 0.6597222222222222 0.193359375 0.65625 0.17578125 0.6527777777777778 0.171875 0.6458333333333334 0.171875 0.6284722222222222 0.169921875 0.625 0.171875 0.6076388888888888 0.173828125 0.6076388888888888 0.185546875 0.5868055555555556 0.185546875 0.5833333333333334 0.193359375 0.5763888888888888 0.208984375 0.5763888888888888 0.2109375 0.5729166666666666 0.236328125 0.5729166666666666
0 0.59375 0.11458333333333333 0.59765625 0.11805555555555555 0.599609375 0.125 0.599609375 0.13541666666666666 0.59765625 0.1423611111111111 0.591796875 0.1423611111111111 0.58984375 0.14583333333333334 0.572265625 0.14583333333333334 0.564453125 0.1388888888888889 0.5625 0.13194444444444445 0.57421875 0.11805555555555555 0.591796875 0.11458333333333333
0 0.75390625 0.34375 0.755859375 0.3472222222222222 0.767578125 0.3472222222222222 0.76953125 0.34375 0.775390625 0.34375 0.77734375 0.3472222222222222 0.77734375 0.3541666666666667 0.763671875 0.3576388888888889 0.76171875 0.3611111111111111 0.748046875 0.3645833333333333 0.74609375 0.3680555555555556 0.740234375 0.3680555555555556 0.740234375 0.3576388888888889 0.74609375 0.3472222222222222 0.751953125 0.34375
0 0.734375 0.3923611111111111 0.736328125 0.3958333333333333 0.744140625 0.3958333333333333 0.75 0.4027777777777778 0.751953125 0.4097222222222222 0.751953125 0.4270833333333333 0.734375 0.4270833333333333 0.728515625 0.4201388888888889 0.72265625 0.4097222222222222 0.72265625 0.3993055555555556 0.732421875 0.3923611111111111
0 0.599609375 0.6145833333333334 0.62109375 0.6354166666666666 0.640625 0.6631944444444444 0.646484375 0.6666666666666666 0.64453125 0.6736111111111112 0.63671875 0.6736111111111112 0.626953125 0.6631944444444444 0.611328125 0.65625 0.59765625 0.6423611111111112 0.59375 0.6423611111111112 0.58984375 0.6354166666666666 0.583984375 0.6354166666666666 0.580078125 0.6319444444444444 0.576171875 0.6180555555555556 0.576171875 0.6076388888888888 0.578125 0.6041666666666666 0.583984375 0.6041666666666666 0.59765625 0.6145833333333334
0 0.642578125 0.2534722222222222 0.64453125 0.2569444444444444 0.64453125 0.2673611111111111 0.62890625 0.2673611111111111 0.626953125 0.2708333333333333 0.61328125 0.2708333333333333 0.61328125 0.2638888888888889 0.62109375 0.2569444444444444 0.63671875 0.2569444444444444 0.640625 0.2534722222222222
0 0.10546875 0.2708333333333333 0.107421875 0.2743055555555556 0.123046875 0.2743055555555556 0.125 0.2777777777777778 0.14453125 0.28125 0.146484375 0.2847222222222222 0.146484375 0.2916666666666667 0.14453125 0.2951388888888889 0.140625 0.2916666666666667 0.125 0.2916666666666667 0.123046875 0.2951388888888889 0.0703125 0.2951388888888889 0.060546875 0.2881944444444444 0.060546875 0.28125 0.06640625 0.2743055555555556 0.072265625 0.2743055555555556 0.07421875 0.2708333333333333 0.103515625 0.2708333333333333
0 0.376953125 0.4444444444444444 0.37890625 0.4479166666666667 0.37890625 0.4583333333333333 0.37109375 0.4652777777777778 0.34765625 0.4652777777777778 0.345703125 0.4618055555555556 0.349609375 0.4548611111111111 0.35546875 0.4548611111111111 0.357421875 0.4513888888888889 0.36328125 0.4513888888888889 0.369140625 0.4444444444444444 0.375 0.4444444444444444
0 0.224609375 0.2673611111111111 0.224609375 0.2604166666666667 0.228515625 0.2569444444444444 0.232421875 0.2465277777777778 0.23828125 0.24305555555555555 0.2421875 0.2361111111111111 0.255859375 0.22916666666666666 0.263671875 0.21875 0.283203125 0.2152777777777778 0.291015625 0.20833333333333334 0.296875 0.20833333333333334 0.296875 0.2152777777777778 0.287109375 0.2222222222222222 0.279296875 0.2361111111111111 0.279296875 0.24305555555555555 0.28125 0.2465277777777778 0.279296875 0.2534722222222222 0.267578125 0.2569444444444444 0.265625 0.2604166666666667 0.259765625 0.2604166666666667 0.251953125 0.2673611111111111 0.240234375 0.2673611111111111 0.23828125 0.2708333333333333 0.228515625 0.2708333333333333 0.2265625 0.2673611111111111
0 0.440625 0.4046296296296296 0.019791666666666666 0.02037037037037037
0 0.57734375 0.16527777777777777 0.0546875 0.03425925925925926
0 0.998046875 0.3506944444444444 0.998046875 0.3576388888888889 0.990234375 0.3645833333333333 0.982421875 0.3645833333333333 0.970703125 0.375 0.953125 0.3784722222222222 0.951171875 0.3819444444444444 0.939453125 0.3819444444444444 0.9375 0.3854166666666667 0.927734375 0.3854166666666667 0.927734375 0.375 0.94140625 0.3611111111111111 0.947265625 0.3611111111111111 0.95703125 0.3541666666666667 0.96875 0.3541666666666667 0.970703125 0.3506944444444444 0.99609375 0.3506944444444444
0 0.154296875 0.3611111111111111 0.15625 0.3645833333333333 0.181640625 0.3645833333333333 0.18359375 0.3611111111111111 0.189453125 0.3611111111111111 0.1953125 0.375 0.193359375 0.3784722222222222 0.17578125 0.3784722222222222 0.173828125 0.3819444444444444 0.1640625 0.3819444444444444 0.162109375 0.3854166666666667 0.140625 0.3854166666666667 0.138671875 0.3888888888888889 0.107421875 0.3854166666666667 0.10546875 0.3819444444444444 0.1015625 0.3819444444444444 0.1015625 0.3715277777777778 0.103515625 0.3680555555555556 0.1171875 0.3645833333333333 0.119140625 0.3611111111111111 0.15234375 0.3611111111111111
0 0.369140625 0.3333333333333333 0.37109375 0.3368055555555556 0.37109375 0.34375 0.365234375 0.34375 0.357421875 0.3506944444444444 0.3515625 0.3506944444444444 0.349609375 0.3541666666666667 0.33984375 0.3576388888888889 0.33203125 0.3715277777777778 0.326171875 0.3715277777777778 0.318359375 0.3784722222222222 0.302734375 0.3784722222222222 0.302734375 0.3715277777777778 0.3125 0.3576388888888889 0.31640625 0.3576388888888889 0.330078125 0.3472222222222222 0.337890625 0.3472222222222222 0.33984375 0.34375 0.3671875 0.3368055555555556
0 0.720703125 0.3854166666666667 0.728515625 0.3923611111111111 0.720703125 0.3993055555555556 0.70703125 0.3993055555555556 0.705078125 0.4027777777777778 0.677734375 0.4027777777777778 0.67578125 0.3993055555555556 0.67578125 0.3923611111111111 0.677734375 0.3888888888888889 0.68359375 0.3888888888888889 0.685546875 0.3854166666666667 0.71875 0.3854166666666667
0 0.22265625 0.375 0.228515625 0.3819444444444444 0.224609375 0.3854166666666667 0.21875 0.3854166666666667 0.212890625 0.3923611111111111 0.20703125 0.3923611111111111 0.193359375 0.40625 0.189453125 0.40625 0.181640625 0.4131944444444444 0.17578125 0.4131944444444444 0.162109375 0.4236111111111111 0.140625 0.4236111111111111 0.140625 0.4166666666666667 0.142578125 0.4131944444444444 0.15625 0.3993055555555556 0.16015625 0.3993055555555556 0.173828125 0.3888888888888889 0.1796875 0.3888888888888889 0.181640625 0.3854166666666667 0.20703125 0.3819444444444444 0.208984375 0.3784722222222222 0.216796875 0.3784722222222222 0.220703125 0.375
0 0.224609375 0.3402777777777778 0.228515625 0.34375 0.23046875 0.3506944444444444 0.228515625 0.3576388888888889 0.21484375 0.3576388888888889 0.212890625 0.3541666666666667 0.208984375 0.3541666666666667 0.208984375 0.34375 0.212890625 0.3402777777777778 0.22265625 0.3402777777777778
0 0.623046875 0.4444444444444444 0.642578125 0.4340277777777778 0.64453125 0.4305555555555556 0.677734375 0.4236111111111111 0.677734375 0.4340277777777778 0.67578125 0.4375 0.671875 0.4375 0.65234375 0.4548611111111111 0.64453125 0.4479166666666667 0.640625 0.4479166666666667 0.63671875 0.4548611111111111 0.626953125 0.4548611111111111 0.623046875 0.4513888888888889 0.623046875 0.4479166666666667
0 0.271484375 0.3888888888888889 0.2734375 0.3923611111111111 0.2734375 0.3993055555555556 0.271484375 0.4027777777777778 0.25 0.40625 0.232421875 0.4236111111111111 0.216796875 0.4236111111111111 0.21484375 0.4270833333333333 0.20703125 0.4270833333333333 0.205078125 0.4305555555555556 0.197265625 0.4305555555555556 0.189453125 0.4236111111111111 0.189453125 0.4201388888888889 0.1953125 0.4097222222222222 0.19921875 0.4097222222222222 0.205078125 0.4027777777777778 0.212890625 0.4027777777777778 0.21484375 0.3993055555555556 0.23046875 0.3958333333333333 0.232421875 0.3923611111111111 0.26171875 0.3923611111111111 0.263671875 0.3888888888888889 0.26953125 0.3888888888888889
0 0.328125 0.3854166666666667 0.330078125 0.3888888888888889 0.330078125 0.3993055555555556 0.3125 0.4131944444444444 0.296875 0.4131944444444444 0.294921875 0.4097222222222222 0.294921875 0.3993055555555556 0.302734375 0.3923611111111111 0.322265625 0.3923611111111111 0.326171875 0.3888888888888889
0 0.27734375 0.3680555555555556 0.27734375 0.3611111111111111 0.287109375 0.3472222222222222 0.30078125 0.3368055555555556 0.306640625 0.3368055555555556 0.3125 0.3298611111111111 0.31640625 0.3298611111111111 0.314453125 0.3368055555555556 0.30078125 0.3645833333333333 0.294921875 0.3645833333333333 0.29296875 0.3680555555555556 0.279296875 0.3680555555555556
0 0.19140625 0.3090277777777778 0.1953125 0.3055555555555556 0.220703125 0.3055555555555556 0.22265625 0.3090277777777778 0.2734375 0.3055555555555556 0.2734375 0.3090277777777778 0.267578125 0.3159722222222222 0.26171875 0.3298611111111111 0.259765625 0.3263888888888889 0.25 0.3263888888888889 0.234375 0.3368055555555556 0.208984375 0.3368055555555556 0.201171875 0.3263888888888889 0.1953125 0.3229166666666667 0.19140625 0.3125
0 0.193359375 0.4375 0.19140625 0.4444444444444444 0.1875 0.4444444444444444 0.185546875 0.4479166666666667 0.166015625 0.4513888888888889 0.1640625 0.4548611111111111 0.150390625 0.4548611111111111 0.1484375 0.4583333333333333 0.123046875 0.4583333333333333 0.12109375 0.4548611111111111 0.123046875 0.4513888888888889 0.123046875 0.4444444444444444 0.126953125 0.4444444444444444 0.134765625 0.4375 0.150390625 0.4375 0.15234375 0.4340277777777778 0.177734375 0.4340277777777778 0.1796875 0.4375 0.19140625 0.4375
0 0.3359375 0.5972222222222222 0.337890625 0.6006944444444444 0.345703125 0.59375 0.357421875 0.5763888888888888 0.369140625 0.5694444444444444 0.373046875 0.5798611111111112 0.373046875 0.5868055555555556 0.376953125 0.59375 0.376953125 0.6006944444444444 0.375 0.6076388888888888 0.359375 0.6215277777777778 0.35546875 0.6284722222222222 0.35546875 0.6388888888888888 0.3515625 0.6388888888888888 0.349609375 0.6423611111111112 0.349609375 0.6493055555555556 0.345703125 0.6388888888888888 0.33984375 0.6354166666666666 0.333984375 0.6458333333333334 0.33203125 0.6458333333333334 0.322265625 0.6666666666666666 0.318359375 0.6701388888888888 0.306640625 0.6701388888888888 0.306640625 0.6597222222222222 0.31640625 0.6354166666666666 0.310546875 0.6180555555555556 0.302734375 0.6041666666666666 0.302734375 0.5972222222222222 0.3046875 0.59375 0.3203125 0.5972222222222222 0.322265625 0.6006944444444444 0.330078125 0.6006944444444444 0.333984375 0.5972222222222222
0 0.859375 0.4305555555555556 0.861328125 0.4340277777777778 0.853515625 0.4479166666666667 0.83203125 0.4513888888888889 0.830078125 0.4548611111111111 0.8125 0.4548611111111111 0.810546875 0.4513888888888889 0.806640625 0.4513888888888889 0.802734375 0.4479166666666667 0.80078125 0.4375 0.80859375 0.4305555555555556 0.818359375 0.4305555555555556 0.8203125 0.4340277777777778 0.830078125 0.4340277777777778 0.83203125 0.4375 0.84375 0.4375 0.845703125 0.4409722222222222 0.84765625 0.4375 0.853515625 0.4375 0.857421875 0.4340277777777778
0 0.5520833333333334 0.4287037037037037 0.03333333333333333 0.025925925925925925
0 0.98046875 0.4722222222222222 0.982421875 0.4756944444444444 0.994140625 0.4756944444444444 0.998046875 0.4791666666666667 0.998046875 0.5069444444444444 0.986328125 0.5034722222222222 0.970703125 0.4895833333333333 0.96875 0.4861111111111111 0.96875 0.4791666666666667 0.970703125 0.4756944444444444 0.978515625 0.4756944444444444
0 0.115234375 0.2986111111111111 0.123046875 0.2986111111111111 0.134765625 0.3090277777777778 0.138671875 0.3194444444444444 0.138671875 0.3263888888888889 0.13671875 0.3298611111111111 0.130859375 0.3298611111111111 0.123046875 0.3229166666666667 0.115234375 0.3020833333333333
0 0.25390625 0.2326388888888889 0.255859375 0.2326388888888889 0.25390625 0.2361111111111111 0.255859375 0.23958333333333334 0.26171875 0.23958333333333334 0.263671875 0.24305555555555555 0.279296875 0.24305555555555555 0.28125 0.2465277777777778 0.28125 0.2534722222222222 0.267578125 0.2569444444444444 0.251953125 0.2673611111111111 0.240234375 0.2673611111111111 0.23828125 0.2708333333333333 0.2265625 0.2708333333333333 0.224609375 0.2673611111111111 0.224609375 0.2604166666666667 0.234375 0.2465277777777778 0.2421875 0.24305555555555555 0.251953125 0.2326388888888889
0 0.10911458333333333 0.45694444444444443 0.0390625 0.030555555555555558
0 0.572265625 0.3715277777777778 0.572265625 0.3923611111111111 0.5703125 0.3958333333333333 0.5625 0.3993055555555556 0.556640625 0.40625 0.55078125 0.40625 0.548828125 0.4097222222222222 0.54296875 0.4097222222222222 0.541015625 0.4027777777777778 0.54296875 0.3993055555555556 0.54296875 0.3888888888888889 0.55859375 0.375 0.5703125 0.3715277777777778
0 0.845703125 0.5208333333333334 0.84765625 0.5243055555555556 0.865234375 0.5277777777777778 0.876953125 0.5381944444444444 0.87890625 0.5347222222222222 0.880859375 0.5381944444444444 0.880859375 0.5486111111111112 0.876953125 0.5520833333333334 0.84765625 0.5486111111111112 0.845703125 0.5451388888888888 0.822265625 0.5451388888888888 0.814453125 0.5381944444444444 0.80859375 0.5381944444444444 0.806640625 0.5347222222222222 0.794921875 0.53125 0.7890625 0.5243055555555556 0.787109375 0.5173611111111112 0.7890625 0.5104166666666666 0.818359375 0.5104166666666666 0.8203125 0.5138888888888888 0.83203125 0.5138888888888888 0.833984375 0.5173611111111112 0.84375 0.5208333333333334
0 0.35859375 0.41527777777777775 0.043229166666666666 0.026851851851851852
0 0.26953125 0.19791666666666666 0.271484375 0.19791666666666666 0.26953125 0.2048611111111111 0.263671875 0.21180555555555555 0.263671875 0.21875 0.251953125 0.22916666666666666 0.248046875 0.22916666666666666 0.212890625 0.2604166666666667 0.20703125 0.2604166666666667 0.205078125 0.2638888888888889 0.1875 0.2638888888888889 0.1875 0.2534722222222222 0.19140625 0.2465277777777778 0.19921875 0.24305555555555555 0.22265625 0.2222222222222222 0.2265625 0.2222222222222222 0.234375 0.2152777777777778 0.251953125 0.2152777777777778 0.267578125 0.2013888888888889
0 0.083984375 0.3784722222222222 0.08203125 0.3715277777777778 0.08203125 0.3645833333333333 0.083984375 0.3611111111111111 0.08984375 0.3611111111111111 0.09765625 0.3541666666666667 0.1171875 0.3506944444444444 0.119140625 0.3472222222222222 0.140625 0.3472222222222222 0.142578125 0.34375 0.150390625 0.34375 0.150390625 0.3472222222222222 0.142578125 0.3576388888888889 0.123046875 0.3576388888888889 0.12109375 0.3611111111111111 0.11328125 0.3611111111111111 0.111328125 0.3645833333333333 0.10546875 0.3645833333333333 0.099609375 0.375 0.099609375 0.3784722222222222 0.095703125 0.3819444444444444 0.0859375 0.3784722222222222
0 0.65234375 0.1909722222222222 0.671875 0.20833333333333334 0.677734375 0.21875 0.677734375 0.22569444444444445 0.66796875 0.2326388888888889 0.658203125 0.2326388888888889 0.650390625 0.23958333333333334 0.640625 0.23958333333333334 0.6328125 0.2326388888888889 0.6328125 0.22569444444444445 0.62890625 0.21180555555555555 0.62890625 0.2013888888888889 0.634765625 0.19444444444444445 0.638671875 0.19444444444444445 0.640625 0.1909722222222222 0.650390625 0.1909722222222222
0 0.53125 0.3125 0.53515625 0.3194444444444444 0.53515625 0.3263888888888889 0.525390625 0.3333333333333333 0.515625 0.3333333333333333 0.5078125 0.3263888888888889 0.505859375 0.3159722222222222 0.5078125 0.3125 0.529296875 0.3125
0 0.333984375 0.3715277777777778 0.333984375 0.3680555555555556 0.341796875 0.3576388888888889 0.35546875 0.3541666666666667 0.36328125 0.3472222222222222 0.373046875 0.3472222222222222 0.376953125 0.3576388888888889 0.37109375 0.3680555555555556 0.361328125 0.3680555555555556 0.359375 0.3715277777777778 0.3359375 0.3715277777777778
0 0.60546875 0.3854166666666667 0.63671875 0.3854166666666667 0.634765625 0.3958333333333333 0.630859375 0.3958333333333333 0.62890625 0.3993055555555556 0.607421875 0.3993055555555556 0.60546875 0.3958333333333333 0.60546875 0.3888888888888889