0 0.5078125 0.3832752613240418 0.51171875 0.397212543554007 0.509765625 0.40069686411149824 0.5078125 0.397212543554007 0.5078125 0.3867595818815331
0 0.58984375 0.06968641114982578 0.59765625 0.07665505226480836 0.609375 0.0975609756097561 0.609375 0.11149825783972125 0.611328125 0.11498257839721254 0.609375 0.14285714285714285 0.611328125 0.14634146341463414 0.611328125 0.156794425087108 0.60546875 0.156794425087108 0.599609375 0.14982578397212543 0.60546875 0.13937282229965156 0.60546875 0.1289198606271777 0.595703125 0.11149825783972125 0.591796875 0.11149825783972125 0.5859375 0.0975609756097561 0.580078125 0.0975609756097561 0.580078125 0.08710801393728224 0.576171875 0.08013937282229965 0.576171875 0.06620209059233449 0.580078125 0.0627177700348432 0.587890625 0.06968641114982578
0 0.578125 0.397212543554007 0.58203125 0.397212543554007 0.583984375 0.40418118466898956 0.59375 0.40418118466898956 0.595703125 0.40069686411149824 0.595703125 0.40418118466898956 0.58203125 0.40418118466898956 0.580078125 0.4076655052264808 0.576171875 0.4076655052264808 0.57421875 0.40418118466898956 0.578125 0.40069686411149824
0 0.509765625 0.7630662020905923 0.51171875 0.7630662020905923 0.51171875 0.7700348432055749 0.513671875 0.7735191637630662 0.513671875 0.7839721254355401 0.509765625 0.7839721254355401 0.51171875 0.7804878048780488 0.509765625 0.7770034843205574 0.509765625 0.7665505226480837
0 0.6015625 0.9651567944250871 0.6015625 0.9721254355400697 0.60546875 0.9825783972125436 0.60546875 0.9930313588850174 0.609375 0.9965156794425087 0.6015625 0.9965156794425087 0.6015625 0.9686411149825784
0 0.599609375 0.7456445993031359 0.6015625 0.7456445993031359 0.60546875 0.759581881533101 0.60546875 0.7630662020905923 0.603515625 0.7630662020905923 0.599609375 0.7491289198606271
0 0.544921875 0.8013937282229965 0.546875 0.8013937282229965 0.546875 0.8153310104529616 0.548828125 0.818815331010453 0.548828125 0.8432055749128919 0.544921875 0.8397212543554007 0.544921875 0.8048780487804879
0 0.505859375 0.30662020905923343 0.5078125 0.30662020905923343 0.5078125 0.313588850174216 0.51171875 0.3205574912891986 0.509765625 0.3240418118466899 0.505859375 0.3205574912891986 0.505859375 0.31010452961672474
0 0.52734375 0.3902439024390244 0.529296875 0.397212543554007 0.533203125 0.397212543554007 0.53515625 0.40069686411149824 0.53515625 0.4076655052264808 0.533203125 0.4076655052264808 0.5234375 0.397212543554007 0.52734375 0.39372822299651566
0 0.517578125 0.04529616724738676 0.52734375 0.05574912891986063 0.53125 0.05226480836236934 0.53125 0.05574912891986063 0.525390625 0.06620209059233449 0.525390625 0.07317073170731707 0.529296875 0.08362369337979095 0.529296875 0.10104529616724739 0.5234375 0.1289198606271777 0.51953125 0.13937282229965156 0.515625 0.14285714285714285 0.515625 0.14634146341463414 0.509765625 0.14634146341463414 0.505859375 0.14982578397212543 0.50390625 0.1254355400696864 0.501953125 0.12195121951219512 0.50390625 0.11846689895470383 0.5 0.10452961672473868 0.5078125 0.09407665505226481 0.51171875 0.07317073170731707 0.51953125 0.0627177700348432 0.517578125 0.04878048780487805
0 0.587890625 0.6655052264808362 0.609375 0.6655052264808362 0.611328125 0.6689895470383276 0.609375 0.6724738675958188 0.58203125 0.6724738675958188 0.5859375 0.6724738675958188 0.587890625 0.6689895470383276
0 0.693359375 0.04878048780487805 0.693359375 0.05226480836236934 0.697265625 0.05574912891986063 0.697265625 0.0627177700348432 0.69921875 0.06620209059233449 0.69921875 0.08362369337979095 0.697265625 0.08362369337979095 0.697265625 0.07665505226480836 0.693359375 0.06620209059233449 0.693359375 0.05226480836236934
0 0.501953125 0.7317073170731707 0.50390625 0.735191637630662 0.50390625 0.7491289198606271 0.505859375 0.7526132404181185 0.50390625 0.759581881533101 0.5 0.759581881533101 0.501953125 0.7560975609756098 0.501953125 0.735191637630662
0 0.515625 0.7665505226480837 0.517578125 0.7700348432055749 0.517578125 0.7839721254355401 0.51171875 0.7804878048780488 0.51171875 0.7700348432055749 0.513671875 0.7700348432055749
0 0.51171875 0.7282229965156795 0.513671875 0.7317073170731707 0.513671875 0.7491289198606271 0.51171875 0.7491289198606271 0.509765625 0.7317073170731707
0 0.48998855835240274 0.4174168188233043 0.010534360697940504 0.016329264306046132
0 0.521484375 0.34843205574912894 0.5234375 0.34843205574912894 0.5234375 0.3693379790940767 0.525390625 0.37282229965156793 0.525390625 0.3832752613240418 0.5234375 0.3832752613240418 0.521484375 0.3519163763066202
0 0.490234375 0.3310104529616725 0.494140625 0.33797909407665505 0.49609375 0.3519163763066202 0.494140625 0.3519163763066202 0.49609375 0.34843205574912894 0.48828125 0.3344947735191638
0 0.55859375 0.7491289198606271 0.5625 0.7526132404181185 0.564453125 0.7770034843205574 0.56640625 0.7804878048780488 0.56640625 0.8013937282229965 0.564453125 0.8013937282229965 0.5625 0.7700348432055749 0.55859375 0.7526132404181185
0 0.48046875 0.3623693379790941 0.490234375 0.3623693379790941 0.4921875 0.36585365853658536 0.490234375 0.3693379790940767 0.486328125 0.36585365853658536 0.48046875 0.36585365853658536
0 0.490234375 0.36585365853658536 0.494140625 0.36585365853658536 0.49609375 0.3693379790940767 0.49609375 0.3902439024390244 0.494140625 0.3902439024390244 0.49609375 0.3867595818815331 0.490234375 0.3693379790940767
0 0.35583524027459956 0.99812628070707 0.009962278318077803 0.0183704223443019
0 0.64453125 0.6515679442508711 0.64453125 0.662020905923345 0.6484375 0.6794425087108014 0.6484375 0.6968641114982579 0.646484375 0.7038327526132404 0.642578125 0.7073170731707317 0.64453125 0.7038327526132404 0.64453125 0.6933797909407665 0.642578125 0.6898954703832753 0.642578125 0.6724738675958188 0.64453125 0.6655052264808362 0.642578125 0.662020905923345 0.642578125 0.6550522648083623
0 0.6679061784897026 -0.028576212535580733 0.013966854977116704 0.057152425071161465
0 0.509765625 0.3310104529616725 0.515625 0.3310104529616725 0.515625 0.34146341463414637 0.509765625 0.3344947735191638
0 0.5625 0.3554006968641115 0.568359375 0.3554006968641115 0.568359375 0.3693379790940767 0.5703125 0.37282229965156793 0.5703125 0.39372822299651566 0.568359375 0.40069686411149824 0.564453125 0.40418118466898956 0.564453125 0.397212543554007 0.5625 0.39372822299651566 0.5625 0.3588850174216028
0 0.51953125 0.7142857142857143 0.5234375 0.7282229965156795 0.5234375 0.7456445993031359 0.51953125 0.7421602787456446 0.521484375 0.7386759581881533 0.51953125 0.7177700348432056
0 0.5966819221967964 0.6894011274208852 0.007673948798627002 0.019391001363429784
0 0.5390625 0.7700348432055749 0.541015625 0.7735191637630662 0.541015625 0.794425087108014 0.54296875 0.7979094076655052 0.541015625 0.8048780487804879 0.541015625 0.8257839721254355 0.5390625 0.8292682926829268 0.541015625 0.8257839721254355 0.5390625 0.8222996515679443 0.5390625 0.7874564459930313 0.53515625 0.7804878048780488 0.53515625 0.7735191637630662 0.537109375 0.7735191637630662
0 0.6484375 0.5609756097560976 0.65234375 0.5609756097560976 0.654296875 0.5679442508710801 0.654296875 0.5853658536585366 0.65625 0.5888501742160279 0.65625 0.6097560975609756 0.654296875 0.6132404181184669 0.654296875 0.6202090592334495 0.646484375 0.627177700348432 0.64453125 0.6236933797909407 0.64453125 0.5958188153310104 0.6484375 0.5818815331010453 0.6484375 0.5644599303135889
0 0.6899313501144165 1.015476124032244 0.011106443077803204 0.059193583109417226
0 0.541015625 0.4355400696864111 0.54296875 0.4355400696864111 0.54296875 0.44947735191637633 0.544921875 0.4529616724738676 0.544921875 0.45993031358885017 0.54296875 0.45993031358885017 0.541015625 0.43902439024390244
0 0.623046875 0.6515679442508711 0.625 0.6515679442508711 0.625 0.6550522648083623 0.6328125 0.6655052264808362 0.63671875 0.6829268292682927 0.63671875 0.7177700348432056 0.62890625 0.7177700348432056 0.625 0.710801393728223 0.623046875 0.6968641114982579 0.6171875 0.6898954703832753 0.6171875 0.6794425087108014 0.623046875 0.6724738675958188 0.623046875 0.6550522648083623
0 0.580078125 0.7212543554006968 0.58203125 0.7212543554006968 0.58203125 0.7386759581881533 0.580078125 0.7421602787456446 0.580078125 0.7247386759581882