0 0.515625 0.06968641114982578 0.537109375 0.06968641114982578 0.537109375 0.07317073170731707 0.529296875 0.07317073170731707 0.52734375 0.07665505226480836 0.515625 0.07317073170731707
0 0.453125 0.0313588850174216 0.458984375 0.0313588850174216 0.458984375 0.03484320557491289 0.466796875 0.04529616724738676 0.4765625 0.04529616724738676 0.482421875 0.05226480836236934 0.482421875 0.06968641114982578 0.4765625 0.06968641114982578 0.474609375 0.07317073170731707 0.466796875 0.06620209059233449 0.462890625 0.05574912891986063 0.458984375 0.05226480836236934 0.453125 0.05226480836236934 0.453125 0.04529616724738676 0.45703125 0.041811846689895474 0.45703125 0.03832752613240418 0.453125 0.03484320557491289
0 0.38671875 0 0.404296875 0 0.412109375 0.010452961672473868 0.416015625 0.010452961672473868 0.416015625 0.0313588850174216 0.392578125 0.0313588850174216 0.390625 0.027874564459930314 0.390625 0.020905923344947737 0.38671875 0.017421602787456445 0.38671875 0.003484320557491289
0 0.478515625 0.23693379790940766 0.48828125 0.23693379790940766 0.48828125 0.2613240418118467 0.4765625 0.2613240418118467 0.474609375 0.26480836236933797 0.466796875 0.2578397212543554 0.46484375 0.2613240418118467 0.45703125 0.2613240418118467 0.45703125 0.24390243902439024 0.466796875 0.24738675958188153 0.46875 0.24390243902439024 0.4765625 0.24390243902439024 0.478515625 0.24041811846689895
0 0.572265625 0.8292682926829268 0.578125 0.8292682926829268 0.58203125 0.8257839721254355 0.583984375 0.818815331010453 0.5859375 0.818815331010453 0.5859375 0.8571428571428571 0.572265625 0.8571428571428571 0.568359375 0.8536585365853658 0.568359375 0.8501742160278746 0.564453125 0.8466898954703833 0.564453125 0.8397212543554007 0.572265625 0.8327526132404182
0 0.556640625 0.4564459930313589 0.560546875 0.4564459930313589 0.578125 0.4355400696864111 0.58984375 0.43205574912891986 0.591796875 0.4250871080139373 0.59375 0.43205574912891986 0.59375 0.45993031358885017 0.591796875 0.46689895470383275 0.58984375 0.46689895470383275 0.572265625 0.49477351916376305 0.56640625 0.5226480836236934 0.55078125 0.5296167247386759 0.541015625 0.5470383275261324 0.537109375 0.5470383275261324 0.52734375 0.5609756097560976 0.51953125 0.5644599303135889 0.513671875 0.5749128919860628 0.509765625 0.5749128919860628 0.50390625 0.5818815331010453 0.49609375 0.5818815331010453 0.484375 0.5923344947735192 0.478515625 0.5923344947735192 0.470703125 0.5993031358885017 0.470703125 0.5958188153310104 0.490234375 0.5818815331010453 0.49609375 0.5749128919860628 0.498046875 0.5679442508710801 0.501953125 0.5679442508710801 0.50390625 0.5609756097560976 0.5078125 0.5574912891986062 0.51953125 0.5365853658536586 0.51953125 0.5331010452961672 0.525390625 0.5261324041811847 0.537109375 0.4912891986062718 0.541015625 0.4878048780487805 0.546875 0.47735191637630664 0.546875 0.4738675958188153 0.556640625 0.45993031358885017
0 0.53515625 0.40069686411149824 0.53515625 0.397212543554007 0.53515625 0.40069686411149824 0.5390625 0.40418118466898956 0.5390625 0.42160278745644597 0.537109375 0.4250871080139373 0.5390625 0.42857142857142855 0.5390625 0.43902439024390244 0.53125 0.4425087108013937 0.525390625 0.4564459930313589 0.521484375 0.4564459930313589 0.517578125 0.4634146341463415 0.513671875 0.4634146341463415 0.509765625 0.4738675958188153 0.50390625 0.4738675958188153 0.498046875 0.4878048780487805 0.48828125 0.4808362369337979 0.482421875 0.4808362369337979 0.48046875 0.4843205574912892 0.478515625 0.4808362369337979 0.478515625 0.4634146341463415 0.474609375 0.45993031358885017 0.474609375 0.4564459930313589 0.478515625 0.4529616724738676 0.494140625 0.44947735191637633 0.49609375 0.4425087108013937 0.5 0.43902439024390244 0.505859375 0.42857142857142855 0.505859375 0.4250871080139373 0.515625 0.41114982578397213 0.5234375 0.40418118466898956 0.533203125 0.40418118466898956
0 0.513671875 0.05574912891986063 0.52734375 0.06620209059233449 0.533203125 0.06620209059233449 0.53515625 0.07317073170731707 0.5390625 0.07317073170731707 0.541015625 0.07665505226480836 0.568359375 0.07665505226480836 0.57421875 0.06620209059233449 0.57421875 0.09407665505226481 0.572265625 0.10104529616724739 0.541015625 0.10104529616724739 0.5390625 0.10452961672473868 0.51953125 0.10452961672473868 0.517578125 0.10104529616724739 0.509765625 0.10104529616724739 0.509765625 0.0975609756097561 0.50390625 0.09059233449477352 0.501953125 0.07665505226480836 0.498046875 0.06620209059233449 0.5 0.059233449477351915 0.505859375 0.05226480836236934 0.505859375 0.04878048780487805 0.509765625 0.04878048780487805 0.51171875 0.05574912891986063
0 0.603515625 0.09407665505226481 0.609375 0.09059233449477352 0.611328125 0.08362369337979095 0.623046875 0.08362369337979095 0.623046875 0.10104529616724739 0.61328125 0.10104529616724739 0.611328125 0.10452961672473868 0.609375 0.10104529616724739 0.603515625 0.10104529616724739 0.603515625 0.0975609756097561
0 0.404296875 0.0313588850174216 0.4140625 0.03832752613240418 0.4140625 0.04878048780487805 0.41015625 0.04878048780487805 0.408203125 0.05226480836236934 0.384765625 0.04878048780487805 0.384765625 0.03832752613240418 0.392578125 0.0313588850174216 0.40234375 0.0313588850174216
0 0.40625 0.10801393728222997 0.4140625 0.10801393728222997 0.416015625 0.11498257839721254 0.419921875 0.11498257839721254 0.421875 0.10801393728222997 0.423828125 0.10801393728222997 0.423828125 0.12195121951219512 0.419921875 0.1254355400696864 0.4140625 0.1254355400696864 0.412109375 0.1289198606271777 0.39453125 0.1254355400696864 0.3984375 0.11498257839721254 0.404296875 0.11498257839721254 0.40625 0.11149825783972125
0 0.60546875 0.8989547038327527 0.609375 0.9059233449477352 0.609375 0.9233449477351916 0.60546875 0.9233449477351916 0.603515625 0.926829268292683 0.58203125 0.9233449477351916 0.580078125 0.9198606271777003 0.564453125 0.9128919860627178 0.564453125 0.9059233449477352 0.56640625 0.9024390243902439 0.57421875 0.8989547038327527 0.578125 0.89198606271777 0.595703125 0.89198606271777 0.603515625 0.8989547038327527
0 0.333984375 0.1602787456445993 0.34375 0.1602787456445993 0.345703125 0.15331010452961671 0.34765625 0.15331010452961671 0.349609375 0.1602787456445993 0.361328125 0.1602787456445993 0.36328125 0.16376306620209058 0.3671875 0.16376306620209058 0.3671875 0.17073170731707318 0.333984375 0.17073170731707318 0.333984375 0.16376306620209058
0 0.314453125 0.0627177700348432 0.326171875 0.059233449477351915 0.328125 0.0627177700348432 0.3359375 0.0627177700348432 0.33984375 0.06620209059233449 0.33984375 0.06968641114982578 0.333984375 0.06968641114982578 0.33203125 0.07317073170731707 0.314453125 0.06968641114982578 0.314453125 0.06620209059233449
0 0.53515625 0.6515679442508711 0.537109375 0.6550522648083623 0.5546875 0.6550522648083623 0.55859375 0.6585365853658537 0.55859375 0.6655052264808362 0.5546875 0.6689895470383276 0.5625 0.6759581881533101 0.5625 0.7003484320557491 0.55859375 0.7038327526132404 0.52734375 0.7038327526132404 0.525390625 0.710801393728223 0.509765625 0.710801393728223 0.509765625 0.7038327526132404 0.513671875 0.7003484320557491 0.515625 0.662020905923345 0.51953125 0.6585365853658537 0.5234375 0.6445993031358885 0.53125 0.6445993031358885 0.533203125 0.6515679442508711
0 0.51953125 0.759581881533101 0.51953125 0.7526132404181185 0.529296875 0.7526132404181185 0.53125 0.759581881533101 0.541015625 0.7630662020905923 0.541015625 0.7979094076655052 0.525390625 0.7979094076655052 0.525390625 0.7630662020905923 0.521484375 0.759581881533101
0 0.611328125 0.43205574912891986 0.61328125 0.43205574912891986 0.6171875 0.42160278745644597 0.623046875 0.4181184668989547 0.626953125 0.4076655052264808 0.6328125 0.4076655052264808 0.6328125 0.45993031358885017 0.6171875 0.4564459930313589 0.61328125 0.44947735191637633 0.607421875 0.445993031358885 0.611328125 0.4355400696864111
0 0.599609375 0.017421602787456445 0.607421875 0.017421602787456445 0.607421875 0.027874564459930314 0.603515625 0.0313588850174216 0.599609375 0.0313588850174216 0.599609375 0.020905923344947737
0 0.38671875 0.09407665505226481 0.38671875 0.10452961672473868 0.361328125 0.10452961672473868 0.361328125 0.0975609756097561 0.369140625 0.09407665505226481 0.37109375 0.08710801393728224 0.3828125 0.08710801393728224 0.384765625 0.09407665505226481
0 0.5703125 0.11498257839721254 0.57421875 0.11149825783972125 0.599609375 0.11149825783972125 0.599609375 0.12195121951219512 0.58984375 0.12195121951219512 0.587890625 0.1254355400696864 0.583984375 0.1254355400696864 0.58203125 0.12195121951219512 0.5703125 0.12195121951219512 0.5703125 0.11846689895470383
0 0.474609375 0.2857142857142857 0.478515625 0.28222996515679444 0.49609375 0.28222996515679444 0.5 0.2787456445993031 0.5 0.313588850174216 0.474609375 0.313588850174216 0.474609375 0.289198606271777