0 0.3046875 0.125 0.337890625 0.125 0.33984375 0.12152777777777778 0.345703125 0.12152777777777778 0.34765625 0.125 0.353515625 0.125 0.357421875 0.13194444444444445 0.361328125 0.13194444444444445 0.369140625 0.1388888888888889 0.388671875 0.13541666666666666 0.38671875 0.1423611111111111 0.373046875 0.14930555555555555 0.357421875 0.1736111111111111 0.33984375 0.1909722222222222 0.322265625 0.19444444444444445 0.314453125 0.1840277777777778 0.3046875 0.18055555555555555 0.298828125 0.1909722222222222 0.296875 0.2013888888888889 0.29296875 0.2048611111111111 0.29296875 0.19444444444444445 0.2890625 0.1875 0.287109375 0.1701388888888889 0.2890625 0.16666666666666666 0.296875 0.16666666666666666 0.302734375 0.1597222222222222 0.3046875 0.14930555555555555 0.310546875 0.1388888888888889 0.310546875 0.13194444444444445 0.30859375 0.1284722222222222 0.3046875 0.1284722222222222
0 0.70703125 0.16666666666666666 0.734375 0.18055555555555555 0.7421875 0.1875 0.75 0.2013888888888889 0.76171875 0.21180555555555555 0.765625 0.20833333333333334 0.767578125 0.2222222222222222 0.7890625 0.2569444444444444 0.798828125 0.2881944444444444 0.8046875 0.2986111111111111 0.822265625 0.3194444444444444 0.822265625 0.3263888888888889 0.8203125 0.3298611111111111 0.81640625 0.3298611111111111 0.8125 0.3263888888888889 0.806640625 0.3125 0.794921875 0.2986111111111111 0.7734375 0.28125 0.76171875 0.2673611111111111 0.7578125 0.2708333333333333 0.755859375 0.2777777777777778 0.75390625 0.2743055555555556 0.755859375 0.2708333333333333 0.75390625 0.2604166666666667 0.740234375 0.24305555555555555 0.73046875 0.22569444444444445 0.73046875 0.2222222222222222 0.7265625 0.21875 0.7265625 0.2152777777777778 0.7109375 0.1840277777777778 0.70703125 0.1701388888888889
0 0.580078125 0.024305555555555556 0.58203125 0.027777777777777776 0.580078125 0.034722222222222224 0.587890625 0.041666666666666664 0.595703125 0.03819444444444445 0.6015625 0.024305555555555556 0.6015625 0.04861111111111111 0.599609375 0.04861111111111111 0.591796875 0.0625 0.58984375 0.07291666666666667 0.583984375 0.08333333333333333 0.583984375 0.08680555555555555 0.576171875 0.10069444444444445 0.5703125 0.10416666666666667 0.564453125 0.11458333333333333 0.5546875 0.12152777777777778 0.55078125 0.1284722222222222 0.546875 0.1284722222222222 0.5390625 0.13541666666666666 0.513671875 0.1388888888888889 0.51171875 0.1423611111111111 0.5 0.14583333333333334 0.490234375 0.15625 0.48046875 0.15625 0.484375 0.14930555555555555 0.4921875 0.14583333333333334 0.49609375 0.1388888888888889 0.501953125 0.13541666666666666 0.515625 0.1076388888888889 0.515625 0.10416666666666667 0.517578125 0.10416666666666667 0.51953125 0.09722222222222222 0.5390625 0.06597222222222222 0.544921875 0.0625 0.560546875 0.041666666666666664 0.578125 0.027777777777777776
0 0.443359375 0.9270833333333334 0.4453125 0.9548611111111112 0.447265625 0.9583333333333334 0.447265625 0.9756944444444444 0.44921875 0.9791666666666666 0.44921875 0.9965277777777778 0.43359375 0.9965277777777778 0.43359375 0.9826388888888888 0.435546875 0.9791666666666666 0.435546875 0.9652777777777778 0.4375 0.9618055555555556 0.4375 0.9409722222222222 0.44140625 0.9305555555555556
0 0.76171875 0.041666666666666664 0.796875 0.041666666666666664 0.80859375 0.059027777777777776 0.818359375 0.08680555555555555 0.826171875 0.09375 0.83203125 0.10416666666666667 0.83203125 0.1076388888888889 0.830078125 0.10416666666666667 0.826171875 0.10416666666666667 0.822265625 0.09722222222222222 0.810546875 0.08680555555555555 0.783203125 0.07291666666666667 0.765625 0.05555555555555555 0.76171875 0.04513888888888889
0 0.177734375 0 0.212890625 0 0.212890625 0.010416666666666666 0.216796875 0.024305555555555556 0.216796875 0.03819444444444445 0.205078125 0.03819444444444445 0.203125 0.034722222222222224 0.193359375 0.03125 0.1875 0.024305555555555556 0.177734375 0.006944444444444444 0.177734375 0.003472222222222222
0 0.69921875 0.9479166666666666 0.712890625 0.96875 0.712890625 0.9861111111111112 0.708984375 0.9965277777777778 0.6953125 0.9965277777777778 0.693359375 0.9930555555555556 0.693359375 0.9826388888888888 0.69140625 0.9791666666666666 0.69140625 0.9548611111111112 0.697265625 0.9479166666666666
0 0.76171875 0.041666666666666664 0.796875 0.041666666666666664 0.806640625 0.05555555555555555 0.81640625 0.08333333333333333 0.826171875 0.09722222222222222 0.818359375 0.09375 0.8125 0.08680555555555555 0.78515625 0.07291666666666667 0.76953125 0.059027777777777776 0.76171875 0.04513888888888889
0 0.091796875 0 0.107421875 0 0.107421875 0.003472222222222222 0.10546875 0.003472222222222222 0.091796875 0.03125 0.08984375 0.03125 0.08984375 0.013888888888888888 0.091796875 0.010416666666666666 0.091796875 0.003472222222222222
0 0.404296875 0 0.451171875 0 0.466796875 0.041666666666666664 0.48046875 0.06597222222222222 0.486328125 0.06944444444444445 0.494140625 0.0798611111111111 0.494140625 0.08333333333333333 0.490234375 0.08333333333333333 0.486328125 0.0763888888888889 0.470703125 0.0625 0.455078125 0.059027777777777776 0.453125 0.05555555555555555 0.447265625 0.05555555555555555 0.44140625 0.04861111111111111 0.4375 0.04861111111111111 0.4140625 0.024305555555555556 0.4140625 0.020833333333333332 0.404296875 0.003472222222222222
0 0.88671875 0.17708333333333334 0.89453125 0.1875 0.900390625 0.1909722222222222 0.90625 0.2013888888888889 0.916015625 0.20833333333333334 0.916015625 0.21180555555555555 0.931640625 0.2361111111111111 0.931640625 0.23958333333333334 0.9609375 0.2986111111111111 0.9765625 0.3125 0.990234375 0.3194444444444444 0.9921875 0.3229166666666667 0.9921875 0.3298611111111111 0.98828125 0.3298611111111111 0.98046875 0.3229166666666667 0.974609375 0.3229166666666667 0.970703125 0.3159722222222222 0.966796875 0.3159722222222222 0.947265625 0.3020833333333333 0.9296875 0.3020833333333333 0.927734375 0.2986111111111111 0.91796875 0.2986111111111111 0.916015625 0.2951388888888889 0.90234375 0.2916666666666667 0.8828125 0.2743055555555556 0.859375 0.2465277777777778 0.84765625 0.22569444444444445 0.837890625 0.19791666666666666 0.830078125 0.1840277777777778 0.826171875 0.1840277777777778 0.818359375 0.17708333333333334 0.8203125 0.16666666666666666 0.822265625 0.16319444444444445 0.828125 0.16319444444444445 0.8359375 0.1701388888888889 0.86328125 0.16666666666666666 0.865234375 0.1701388888888889 0.876953125 0.1701388888888889 0.884765625 0.17708333333333334
0 0.744140625 0.9965277777777778 0.7421875 0.9548611111111112 0.75 0.9340277777777778 0.751953125 0.9340277777777778 0.759765625 0.9513888888888888 0.763671875 0.9756944444444444 0.759765625 0.9861111111111112 0.759765625 0.9965277777777778 0.74609375 0.9965277777777778
0 0.728515625 0.8645833333333334 0.73828125 0.8854166666666666 0.73828125 0.8958333333333334 0.740234375 0.8993055555555556 0.740234375 0.9236111111111112 0.73828125 0.9270833333333334 0.73046875 0.9270833333333334 0.7109375 0.8854166666666666 0.7109375 0.8784722222222222 0.712890625 0.875 0.7265625 0.8645833333333334
0 0 0 0.05078125 0 0.0625 0.034722222222222224 0.080078125 0.052083333333333336 0.080078125 0.05555555555555555 0.078125 0.05555555555555555 0.06640625 0.04513888888888889 0.04296875 0.04513888888888889 0.041015625 0.041666666666666664 0.037109375 0.041666666666666664 0.015625 0.024305555555555556 0.00390625 0.006944444444444444 0 0.006944444444444444 0 0.003472222222222222