0 0.74609375 0.6538461538461539 0.75 0.6503496503496503 0.75 0.6433566433566433 0.787109375 0.6433566433566433 0.787109375 0.6608391608391608 0.77734375 0.6678321678321678 0.75 0.6678321678321678 0.74609375 0.6643356643356644 0.74609375 0.6573426573426573
0 0.689453125 0.7412587412587412 0.6953125 0.7342657342657343 0.69921875 0.7342657342657343 0.703125 0.7272727272727273 0.71875 0.7272727272727273 0.720703125 0.7202797202797203 0.75 0.7202797202797203 0.75 0.7342657342657343 0.734375 0.7587412587412588 0.6953125 0.7587412587412588 0.689453125 0.7517482517482518 0.689453125 0.7447552447552448
0 0.6328125 0.6223776223776224 0.640625 0.6223776223776224 0.642578125 0.6153846153846154 0.650390625 0.6153846153846154 0.650390625 0.6573426573426573 0.64453125 0.6643356643356644 0.64453125 0.6748251748251748 0.640625 0.6783216783216783 0.640625 0.6958041958041958 0.64453125 0.6993006993006993 0.64453125 0.7062937062937062 0.640625 0.7097902097902098 0.640625 0.7202797202797203 0.63671875 0.7237762237762237 0.623046875 0.7202797202797203 0.623046875 0.7132867132867133 0.619140625 0.7097902097902098 0.6171875 0.7027972027972028 0.61328125 0.6993006993006993 0.61328125 0.6923076923076923 0.609375 0.6888111888111889 0.609375 0.6643356643356644 0.6171875 0.6573426573426573 0.6171875 0.6468531468531469 0.619140625 0.6398601398601399 0.623046875 0.6363636363636364 0.623046875 0.6328671328671329 0.6328125 0.6258741258741258
0 0.583984375 0.458041958041958 0.5859375 0.458041958041958 0.58984375 0.44755244755244755 0.59765625 0.4405594405594406 0.60546875 0.4405594405594406 0.607421875 0.43356643356643354 0.634765625 0.43356643356643354 0.634765625 0.47202797202797203 0.6328125 0.479020979020979 0.583984375 0.479020979020979 0.58203125 0.4755244755244755 0.58203125 0.46503496503496505 0.583984375 0.46153846153846156
0 0.75 0.6713286713286714 0.748046875 0.6503496503496503 0.75 0.6468531468531469 0.75390625 0.6468531468531469 0.755859375 0.6398601398601399 0.7890625 0.6398601398601399 0.7890625 0.6573426573426573 0.78515625 0.6608391608391608 0.78125 0.6713286713286714 0.783203125 0.6783216783216783 0.787109375 0.6818181818181818 0.783203125 0.6853146853146853 0.771484375 0.6853146853146853 0.765625 0.6783216783216783 0.76171875 0.6783216783216783 0.7578125 0.6713286713286714 0.751953125 0.6713286713286714
0 0.099609375 0.32867132867132864 0.099609375 0.32517482517482516 0.1015625 0.3321678321678322 0.11328125 0.3321678321678322 0.115234375 0.3356643356643357 0.125 0.3356643356643357 0.126953125 0.3321678321678322 0.14453125 0.3321678321678322 0.154296875 0.33916083916083917 0.166015625 0.33916083916083917 0.166015625 0.3531468531468531 0.158203125 0.36363636363636365 0.15625 0.3741258741258741 0.1484375 0.3811188811188811 0.140625 0.3811188811188811 0.12109375 0.4020979020979021 0.103515625 0.4020979020979021 0.09375 0.4090909090909091 0.08984375 0.4090909090909091 0.087890625 0.40559440559440557 0.078125 0.40559440559440557 0.07421875 0.4020979020979021 0.07421875 0.38461538461538464 0.08203125 0.36363636363636365 0.0859375 0.36363636363636365 0.091796875 0.34615384615384615 0.09765625 0.33916083916083917 0.09765625 0.3321678321678322
0 0.2109375 0.024475524475524476 0.2109375 0.017482517482517484 0.208984375 0.013986013986013986 0.2109375 0.006993006993006993 0.240234375 0.006993006993006993 0.2421875 0 0.26171875 0 0.26171875 0.03146853146853147 0.255859375 0.038461538461538464 0.216796875 0.038461538461538464 0.212890625 0.024475524475524476
0 0.712890625 0.5314685314685315 0.728515625 0.5244755244755245 0.73046875 0.5174825174825175 0.75 0.5174825174825175 0.75 0.5629370629370629 0.744140625 0.5699300699300699 0.705078125 0.5699300699300699 0.701171875 0.5664335664335665 0.701171875 0.5524475524475524 0.703125 0.5524475524475524 0.705078125 0.5454545454545454 0.712890625 0.534965034965035
0 0.7109375 0.6888111888111889 0.712890625 0.6888111888111889 0.71484375 0.6818181818181818 0.7265625 0.6818181818181818 0.728515625 0.6888111888111889 0.740234375 0.6923076923076923 0.740234375 0.7062937062937062 0.73046875 0.7062937062937062 0.728515625 0.7097902097902098 0.7109375 0.7062937062937062 0.7109375 0.6923076923076923
0 0.837890625 0.6608391608391608 0.849609375 0.6573426573426573 0.8515625 0.6503496503496503 0.865234375 0.6503496503496503 0.8671875 0.6573426573426573 0.8671875 0.6748251748251748 0.85546875 0.6748251748251748 0.853515625 0.6783216783216783 0.833984375 0.6748251748251748 0.837890625 0.6643356643356644
0 0.732421875 0.017482517482517484 0.736328125 0.02097902097902098 0.736328125 0.03146853146853147 0.740234375 0.03496503496503497 0.7421875 0.04195804195804196 0.7421875 0.07692307692307693 0.7265625 0.07692307692307693 0.7265625 0.07342657342657342 0.72265625 0.06993006993006994 0.720703125 0.06293706293706294 0.71875 0.06293706293706294 0.71875 0.03146853146853147 0.716796875 0.027972027972027972 0.712890625 0.027972027972027972 0.712890625 0.02097902097902098 0.720703125 0.017482517482517484 0.72265625 0.01048951048951049 0.728515625 0.01048951048951049 0.73046875 0.017482517482517484
0 0.423828125 0.23076923076923078 0.42578125 0.23076923076923078 0.427734375 0.22377622377622378 0.44140625 0.22377622377622378 0.443359375 0.23076923076923078 0.44921875 0.23426573426573427 0.44921875 0.24825174825174826 0.443359375 0.24825174825174826 0.44140625 0.2517482517482518 0.427734375 0.24825174825174826 0.427734375 0.24475524475524477 0.423828125 0.24125874125874125 0.423828125 0.23426573426573427
0 0.810546875 0.6363636363636364 0.810546875 0.6328671328671329 0.8125 0.6398601398601399 0.828125 0.6433566433566433 0.830078125 0.6503496503496503 0.830078125 0.6643356643356644 0.806640625 0.6643356643356644 0.8046875 0.6608391608391608 0.796875 0.6608391608391608 0.796875 0.6468531468531469 0.80859375 0.6398601398601399