0 0.341796875 0.43205574912891986 0.345703125 0.43205574912891986 0.34765625 0.43902439024390244 0.3515625 0.43902439024390244 0.357421875 0.445993031358885 0.365234375 0.445993031358885 0.369140625 0.43902439024390244 0.388671875 0.43902439024390244 0.39453125 0.445993031358885 0.39453125 0.4564459930313589 0.396484375 0.45993031358885017 0.39453125 0.46689895470383275 0.390625 0.47038327526132406 0.388671875 0.46689895470383275 0.3828125 0.46689895470383275 0.373046875 0.45993031358885017 0.361328125 0.45993031358885017 0.353515625 0.47038327526132406 0.34765625 0.4738675958188153 0.3515625 0.46689895470383275 0.3515625 0.45993031358885017 0.353515625 0.4564459930313589 0.3515625 0.44947735191637633 0.341796875 0.4355400696864111
0 0.494140625 0.10104529616724739 0.498046875 0.10104529616724739 0.5 0.10452961672473868 0.5 0.11498257839721254 0.4921875 0.11498257839721254 0.48828125 0.11149825783972125 0.48828125 0.10801393728222997 0.4921875 0.10801393728222997 0.494140625 0.10452961672473868
0 0.541015625 0.9442508710801394 0.544921875 0.9407665505226481 0.55859375 0.9442508710801394 0.564453125 0.9616724738675958 0.572265625 0.9686411149825784 0.57421875 0.9895470383275261 0.580078125 0.9965156794425087 0.53515625 0.9965156794425087 0.529296875 0.9825783972125436 0.529296875 0.9686411149825784 0.533203125 0.9581881533101045 0.541015625 0.9477351916376306
0 0.544921875 0.1254355400696864 0.546875 0.1254355400696864 0.548828125 0.13240418118466898 0.548828125 0.14634146341463414 0.54296875 0.14634146341463414 0.541015625 0.14982578397212543 0.5390625 0.14634146341463414 0.515625 0.14285714285714285 0.51953125 0.13240418118466898 0.54296875 0.13240418118466898 0.544921875 0.1289198606271777
0 0.49609375 0.5749128919860628 0.501953125 0.5749128919860628 0.501953125 0.578397212543554 0.50390625 0.5818815331010453 0.5078125 0.5818815331010453 0.51171875 0.5923344947735192 0.51171875 0.6062717770034843 0.5078125 0.6202090592334495 0.50390625 0.6202090592334495 0.501953125 0.6132404181184669 0.498046875 0.6132404181184669 0.501953125 0.6097560975609756 0.501953125 0.5993031358885017 0.49609375 0.5923344947735192 0.49609375 0.578397212543554
0 0.53125 0.8745644599303136 0.53125 0.89198606271777 0.529296875 0.8989547038327527 0.517578125 0.9128919860627178 0.517578125 0.8954703832752613 0.525390625 0.8885017421602788 0.529296875 0.8780487804878049
0 0.6083617747440273 0.8757496838742156 0.020402268202502842 0.042620494464330305
0 0.41796875 0.13588850174216027 0.421875 0.13937282229965156 0.416015625 0.14634146341463414 0.41015625 0.14634146341463414 0.408203125 0.14285714285714285 0.41015625 0.13588850174216027 0.416015625 0.13588850174216027
0 0.55078125 0.6794425087108014 0.556640625 0.6794425087108014 0.564453125 0.6898954703832753 0.578125 0.686411149825784 0.580078125 0.6898954703832753 0.580078125 0.6968641114982579 0.578125 0.7003484320557491 0.583984375 0.7073170731707317 0.58203125 0.710801393728223 0.583984375 0.7142857142857143 0.583984375 0.7247386759581882 0.58203125 0.7317073170731707 0.578125 0.735191637630662 0.55859375 0.735191637630662 0.552734375 0.7456445993031359 0.546875 0.7456445993031359 0.55078125 0.6829268292682927
0 0.634765625 0.4529616724738676 0.63671875 0.4529616724738676 0.640625 0.4425087108013937 0.642578125 0.4425087108013937 0.642578125 0.4843205574912892 0.63671875 0.47735191637630664 0.62890625 0.4738675958188153 0.62890625 0.46689895470383275 0.630859375 0.46689895470383275 0.634765625 0.4564459930313589
0 0.447265625 0.3588850174216028 0.447265625 0.3623693379790941 0.453125 0.3693379790940767 0.453125 0.3867595818815331 0.451171875 0.3867595818815331 0.44921875 0.3832752613240418 0.447265625 0.3623693379790941
0 0.310546875 0.4355400696864111 0.31640625 0.4355400696864111 0.318359375 0.4425087108013937 0.318359375 0.4564459930313589 0.314453125 0.4564459930313589 0.306640625 0.44947735191637633 0.310546875 0.43902439024390244
0 0.45703125 0.5226480836236934 0.458984375 0.5331010452961672 0.451171875 0.5331010452961672 0.44921875 0.5365853658536586 0.4375 0.5365853658536586 0.435546875 0.5331010452961672 0.435546875 0.5261324041811847 0.439453125 0.519163763066202 0.44921875 0.519163763066202 0.451171875 0.5226480836236934 0.455078125 0.5226480836236934
0 0.490234375 0.13937282229965156 0.4921875 0.14285714285714285 0.490234375 0.14982578397212543 0.48046875 0.14982578397212543 0.4765625 0.14634146341463414 0.48828125 0.13937282229965156
0 0.375 0.7282229965156795 0.3828125 0.7247386759581882 0.384765625 0.7282229965156795 0.390625 0.7282229965156795 0.390625 0.7317073170731707 0.396484375 0.7386759581881533 0.400390625 0.735191637630662 0.400390625 0.7526132404181185 0.376953125 0.7560975609756098 0.375 0.7526132404181185 0.3671875 0.7526132404181185 0.365234375 0.7491289198606271 0.365234375 0.7456445993031359 0.375 0.7317073170731707
0 0.296875 0.578397212543554 0.30078125 0.5749128919860628 0.30078125 0.5505226480836237 0.3046875 0.5435540069686411 0.30859375 0.5435540069686411 0.310546875 0.5400696864111498 0.318359375 0.5435540069686411 0.322265625 0.554006968641115 0.322265625 0.5853658536585366 0.3203125 0.5888501742160279 0.3203125 0.6027874564459931 0.318359375 0.6062717770034843 0.302734375 0.6097560975609756 0.30078125 0.6062717770034843 0.30078125 0.5993031358885017 0.296875 0.5958188153310104 0.296875 0.5923344947735192 0.30078125 0.5888501742160279 0.30078125 0.5818815331010453 0.298828125 0.578397212543554
0 0.6328125 0.0627177700348432 0.630859375 0.08362369337979095 0.626953125 0.09407665505226481 0.611328125 0.10452961672473868 0.60546875 0.10452961672473868 0.599609375 0.09407665505226481 0.599609375 0.09059233449477352 0.59375 0.08362369337979095 0.59765625 0.08013937282229965 0.615234375 0.08013937282229965 0.6171875 0.08362369337979095 0.625 0.08362369337979095 0.6328125 0.06968641114982578 0.6328125 0.06620209059233449
0 0.34375 0.08362369337979095 0.357421875 0.08362369337979095 0.359375 0.08710801393728224 0.359375 0.0975609756097561 0.35546875 0.10104529616724739 0.3515625 0.10104529616724739 0.34375 0.09407665505226481 0.34375 0.08710801393728224
0 0.5859375 0.7212543554006968 0.591796875 0.7212543554006968 0.59375 0.7177700348432056 0.607421875 0.7177700348432056 0.609375 0.7212543554006968 0.642578125 0.7282229965156795 0.642578125 0.8432055749128919 0.640625 0.8432055749128919 0.640625 0.8362369337979094 0.634765625 0.818815331010453 0.634765625 0.8048780487804879 0.6328125 0.7979094076655052 0.625 0.7839721254355401 0.62109375 0.7839721254355401 0.6171875 0.7770034843205574 0.61328125 0.7770034843205574 0.60546875 0.7700348432055749 0.599609375 0.759581881533101 0.580078125 0.7386759581881533 0.580078125 0.735191637630662 0.5859375 0.7247386759581882
0 0.3203125 0.47038327526132406 0.328125 0.46689895470383275 0.33984375 0.47735191637630664 0.345703125 0.47735191637630664 0.345703125 0.4843205574912892 0.34375 0.4878048780487805 0.333984375 0.4878048780487805 0.32421875 0.47735191637630664 0.3203125 0.47735191637630664 0.3203125 0.4738675958188153
0 0.30078125 0.5400696864111498 0.30078125 0.5226480836236934 0.302734375 0.5156794425087108 0.30859375 0.5087108013937283 0.310546875 0.5087108013937283 0.310546875 0.5400696864111498 0.302734375 0.5400696864111498
0 0.501953125 0.32752613240418116 0.50390625 0.3344947735191638 0.50390625 0.34843205574912894 0.49609375 0.34843205574912894 0.4921875 0.34146341463414637 0.4921875 0.3310104529616725 0.5 0.32752613240418116
0 0.619140625 0.5017421602787456 0.638671875 0.5017421602787456 0.638671875 0.5052264808362369 0.642578125 0.5087108013937283 0.642578125 0.5331010452961672 0.623046875 0.5331010452961672 0.609375 0.5226480836236934 0.609375 0.5156794425087108 0.61328125 0.5087108013937283 0.6171875 0.5087108013937283 0.619140625 0.5052264808362369
0 0.62109375 0.29965156794425085 0.6328125 0.29965156794425085 0.6328125 0.30313588850174217 0.638671875 0.313588850174216 0.63671875 0.3170731707317073 0.63671875 0.32752613240418116 0.630859375 0.3310104529616725 0.626953125 0.33797909407665505 0.61328125 0.33797909407665505 0.611328125 0.3344947735191638 0.603515625 0.3344947735191638 0.599609375 0.34146341463414637 0.595703125 0.33797909407665505 0.595703125 0.32752613240418116 0.603515625 0.32752613240418116 0.609375 0.3170731707317073 0.609375 0.313588850174216 0.61328125 0.313588850174216 0.62109375 0.30313588850174217
0 0.451171875 0.3867595818815331 0.455078125 0.3902439024390244 0.455078125 0.397212543554007 0.45703125 0.40069686411149824 0.45703125 0.4146341463414634 0.455078125 0.4181184668989547 0.447265625 0.4146341463414634 0.447265625 0.4076655052264808 0.451171875 0.40418118466898956 0.451171875 0.40069686411149824 0.447265625 0.397212543554007 0.44921875 0.397212543554007 0.451171875 0.3902439024390244
0 0.552734375 0.6794425087108014 0.556640625 0.6829268292682927 0.55859375 0.6898954703832753 0.5625 0.6898954703832753 0.564453125 0.6933797909407665 0.576171875 0.6933797909407665 0.576171875 0.7073170731707317 0.580078125 0.710801393728223 0.583984375 0.7212543554006968 0.609375 0.7212543554006968 0.611328125 0.7247386759581882 0.619140625 0.7247386759581882 0.62109375 0.7282229965156795 0.640625 0.7282229965156795 0.642578125 0.7317073170731707 0.642578125 0.8432055749128919 0.634765625 0.8222996515679443 0.634765625 0.8083623693379791 0.6328125 0.8013937282229965 0.625 0.7874564459930313 0.62109375 0.7874564459930313 0.6171875 0.7804878048780488 0.61328125 0.7804878048780488 0.595703125 0.7560975609756098 0.591796875 0.7560975609756098 0.587890625 0.7491289198606271 0.576171875 0.7386759581881533 0.57421875 0.7421602787456446 0.55859375 0.7386759581881533 0.552734375 0.7491289198606271 0.546875 0.7491289198606271 0.55078125 0.6829268292682927
0 0.31640625 0.33797909407665505 0.330078125 0.3693379790940767 0.330078125 0.3902439024390244 0.302734375 0.3902439024390244 0.296875 0.3832752613240418 0.296875 0.3588850174216028 0.3046875 0.3554006968641115 0.306640625 0.34843205574912894 0.3125 0.33797909407665505 0.314453125 0.33797909407665505