0 0.62890625 0.4097222222222222 0.642578125 0.4097222222222222 0.642578125 0.4895833333333333 0.630859375 0.4895833333333333 0.62890625 0.4930555555555556 0.623046875 0.4861111111111111 0.619140625 0.4861111111111111 0.619140625 0.4409722222222222 0.623046875 0.4409722222222222 0.625 0.4340277777777778 0.62890625 0.4305555555555556 0.62890625 0.4270833333333333 0.6328125 0.4270833333333333 0.634765625 0.4236111111111111 0.634765625 0.4166666666666667 0.6328125 0.4131944444444444 0.62890625 0.4131944444444444
0 0.453125 0.2638888888888889 0.474609375 0.2638888888888889 0.474609375 0.2951388888888889 0.46484375 0.2951388888888889 0.46484375 0.2881944444444444 0.462890625 0.2847222222222222 0.453125 0.2847222222222222 0.453125 0.2673611111111111
0 0.474609375 0.19444444444444445 0.484375 0.19444444444444445 0.486328125 0.1909722222222222 0.486328125 0.1840277777777778 0.49609375 0.1840277777777778 0.49609375 0.2152777777777778 0.490234375 0.2152777777777778 0.48828125 0.21875 0.484375 0.2152777777777778 0.474609375 0.2152777777777778 0.474609375 0.19791666666666666
0 0.48828125 0.3333333333333333 0.498046875 0.3333333333333333 0.498046875 0.3645833333333333 0.4921875 0.3645833333333333 0.490234375 0.3680555555555556 0.48828125 0.3645833333333333 0.48828125 0.3368055555555556
0 0.431640625 0 0.44921875 0 0.4453125 0.003472222222222222 0.4453125 0.010416666666666666 0.43359375 0.013888888888888888 0.431640625 0.017361111111111112 0.427734375 0.013888888888888888 0.431640625 0.010416666666666666 0.431640625 0.003472222222222222
0 0.46875 0.4895833333333333 0.4765625 0.4895833333333333 0.478515625 0.4965277777777778 0.486328125 0.5 0.486328125 0.5104166666666666 0.48828125 0.5138888888888888 0.48828125 0.5277777777777778 0.486328125 0.5243055555555556 0.482421875 0.5243055555555556 0.482421875 0.5173611111111112 0.48046875 0.5138888888888888 0.47265625 0.5104166666666666 0.47265625 0.5 0.46875 0.4965277777777778 0.46875 0.4930555555555556
0 0.53125 0.20833333333333334 0.54296875 0.20833333333333334 0.54296875 0.24305555555555555 0.5390625 0.24305555555555555 0.537109375 0.2465277777777778 0.537109375 0.2534722222222222 0.53125 0.2534722222222222 0.529296875 0.2604166666666667 0.517578125 0.2604166666666667 0.517578125 0.2326388888888889 0.5234375 0.2326388888888889 0.525390625 0.22916666666666666 0.525390625 0.2222222222222222 0.529296875 0.2222222222222222 0.53125 0.21875 0.53125 0.21180555555555555
0 0.552734375 0.6909722222222222 0.57421875 0.6909722222222222 0.57421875 0.7013888888888888 0.552734375 0.7013888888888888 0.552734375 0.6944444444444444
0 0.55078125 0.6111111111111112 0.560546875 0.6111111111111112 0.560546875 0.6215277777777778 0.552734375 0.6215277777777778 0.548828125 0.625 0.55078125 0.6215277777777778 0.55078125 0.6145833333333334
0 0.609375 0.46875 0.61328125 0.4652777777777778 0.61328125 0.4444444444444444 0.623046875 0.4444444444444444 0.625 0.4513888888888889 0.62890625 0.4513888888888889 0.62890625 0.5138888888888888 0.626953125 0.5173611111111112 0.61328125 0.5173611111111112 0.611328125 0.5208333333333334 0.609375 0.5173611111111112 0.60546875 0.5173611111111112 0.60546875 0.4791666666666667 0.607421875 0.4791666666666667 0.609375 0.4722222222222222
0 0.455078125 0.2673611111111111 0.46484375 0.2673611111111111 0.46484375 0.2881944444444444 0.455078125 0.2881944444444444 0.455078125 0.2708333333333333
0 0.52734375 0 0.529296875 0.006944444444444444 0.53125 0.006944444444444444 0.53125 0.013888888888888888 0.52734375 0.017361111111111112 0.525390625 0.03819444444444445 0.517578125 0.041666666666666664 0.515625 0.04861111111111111 0.509765625 0.05555555555555555 0.5 0.05555555555555555 0.498046875 0.059027777777777776 0.48046875 0.05555555555555555 0.482421875 0.013888888888888888 0.490234375 0.013888888888888888 0.4921875 0.006944444444444444 0.49609375 0.006944444444444444 0.5 0 0.525390625 0
0 0.5587384259259259 0.404320987654321 0.04709201388888889 0.005401234567901234
0 0.595703125 0.6770833333333334 0.599609375 0.6736111111111112 0.60546875 0.6736111111111112 0.611328125 0.6666666666666666 0.6171875 0.6666666666666666 0.61328125 0.6701388888888888 0.61328125 0.6805555555555556 0.611328125 0.6805555555555556 0.609375 0.6875 0.619140625 0.6979166666666666 0.619140625 0.7534722222222222 0.607421875 0.7534722222222222 0.607421875 0.75 0.603515625 0.7465277777777778 0.6015625 0.7395833333333334 0.595703125 0.7361111111111112 0.595703125 0.7326388888888888 0.599609375 0.7291666666666666 0.599609375 0.7083333333333334 0.603515625 0.7048611111111112 0.603515625 0.6909722222222222 0.595703125 0.6840277777777778 0.595703125 0.6805555555555556
0 0.453125 0.5277777777777778 0.46484375 0.5277777777777778 0.466796875 0.53125 0.47265625 0.53125 0.474609375 0.5381944444444444 0.478515625 0.5381944444444444 0.478515625 0.5590277777777778 0.474609375 0.5590277777777778 0.47265625 0.5555555555555556 0.466796875 0.5555555555555556 0.46484375 0.5486111111111112 0.4609375 0.5486111111111112 0.4609375 0.5381944444444444 0.458984375 0.5347222222222222 0.453125 0.5347222222222222 0.453125 0.53125
0 0.314453125 0.9722222222222222 0.322265625 0.9652777777777778 0.322265625 0.9756944444444444 0.3125 0.9826388888888888 0.306640625 0.9826388888888888 0.3046875 0.9861111111111112 0.3046875 0.9930555555555556 0.30078125 0.9965277777777778 0.28125 0.9965277777777778 0.28125 0.9861111111111112 0.2890625 0.9861111111111112 0.291015625 0.9826388888888888 0.310546875 0.9826388888888888 0.314453125 0.9756944444444444
0 0.568359375 0.6319444444444444 0.578125 0.6319444444444444 0.578125 0.6493055555555556 0.556640625 0.6493055555555556 0.556640625 0.6423611111111112 0.56640625 0.6423611111111112 0.568359375 0.6354166666666666
0 0.44921875 0.5729166666666666 0.455078125 0.5729166666666666 0.45703125 0.5694444444444444 0.474609375 0.5694444444444444 0.474609375 0.6006944444444444 0.470703125 0.6006944444444444 0.470703125 0.5902777777777778 0.46875 0.5868055555555556 0.462890625 0.5868055555555556 0.462890625 0.5798611111111112 0.4609375 0.5763888888888888 0.451171875 0.5729166666666666
0 0.44921875 0.21180555555555555 0.458984375 0.21180555555555555 0.458984375 0.24305555555555555 0.4375 0.23958333333333334 0.4375 0.2222222222222222 0.447265625 0.2222222222222222 0.44921875 0.2152777777777778
0 0.6328125 0.5104166666666666 0.634765625 0.5104166666666666 0.63671875 0.5034722222222222 0.642578125 0.5034722222222222 0.642578125 0.5625 0.634765625 0.5694444444444444 0.625 0.5694444444444444 0.623046875 0.5729166666666666 0.615234375 0.5694444444444444 0.615234375 0.5381944444444444 0.619140625 0.5347222222222222 0.619140625 0.5277777777777778 0.626953125 0.5208333333333334 0.630859375 0.5208333333333334 0.6328125 0.5138888888888888
0 0.41796875 0.013888888888888888 0.421875 0.013888888888888888 0.423828125 0.010416666666666666 0.423828125 0 0.431640625 0 0.431640625 0.06597222222222222 0.427734375 0.06597222222222222 0.42578125 0.06944444444444445 0.423828125 0.06597222222222222 0.423828125 0.04861111111111111 0.421875 0.04513888888888889 0.41796875 0.04513888888888889 0.41796875 0.017361111111111112
0 0.484375 0.2152777777777778 0.494140625 0.2152777777777778 0.49609375 0.21180555555555555 0.49609375 0.1909722222222222 0.505859375 0.1909722222222222 0.505859375 0.2361111111111111 0.498046875 0.2361111111111111 0.49609375 0.23958333333333334 0.4921875 0.2361111111111111 0.484375 0.2361111111111111 0.484375 0.21875
0 0.48046875 0.17708333333333334 0.482421875 0.17708333333333334 0.482421875 0.20833333333333334 0.46875 0.20833333333333334 0.46875 0.19791666666666666 0.47265625 0.19791666666666666 0.474609375 0.19444444444444445 0.474609375 0.1840277777777778 0.478515625 0.1840277777777778 0.48046875 0.18055555555555555
0 0.46875 0.2743055555555556 0.48046875 0.2708333333333333 0.482421875 0.2638888888888889 0.494140625 0.2638888888888889 0.494140625 0.3090277777777778 0.482421875 0.3090277777777778 0.48046875 0.3020833333333333 0.4765625 0.3020833333333333 0.4765625 0.28125 0.474609375 0.2777777777777778 0.46875 0.2777777777777778
0 0.634765625 0.0763888888888889 0.63671875 0.08333333333333333 0.642578125 0.08333333333333333 0.642578125 0.08680555555555555 0.638671875 0.08680555555555555 0.63671875 0.09027777777777778 0.623046875 0.08680555555555555 0.623046875 0.06944444444444445 0.630859375 0.06944444444444445 0.6328125 0.0763888888888889
0 0.47106481481481477 0.25411522633744854 0.024522569444444444 0.03420781893004115
0 0.28125 0.2465277777777778 0.3046875 0.25 0.306640625 0.2534722222222222 0.31640625 0.2569444444444444 0.322265625 0.2638888888888889 0.322265625 0.3125 0.291015625 0.3159722222222222 0.2890625 0.3125 0.28125 0.3125 0.28125 0.25
0 0.54296875 0.6770833333333334 0.5625 0.6770833333333334 0.564453125 0.6736111111111112 0.564453125 0.6666666666666666 0.57421875 0.6666666666666666 0.57421875 0.6736111111111112 0.576171875 0.6770833333333334 0.583984375 0.6770833333333334 0.580078125 0.6770833333333334 0.578125 0.6805555555555556 0.548828125 0.6805555555555556 0.544921875 0.6770833333333334
0 0.625 0.2638888888888889 0.62890625 0.2743055555555556 0.63671875 0.28125 0.63671875 0.2847222222222222 0.642578125 0.2916666666666667 0.642578125 0.3819444444444444 0.626953125 0.3819444444444444 0.634765625 0.375 0.62890625 0.3680555555555556 0.626953125 0.3611111111111111 0.623046875 0.3611111111111111 0.623046875 0.3576388888888889 0.6171875 0.3506944444444444 0.61328125 0.3333333333333333 0.607421875 0.3263888888888889 0.599609375 0.3229166666666667 0.59765625 0.2638888888888889 0.599609375 0.2604166666666667 0.62109375 0.2604166666666667 0.623046875 0.2638888888888889