0 0.123046875 0.2926829268292683 0.138671875 0.2787456445993031 0.15625 0.2787456445993031 0.15625 0.3205574912891986 0.154296875 0.3240418118466899 0.138671875 0.3240418118466899 0.13671875 0.32752613240418116 0.123046875 0.3240418118466899 0.119140625 0.313588850174216 0.123046875 0.2961672473867596
0 0.984375 0.20557491289198607 0.998046875 0.20557491289198607 0.998046875 0.2264808362369338 0.974609375 0.2229965156794425 0.974609375 0.21602787456445993 0.978515625 0.21602787456445993 0.984375 0.20905923344947736
0 0.763671875 0.156794425087108 0.765625 0.15331010452961671 0.76953125 0.15331010452961671 0.771484375 0.14634146341463414 0.78125 0.14634146341463414 0.783203125 0.15331010452961671 0.791015625 0.15331010452961671 0.79296875 0.156794425087108 0.798828125 0.156794425087108 0.8046875 0.16376306620209058 0.80859375 0.16376306620209058 0.8125 0.17421602787456447 0.8125 0.18466898954703834 0.80859375 0.18815331010452963 0.802734375 0.18815331010452963 0.798828125 0.18118466898954705 0.787109375 0.17770034843205576 0.78125 0.17073170731707318 0.77734375 0.17073170731707318 0.775390625 0.16376306620209058 0.765625 0.1602787456445993
0 0.837890625 0.3240418118466899 0.841796875 0.3205574912891986 0.88671875 0.3205574912891986 0.888671875 0.3240418118466899 0.904296875 0.3240418118466899 0.90625 0.32752613240418116 0.9140625 0.32752613240418116 0.9140625 0.33797909407665505 0.892578125 0.33797909407665505 0.890625 0.34146341463414637 0.875 0.34146341463414637 0.873046875 0.33797909407665505 0.845703125 0.33797909407665505 0.837890625 0.3310104529616725 0.837890625 0.32752613240418116
0 0.953125 0.313588850174216 0.95703125 0.313588850174216 0.96484375 0.30662020905923343 0.974609375 0.30662020905923343 0.98828125 0.3170731707317073 0.998046875 0.3170731707317073 0.998046875 0.3344947735191638 0.994140625 0.3344947735191638 0.9921875 0.3310104529616725 0.970703125 0.3310104529616725 0.96875 0.32752613240418116 0.95703125 0.3240418118466899 0.953125 0.3205574912891986 0.953125 0.3170731707317073
0 0.91015625 0.24738675958188153 0.9140625 0.25435540069686413 0.927734375 0.2613240418118467 0.9296875 0.2682926829268293 0.9296875 0.2787456445993031 0.912109375 0.2787456445993031 0.91015625 0.27526132404181186 0.90625 0.27526132404181186 0.900390625 0.26480836236933797 0.900390625 0.2613240418118467 0.892578125 0.2508710801393728 0.892578125 0.24041811846689895 0.90234375 0.24041811846689895 0.904296875 0.24738675958188153 0.908203125 0.24738675958188153
0 0.955078125 0.28222996515679444 0.97265625 0.28222996515679444 0.97265625 0.2857142857142857 0.96875 0.289198606271777 0.955078125 0.2857142857142857
0 0.9375 0.4146341463414634 0.939453125 0.4146341463414634 0.943359375 0.40418118466898956 0.951171875 0.40418118466898956 0.951171875 0.42160278745644597 0.9453125 0.43205574912891986 0.9453125 0.4355400696864111 0.939453125 0.43902439024390244 0.935546875 0.445993031358885 0.931640625 0.445993031358885 0.92578125 0.4564459930313589 0.91796875 0.4564459930313589 0.916015625 0.45993031358885017 0.91015625 0.45993031358885017 0.908203125 0.4564459930313589 0.908203125 0.44947735191637633 0.916015625 0.445993031358885 0.921875 0.4355400696864111 0.921875 0.43205574912891986 0.9375 0.4181184668989547
0 1.010791366906475 0.26470809415185625 0.03854260341726619 0.025392926077256663
0 0.904296875 0.0975609756097561 0.908203125 0.09407665505226481 0.908203125 0.08710801393728224 0.91015625 0.08362369337979095 0.9140625 0.08362369337979095 0.916015625 0.08013937282229965 0.92578125 0.08013937282229965 0.927734375 0.07665505226480836 0.9375 0.07665505226480836 0.9375 0.09059233449477352 0.935546875 0.09407665505226481 0.931640625 0.09407665505226481 0.923828125 0.10104529616724739 0.916015625 0.10104529616724739 0.9140625 0.10452961672473868 0.904296875 0.10104529616724739
0 0.9921875 0.041811846689895474 0.998046875 0.041811846689895474 0.998046875 0.04878048780487805 0.9921875 0.04878048780487805 0.9921875 0.04529616724738676