0 0.51171875 0.09722222222222222 0.515625 0.09722222222222222 0.5234375 0.11458333333333333 0.5234375 0.12152777777777778 0.521484375 0.125 0.517578125 0.125 0.509765625 0.1076388888888889 0.51171875 0.10069444444444445
0 0.517578125 0.4722222222222222 0.51953125 0.4722222222222222 0.521484375 0.4826388888888889 0.52734375 0.4930555555555556 0.52734375 0.5104166666666666 0.5234375 0.5104166666666666 0.515625 0.5034722222222222 0.515625 0.5 0.51953125 0.4965277777777778 0.517578125 0.4756944444444444
0 0.404296875 0.034722222222222224 0.41015625 0.034722222222222224 0.41796875 0.04513888888888889 0.41796875 0.04861111111111111 0.404296875 0.04861111111111111 0.40234375 0.04513888888888889 0.404296875 0.03819444444444445
0 0.515625 0.3194444444444444 0.51953125 0.3263888888888889 0.5234375 0.3263888888888889 0.52734375 0.3194444444444444 0.52734375 0.3298611111111111 0.529296875 0.3333333333333333 0.529296875 0.3368055555555556 0.5234375 0.34375 0.5234375 0.3506944444444444 0.521484375 0.3506944444444444 0.513671875 0.3402777777777778 0.515625 0.3229166666666667
0 0.599609375 0.8159722222222222 0.603515625 0.8055555555555556 0.611328125 0.7986111111111112 0.61328125 0.8020833333333334 0.611328125 0.8090277777777778 0.611328125 0.8229166666666666 0.61328125 0.8298611111111112 0.611328125 0.8333333333333334 0.60546875 0.8333333333333334 0.6015625 0.8263888888888888 0.6015625 0.8194444444444444
0 0.546875 0.09375 0.548828125 0.09375 0.5546875 0.1076388888888889 0.5625 0.11458333333333333 0.572265625 0.11458333333333333 0.57421875 0.11805555555555555 0.580078125 0.11805555555555555 0.58203125 0.11458333333333333 0.599609375 0.11805555555555555 0.603515625 0.1111111111111111 0.609375 0.1076388888888889 0.609375 0.11458333333333333 0.595703125 0.13541666666666666 0.587890625 0.1423611111111111 0.578125 0.1423611111111111 0.576171875 0.1388888888888889 0.564453125 0.1388888888888889 0.560546875 0.13541666666666666 0.560546875 0.13194444444444445 0.546875 0.10416666666666667 0.546875 0.09722222222222222
0 0.546875 0.3854166666666667 0.548828125 0.3819444444444444 0.578125 0.3819444444444444 0.580078125 0.3854166666666667 0.578125 0.4027777777777778 0.58203125 0.4097222222222222 0.576171875 0.4097222222222222 0.572265625 0.4166666666666667 0.572265625 0.4305555555555556 0.564453125 0.4270833333333333 0.556640625 0.4409722222222222 0.556640625 0.4548611111111111 0.5546875 0.4513888888888889 0.5546875 0.4409722222222222 0.548828125 0.4270833333333333 0.55078125 0.3993055555555556 0.552734375 0.3958333333333333 0.548828125 0.3888888888888889
0 0.5299479166666666 0.2842592592592592 0.0078125 0.024074074074074074
0 0.369140625 0.2361111111111111 0.37109375 0.23958333333333334 0.380859375 0.24305555555555555 0.384765625 0.25 0.384765625 0.2638888888888889 0.376953125 0.2743055555555556 0.376953125 0.28125 0.373046875 0.2881944444444444 0.369140625 0.2881944444444444 0.369140625 0.2777777777777778 0.365234375 0.2708333333333333 0.357421875 0.2673611111111111 0.3515625 0.25 0.35546875 0.24305555555555555 0.359375 0.24305555555555555 0.3671875 0.2361111111111111
0 0.5078125 0.03125 0.509765625 0.034722222222222224 0.5078125 0.04513888888888889 0.50390625 0.052083333333333336 0.498046875 0.052083333333333336 0.49609375 0.05555555555555555 0.486328125 0.05555555555555555 0.484375 0.052083333333333336 0.4765625 0.05555555555555555 0.474609375 0.04861111111111111 0.474609375 0.03819444444444445 0.4765625 0.034722222222222224 0.48046875 0.034722222222222224 0.48828125 0.024305555555555556 0.498046875 0.024305555555555556 0.505859375 0.03125
0 0.390625 0.07291666666666667 0.396484375 0.0798611111111111 0.396484375 0.08680555555555555 0.39453125 0.09027777777777778 0.38671875 0.09027777777777778 0.38671875 0.0763888888888889 0.388671875 0.0763888888888889
0 0.42578125 0.05555555555555555 0.4296875 0.0625 0.4296875 0.07291666666666667 0.427734375 0.07291666666666667 0.42578125 0.06944444444444445 0.42578125 0.059027777777777776
0 0.4140625 0.0798611111111111 0.419921875 0.08680555555555555 0.42578125 0.08680555555555555 0.423828125 0.09375 0.41015625 0.09375 0.408203125 0.09027777777777778 0.408203125 0.08333333333333333 0.412109375 0.0798611111111111
0 0.55859375 0.6388888888888888 0.5625 0.6388888888888888 0.56640625 0.6458333333333334 0.5703125 0.6458333333333334 0.572265625 0.6493055555555556 0.58203125 0.6493055555555556 0.58203125 0.6631944444444444 0.5859375 0.6666666666666666 0.58984375 0.6770833333333334 0.591796875 0.6770833333333334 0.58984375 0.6840277777777778 0.580078125 0.6909722222222222 0.5625 0.6909722222222222 0.55859375 0.6979166666666666 0.552734375 0.6979166666666666 0.55859375 0.6423611111111112
0 0.564453125 0.7777777777777778 0.568359375 0.7951388888888888 0.560546875 0.8055555555555556 0.560546875 0.8125 0.556640625 0.8194444444444444 0.552734375 0.8194444444444444 0.54296875 0.8298611111111112 0.54296875 0.8090277777777778 0.548828125 0.7986111111111112 0.560546875 0.7916666666666666 0.564453125 0.78125
0 0.611328125 0.08680555555555555 0.611328125 0.0763888888888889 0.61328125 0.07291666666666667 0.615234375 0.07291666666666667 0.615234375 0.08680555555555555 0.61328125 0.08680555555555555
0 0.5497395833333333 0.1259259259259259 0.008854166666666666 0.02037037037037037
0 0.3984375 0.14930555555555555 0.400390625 0.1527777777777778 0.39453125 0.1597222222222222 0.390625 0.1597222222222222 0.38671875 0.14930555555555555 0.388671875 0.14583333333333334 0.39453125 0.14583333333333334 0.396484375 0.14930555555555555
0 0.365234375 0.10416666666666667 0.369140625 0.10069444444444445 0.373046875 0.10416666666666667 0.373046875 0.1111111111111111 0.37109375 0.11458333333333333 0.365234375 0.11458333333333333 0.365234375 0.1076388888888889
0 0.60546875 0.6770833333333334 0.607421875 0.6805555555555556 0.6171875 0.6805555555555556 0.619140625 0.6840277777777778 0.626953125 0.6840277777777778 0.62890625 0.6875 0.640625 0.6875 0.642578125 0.6909722222222222 0.65234375 0.6944444444444444 0.658203125 0.7013888888888888 0.658203125 0.7951388888888888 0.640625 0.7951388888888888 0.63671875 0.7916666666666666 0.630859375 0.7777777777777778 0.630859375 0.7708333333333334 0.62890625 0.7673611111111112 0.62890625 0.75 0.62109375 0.7361111111111112 0.607421875 0.7256944444444444 0.591796875 0.7013888888888888 0.5859375 0.6979166666666666 0.5859375 0.6909722222222222 0.59375 0.6770833333333334 0.603515625 0.6770833333333334
0 0.51171875 0.3854166666666667 0.51171875 0.3923611111111111 0.513671875 0.3958333333333333 0.513671875 0.4131944444444444 0.509765625 0.4131944444444444 0.5078125 0.4097222222222222 0.509765625 0.3888888888888889
0 0.37109375 0.2361111111111111 0.376953125 0.24305555555555555 0.384765625 0.2465277777777778 0.384765625 0.2534722222222222 0.365234375 0.2569444444444444 0.359375 0.2638888888888889 0.359375 0.2604166666666667 0.353515625 0.2534722222222222 0.353515625 0.2465277777777778 0.36328125 0.2361111111111111 0.369140625 0.2361111111111111
0 0.373046875 0.19791666666666666 0.376953125 0.19791666666666666 0.37890625 0.2013888888888889 0.376953125 0.20833333333333334 0.373046875 0.20833333333333334 0.373046875 0.2013888888888889
0 0.431640625 0.16319444444444445 0.435546875 0.16666666666666666 0.435546875 0.1736111111111111 0.431640625 0.1736111111111111 0.4296875 0.17708333333333334 0.42578125 0.17708333333333334 0.421875 0.1701388888888889 0.42578125 0.1597222222222222 0.4296875 0.16319444444444445
0 0.640625 0.4618055555555556 0.638671875 0.4548611111111111 0.638671875 0.4444444444444444 0.646484375 0.4270833333333333 0.65234375 0.4270833333333333 0.654296875 0.4236111111111111 0.658203125 0.4236111111111111 0.658203125 0.4861111111111111 0.650390625 0.46875 0.642578125 0.4618055555555556