0 0.607421875 0.5902777777777778 0.615234375 0.5902777777777778 0.615234375 0.6145833333333334 0.6171875 0.6180555555555556 0.6171875 0.6354166666666666 0.611328125 0.6458333333333334 0.60546875 0.6458333333333334 0.603515625 0.625 0.607421875 0.6076388888888888 0.607421875 0.59375
0 0.4921875 0.7847222222222222 0.494140625 0.7847222222222222 0.498046875 0.7951388888888888 0.498046875 0.8020833333333334 0.49609375 0.8020833333333334 0.4921875 0.7881944444444444
0 0.65625 0.13541666666666666 0.658203125 0.1388888888888889 0.658203125 0.17708333333333334 0.65625 0.17708333333333334 0.654296875 0.1388888888888889
0 0.564453125 0.9027777777777778 0.568359375 0.9166666666666666 0.568359375 0.9305555555555556 0.5703125 0.9340277777777778 0.5703125 0.9722222222222222 0.568359375 0.9722222222222222 0.56640625 0.9583333333333334 0.5625 0.9513888888888888 0.5625 0.9097222222222222 0.564453125 0.90625
0 0.50234375 0.7962962962962963 0.005729166666666666 0.016666666666666666
0 0.64453125 0.9965277777777778 0.64453125 0.9861111111111112 0.6484375 0.9722222222222222 0.650390625 0.9722222222222222 0.65234375 0.9965277777777778 0.646484375 0.9965277777777778
0 0.603515625 0.6840277777777778 0.603515625 0.6944444444444444 0.60546875 0.6979166666666666 0.60546875 0.7291666666666666 0.603515625 0.7361111111111112 0.591796875 0.7534722222222222 0.58984375 0.75 0.58984375 0.71875 0.6015625 0.6875
0 0.484375 0.10416666666666667 0.4921875 0.1111111111111111 0.498046875 0.1111111111111111 0.498046875 0.11458333333333333 0.4921875 0.125 0.4921875 0.13194444444444445 0.49609375 0.14583333333333334 0.49609375 0.17708333333333334 0.490234375 0.19444444444444445 0.484375 0.2048611111111111 0.478515625 0.20833333333333334 0.474609375 0.2013888888888889 0.474609375 0.1840277777777778 0.470703125 0.16666666666666666 0.478515625 0.15625 0.482421875 0.1388888888888889 0.48828125 0.1284722222222222 0.48828125 0.11805555555555555 0.484375 0.1076388888888889
0 0.515625 0.46875 0.521484375 0.4756944444444444 0.521484375 0.4861111111111111 0.515625 0.4722222222222222
0 0.63671875 0.8993055555555556 0.63671875 0.90625 0.638671875 0.9097222222222222 0.63671875 0.9236111111111112 0.6328125 0.9201388888888888 0.630859375 0.9131944444444444 0.630859375 0.9027777777777778 0.634765625 0.8993055555555556
0 0.533203125 0.09375 0.541015625 0.09375 0.556640625 0.1076388888888889 0.5625 0.11805555555555555 0.564453125 0.11805555555555555 0.568359375 0.13194444444444445 0.568359375 0.1388888888888889 0.564453125 0.1388888888888889 0.560546875 0.13541666666666666 0.55859375 0.1284722222222222 0.55078125 0.12152777777777778 0.537109375 0.11805555555555555 0.53125 0.10069444444444445 0.533203125 0.09722222222222222
0 0.484375 0.4166666666666667 0.486328125 0.4166666666666667 0.490234375 0.4270833333333333 0.490234375 0.4375 0.48828125 0.4375 0.48828125 0.4305555555555556 0.484375 0.4201388888888889
0 0.494140625 0.7430555555555556 0.498046875 0.7430555555555556 0.501953125 0.7534722222222222 0.501953125 0.7569444444444444 0.49609375 0.7569444444444444 0.494140625 0.7465277777777778
0 0.49609375 0.3958333333333333 0.501953125 0.4027777777777778 0.501953125 0.4131944444444444 0.50390625 0.4166666666666667 0.50390625 0.4236111111111111 0.501953125 0.4236111111111111 0.498046875 0.3993055555555556
0 0.474609375 0.3784722222222222 0.482421875 0.3888888888888889 0.48046875 0.3958333333333333 0.474609375 0.3854166666666667 0.474609375 0.3819444444444444
0 0.486328125 0.34375 0.48828125 0.34375 0.494140625 0.3541666666666667 0.490234375 0.3576388888888889 0.486328125 0.3472222222222222
0 0.537109375 0.7881944444444444 0.544921875 0.8159722222222222 0.544921875 0.8402777777777778 0.54296875 0.8402777777777778 0.5390625 0.8263888888888888 0.5390625 0.8159722222222222 0.537109375 0.8125 0.537109375 0.7986111111111112 0.53515625 0.7916666666666666
0 0.515625 0.8194444444444444 0.51953125 0.8194444444444444 0.51953125 0.8333333333333334 0.521484375 0.8402777777777778 0.525390625 0.84375 0.52734375 0.8506944444444444 0.52734375 0.8611111111111112 0.529296875 0.8645833333333334 0.529296875 0.8784722222222222 0.521484375 0.8645833333333334 0.515625 0.8229166666666666
0 0.484375 0.75 0.48828125 0.7465277777777778 0.490234375 0.7569444444444444 0.494140625 0.7638888888888888 0.490234375 0.7673611111111112 0.486328125 0.7534722222222222
0 0.341796875 0.2916666666666667 0.341796875 0.2743055555555556 0.34375 0.2673611111111111 0.345703125 0.2638888888888889 0.349609375 0.2673611111111111 0.34765625 0.2743055555555556 0.34765625 0.2847222222222222 0.341796875 0.2951388888888889
0 0.46875 0.3958333333333333 0.47265625 0.3958333333333333 0.478515625 0.4027777777777778 0.478515625 0.4097222222222222 0.4765625 0.4131944444444444 0.474609375 0.4131944444444444 0.474609375 0.4027777777777778 0.470703125 0.3958333333333333
0 0.475 0.45694444444444443 0.009375 0.01759259259259259
0 0.6484375 0.06944444444444445 0.650390625 0.06944444444444445 0.65625 0.0798611111111111 0.65625 0.08680555555555555 0.658203125 0.09027777777777778 0.658203125 0.1076388888888889 0.65625 0.1076388888888889 0.654296875 0.10416666666666667 0.654296875 0.09722222222222222 0.650390625 0.09027777777777778 0.6484375 0.07291666666666667
0 0.541015625 0.4027777777777778 0.544921875 0.4027777777777778 0.544921875 0.4270833333333333 0.546875 0.4305555555555556 0.544921875 0.4513888888888889 0.54296875 0.4479166666666667 0.54296875 0.4409722222222222 0.541015625 0.4375 0.541015625 0.4201388888888889 0.54296875 0.4166666666666667 0.54296875 0.4097222222222222 0.541015625 0.40625
0 0.474609375 0.4166666666666667 0.4765625 0.4166666666666667 0.48046875 0.4270833333333333 0.48046875 0.4305555555555556 0.478515625 0.4305555555555556 0.474609375 0.4201388888888889
0 0.48046875 0.7569444444444444 0.482421875 0.7569444444444444 0.482421875 0.7673611111111112 0.484375 0.7708333333333334 0.48046875 0.7673611111111112 0.48046875 0.7604166666666666
0 0.65234375 0.14583333333333334 0.654296875 0.14930555555555555 0.654296875 0.16319444444444445 0.65234375 0.16666666666666666 0.654296875 0.17708333333333334 0.65234375 0.17708333333333334 0.650390625 0.14930555555555555
0 0.58203125 0.6909722222222222 0.5859375 0.6840277777777778 0.583984375 0.6458333333333334 0.580078125 0.6354166666666666 0.58203125 0.6284722222222222 0.58203125 0.6041666666666666 0.583984375 0.6006944444444444 0.5859375 0.6006944444444444 0.591796875 0.6145833333333334 0.59375 0.6423611111111112 0.595703125 0.6458333333333334 0.595703125 0.6666666666666666 0.591796875 0.6805555555555556 0.59375 0.6840277777777778 0.59375 0.6944444444444444 0.58984375 0.6909722222222222 0.583984375 0.6909722222222222
0 0.45703125 0.024305555555555556 0.4609375 0.024305555555555556 0.455078125 0.04513888888888889 0.453125 0.04513888888888889 0.453125 0.034722222222222224 0.45703125 0.027777777777777776
0 0.4947916666666667 0.3638888888888889 0.00625 0.011111111111111112
0 0.5078125 0.4201388888888889 0.51171875 0.4201388888888889 0.521484375 0.4409722222222222 0.521484375 0.4479166666666667 0.515625 0.4305555555555556 0.5078125 0.4236111111111111
0 0.615234375 0.125 0.619140625 0.1284722222222222 0.619140625 0.14583333333333334 0.6171875 0.14930555555555555 0.6171875 0.1597222222222222 0.61328125 0.17708333333333334 0.611328125 0.17708333333333334 0.611328125 0.1527777777777778 0.61328125 0.14930555555555555 0.615234375 0.1284722222222222
0 0.501953125 0.7326388888888888 0.5078125 0.7534722222222222 0.505859375 0.7569444444444444 0.50390625 0.7534722222222222 0.5 0.7430555555555556 0.5 0.7361111111111112