0 0.87109375 0 0.888671875 0 0.888671875 0.020905923344947737 0.88671875 0.024390243902439025 0.876953125 0.017421602787456445 0.876953125 0.013937282229965157 0.873046875 0.010452961672473868 0.87109375 0.003484320557491289
0 0.927734375 0.313588850174216 0.935546875 0.313588850174216 0.935546875 0.3170731707317073 0.927734375 0.3170731707317073
0 0.154296875 0.2926829268292683 0.166015625 0.2926829268292683 0.166015625 0.2961672473867596 0.1796875 0.3170731707317073 0.1796875 0.3310104529616725 0.16796875 0.3310104529616725 0.162109375 0.33797909407665505 0.150390625 0.33797909407665505 0.14453125 0.3310104529616725 0.138671875 0.3310104529616725 0.138671875 0.3170731707317073 0.142578125 0.3170731707317073 0.1484375 0.31010452961672474 0.150390625 0.30662020905923343 0.150390625 0.29965156794425085 0.154296875 0.2961672473867596
0 0.28515625 0.06968641114982578 0.2890625 0.07317073170731707 0.298828125 0.07317073170731707 0.30078125 0.07665505226480836 0.310546875 0.08013937282229965 0.310546875 0.0975609756097561 0.30859375 0.10104529616724739 0.3046875 0.10104529616724739 0.294921875 0.09059233449477352 0.291015625 0.09059233449477352 0.2890625 0.08013937282229965 0.28515625 0.07665505226480836 0.28515625 0.07317073170731707
0 0.82421875 0.2508710801393728 0.828125 0.2508710801393728 0.830078125 0.2578397212543554 0.8359375 0.2578397212543554 0.84765625 0.2682926829268293 0.8515625 0.2682926829268293 0.859375 0.2787456445993031 0.859375 0.2857142857142857 0.845703125 0.2857142857142857 0.828125 0.2682926829268293 0.8203125 0.26480836236933797 0.818359375 0.2613240418118467 0.82421875 0.25435540069686413
0 0.99609375 0.28222996515679444 0.998046875 0.28222996515679444 0.998046875 0.2961672473867596 0.984375 0.2961672473867596 0.982421875 0.2926829268292683 0.994140625 0.289198606271777 0.99609375 0.2857142857142857
0 0.962890625 0.2961672473867596 0.9765625 0.29965156794425085 0.98046875 0.31010452961672474 0.98828125 0.313588850174216 0.98828125 0.3205574912891986 0.984375 0.3240418118466899 0.9765625 0.3240418118466899 0.97265625 0.3205574912891986 0.96875 0.31010452961672474 0.96484375 0.31010452961672474 0.962890625 0.29965156794425085
0 0.912109375 0.3693379790940767 0.923828125 0.3693379790940767 0.92578125 0.37630662020905925 0.931640625 0.37630662020905925 0.939453125 0.3832752613240418 0.951171875 0.3832752613240418 0.951171875 0.39372822299651566 0.94921875 0.397212543554007 0.9296875 0.397212543554007 0.927734375 0.39372822299651566 0.91796875 0.39372822299651566 0.916015625 0.3902439024390244 0.912109375 0.3902439024390244 0.90625 0.3797909407665505 0.912109375 0.37282229965156793
0 0.76953125 0.20557491289198607 0.771484375 0.20905923344947736 0.771484375 0.22996515679442509 0.76171875 0.24041811846689895 0.75390625 0.24041811846689895 0.75 0.23693379790940766 0.75 0.23344947735191637 0.751953125 0.23344947735191637 0.755859375 0.2229965156794425 0.759765625 0.21951219512195122 0.759765625 0.21254355400696864 0.76171875 0.20905923344947736 0.767578125 0.20557491289198607
0 0.91015625 0.10452961672473868 0.912109375 0.10452961672473868 0.916015625 0.09407665505226481 0.919921875 0.09059233449477352 0.92578125 0.09059233449477352 0.927734375 0.08362369337979095 0.93359375 0.07665505226480836 0.935546875 0.07665505226480836 0.935546875 0.09059233449477352 0.931640625 0.10452961672473868 0.927734375 0.10452961672473868 0.92578125 0.10801393728222997 0.9140625 0.10801393728222997 0.912109375 0.10452961672473868
0 0.89453125 0.10104529616724739 0.912109375 0.10104529616724739 0.9140625 0.10801393728222997 0.9140625 0.11149825783972125 0.90625 0.11149825783972125 0.904296875 0.11498257839721254 0.88671875 0.11498257839721254 0.884765625 0.11149825783972125 0.88671875 0.10801393728222997 0.892578125 0.10801393728222997 0.89453125 0.10452961672473868
0 0.927734375 0.11498257839721254 0.935546875 0.11498257839721254 0.9375 0.11846689895470383 0.94140625 0.11846689895470383 0.9453125 0.1254355400696864 0.951171875 0.1254355400696864 0.955078125 0.13588850174216027 0.962890625 0.13588850174216027 0.96875 0.14634146341463414 0.974609375 0.14982578397212543 0.978515625 0.156794425087108 0.982421875 0.156794425087108 0.98828125 0.1672473867595819 0.99609375 0.17073170731707318 0.998046875 0.17770034843205576 0.998046875 0.20209059233449478 0.99609375 0.1986062717770035 0.98828125 0.1986062717770035 0.984375 0.1951219512195122 0.982421875 0.18815331010452963 0.978515625 0.18815331010452963 0.97265625 0.17770034843205576 0.96875 0.17770034843205576 0.9609375 0.16376306620209058 0.947265625 0.14982578397212543 0.939453125 0.13240418118466898 0.935546875 0.13240418118466898 0.935546875 0.1289198606271777 0.931640625 0.12195121951219512 0.927734375 0.12195121951219512 0.927734375 0.11846689895470383