0 0.759765625 0.6493055555555556 0.763671875 0.6527777777777778 0.759765625 0.6597222222222222 0.75 0.6666666666666666 0.740234375 0.6666666666666666 0.736328125 0.6631944444444444 0.736328125 0.6527777777777778 0.7421875 0.6458333333333334 0.755859375 0.6458333333333334 0.7578125 0.6493055555555556
0 0.724609375 0.7222222222222222 0.7265625 0.7222222222222222 0.724609375 0.7291666666666666 0.720703125 0.7326388888888888 0.71484375 0.7465277777777778 0.7109375 0.7465277777777778 0.703125 0.7534722222222222 0.693359375 0.7534722222222222 0.69140625 0.75 0.6875 0.75 0.68359375 0.7430555555555556 0.68359375 0.7361111111111112 0.689453125 0.7256944444444444 0.693359375 0.7222222222222222 0.72265625 0.7222222222222222
0 0.630859375 0.6215277777777778 0.634765625 0.6354166666666666 0.6328125 0.6388888888888888 0.630859375 0.6597222222222222 0.623046875 0.6805555555555556 0.626953125 0.6944444444444444 0.626953125 0.7013888888888888 0.623046875 0.7083333333333334 0.623046875 0.71875 0.619140625 0.71875 0.6171875 0.7152777777777778 0.6171875 0.7083333333333334 0.611328125 0.7013888888888888 0.611328125 0.6944444444444444 0.609375 0.6909722222222222 0.609375 0.6597222222222222 0.611328125 0.65625 0.61328125 0.6388888888888888 0.615234375 0.6388888888888888 0.6171875 0.6319444444444444 0.62109375 0.6284722222222222 0.62109375 0.625 0.62890625 0.6215277777777778
0 0.60078125 0.4722222222222222 0.0421875 0.044444444444444446
0 0.76171875 0.6458333333333334 0.763671875 0.6493055555555556 0.763671875 0.6597222222222222 0.755859375 0.6666666666666666 0.759765625 0.6770833333333334 0.755859375 0.6840277777777778 0.75 0.6805555555555556 0.748046875 0.6736111111111112 0.73828125 0.6666666666666666 0.736328125 0.6631944444444444 0.736328125 0.6527777777777778 0.744140625 0.6423611111111112 0.759765625 0.6458333333333334
0 0.123046875 0.3506944444444444 0.13671875 0.3506944444444444 0.138671875 0.3541666666666667 0.16015625 0.3506944444444444 0.16796875 0.3576388888888889 0.177734375 0.3576388888888889 0.1796875 0.3611111111111111 0.177734375 0.3715277777777778 0.173828125 0.3715277777777778 0.171875 0.375 0.169921875 0.3888888888888889 0.158203125 0.3993055555555556 0.154296875 0.3993055555555556 0.14453125 0.4131944444444444 0.13671875 0.4131944444444444 0.134765625 0.4166666666666667 0.12890625 0.4166666666666667 0.123046875 0.4236111111111111 0.11328125 0.4270833333333333 0.109375 0.4236111111111111 0.10546875 0.4131944444444444 0.103515625 0.4131944444444444 0.103515625 0.4027777777777778 0.109375 0.3923611111111111 0.111328125 0.3819444444444444 0.119140625 0.3680555555555556 0.123046875 0.3541666666666667
0 0.23046875 0.05555555555555555 0.232421875 0.052083333333333336 0.25 0.052083333333333336 0.251953125 0.04861111111111111 0.265625 0.04861111111111111 0.271484375 0.05555555555555555 0.271484375 0.0625 0.259765625 0.0798611111111111 0.23828125 0.0798611111111111 0.234375 0.07291666666666667 0.234375 0.0625 0.232421875 0.059027777777777776
0 0.7117187500000001 0.5527777777777778 0.035937500000000004 0.05
0 0.703125 0.6805555555555556 0.708984375 0.6805555555555556 0.716796875 0.6875 0.716796875 0.7048611111111112 0.703125 0.7048611111111112 0.701171875 0.6979166666666666 0.701171875 0.6875 0.703125 0.6840277777777778
0 0.828125 0.6652777777777779 0.018750000000000003 0.025
0 0.708984375 0.05555555555555555 0.712890625 0.059027777777777776 0.71484375 0.06597222222222222 0.716796875 0.08680555555555555 0.720703125 0.09722222222222222 0.720703125 0.11458333333333333 0.71875 0.11805555555555555 0.71484375 0.11805555555555555 0.7109375 0.11458333333333333 0.708984375 0.1076388888888889 0.708984375 0.10069444444444445 0.70703125 0.09722222222222222 0.70703125 0.07291666666666667 0.705078125 0.06944444444444445 0.705078125 0.0625 0.70703125 0.059027777777777776
0 0.43359375 0.2743055555555556 0.431640625 0.2673611111111111 0.431640625 0.2569444444444444 0.43359375 0.2534722222222222 0.439453125 0.2534722222222222 0.443359375 0.2604166666666667 0.443359375 0.2673611111111111 0.4453125 0.2708333333333333 0.443359375 0.2777777777777778 0.4375 0.2777777777777778 0.435546875 0.2743055555555556
0 0.794921875 0.6388888888888888 0.798828125 0.6493055555555556 0.802734375 0.6527777777777778 0.802734375 0.6631944444444444 0.7890625 0.6631944444444444 0.78125 0.65625 0.78125 0.6493055555555556 0.787109375 0.6388888888888888 0.79296875 0.6388888888888888