0 0.85546875 0.16376306620209058 0.873046875 0.14634146341463414 0.87890625 0.14634146341463414 0.87890625 0.1602787456445993 0.876953125 0.16376306620209058 0.873046875 0.16376306620209058 0.86328125 0.17421602787456447 0.85546875 0.17421602787456447 0.853515625 0.17073170731707318 0.85546875 0.1672473867595819
0 0.9296875 0.25435540069686413 0.9296875 0.27526132404181186 0.927734375 0.2787456445993031 0.916015625 0.2787456445993031 0.9140625 0.28222996515679444 0.90625 0.28222996515679444 0.904296875 0.2787456445993031 0.900390625 0.2787456445993031 0.900390625 0.27526132404181186 0.908203125 0.27177700348432055 0.91015625 0.26480836236933797 0.916015625 0.2578397212543554 0.923828125 0.2578397212543554 0.927734375 0.25435540069686413
0 0.732421875 0.1951219512195122 0.734375 0.1986062717770035 0.75 0.20209059233449478 0.751953125 0.20905923344947736 0.7578125 0.21602787456445993 0.7578125 0.2229965156794425 0.75390625 0.2229965156794425 0.751953125 0.2264808362369338 0.7421875 0.2229965156794425 0.734375 0.21602787456445993 0.72265625 0.21602787456445993 0.712890625 0.20905923344947736 0.705078125 0.20905923344947736 0.703125 0.20209059233449478 0.697265625 0.1986062717770035 0.701171875 0.1951219512195122 0.708984375 0.1951219512195122 0.7109375 0.1916376306620209 0.73046875 0.1951219512195122
0 0.765625 0.3588850174216028 0.810546875 0.3588850174216028 0.8125 0.3623693379790941 0.81640625 0.3623693379790941 0.81640625 0.3693379790940767 0.8125 0.3693379790940767 0.810546875 0.37282229965156793 0.802734375 0.37282229965156793 0.80078125 0.3693379790940767 0.765625 0.3693379790940767 0.763671875 0.36585365853658536 0.765625 0.3623693379790941
0 0.896484375 0.34146341463414637 0.91796875 0.34146341463414637 0.919921875 0.34843205574912894 0.92578125 0.34843205574912894 0.927734375 0.3519163763066202 0.9375 0.3554006968641115 0.9375 0.36585365853658536 0.923828125 0.36585365853658536 0.921875 0.3693379790940767 0.9140625 0.3693379790940767 0.912109375 0.36585365853658536 0.888671875 0.36585365853658536 0.888671875 0.34843205574912894 0.89453125 0.34843205574912894 0.896484375 0.34494773519163763
0 0.984375 0.1986062717770035 0.998046875 0.1916376306620209 0.998046875 0.21951219512195122 0.984375 0.21602787456445993 0.984375 0.20209059233449478
0 0.146484375 0.3170731707317073 0.150390625 0.3170731707317073 0.15234375 0.3240418118466899 0.158203125 0.3240418118466899 0.16015625 0.32752613240418116 0.16015625 0.36585365853658536 0.158203125 0.3693379790940767 0.123046875 0.3693379790940767 0.119140625 0.36585365853658536 0.119140625 0.34494773519163763 0.12109375 0.34494773519163763 0.125 0.3344947735191638 0.126953125 0.3344947735191638 0.1328125 0.3240418118466899 0.14453125 0.3240418118466899 0.146484375 0.3205574912891986
0 0.892578125 0.3205574912891986 0.896484375 0.3170731707317073 0.90234375 0.3170731707317073 0.904296875 0.3205574912891986 0.91015625 0.3205574912891986 0.9140625 0.3240418118466899 0.9140625 0.32752613240418116 0.91015625 0.3310104529616725 0.892578125 0.32752613240418116 0.892578125 0.3240418118466899
0 0.873046875 0.30662020905923343 0.884765625 0.3170731707317073 0.896484375 0.3205574912891986 0.8984375 0.3240418118466899 0.8984375 0.3310104529616725 0.89453125 0.3310104529616725 0.892578125 0.3344947735191638 0.8671875 0.32752613240418116 0.86328125 0.3205574912891986 0.857421875 0.3170731707317073 0.857421875 0.313588850174216 0.853515625 0.31010452961672474 0.857421875 0.30662020905923343 0.87109375 0.30662020905923343
0 0.35546875 0.18466898954703834 0.369140625 0.18466898954703834 0.369140625 0.1916376306620209 0.373046875 0.1951219512195122 0.373046875 0.20209059233449478 0.365234375 0.20557491289198607 0.35546875 0.1986062717770035 0.35546875 0.18815331010452963
0 0.85546875 0.4738675958188153 0.865234375 0.46689895470383275 0.869140625 0.45993031358885017 0.873046875 0.45993031358885017 0.87890625 0.4529616724738676 0.884765625 0.4529616724738676 0.884765625 0.4634146341463415 0.8828125 0.47038327526132406 0.87890625 0.47038327526132406 0.873046875 0.4843205574912892 0.869140625 0.4843205574912892 0.865234375 0.4912891986062718 0.859375 0.4912891986062718 0.85546875 0.49825783972125437 0.84375 0.49825783972125437 0.84375 0.4912891986062718 0.85546875 0.47735191637630664
0 0.9453125 0.29965156794425085 0.955078125 0.29965156794425085 0.955078125 0.3205574912891986 0.943359375 0.3240418118466899 0.94140625 0.32752613240418116 0.9296875 0.3240418118466899 0.9296875 0.3205574912891986 0.931640625 0.3205574912891986 0.935546875 0.31010452961672474 0.9453125 0.30313588850174217
0 0.990234375 0.16376306620209058 0.998046875 0.16376306620209058 0.998046875 0.21951219512195122 0.994140625 0.21602787456445993 0.984375 0.21602787456445993 0.984375 0.1986062717770035 0.98828125 0.1986062717770035 0.990234375 0.1916376306620209 0.994140625 0.1916376306620209 0.99609375 0.18815331010452963 0.99609375 0.17770034843205576 0.994140625 0.17421602787456447 0.990234375 0.17421602787456447 0.990234375 0.1672473867595819