0 0.57421875 0.3645833333333333 0.580078125 0.3680555555555556 0.583984375 0.375 0.587890625 0.3923611111111111 0.587890625 0.3958333333333333 0.583984375 0.3958333333333333 0.58203125 0.3854166666666667 0.57421875 0.3715277777777778 0.57421875 0.3680555555555556
0 0.529296875 0.11805555555555555 0.53515625 0.13194444444444445 0.53515625 0.1423611111111111 0.529296875 0.1423611111111111 0.529296875 0.1388888888888889 0.5234375 0.1284722222222222 0.521484375 0.11805555555555555 0.5234375 0.11458333333333333 0.52734375 0.11805555555555555
0 0.576171875 0.4444444444444444 0.578125 0.4444444444444444 0.583984375 0.4583333333333333 0.583984375 0.46875 0.58203125 0.4756944444444444 0.578125 0.4826388888888889 0.57421875 0.4791666666666667 0.572265625 0.4583333333333333 0.576171875 0.4479166666666667
0 0.5078125 0.125 0.515625 0.13194444444444445 0.515625 0.13541666666666666 0.5078125 0.1388888888888889 0.505859375 0.13541666666666666 0.505859375 0.1284722222222222
0 0.5703125 0.3784722222222222 0.5703125 0.3993055555555556 0.56640625 0.3993055555555556 0.564453125 0.3958333333333333 0.560546875 0.4027777777777778 0.55859375 0.4097222222222222 0.55859375 0.4201388888888889 0.560546875 0.4236111111111111 0.55859375 0.4270833333333333 0.552734375 0.4201388888888889 0.552734375 0.3958333333333333 0.5546875 0.3923611111111111 0.5546875 0.3854166666666667 0.5625 0.3854166666666667 0.568359375 0.3784722222222222
0 0.521484375 0.5104166666666666 0.525390625 0.5104166666666666 0.52734375 0.5138888888888888 0.537109375 0.5104166666666666 0.544921875 0.5277777777777778 0.544921875 0.5416666666666666 0.54296875 0.5416666666666666 0.541015625 0.5381944444444444 0.537109375 0.5381944444444444 0.53125 0.5243055555555556 0.5234375 0.5243055555555556 0.521484375 0.5208333333333334 0.521484375 0.5138888888888888
0 0.501953125 0.5555555555555556 0.505859375 0.5590277777777778 0.5078125 0.5659722222222222 0.505859375 0.5694444444444444 0.5 0.5694444444444444 0.498046875 0.5659722222222222 0.498046875 0.5590277777777778 0.5 0.5590277777777778
0 0.52734375 0.3993055555555556 0.53125 0.40625 0.529296875 0.4097222222222222 0.5234375 0.4097222222222222 0.515625 0.4166666666666667 0.513671875 0.4166666666666667 0.51171875 0.4097222222222222 0.51953125 0.3993055555555556 0.525390625 0.3993055555555556
0 0.623046875 0.8020833333333334 0.623046875 0.8333333333333334 0.62109375 0.8368055555555556 0.6171875 0.8368055555555556 0.611328125 0.8263888888888888 0.611328125 0.8159722222222222 0.61328125 0.8090277777777778 0.62109375 0.8020833333333334
0 0.42578125 0.1111111111111111 0.4296875 0.12152777777777778 0.42578125 0.1284722222222222 0.419921875 0.125 0.416015625 0.11805555555555555 0.423828125 0.1111111111111111
0 0.37890625 0.4409722222222222 0.3828125 0.4444444444444444 0.3984375 0.4409722222222222 0.400390625 0.4444444444444444 0.400390625 0.4583333333333333 0.3984375 0.4618055555555556 0.388671875 0.4618055555555556 0.3828125 0.4513888888888889 0.376953125 0.4513888888888889 0.37890625 0.4444444444444444
0 0.365234375 0.08333333333333333 0.375 0.09375 0.376953125 0.10069444444444445 0.365234375 0.10069444444444445 0.361328125 0.09375 0.36328125 0.08680555555555555
0 0.6484375 0.4270833333333333 0.65234375 0.4236111111111111 0.658203125 0.4236111111111111 0.658203125 0.4722222222222222 0.64453125 0.4618055555555556 0.640625 0.4548611111111111 0.64453125 0.4375 0.6484375 0.4305555555555556
0 0.34765625 0.1111111111111111 0.35546875 0.1111111111111111 0.361328125 0.11805555555555555 0.361328125 0.12152777777777778 0.357421875 0.125 0.34765625 0.125 0.345703125 0.12152777777777778 0.34765625 0.11458333333333333
0 0.564453125 0.6423611111111112 0.568359375 0.6423611111111112 0.578125 0.6527777777777778 0.5859375 0.6493055555555556 0.587890625 0.6527777777777778 0.587890625 0.6666666666666666 0.58984375 0.6701388888888888 0.59375 0.6701388888888888 0.59765625 0.6805555555555556 0.62109375 0.6805555555555556 0.623046875 0.6840277777777778 0.646484375 0.6875 0.6484375 0.6909722222222222 0.654296875 0.6909722222222222 0.658203125 0.6944444444444444 0.658203125 0.7951388888888888 0.650390625 0.7951388888888888 0.640625 0.78125 0.638671875 0.75 0.6328125 0.7395833333333334 0.619140625 0.7291666666666666 0.591796875 0.6944444444444444 0.578125 0.6944444444444444 0.57421875 0.6909722222222222 0.56640625 0.7013888888888888 0.560546875 0.7013888888888888 0.5625 0.6701388888888888 0.564453125 0.6666666666666666 0.564453125 0.6458333333333334
0 0.6171875 0.10069444444444445 0.615234375 0.11458333333333333 0.60546875 0.13194444444444445 0.59375 0.13541666666666666 0.591796875 0.1388888888888889 0.5859375 0.1388888888888889 0.583984375 0.1423611111111111 0.576171875 0.1423611111111111 0.57421875 0.1388888888888889 0.568359375 0.1388888888888889 0.5625 0.13194444444444445 0.560546875 0.1076388888888889 0.55859375 0.10416666666666667 0.55859375 0.09375 0.556640625 0.08680555555555555 0.560546875 0.0798611111111111 0.56640625 0.0798611111111111 0.56640625 0.08333333333333333 0.57421875 0.09722222222222222 0.578125 0.09722222222222222 0.5859375 0.1111111111111111 0.611328125 0.1111111111111111 0.615234375 0.10416666666666667
0 0.4609375 0.09027777777777778 0.462890625 0.09375 0.462890625 0.10416666666666667 0.453125 0.10416666666666667 0.451171875 0.10069444444444445 0.451171875 0.09375 0.453125 0.09027777777777778 0.458984375 0.09027777777777778
0 0.533203125 0.3020833333333333 0.53515625 0.3020833333333333 0.5390625 0.3125 0.546875 0.3125 0.552734375 0.3229166666666667 0.552734375 0.3368055555555556 0.54296875 0.3368055555555556 0.53515625 0.34375 0.51953125 0.3263888888888889 0.51953125 0.3055555555555556 0.5234375 0.3125 0.529296875 0.3125 0.533203125 0.3055555555555556
0 0.341796875 0.4097222222222222 0.345703125 0.4097222222222222 0.349609375 0.4166666666666667 0.349609375 0.4340277777777778 0.34765625 0.4340277777777778 0.341796875 0.4270833333333333 0.341796875 0.4131944444444444
0 0.42578125 0.16666666666666666 0.427734375 0.1701388888888889 0.427734375 0.17708333333333334 0.42578125 0.18055555555555555 0.41796875 0.17708333333333334 0.41796875 0.1736111111111111 0.423828125 0.16666666666666666
0 0.6171875 0.3368055555555556 0.619140625 0.3402777777777778 0.626953125 0.3402777777777778 0.62890625 0.34375 0.62890625 0.3506944444444444 0.626953125 0.3541666666666667 0.60546875 0.3611111111111111 0.599609375 0.3680555555555556 0.595703125 0.3611111111111111 0.587890625 0.3680555555555556 0.587890625 0.3611111111111111 0.591796875 0.3472222222222222 0.60546875 0.3368055555555556 0.615234375 0.3368055555555556
0 0.36328125 0.04861111111111111 0.365234375 0.052083333333333336 0.365234375 0.059027777777777776 0.36328125 0.0625 0.357421875 0.0625 0.357421875 0.052083333333333336 0.361328125 0.04861111111111111