0 0.939453125 0.5644599303135889 0.947265625 0.5574912891986062 0.955078125 0.5574912891986062 0.9609375 0.5505226480836237 0.9609375 0.5435540069686411 0.95703125 0.5331010452961672 0.953125 0.5331010452961672 0.94921875 0.5261324041811847 0.9453125 0.5261324041811847 0.9375 0.5156794425087108 0.939453125 0.5087108013937283 0.970703125 0.5121951219512195 0.978515625 0.519163763066202 0.978515625 0.5609756097560976 0.974609375 0.5609756097560976 0.96875 0.5679442508710801 0.9609375 0.5679442508710801 0.958984375 0.5714285714285714 0.9453125 0.5714285714285714 0.943359375 0.5679442508710801 0.939453125 0.5679442508710801
0 0.587890625 0.11498257839721254 0.591796875 0.11846689895470383 0.591796875 0.14634146341463414 0.578125 0.14634146341463414 0.576171875 0.14982578397212543 0.552734375 0.14982578397212543 0.55078125 0.14634146341463414 0.544921875 0.14634146341463414 0.54296875 0.13240418118466898 0.546875 0.1254355400696864 0.55859375 0.12195121951219512 0.560546875 0.11846689895470383 0.5859375 0.11498257839721254
0 0.228515625 0.3519163763066202 0.228515625 0.3588850174216028 0.208984375 0.3693379790940767 0.19921875 0.3832752613240418 0.1953125 0.3832752613240418 0.189453125 0.39372822299651566 0.189453125 0.4146341463414634 0.193359375 0.42857142857142855 0.19140625 0.43205574912891986 0.173828125 0.41114982578397213 0.166015625 0.397212543554007 0.16015625 0.397212543554007 0.15625 0.39372822299651566 0.15625 0.3867595818815331 0.16015625 0.3797909407665505 0.1640625 0.3797909407665505 0.171875 0.3693379790940767 0.17578125 0.3693379790940767 0.18359375 0.3623693379790941 0.19921875 0.3588850174216028 0.201171875 0.3554006968641115 0.2109375 0.3554006968641115 0.212890625 0.3519163763066202 0.2265625 0.3519163763066202
0 0.69140625 0.21602787456445993 0.693359375 0.21951219512195122 0.705078125 0.21951219512195122 0.71484375 0.2264808362369338 0.732421875 0.2264808362369338 0.73828125 0.23344947735191637 0.7421875 0.23344947735191637 0.75 0.24041811846689895 0.7578125 0.24041811846689895 0.7578125 0.2613240418118467 0.75 0.2508710801393728 0.69921875 0.2508710801393728 0.689453125 0.24390243902439024 0.677734375 0.24390243902439024 0.67578125 0.24041811846689895 0.671875 0.24041811846689895 0.662109375 0.22996515679442509 0.662109375 0.21951219512195122 0.6640625 0.21602787456445993 0.689453125 0.21602787456445993
0 0.62890625 0.37282229965156793 0.630859375 0.37282229965156793 0.6328125 0.3693379790940767 0.6328125 0.3623693379790941 0.638671875 0.3554006968641115 0.6484375 0.3554006968641115 0.650390625 0.3588850174216028 0.654296875 0.3588850174216028 0.658203125 0.36585365853658536 0.671875 0.37282229965156793 0.673828125 0.37630662020905925 0.673828125 0.42160278745644597 0.66796875 0.42160278745644597 0.666015625 0.4250871080139373 0.66796875 0.42160278745644597 0.666015625 0.4146341463414634 0.662109375 0.4146341463414634 0.66015625 0.4076655052264808 0.650390625 0.40418118466898956 0.642578125 0.39372822299651566 0.638671875 0.39372822299651566 0.630859375 0.37282229965156793
0 0.650390625 0.2857142857142857 0.68359375 0.2857142857142857 0.6875 0.2961672473867596 0.6953125 0.30313588850174217 0.71875 0.313588850174216 0.71875 0.3170731707317073 0.71484375 0.3205574912891986 0.701171875 0.3205574912891986 0.69921875 0.3170731707317073 0.6640625 0.3170731707317073 0.658203125 0.30662020905923343 0.634765625 0.30662020905923343 0.642578125 0.29965156794425085 0.646484375 0.29965156794425085 0.650390625 0.289198606271777
0 0.599609375 0.1951219512195122 0.6015625 0.1986062717770035 0.6015625 0.21951219512195122 0.599609375 0.2229965156794425 0.587890625 0.2229965156794425 0.5859375 0.2264808362369338 0.57421875 0.2264808362369338 0.572265625 0.2229965156794425 0.548828125 0.2229965156794425 0.548828125 0.20209059233449478 0.552734375 0.1986062717770035 0.55859375 0.1986062717770035 0.560546875 0.1951219512195122 0.59765625 0.1951219512195122
0 0.580078125 0.7386759581881533 0.587890625 0.7386759581881533 0.58984375 0.735191637630662 0.63671875 0.7386759581881533 0.638671875 0.7456445993031359 0.650390625 0.7456445993031359 0.65625 0.7526132404181185 0.6640625 0.7526132404181185 0.673828125 0.7630662020905923 0.673828125 0.7700348432055749 0.66796875 0.7700348432055749 0.666015625 0.7735191637630662 0.65625 0.7735191637630662 0.654296875 0.7700348432055749 0.595703125 0.7700348432055749 0.59375 0.7665505226480837 0.583984375 0.7665505226480837 0.57421875 0.7560975609756098 0.57421875 0.7491289198606271 0.580078125 0.7421602787456446
0 0.66015625 0.5052264808362369 0.7265625 0.5052264808362369 0.7265625 0.5226480836236934 0.71484375 0.5226480836236934 0.712890625 0.5261324041811847 0.705078125 0.5261324041811847 0.703125 0.5296167247386759 0.67578125 0.5296167247386759 0.673828125 0.5331010452961672 0.640625 0.5331010452961672 0.638671875 0.5296167247386759 0.623046875 0.5296167247386759 0.623046875 0.5226480836236934 0.626953125 0.5226480836236934 0.6328125 0.5156794425087108 0.658203125 0.5121951219512195 0.66015625 0.5087108013937283
0 0.494140625 0.17770034843205576 0.5078125 0.17770034843205576 0.5078125 0.1986062717770035 0.501953125 0.1951219512195122 0.5 0.1986062717770035 0.486328125 0.20209059233449478 0.48046875 0.21254355400696864 0.478515625 0.21254355400696864 0.4765625 0.21951219512195122 0.47265625 0.21951219512195122 0.46875 0.2264808362369338 0.462890625 0.2264808362369338 0.4609375 0.22996515679442509 0.44921875 0.22996515679442509 0.447265625 0.23344947735191637 0.427734375 0.23344947735191637 0.42578125 0.22996515679442509 0.419921875 0.22996515679442509 0.419921875 0.2229965156794425 0.439453125 0.20557491289198607 0.453125 0.20209059233449478 0.4609375 0.1951219512195122 0.482421875 0.1916376306620209 0.494140625 0.18118466898954705
0 0.673828125 0.3867595818815331 0.701171875 0.3867595818815331 0.703125 0.39372822299651566 0.7109375 0.39372822299651566 0.71875 0.40069686411149824 0.72265625 0.397212543554007 0.73046875 0.397212543554007 0.73046875 0.40418118466898956 0.72265625 0.40418118466898956 0.720703125 0.4076655052264808 0.712890625 0.4076655052264808 0.7109375 0.41114982578397213 0.685546875 0.41114982578397213 0.68359375 0.4146341463414634 0.677734375 0.4146341463414634 0.669921875 0.4076655052264808 0.673828125 0.3902439024390244
0 0.599609375 0.3623693379790941 0.599609375 0.40418118466898956 0.591796875 0.40418118466898956 0.58984375 0.4076655052264808 0.58203125 0.4076655052264808 0.580078125 0.41114982578397213 0.57421875 0.41114982578397213 0.5703125 0.40418118466898956 0.56640625 0.40418118466898956 0.56640625 0.3797909407665505 0.57421875 0.3693379790940767 0.583984375 0.3623693379790941 0.59765625 0.3623693379790941
0 0.447265625 0.42857142857142855 0.46484375 0.42857142857142855 0.466796875 0.4355400696864111 0.48046875 0.4355400696864111 0.48046875 0.44947735191637633 0.478515625 0.4529616724738676 0.466796875 0.4529616724738676 0.46484375 0.4564459930313589 0.458984375 0.4564459930313589 0.455078125 0.45993031358885017 0.451171875 0.4529616724738676 0.447265625 0.4529616724738676 0.447265625 0.445993031358885 0.443359375 0.4425087108013937 0.443359375 0.4355400696864111 0.447265625 0.43205574912891986
0 0.515625 0.28222996515679444 0.515625 0.30313588850174217 0.50390625 0.30313588850174217 0.501953125 0.30662020905923343 0.498046875 0.30313588850174217 0.48828125 0.30313588850174217 0.486328125 0.29965156794425085 0.482421875 0.29965156794425085 0.478515625 0.2961672473867596 0.478515625 0.289198606271777 0.48828125 0.28222996515679444 0.513671875 0.28222996515679444
0 0.2109375 0.2508710801393728 0.2109375 0.26480836236933797 0.208984375 0.2682926829268293 0.19140625 0.27177700348432055 0.185546875 0.2787456445993031 0.1796875 0.2787456445993031 0.171875 0.2857142857142857 0.142578125 0.289198606271777 0.1328125 0.30313588850174217 0.126953125 0.30662020905923343 0.12109375 0.3170731707317073 0.11328125 0.3170731707317073 0.10546875 0.32752613240418116 0.095703125 0.32752613240418116 0.09375 0.3240418118466899 0.087890625 0.3240418118466899 0.083984375 0.3205574912891986 0.087890625 0.3170731707317073 0.08984375 0.30662020905923343 0.1171875 0.28222996515679444 0.123046875 0.2682926829268293 0.12890625 0.2682926829268293 0.130859375 0.26480836236933797 0.150390625 0.2613240418118467 0.15234375 0.2578397212543554 0.16796875 0.2578397212543554 0.169921875 0.25435540069686413 0.18359375 0.25435540069686413 0.185546875 0.2578397212543554 0.203125 0.2578397212543554 0.205078125 0.25435540069686413 0.208984375 0.25435540069686413
0 0.572265625 0.2682926829268293 0.6171875 0.2682926829268293 0.619140625 0.27526132404181186 0.638671875 0.27526132404181186 0.642578125 0.2787456445993031 0.642578125 0.2857142857142857 0.6015625 0.2857142857142857 0.599609375 0.289198606271777 0.578125 0.2926829268292683 0.568359375 0.2857142857142857 0.5546875 0.2857142857142857 0.5546875 0.2787456445993031 0.55859375 0.27526132404181186 0.5703125 0.27526132404181186 0.572265625 0.27177700348432055
0 0.0859375 0.4250871080139373 0.08984375 0.4250871080139373 0.10546875 0.40418118466898956 0.119140625 0.40418118466898956 0.119140625 0.4529616724738676 0.115234375 0.4564459930313589 0.109375 0.4564459930313589 0.11328125 0.4564459930313589 0.115234375 0.4529616724738676 0.11328125 0.44947735191637633 0.099609375 0.44947735191637633 0.09765625 0.445993031358885 0.091796875 0.445993031358885 0.087890625 0.4425087108013937 0.08203125 0.4355400696864111 0.08203125 0.43205574912891986 0.0859375 0.42857142857142855
0 0.015625 0.3623693379790941 0.03125 0.36585365853658536 0.033203125 0.3693379790940767 0.0390625 0.3693379790940767 0.046875 0.37630662020905925 0.052734375 0.37630662020905925 0.0546875 0.3797909407665505 0.060546875 0.3797909407665505 0.064453125 0.3832752613240418 0.064453125 0.4076655052264808 0.05859375 0.4076655052264808 0.0546875 0.41114982578397213 0.05859375 0.4076655052264808 0.0546875 0.40069686411149824 0.03515625 0.3902439024390244 0.02734375 0.3832752613240418 0.021484375 0.37282229965156793 0.017578125 0.37282229965156793 0.015625 0.36585365853658536
0 0.69921875 0.3867595818815331 0.701171875 0.3902439024390244 0.708984375 0.3902439024390244 0.7109375 0.39372822299651566 0.73046875 0.39372822299651566 0.73046875 0.40069686411149824 0.728515625 0.40418118466898956 0.7109375 0.40418118466898956 0.708984375 0.4076655052264808 0.701171875 0.4076655052264808 0.69921875 0.41114982578397213 0.66796875 0.41114982578397213 0.666015625 0.40418118466898956 0.662109375 0.40069686411149824 0.666015625 0.397212543554007 0.666015625 0.3902439024390244 0.66796875 0.3867595818815331 0.697265625 0.3867595818815331
0 0.455078125 0.313588850174216 0.455078125 0.34494773519163763 0.44921875 0.34494773519163763 0.447265625 0.34843205574912894 0.435546875 0.34843205574912894 0.43359375 0.34494773519163763 0.427734375 0.34494773519163763 0.421875 0.33797909407665505 0.4296875 0.32752613240418116 0.4375 0.3240418118466899 0.44140625 0.3170731707317073 0.453125 0.313588850174216
0 0.453125 0.289198606271777 0.453125 0.313588850174216 0.44921875 0.313588850174216 0.44140625 0.3205574912891986 0.43359375 0.3205574912891986 0.431640625 0.3240418118466899 0.408203125 0.3205574912891986 0.408203125 0.313588850174216 0.423828125 0.29965156794425085 0.439453125 0.2961672473867596 0.44140625 0.2926829268292683 0.447265625 0.2926829268292683 0.451171875 0.289198606271777
0 0.072265625 0.45993031358885017 0.080078125 0.45993031358885017 0.083984375 0.4738675958188153 0.09375 0.47735191637630664 0.095703125 0.4808362369337979 0.095703125 0.49477351916376305 0.09375 0.49825783972125437 0.06640625 0.49825783972125437 0.064453125 0.5017421602787456 0.025390625 0.49825783972125437 0.0234375 0.5017421602787456 0 0.5017421602787456 0 0.4738675958188153 0.029296875 0.47038327526132406 0.03125 0.46689895470383275 0.0703125 0.46689895470383275 0.072265625 0.4634146341463415
0 0.65625 0.4250871080139373 0.658203125 0.42857142857142855 0.666015625 0.42857142857142855 0.66796875 0.43205574912891986 0.673828125 0.43205574912891986 0.677734375 0.4355400696864111 0.677734375 0.445993031358885 0.673828125 0.44947735191637633 0.6484375 0.44947735191637633 0.646484375 0.445993031358885 0.619140625 0.445993031358885 0.6171875 0.4425087108013937 0.609375 0.4425087108013937 0.60546875 0.4355400696864111 0.609375 0.4250871080139373 0.654296875 0.4250871080139373
0 0.240234375 0.6794425087108014 0.2421875 0.686411149825784 0.255859375 0.6898954703832753 0.2578125 0.6933797909407665 0.265625 0.6933797909407665 0.267578125 0.6968641114982579 0.267578125 0.735191637630662 0.263671875 0.7491289198606271 0.267578125 0.7630662020905923 0.267578125 0.7700348432055749 0.265625 0.7735191637630662 0.26171875 0.7700348432055749 0.25390625 0.7770034843205574 0.244140625 0.7770034843205574 0.236328125 0.794425087108014 0.23046875 0.794425087108014 0.21484375 0.8083623693379791 0.20703125 0.8083623693379791 0.205078125 0.8118466898954704 0.1875 0.8118466898954704 0.181640625 0.8048780487804879 0.17578125 0.8048780487804879 0.173828125 0.8013937282229965 0.162109375 0.8013937282229965 0.16015625 0.8048780487804879 0.158203125 0.8327526132404182 0.15234375 0.8327526132404182 0.150390625 0.8292682926829268 0.146484375 0.8292682926829268 0.1484375 0.8222996515679443 0.1484375 0.8118466898954704 0.13671875 0.7874564459930313 0.134765625 0.7804878048780488 0.134765625 0.7700348432055749 0.1328125 0.7665505226480837 0.1328125 0.759581881533101 0.13671875 0.7526132404181185 0.146484375 0.7526132404181185 0.1484375 0.7491289198606271 0.15625 0.7491289198606271 0.158203125 0.7456445993031359 0.1640625 0.7526132404181185 0.169921875 0.7491289198606271 0.189453125 0.7142857142857143 0.20703125 0.6933797909407665 0.212890625 0.6933797909407665 0.21875 0.686411149825784 0.23828125 0.686411149825784 0.240234375 0.6829268292682927
0 0.962890625 0.6062717770034843 0.97265625 0.6062717770034843 0.974609375 0.6027874564459931 0.984375 0.6027874564459931 0.986328125 0.5993031358885017 0.994140625 0.5993031358885017 0.998046875 0.5958188153310104 0.998046875 0.6132404181184669 0.962890625 0.6097560975609756
0 0.154296875 0.3170731707317073 0.162109375 0.3170731707317073 0.162109375 0.3554006968641115 0.15625 0.3554006968641115 0.1484375 0.3623693379790941 0.142578125 0.3554006968641115 0.13671875 0.3554006968641115 0.13671875 0.3519163763066202 0.1328125 0.34843205574912894 0.1328125 0.34146341463414637 0.134765625 0.34146341463414637 0.13671875 0.3344947735191638 0.14453125 0.32752613240418116 0.1484375 0.32752613240418116 0.154296875 0.3205574912891986
0 0 0.4425087108013937 0.01171875 0.4425087108013937 0.01171875 0.445993031358885 0 0.445993031358885
0 0.892578125 0.5888501742160279 0.89453125 0.5923344947735192 0.908203125 0.5958188153310104 0.916015625 0.6027874564459931 0.921875 0.6027874564459931 0.92578125 0.6132404181184669 0.92578125 0.627177700348432 0.919921875 0.627177700348432 0.91796875 0.6306620209059234 0.91015625 0.6306620209059234 0.908203125 0.6236933797909407 0.89453125 0.6236933797909407 0.87890625 0.6097560975609756 0.875 0.6097560975609756 0.861328125 0.5993031358885017 0.861328125 0.5958188153310104 0.869140625 0.5888501742160279 0.890625 0.5888501742160279
0 0.072265625 0.23693379790940766 0.07421875 0.24041811846689895 0.087890625 0.24041811846689895 0.08984375 0.24390243902439024 0.095703125 0.24390243902439024 0.099609375 0.2508710801393728 0.10546875 0.2508710801393728 0.107421875 0.25435540069686413 0.119140625 0.2578397212543554 0.12109375 0.2613240418118467 0.12109375 0.2682926829268293 0.115234375 0.27526132404181186 0.10546875 0.2682926829268293 0.064453125 0.2682926829268293 0.0625 0.26480836236933797 0.046875 0.2578397212543554 0.041015625 0.2508710801393728 0.041015625 0.24390243902439024 0.04296875 0.24041811846689895 0.046875 0.24041811846689895 0.048828125 0.23693379790940766 0.0703125 0.23693379790940766
0 0.603515625 0.33797909407665505 0.60546875 0.34146341463414637 0.61328125 0.34146341463414637 0.615234375 0.34494773519163763 0.611328125 0.34494773519163763 0.609375 0.34843205574912894 0.59375 0.34843205574912894 0.591796875 0.3519163763066202 0.546875 0.3519163763066202 0.544921875 0.34843205574912894 0.53125 0.34494773519163763 0.53515625 0.3344947735191638 0.595703125 0.3344947735191638 0.59765625 0.33797909407665505 0.6015625 0.33797909407665505
0 0.916015625 0.6027874564459931 0.958984375 0.6027874564459931 0.9609375 0.6097560975609756 0.974609375 0.6097560975609756 0.9765625 0.6132404181184669 0.998046875 0.6202090592334495 0.998046875 0.6515679442508711 0.978515625 0.6515679442508711 0.9765625 0.6480836236933798 0.94921875 0.6445993031358885 0.947265625 0.6411149825783972 0.94140625 0.6411149825783972 0.939453125 0.6376306620209059 0.931640625 0.6376306620209059 0.9296875 0.6341463414634146 0.91796875 0.6306620209059234 0.9140625 0.6202090592334495 0.91015625 0.6167247386759582 0.91015625 0.6097560975609756 0.9140625 0.6097560975609756 0.916015625 0.6062717770034843
0 0.01171875 0.3693379790940767 0.0234375 0.3693379790940767 0.025390625 0.37282229965156793 0.03125 0.37282229965156793 0.037109375 0.3797909407665505 0.05078125 0.3832752613240418 0.0625 0.39372822299651566 0.078125 0.3902439024390244 0.080078125 0.3867595818815331 0.12890625 0.3867595818815331 0.130859375 0.3902439024390244 0.130859375 0.40069686411149824 0.1171875 0.40069686411149824 0.109375 0.4076655052264808 0.09765625 0.4076655052264808 0.095703125 0.41114982578397213 0.0859375 0.41114982578397213 0.083984375 0.4146341463414634 0.060546875 0.4146341463414634 0.05859375 0.41114982578397213 0.048828125 0.4076655052264808 0.044921875 0.40069686411149824 0.0390625 0.40069686411149824 0.021484375 0.3832752613240418 0.013671875 0.3693379790940767
0 0.15625 0.25435540069686413 0.185546875 0.25435540069686413 0.1875 0.2613240418118467 0.205078125 0.2613240418118467 0.20703125 0.25435540069686413 0.2109375 0.25435540069686413 0.2109375 0.26480836236933797 0.20703125 0.27177700348432055 0.197265625 0.27177700348432055 0.189453125 0.2787456445993031 0.169921875 0.2787456445993031 0.16796875 0.28222996515679444 0.158203125 0.28222996515679444 0.15625 0.2787456445993031 0.111328125 0.2787456445993031 0.12109375 0.2682926829268293 0.126953125 0.2682926829268293 0.12890625 0.26480836236933797 0.140625 0.26480836236933797 0.142578125 0.2613240418118467 0.154296875 0.2613240418118467 0.15625 0.2578397212543554
0 0.12890625 0.3832752613240418 0.130859375 0.3867595818815331 0.130859375 0.397212543554007 0.109375 0.40069686411149824 0.099609375 0.41114982578397213 0.0859375 0.41114982578397213 0.083984375 0.4146341463414634 0.064453125 0.4146341463414634 0.0625 0.41114982578397213 0.0546875 0.41114982578397213 0.05859375 0.40069686411149824 0.05859375 0.3902439024390244 0.06640625 0.3902439024390244 0.068359375 0.3867595818815331 0.076171875 0.3867595818815331 0.078125 0.3832752613240418 0.126953125 0.3832752613240418
0 -0.03503562945368171 0.38825759143237853 0.08374313390736342 0.05402765938076754
0 0.93359375 0.7735191637630662 0.94140625 0.7735191637630662 0.943359375 0.7700348432055749 0.978515625 0.7700348432055749 0.98046875 0.7665505226480837 0.998046875 0.7665505226480837 0.998046875 0.7874564459930313 0.943359375 0.7839721254355401 0.94140625 0.7804878048780488 0.93359375 0.7804878048780488 0.93359375 0.7770034843205574
0 0 0.32752613240418116 0.0390625 0.32752613240418116 0.041015625 0.3310104529616725 0.056640625 0.3310104529616725 0.056640625 0.34494773519163763 0.033203125 0.34494773519163763 0.03125 0.34843205574912894 0.021484375 0.34843205574912894 0.01953125 0.3519163763066202 0.009765625 0.3519163763066202 0.0078125 0.3554006968641115 0 0.3554006968641115 0 0.3310104529616725
0 0.63671875 0.28222996515679444 0.64453125 0.28222996515679444 0.646484375 0.289198606271777 0.65234375 0.289198606271777 0.65234375 0.29965156794425085 0.6484375 0.30313588850174217 0.65234375 0.30662020905923343 0.611328125 0.30662020905923343 0.609375 0.31010452961672474 0.578125 0.31010452961672474 0.576171875 0.30662020905923343 0.572265625 0.30662020905923343 0.576171875 0.29965156794425085 0.58203125 0.29965156794425085 0.583984375 0.2961672473867596 0.607421875 0.2926829268292683 0.609375 0.289198606271777 0.634765625 0.289198606271777 0.63671875 0.2857142857142857
0 0.28125 0.6236933797909407 0.28125 0.6306620209059234 0.27734375 0.6306620209059234 0.275390625 0.6341463414634146 0.275390625 0.6411149825783972 0.263671875 0.6550522648083623 0.244140625 0.6585365853658537 0.232421875 0.6759581881533101 0.224609375 0.6759581881533101 0.22265625 0.6794425087108014 0.2109375 0.6829268292682927 0.20703125 0.6898954703832753 0.19921875 0.6933797909407665 0.1953125 0.7003484320557491 0.19140625 0.7003484320557491 0.185546875 0.7073170731707317 0.17578125 0.7073170731707317 0.166015625 0.7142857142857143 0.158203125 0.7142857142857143 0.14453125 0.7282229965156795 0.140625 0.7282229965156795 0.138671875 0.7317073170731707 0.12890625 0.7317073170731707 0.123046875 0.7386759581881533 0.109375 0.7386759581881533 0.1015625 0.7491289198606271 0.103515625 0.7526132404181185 0.087890625 0.7526132404181185 0.0859375 0.7491289198606271 0.08203125 0.7491289198606271 0.078125 0.7421602787456446 0.078125 0.7282229965156795 0.0859375 0.710801393728223 0.08984375 0.686411149825784 0.09765625 0.6689895470383276 0.107421875 0.6585365853658537 0.1171875 0.6411149825783972 0.12890625 0.627177700348432 0.13671875 0.6202090592334495 0.140625 0.6202090592334495 0.154296875 0.6027874564459931 0.158203125 0.6027874564459931 0.16015625 0.5993031358885017 0.1640625 0.5993031358885017 0.1953125 0.578397212543554 0.201171875 0.578397212543554 0.220703125 0.5644599303135889 0.2265625 0.5644599303135889 0.228515625 0.5609756097560976 0.236328125 0.5609756097560976 0.23828125 0.5574912891986062 0.263671875 0.5574912891986062 0.265625 0.554006968641115 0.275390625 0.554006968641115 0.27734375 0.5505226480836237 0.291015625 0.5470383275261324 0.291015625 0.5888501742160279 0.2890625 0.5923344947735192 0.2890625 0.5993031358885017 0.27734375 0.6202090592334495 0.279296875 0.6236933797909407
0 0.57421875 0.37630662020905925 0.57421875 0.3902439024390244 0.572265625 0.39372822299651566 0.564453125 0.39372822299651566 0.5625 0.397212543554007 0.5546875 0.397212543554007 0.552734375 0.40069686411149824 0.544921875 0.40069686411149824 0.54296875 0.40418118466898956 0.53515625 0.40418118466898956 0.533203125 0.4076655052264808 0.529296875 0.40418118466898956 0.517578125 0.40418118466898956 0.513671875 0.397212543554007 0.513671875 0.3797909407665505 0.517578125 0.37630662020905925 0.52734375 0.37630662020905925 0.529296875 0.37282229965156793 0.5546875 0.37282229965156793 0.556640625 0.37630662020905925 0.572265625 0.37630662020905925
0 0.9140625 0.3902439024390244 0.96484375 0.3902439024390244 0.966796875 0.397212543554007 0.982421875 0.397212543554007 0.986328125 0.40418118466898956 0.998046875 0.40418118466898956 0.998046875 0.4181184668989547 0.97265625 0.4181184668989547 0.970703125 0.42160278745644597 0.958984375 0.42160278745644597 0.95703125 0.4250871080139373 0.9296875 0.4250871080139373 0.927734375 0.42857142857142855 0.90234375 0.43205574912891986 0.900390625 0.4355400696864111 0.865234375 0.4355400696864111 0.861328125 0.4425087108013937 0.86328125 0.445993031358885 0.8515625 0.445993031358885 0.849609375 0.4425087108013937 0.84375 0.4425087108013937 0.83984375 0.43205574912891986 0.841796875 0.4181184668989547 0.849609375 0.4076655052264808 0.85546875 0.4076655052264808 0.857421875 0.40418118466898956 0.869140625 0.40418118466898956 0.87109375 0.40069686411149824 0.8828125 0.40069686411149824 0.884765625 0.397212543554007 0.912109375 0.397212543554007 0.9140625 0.39372822299651566