0 0.681640625 0.6306620209059234 0.693359375 0.6306620209059234 0.6953125 0.6341463414634146 0.6953125 0.7003484320557491 0.69140625 0.7003484320557491 0.689453125 0.7038327526132404 0.677734375 0.7038327526132404 0.677734375 0.7003484320557491 0.673828125 0.6968641114982579 0.673828125 0.6724738675958188 0.67578125 0.6724738675958188 0.68359375 0.6550522648083623 0.68359375 0.6341463414634146
0 0.5703125 0.8885017421602788 0.580078125 0.8885017421602788 0.580078125 0.9024390243902439 0.58203125 0.9059233449477352 0.58203125 0.9407665505226481 0.580078125 0.9372822299651568 0.576171875 0.9372822299651568 0.576171875 0.9303135888501742 0.57421875 0.926829268292683 0.5703125 0.926829268292683 0.5703125 0.9059233449477352 0.568359375 0.9024390243902439 0.564453125 0.9024390243902439 0.564453125 0.8954703832752613 0.568359375 0.8954703832752613 0.5703125 0.89198606271777
0 0.521484375 0.4250871080139373 0.533203125 0.4250871080139373 0.533203125 0.4529616724738676 0.529296875 0.4564459930313589 0.53125 0.4529616724738676 0.529296875 0.44947735191637633 0.525390625 0.44947735191637633 0.525390625 0.4425087108013937 0.521484375 0.43902439024390244 0.521484375 0.42857142857142855
0 0.568359375 0.49825783972125437 0.58203125 0.5017421602787456 0.58203125 0.5226480836236934 0.578125 0.5261324041811847 0.578125 0.519163763066202 0.576171875 0.5156794425087108 0.568359375 0.5156794425087108 0.568359375 0.5017421602787456
0 0.50390625 0 0.517578125 0 0.517578125 0.010452961672473868 0.509765625 0.010452961672473868 0.505859375 0.017421602787456445 0.5 0.010452961672473868 0.501953125 0.010452961672473868 0.50390625 0.003484320557491289
0 0.5390625 0.08013937282229965 0.544921875 0.08013937282229965 0.546875 0.08710801393728224 0.5625 0.09059233449477352 0.560546875 0.0975609756097561 0.556640625 0.0975609756097561 0.552734375 0.10452961672473868 0.552734375 0.11498257839721254 0.5546875 0.12195121951219512 0.55859375 0.1254355400696864 0.55859375 0.13937282229965156 0.560546875 0.14285714285714285 0.55859375 0.1672473867595819 0.5546875 0.17073170731707318 0.55078125 0.18815331010452963 0.544921875 0.1951219512195122 0.533203125 0.1986062717770035 0.53125 0.1951219512195122 0.525390625 0.1951219512195122 0.525390625 0.18815331010452963 0.5234375 0.18466898954703834 0.5234375 0.1602787456445993 0.521484375 0.15331010452961671 0.53125 0.13937282229965156 0.533203125 0.1254355400696864 0.53515625 0.1254355400696864 0.537109375 0.11846689895470383 0.546875 0.10452961672473868 0.544921875 0.0975609756097561 0.541015625 0.09407665505226481 0.5390625 0.08362369337979095
0 0.6171875 0.8083623693379791 0.62109375 0.8083623693379791 0.62109375 0.818815331010453 0.619140625 0.8222996515679443 0.6171875 0.8222996515679443 0.6171875 0.8118466898954704
0 0.60546875 0.7317073170731707 0.609375 0.7282229965156795 0.615234375 0.7282229965156795 0.6171875 0.7247386759581882 0.646484375 0.7247386759581882 0.646484375 0.7317073170731707 0.62890625 0.7317073170731707 0.626953125 0.735191637630662 0.61328125 0.735191637630662 0.611328125 0.7317073170731707 0.607421875 0.7317073170731707
0 0.51171875 0.4738675958188153 0.52734375 0.4738675958188153 0.529296875 0.4808362369337979 0.529296875 0.4843205574912892 0.525390625 0.4878048780487805 0.521484375 0.4808362369337979 0.51171875 0.47735191637630664
0 0.546875 0.4181184668989547 0.552734375 0.4181184668989547 0.556640625 0.42160278745644597 0.55859375 0.42857142857142855 0.564453125 0.43205574912891986 0.564453125 0.43902439024390244 0.556640625 0.4425087108013937 0.5546875 0.4355400696864111 0.55078125 0.43205574912891986 0.548828125 0.4250871080139373 0.546875 0.4250871080139373 0.546875 0.42160278745644597
0 0.595703125 0.08013937282229965 0.60546875 0.08013937282229965 0.607421875 0.08710801393728224 0.619140625 0.09059233449477352 0.623046875 0.0975609756097561 0.626953125 0.0975609756097561 0.63671875 0.10801393728222997 0.642578125 0.12195121951219512 0.642578125 0.13937282229965156 0.638671875 0.14285714285714285 0.62890625 0.14285714285714285 0.630859375 0.14285714285714285 0.634765625 0.13240418118466898 0.630859375 0.1254355400696864 0.625 0.1254355400696864 0.61328125 0.11498257839721254 0.603515625 0.11498257839721254 0.6015625 0.11149825783972125 0.6015625 0.10452961672473868 0.59765625 0.10104529616724739 0.59375 0.09059233449477352 0.595703125 0.08362369337979095
0 0.53515625 0.43902439024390244 0.54296875 0.43902439024390244 0.54296875 0.4425087108013937 0.546875 0.445993031358885 0.546875 0.4564459930313589 0.541015625 0.4634146341463415 0.5390625 0.4529616724738676 0.53515625 0.44947735191637633 0.53515625 0.4425087108013937
0 0.533203125 0.8153310104529616 0.544921875 0.8222996515679443 0.544921875 0.8397212543554007 0.537109375 0.8397212543554007 0.533203125 0.8362369337979094 0.533203125 0.818815331010453
0 0.544921875 0.8153310104529616 0.556640625 0.8222996515679443 0.556640625 0.8327526132404182 0.548828125 0.8327526132404182 0.548828125 0.8292682926829268 0.544921875 0.8257839721254355 0.544921875 0.818815331010453
0 0.513671875 0.40069686411149824 0.525390625 0.40069686411149824 0.52734375 0.4076655052264808 0.533203125 0.4076655052264808 0.53515625 0.41114982578397213 0.529296875 0.4146341463414634 0.517578125 0.40418118466898956 0.513671875 0.40418118466898956
0 0.59765625 0.8501742160278746 0.599609375 0.8536585365853658 0.599609375 0.8641114982578397 0.603515625 0.867595818815331 0.603515625 0.8745644599303136 0.607421875 0.8780487804878049 0.607421875 0.9128919860627178 0.603515625 0.9163763066202091 0.60546875 0.9128919860627178 0.6015625 0.9094076655052264 0.6015625 0.9059233449477352 0.59765625 0.9024390243902439 0.59765625 0.8954703832752613 0.59375 0.89198606271777 0.59375 0.867595818815331 0.58984375 0.8641114982578397 0.58984375 0.8536585365853658 0.595703125 0.8536585365853658
0 0.560546875 0.8083623693379791 0.564453125 0.8083623693379791 0.564453125 0.8257839721254355 0.55078125 0.8222996515679443 0.55078125 0.818815331010453 0.55859375 0.818815331010453 0.560546875 0.8118466898954704
0 0.67578125 0.7456445993031359 0.677734375 0.7491289198606271 0.68359375 0.7491289198606271 0.68359375 0.759581881533101 0.685546875 0.7630662020905923 0.685546875 0.7979094076655052 0.68359375 0.8013937282229965 0.67578125 0.8013937282229965 0.673828125 0.8048780487804879 0.6640625 0.8013937282229965 0.6640625 0.7630662020905923 0.66796875 0.759581881533101 0.66796875 0.7491289198606271 0.673828125 0.7456445993031359
0 0.55859375 0.43902439024390244 0.564453125 0.43902439024390244 0.568359375 0.445993031358885 0.57421875 0.44947735191637633 0.57421875 0.4529616724738676 0.580078125 0.45993031358885017 0.580078125 0.47038327526132406 0.572265625 0.4634146341463415 0.572265625 0.45993031358885017 0.564453125 0.44947735191637633 0.55859375 0.445993031358885 0.55859375 0.4425087108013937
0 0.71875 0.7874564459930313 0.720703125 0.7874564459930313 0.720703125 0.7909407665505227 0.7265625 0.7979094076655052 0.7265625 0.8048780487804879 0.73046875 0.8083623693379791 0.732421875 0.8153310104529616 0.734375 0.8153310104529616 0.734375 0.8815331010452961 0.73046875 0.8815331010452961 0.72265625 0.8885017421602788 0.716796875 0.8780487804878049 0.716796875 0.8745644599303136 0.712890625 0.8710801393728222 0.712890625 0.8606271777003485 0.708984375 0.8571428571428571 0.708984375 0.8083623693379791 0.712890625 0.8048780487804879 0.712890625 0.794425087108014 0.716796875 0.794425087108014 0.71875 0.7909407665505227
0 0.53125 0.3623693379790941 0.548828125 0.36585365853658536 0.548828125 0.37630662020905925 0.544921875 0.3797909407665505 0.541015625 0.3797909407665505 0.54296875 0.37630662020905925 0.5390625 0.37282229965156793 0.537109375 0.36585365853658536 0.53125 0.36585365853658536
0 0.65234375 0.6794425087108014 0.66015625 0.6794425087108014 0.6640625 0.6829268292682927 0.666015625 0.6933797909407665 0.669921875 0.6968641114982579 0.671875 0.7038327526132404 0.671875 0.7700348432055749 0.66015625 0.7735191637630662 0.662109375 0.7665505226480837 0.658203125 0.7630662020905923 0.65625 0.735191637630662 0.65234375 0.7317073170731707 0.650390625 0.7177700348432056 0.646484375 0.7142857142857143 0.650390625 0.710801393728223 0.650390625 0.686411149825784 0.65234375 0.6829268292682927
0 0.513671875 0.4146341463414634 0.525390625 0.4146341463414634 0.525390625 0.42160278745644597 0.517578125 0.42160278745644597 0.513671875 0.4181184668989547
0 0.59765625 0.4250871080139373 0.609375 0.4250871080139373 0.609375 0.47038327526132406 0.60546875 0.4738675958188153 0.603515625 0.4738675958188153 0.603515625 0.4355400696864111 0.6015625 0.43205574912891986 0.59765625 0.43205574912891986 0.59765625 0.42857142857142855
0 0.5703125 0.8885017421602788 0.57421875 0.8885017421602788 0.57421875 0.9024390243902439 0.576171875 0.9059233449477352 0.580078125 0.9094076655052264 0.587890625 0.9094076655052264 0.587890625 0.9477351916376306 0.5859375 0.9512195121951219 0.580078125 0.9512195121951219 0.580078125 0.9407665505226481 0.576171875 0.9372822299651568 0.57421875 0.9303135888501742 0.57421875 0.9198606271777003 0.5703125 0.9163763066202091 0.5703125 0.9024390243902439 0.56640625 0.8989547038327527 0.56640625 0.8954703832752613 0.5703125 0.89198606271777
0 0.69921875 0.06968641114982578 0.69921875 0.11846689895470383 0.693359375 0.11846689895470383 0.69140625 0.12195121951219512 0.6875 0.11846689895470383 0.6875 0.08710801393728224 0.69140625 0.08710801393728224 0.693359375 0.08362369337979095 0.693359375 0.07665505226480836 0.697265625 0.07665505226480836 0.69921875 0.07317073170731707
0 0.728515625 0.05574912891986063 0.732421875 0.05574912891986063 0.734375 0.0627177700348432 0.73828125 0.0627177700348432 0.740234375 0.06620209059233449 0.740234375 0.10801393728222997 0.73828125 0.11498257839721254 0.736328125 0.10801393728222997 0.728515625 0.10801393728222997 0.728515625 0.10104529616724739 0.732421875 0.10104529616724739 0.734375 0.0975609756097561 0.734375 0.09059233449477352 0.732421875 0.08710801393728224 0.728515625 0.08710801393728224 0.728515625 0.07665505226480836 0.7265625 0.07317073170731707 0.72265625 0.07317073170731707 0.72265625 0.0627177700348432 0.7265625 0.0627177700348432 0.728515625 0.059233449477351915