0 0.552734375 0.23344947735191637 0.5703125 0.23344947735191637 0.572265625 0.24041811846689895 0.599609375 0.24738675958188153 0.6015625 0.25435540069686413 0.61328125 0.2578397212543554 0.6171875 0.2682926829268293 0.62890625 0.27177700348432055 0.56640625 0.27177700348432055 0.560546875 0.26480836236933797 0.5546875 0.26480836236933797 0.548828125 0.24390243902439024 0.552734375 0.23693379790940766
0 0.708984375 0.3693379790940767 0.728515625 0.3693379790940767 0.73046875 0.37630662020905925 0.75 0.37630662020905925 0.751953125 0.3797909407665505 0.751953125 0.39372822299651566 0.705078125 0.39372822299651566 0.703125 0.3867595818815331 0.69921875 0.3867595818815331 0.69921875 0.3797909407665505 0.708984375 0.37282229965156793
0 0.08203125 0.5818815331010453 0.109375 0.5818815331010453 0.111328125 0.5888501742160279 0.12109375 0.5888501742160279 0.123046875 0.5923344947735192 0.12890625 0.5923344947735192 0.1328125 0.5958188153310104 0.1328125 0.627177700348432 0.125 0.6341463414634146 0.095703125 0.6341463414634146 0.091796875 0.627177700348432 0.087890625 0.627177700348432 0.087890625 0.6202090592334495 0.0859375 0.6167247386759582 0.08203125 0.6167247386759582 0.080078125 0.6027874564459931 0.076171875 0.5993031358885017 0.076171875 0.5888501742160279 0.080078125 0.5888501742160279 0.08203125 0.5853658536585366
0 0.642578125 0.4076655052264808 0.646484375 0.40418118466898956 0.68359375 0.40418118466898956 0.685546875 0.4076655052264808 0.701171875 0.41114982578397213 0.703125 0.4181184668989547 0.708984375 0.4181184668989547 0.7109375 0.42160278745644597 0.7109375 0.4355400696864111 0.66015625 0.4355400696864111 0.658203125 0.43205574912891986 0.654296875 0.4355400696864111 0.65234375 0.43205574912891986 0.6484375 0.43205574912891986 0.6484375 0.4250871080139373 0.642578125 0.4146341463414634 0.642578125 0.41114982578397213
0 0.50390625 0.6724738675958188 0.57421875 0.6724738675958188 0.576171875 0.6794425087108014 0.5859375 0.6794425087108014 0.587890625 0.6829268292682927 0.591796875 0.6829268292682927 0.591796875 0.7003484320557491 0.5859375 0.7003484320557491 0.583984375 0.7073170731707317 0.5703125 0.7073170731707317 0.568359375 0.710801393728223 0.50390625 0.710801393728223 0.501953125 0.7073170731707317 0.494140625 0.7073170731707317 0.494140625 0.7038327526132404 0.48828125 0.6968641114982579 0.48828125 0.6933797909407665 0.490234375 0.6933797909407665 0.494140625 0.6829268292682927 0.50390625 0.6759581881533101
0 0.068359375 0.23693379790940766 0.076171875 0.24390243902439024 0.083984375 0.24390243902439024 0.083984375 0.2613240418118467 0.08203125 0.26480836236933797 0.056640625 0.26480836236933797 0.0546875 0.2682926829268293 0 0.2682926829268293 0 0.2508710801393728 0.001953125 0.24390243902439024 0.005859375 0.24041811846689895 0.0234375 0.24041811846689895 0.025390625 0.23693379790940766 0.06640625 0.23693379790940766
0 0.13671875 0.4250871080139373 0.158203125 0.4250871080139373 0.158203125 0.44947735191637633 0.154296875 0.44947735191637633 0.150390625 0.4529616724738676 0.1484375 0.45993031358885017 0.14453125 0.45993031358885017 0.142578125 0.4634146341463415 0.1171875 0.4634146341463415 0.119140625 0.4425087108013937 0.123046875 0.4425087108013937 0.126953125 0.43205574912891986 0.134765625 0.43205574912891986 0.13671875 0.42857142857142855
0 0.978515625 0.41114982578397213 0.998046875 0.41114982578397213 0.998046875 0.4425087108013937 0.99609375 0.4425087108013937 0.994140625 0.4355400696864111 0.98828125 0.4355400696864111 0.978515625 0.42857142857142855 0.978515625 0.4146341463414634
0 0.25390625 0.28222996515679444 0.25390625 0.289198606271777 0.251953125 0.2926829268292683 0.251953125 0.30662020905923343 0.25390625 0.313588850174216 0.25 0.313588850174216 0.248046875 0.3170731707317073 0.23828125 0.3170731707317073 0.236328125 0.3240418118466899 0.216796875 0.32752613240418116 0.201171875 0.33797909407665505 0.158203125 0.33797909407665505 0.158203125 0.3344947735191638 0.162109375 0.3310104529616725 0.166015625 0.3205574912891986 0.171875 0.3205574912891986 0.1953125 0.30313588850174217 0.203125 0.30313588850174217 0.205078125 0.2961672473867596 0.2109375 0.2961672473867596 0.220703125 0.289198606271777 0.23828125 0.289198606271777 0.240234375 0.2857142857142857 0.248046875 0.2857142857142857 0.251953125 0.28222996515679444
0 0.625 0.3588850174216028 0.630859375 0.3588850174216028 0.630859375 0.3797909407665505 0.609375 0.3832752613240418 0.607421875 0.3902439024390244 0.603515625 0.3902439024390244 0.599609375 0.397212543554007 0.5390625 0.397212543554007 0.5390625 0.3832752613240418 0.544921875 0.3797909407665505 0.546875 0.37282229965156793 0.556640625 0.37282229965156793 0.55859375 0.3693379790940767 0.583984375 0.3693379790940767 0.5859375 0.36585365853658536 0.623046875 0.36585365853658536 0.625 0.3623693379790941
0 0.533203125 0.25435540069686413 0.533203125 0.2682926829268293 0.53125 0.27177700348432055 0.529296875 0.27177700348432055 0.525390625 0.2613240418118467 0.5234375 0.26480836236933797 0.5234375 0.289198606271777 0.51953125 0.2926829268292683 0.48828125 0.2926829268292683 0.48828125 0.2787456445993031 0.49609375 0.27177700348432055 0.498046875 0.26480836236933797 0.501953125 0.26480836236933797 0.50390625 0.2613240418118467 0.509765625 0.2613240418118467 0.517578125 0.25435540069686413 0.53125 0.25435540069686413
0 0.16015625 0.39372822299651566 0.166015625 0.39372822299651566 0.166015625 0.41114982578397213 0.162109375 0.4146341463414634 0.15625 0.4146341463414634 0.15234375 0.4250871080139373 0.1484375 0.42857142857142855 0.142578125 0.42857142857142855 0.138671875 0.43902439024390244 0.1328125 0.43902439024390244 0.125 0.445993031358885 0.08984375 0.445993031358885 0.08984375 0.4355400696864111 0.095703125 0.42857142857142855 0.099609375 0.42857142857142855 0.1015625 0.42160278745644597 0.10546875 0.4181184668989547 0.119140625 0.4146341463414634 0.12109375 0.4076655052264808 0.130859375 0.4076655052264808 0.1328125 0.40418118466898956 0.140625 0.40418118466898956 0.142578125 0.40069686411149824 0.158203125 0.40069686411149824 0.16015625 0.397212543554007
0 0.126953125 0.29965156794425085 0.12890625 0.29965156794425085 0.12890625 0.3205574912891986 0.12109375 0.3205574912891986 0.119140625 0.32752613240418116 0.10546875 0.3310104529616725 0.103515625 0.33797909407665505 0.099609375 0.34146341463414637 0.091796875 0.34146341463414637 0.08984375 0.34494773519163763 0.037109375 0.34494773519163763 0.033203125 0.34146341463414637 0.037109375 0.33797909407665505 0.041015625 0.3240418118466899 0.048828125 0.3240418118466899 0.056640625 0.3170731707317073 0.06640625 0.3170731707317073 0.068359375 0.31010452961672474 0.080078125 0.31010452961672474 0.08203125 0.30662020905923343 0.125 0.30662020905923343 0.126953125 0.30313588850174217
0 0.578125 0.08362369337979095 0.578125 0.11498257839721254 0.529296875 0.11498257839721254 0.529296875 0.10452961672473868 0.537109375 0.0975609756097561 0.5390625 0.09059233449477352 0.54296875 0.09059233449477352 0.544921875 0.08710801393728224 0.556640625 0.08710801393728224 0.55859375 0.08362369337979095 0.576171875 0.08362369337979095
0 0.767578125 0.3902439024390244 0.76953125 0.39372822299651566 0.779296875 0.39372822299651566 0.78125 0.40069686411149824 0.7890625 0.40069686411149824 0.791015625 0.40418118466898956 0.802734375 0.40418118466898956 0.8046875 0.40069686411149824 0.80859375 0.40069686411149824 0.810546875 0.39372822299651566 0.814453125 0.3902439024390244 0.814453125 0.42160278745644597 0.8125 0.4250871080139373 0.78125 0.4250871080139373 0.779296875 0.42857142857142855 0.72265625 0.42857142857142855 0.720703125 0.4250871080139373 0.708984375 0.42160278745644597 0.708984375 0.4181184668989547 0.703125 0.41114982578397213 0.703125 0.40418118466898956 0.705078125 0.40418118466898956 0.70703125 0.40069686411149824 0.70703125 0.39372822299651566 0.7109375 0.3902439024390244 0.740234375 0.3902439024390244 0.7421875 0.3832752613240418 0.751953125 0.3832752613240418 0.75390625 0.3902439024390244 0.765625 0.3902439024390244
0 0.24609375 0.2787456445993031 0.29296875 0.2787456445993031 0.294921875 0.2857142857142857 0.294921875 0.3170731707317073 0.2421875 0.3170731707317073 0.23828125 0.313588850174216 0.23828125 0.30662020905923343 0.236328125 0.30313588850174217 0.234375 0.30662020905923343 0.234375 0.2961672473867596 0.24609375 0.28222996515679444
0 0.009765625 0.4181184668989547 0.017578125 0.4181184668989547 0.01953125 0.4146341463414634 0.037109375 0.4146341463414634 0.0390625 0.4076655052264808 0.06640625 0.4076655052264808 0.068359375 0.4146341463414634 0.091796875 0.4146341463414634 0.091796875 0.43205574912891986 0.068359375 0.4355400696864111 0.06640625 0.4425087108013937 0.05859375 0.4425087108013937 0.056640625 0.445993031358885 0 0.445993031358885 0 0.42857142857142855 0.00390625 0.42857142857142855 0.009765625 0.42160278745644597
0 0.939453125 0.42160278745644597 0.943359375 0.42160278745644597 0.943359375 0.43902439024390244 0.9375 0.4425087108013937 0.935546875 0.44947735191637633 0.9296875 0.44947735191637633 0.92578125 0.4529616724738676 0.923828125 0.45993031358885017 0.919921875 0.45993031358885017 0.91796875 0.4634146341463415 0.912109375 0.4634146341463415 0.91015625 0.46689895470383275 0.84765625 0.46689895470383275 0.84765625 0.4634146341463415 0.849609375 0.4634146341463415 0.853515625 0.4529616724738676 0.857421875 0.4529616724738676 0.859375 0.445993031358885 0.8671875 0.445993031358885 0.869140625 0.4425087108013937 0.884765625 0.4425087108013937 0.88671875 0.43902439024390244 0.904296875 0.43902439024390244 0.90625 0.43205574912891986 0.927734375 0.43205574912891986 0.9296875 0.42857142857142855 0.9375 0.42857142857142855 0.939453125 0.4250871080139373
0 0.544921875 0.4076655052264808 0.5703125 0.4076655052264808 0.572265625 0.4146341463414634 0.595703125 0.4181184668989547 0.595703125 0.43205574912891986 0.5390625 0.43205574912891986 0.5390625 0.4181184668989547 0.544921875 0.41114982578397213
0 0.298828125 0.3240418118466899 0.298828125 0.34146341463414637 0.294921875 0.34146341463414637 0.29296875 0.34494773519163763 0.2890625 0.34494773519163763 0.287109375 0.34146341463414637 0.2734375 0.34146341463414637 0.2734375 0.33797909407665505 0.28125 0.3344947735191638 0.283203125 0.32752613240418116 0.287109375 0.3240418118466899 0.296875 0.3240418118466899
0 0.1953125 0.1986062717770035 0.23046875 0.1986062717770035 0.232421875 0.1951219512195122 0.2421875 0.1951219512195122 0.2421875 0.21951219512195122 0.181640625 0.21951219512195122 0.181640625 0.21254355400696864 0.18359375 0.20905923344947736 0.1875 0.20557491289198607 0.193359375 0.20557491289198607 0.1953125 0.20209059233449478
0 0.232421875 0.18466898954703834 0.25 0.18466898954703834 0.251953125 0.1916376306620209 0.263671875 0.1951219512195122 0.267578125 0.1986062717770035 0.26953125 0.20557491289198607 0.275390625 0.20557491289198607 0.279296875 0.21254355400696864 0.283203125 0.21254355400696864 0.287109375 0.2229965156794425 0.287109375 0.23693379790940766 0.271484375 0.23693379790940766 0.26953125 0.23344947735191637 0.259765625 0.23344947735191637 0.2578125 0.22996515679442509 0.25390625 0.22996515679442509 0.251953125 0.2229965156794425 0.2421875 0.21951219512195122 0.240234375 0.21254355400696864 0.232421875 0.20209059233449478 0.232421875 0.1951219512195122 0.23046875 0.1916376306620209 0.232421875 0.18815331010452963
0 0.271484375 0.3554006968641115 0.283203125 0.3554006968641115 0.283203125 0.3797909407665505 0.28125 0.3832752613240418 0.27734375 0.3832752613240418 0.275390625 0.3902439024390244 0.271484375 0.39372822299651566 0.23828125 0.39372822299651566 0.23828125 0.3832752613240418 0.2421875 0.3797909407665505 0.2421875 0.37282229965156793 0.248046875 0.37282229965156793 0.25 0.36585365853658536 0.25390625 0.36585365853658536 0.255859375 0.3623693379790941 0.26953125 0.3623693379790941 0.271484375 0.3588850174216028
0 0.1328125 0.3240418118466899 0.14453125 0.3240418118466899 0.146484375 0.3310104529616725 0.146484375 0.3519163763066202 0.134765625 0.3519163763066202 0.130859375 0.3554006968641115 0.126953125 0.3623693379790941 0.126953125 0.37630662020905925 0.11328125 0.37630662020905925 0.111328125 0.37282229965156793 0.10546875 0.37282229965156793 0.103515625 0.37630662020905925 0.05078125 0.37630662020905925 0.046875 0.37282229965156793 0.046875 0.3693379790940767 0.048828125 0.3693379790940767 0.052734375 0.3588850174216028 0.064453125 0.3554006968641115 0.06640625 0.3519163763066202 0.072265625 0.3519163763066202 0.07421875 0.34843205574912894 0.08203125 0.34843205574912894 0.083984375 0.34146341463414637 0.107421875 0.33797909407665505 0.109375 0.3344947735191638 0.1171875 0.3344947735191638 0.119140625 0.3310104529616725 0.130859375 0.3310104529616725 0.1328125 0.32752613240418116
0 0.0859375 0.2508710801393728 0.087890625 0.2508710801393728 0.087890625 0.27177700348432055 0.0859375 0.27177700348432055 0.083984375 0.2787456445993031 0.080078125 0.2787456445993031 0.078125 0.28222996515679444 0.03515625 0.28222996515679444 0.03125 0.2787456445993031 0.03125 0.27526132404181186 0.037109375 0.2682926829268293 0.041015625 0.2682926829268293 0.04296875 0.2613240418118467 0.0546875 0.2613240418118467 0.056640625 0.2578397212543554 0.083984375 0.2578397212543554 0.0859375 0.25435540069686413
0 0.224609375 0.33797909407665505 0.228515625 0.33797909407665505 0.228515625 0.36585365853658536 0.21484375 0.36585365853658536 0.212890625 0.3693379790940767 0.208984375 0.3693379790940767 0.20703125 0.37630662020905925 0.19921875 0.37630662020905925 0.19140625 0.3832752613240418 0.1328125 0.3832752613240418 0.134765625 0.37282229965156793 0.138671875 0.3693379790940767 0.140625 0.3623693379790941 0.146484375 0.3623693379790941 0.15234375 0.3554006968641115 0.162109375 0.3554006968641115 0.1640625 0.34843205574912894 0.169921875 0.34843205574912894 0.171875 0.34494773519163763 0.22265625 0.34494773519163763 0.224609375 0.34146341463414637
0 0.2421875 0.156794425087108 0.244140625 0.1602787456445993 0.248046875 0.1602787456445993 0.248046875 0.17421602787456447 0.244140625 0.17421602787456447 0.2421875 0.18118466898954705 0.23046875 0.18118466898954705 0.228515625 0.18466898954703834 0.21875 0.18466898954703834 0.216796875 0.18815331010452963 0.173828125 0.18815331010452963 0.171875 0.1916376306620209 0.16796875 0.1916376306620209 0.166015625 0.18815331010452963 0.15234375 0.18815331010452963 0.15234375 0.17770034843205576 0.15625 0.17770034843205576 0.162109375 0.17073170731707318 0.169921875 0.17073170731707318 0.171875 0.16376306620209058 0.181640625 0.16376306620209058 0.18359375 0.1602787456445993 0.205078125 0.1602787456445993 0.20703125 0.156794425087108 0.240234375 0.156794425087108
0 0 0.34146341463414637 0.0078125 0.34146341463414637 0.0078125 0.36585365853658536 0 0.36585365853658536 0 0.34494773519163763
0 0.15625 0.6202090592334495 0.166015625 0.6202090592334495 0.166015625 0.6445993031358885 0.140625 0.6445993031358885 0.140625 0.6411149825783972 0.14453125 0.6376306620209059 0.14453125 0.6306620209059234 0.1484375 0.627177700348432 0.154296875 0.627177700348432 0.15625 0.6236933797909407
0 0.8515625 0.5087108013937283 0.912109375 0.5052264808362369 0.9140625 0.5017421602787456 0.92578125 0.5017421602787456 0.927734375 0.49477351916376305 0.9296875 0.49477351916376305 0.9296875 0.519163763066202 0.919921875 0.519163763066202 0.91796875 0.5261324041811847 0.91015625 0.5261324041811847 0.908203125 0.5296167247386759 0.892578125 0.5331010452961672 0.890625 0.5365853658536586 0.88671875 0.5365853658536586 0.884765625 0.5435540069686411 0.880859375 0.5470383275261324 0.875 0.5470383275261324 0.865234375 0.554006968641115 0.794921875 0.554006968641115 0.794921875 0.5505226480836237 0.796875 0.5505226480836237 0.80078125 0.5400696864111498 0.806640625 0.5331010452961672 0.814453125 0.5331010452961672 0.81640625 0.5296167247386759 0.8203125 0.5296167247386759 0.822265625 0.5226480836236934 0.830078125 0.5226480836236934 0.83203125 0.519163763066202 0.849609375 0.5156794425087108 0.8515625 0.5121951219512195
0 0.50390625 0.156794425087108 0.513671875 0.156794425087108 0.513671875 0.17421602787456447 0.509765625 0.17770034843205576 0.501953125 0.17770034843205576 0.5 0.18466898954703834 0.494140625 0.1916376306620209 0.494140625 0.1951219512195122 0.48828125 0.1951219512195122 0.482421875 0.20209059233449478 0.42578125 0.20209059233449478 0.43359375 0.18118466898954705 0.439453125 0.18118466898954705 0.447265625 0.17421602787456447 0.462890625 0.17421602787456447 0.466796875 0.17770034843205576 0.46875 0.17421602787456447 0.474609375 0.17421602787456447 0.478515625 0.16376306620209058 0.501953125 0.16376306620209058 0.50390625 0.1602787456445993
0 0.4609375 0.1986062717770035 0.474609375 0.1986062717770035 0.4765625 0.20557491289198607 0.49609375 0.20557491289198607 0.49609375 0.23693379790940766 0.4296875 0.23693379790940766 0.423828125 0.22996515679442509 0.423828125 0.2229965156794425 0.42578125 0.2229965156794425 0.4296875 0.21254355400696864 0.43359375 0.20905923344947736 0.44140625 0.20905923344947736 0.443359375 0.20557491289198607 0.458984375 0.20557491289198607 0.4609375 0.20209059233449478
0 0.029296875 0.22996515679442509 0.068359375 0.22996515679442509 0.0703125 0.23693379790940766 0.07421875 0.23693379790940766 0.076171875 0.24041811846689895 0.0859375 0.24041811846689895 0.0859375 0.27526132404181186 0.08203125 0.28222996515679444 0.044921875 0.28222996515679444 0.0390625 0.27526132404181186 0.021484375 0.27526132404181186 0.01953125 0.2682926829268293 0.005859375 0.2682926829268293 0 0.2613240418118467 0 0.2508710801393728 0.00390625 0.24041811846689895 0.0078125 0.24041811846689895 0.009765625 0.23693379790940766 0.02734375 0.23693379790940766 0.029296875 0.23344947735191637
0 0.61328125 0.2857142857142857 0.61328125 0.313588850174216 0.607421875 0.313588850174216 0.60546875 0.31010452961672474 0.603515625 0.313588850174216 0.595703125 0.313588850174216 0.59375 0.3170731707317073 0.556640625 0.3170731707317073 0.552734375 0.313588850174216 0.552734375 0.30313588850174217 0.5546875 0.30313588850174217 0.560546875 0.289198606271777 0.564453125 0.289198606271777 0.56640625 0.2857142857142857 0.611328125 0.2857142857142857
0 0.1796875 0.7142857142857143 0.1796875 0.710801393728223 0.173828125 0.7003484320557491 0.173828125 0.6898954703832753 0.17578125 0.686411149825784 0.21484375 0.6898954703832753 0.220703125 0.6829268292682927 0.224609375 0.6829268292682927 0.23046875 0.6759581881533101 0.236328125 0.6550522648083623 0.2421875 0.6445993031358885 0.248046875 0.6411149825783972 0.25390625 0.627177700348432 0.27734375 0.6062717770034843 0.28125 0.6062717770034843 0.287109375 0.5993031358885017 0.29296875 0.5993031358885017 0.294921875 0.5923344947735192 0.310546875 0.5923344947735192 0.3125 0.5993031358885017 0.3125 0.6236933797909407 0.30859375 0.6376306620209059 0.3125 0.6933797909407665 0.3046875 0.7142857142857143 0.294921875 0.7142857142857143 0.29296875 0.7073170731707317 0.287109375 0.7038327526132404 0.283203125 0.7142857142857143 0.279296875 0.7177700348432056 0.275390625 0.7177700348432056 0.265625 0.7282229965156795 0.259765625 0.7282229965156795 0.25 0.735191637630662 0.240234375 0.735191637630662 0.236328125 0.7317073170731707 0.228515625 0.7142857142857143 0.22265625 0.7142857142857143 0.21484375 0.7212543554006968 0.2109375 0.7282229965156795 0.208984375 0.7386759581881533 0.201171875 0.7491289198606271 0.1875 0.7491289198606271 0.185546875 0.7456445993031359 0.185546875 0.7247386759581882 0.181640625 0.7142857142857143
0 0.1328125 0.37282229965156793 0.134765625 0.37282229965156793 0.13671875 0.3797909407665505 0.142578125 0.3797909407665505 0.14453125 0.3832752613240418 0.1640625 0.3832752613240418 0.1640625 0.40069686411149824 0.16015625 0.40069686411149824 0.158203125 0.40418118466898956 0.103515625 0.40418118466898956 0.103515625 0.397212543554007 0.11328125 0.3902439024390244 0.119140625 0.3902439024390244 0.12109375 0.3832752613240418 0.126953125 0.3832752613240418 0.1328125 0.37630662020905925
0 0.765625 0.3170731707317073 0.80859375 0.3170731707317073 0.810546875 0.3240418118466899 0.845703125 0.32752613240418116 0.84765625 0.3344947735191638 0.853515625 0.3344947735191638 0.85546875 0.33797909407665505 0.8671875 0.33797909407665505 0.8671875 0.34146341463414637 0.87109375 0.34494773519163763 0.87109375 0.3554006968641115 0.7734375 0.3554006968641115 0.771484375 0.3519163763066202 0.76171875 0.3519163763066202 0.76171875 0.34843205574912894 0.755859375 0.34146341463414637 0.755859375 0.32752613240418116 0.765625 0.3205574912891986