0 0.625 0.46875 0.63671875 0.46875 0.6328125 0.4826388888888889 0.638671875 0.5034722222222222 0.63671875 0.5104166666666666 0.63671875 0.5347222222222222 0.6328125 0.5451388888888888 0.62890625 0.5451388888888888 0.626953125 0.5381944444444444 0.626953125 0.5277777777777778 0.625 0.5243055555555556 0.625 0.5138888888888888 0.623046875 0.5104166666666666 0.623046875 0.4930555555555556 0.626953125 0.4861111111111111 0.625 0.4722222222222222
0 0.578125 0.6597222222222222 0.58203125 0.6631944444444444 0.58203125 0.6666666666666666 0.57421875 0.6736111111111112 0.57421875 0.6840277777777778 0.5703125 0.6840277777777778 0.5703125 0.6736111111111112 0.568359375 0.6701388888888888 0.564453125 0.6666666666666666 0.560546875 0.6701388888888888 0.556640625 0.6631944444444444 0.55859375 0.6597222222222222 0.564453125 0.6597222222222222 0.56640625 0.6631944444444444 0.572265625 0.6597222222222222 0.576171875 0.6631944444444444
0 0.474609375 0.6215277777777778 0.478515625 0.6388888888888888 0.478515625 0.65625 0.474609375 0.65625 0.46875 0.6493055555555556 0.466796875 0.625 0.47265625 0.6215277777777778
0 0.513671875 0.06597222222222222 0.51953125 0.06597222222222222 0.521484375 0.06944444444444445 0.53125 0.06597222222222222 0.5234375 0.07291666666666667 0.525390625 0.0798611111111111 0.525390625 0.09375 0.521484375 0.1076388888888889 0.509765625 0.1284722222222222 0.5 0.1284722222222222 0.5 0.11805555555555555 0.498046875 0.11458333333333333 0.498046875 0.09027777777777778 0.501953125 0.09027777777777778 0.513671875 0.06944444444444445
0 0.61328125 0.6701388888888888 0.611328125 0.6909722222222222 0.6171875 0.7013888888888888 0.6171875 0.7118055555555556 0.619140625 0.7152777777777778 0.615234375 0.7256944444444444 0.615234375 0.7395833333333334 0.609375 0.7291666666666666 0.60546875 0.7291666666666666 0.609375 0.7152777777777778 0.609375 0.6944444444444444 0.599609375 0.6805555555555556 0.599609375 0.6770833333333334 0.609375 0.6805555555555556 0.61328125 0.6736111111111112
0 0.537109375 0.2777777777777778 0.541015625 0.28125 0.541015625 0.3159722222222222 0.5390625 0.3194444444444444 0.5390625 0.3263888888888889 0.537109375 0.3263888888888889 0.537109375 0.28125
0 0.5 0.3888888888888889 0.50390625 0.3888888888888889 0.50390625 0.3958333333333333 0.505859375 0.3993055555555556 0.505859375 0.4097222222222222 0.50390625 0.4097222222222222 0.501953125 0.3923611111111111
0 0.6484375 0.5902777777777778 0.6484375 0.5381944444444444 0.650390625 0.5347222222222222 0.654296875 0.5381944444444444 0.654296875 0.5659722222222222 0.65625 0.5694444444444444 0.65625 0.59375 0.65234375 0.59375 0.650390625 0.5902777777777778
0 0.560546875 0.625 0.560546875 0.6423611111111112 0.556640625 0.6458333333333334 0.55859375 0.6284722222222222
0 0.5546875 0.4131944444444444 0.560546875 0.4131944444444444 0.5625 0.4166666666666667 0.57421875 0.4166666666666667 0.572265625 0.4236111111111111 0.552734375 0.4236111111111111 0.5546875 0.4166666666666667
0 0.59375 0.2361111111111111 0.599609375 0.2361111111111111 0.607421875 0.24305555555555555 0.619140625 0.2708333333333333 0.619140625 0.2777777777777778 0.62109375 0.28125 0.62109375 0.3055555555555556 0.619140625 0.3090277777777778 0.619140625 0.3229166666666667 0.6171875 0.3263888888888889 0.6171875 0.3472222222222222 0.625 0.3680555555555556 0.6171875 0.3611111111111111 0.607421875 0.3645833333333333 0.607421875 0.3576388888888889 0.611328125 0.3506944444444444 0.611328125 0.3368055555555556 0.6015625 0.3125 0.6015625 0.3020833333333333 0.599609375 0.2951388888888889 0.59375 0.2881944444444444 0.59375 0.28125 0.595703125 0.2777777777777778 0.595703125 0.2708333333333333 0.59375 0.2673611111111111 0.59375 0.23958333333333334
0 0.345703125 0.9236111111111112 0.34765625 0.9270833333333334 0.345703125 0.9375 0.341796875 0.9409722222222222 0.341796875 0.9305555555555556 0.34375 0.9270833333333334
0 0.482421875 0.25 0.484375 0.25 0.484375 0.2708333333333333 0.482421875 0.2777777777777778 0.48046875 0.2777777777777778 0.482421875 0.2708333333333333 0.482421875 0.2534722222222222
0 0.615234375 0.4861111111111111 0.619140625 0.4861111111111111 0.62109375 0.4895833333333333 0.623046875 0.5208333333333334 0.625 0.5243055555555556 0.625 0.5347222222222222 0.623046875 0.5416666666666666 0.62109375 0.5451388888888888 0.615234375 0.5451388888888888 0.61328125 0.5381944444444444 0.61328125 0.5069444444444444 0.6171875 0.4965277777777778 0.6171875 0.4895833333333333
0 0.466796875 0.3298611111111111 0.470703125 0.3368055555555556 0.470703125 0.34375 0.47265625 0.3472222222222222 0.47265625 0.3541666666666667 0.470703125 0.3576388888888889 0.466796875 0.3333333333333333
0 0.638671875 0.9027777777777778 0.640625 0.9027777777777778 0.64453125 0.9131944444444444 0.64453125 0.9305555555555556 0.640625 0.9305555555555556 0.638671875 0.9236111111111112 0.638671875 0.90625
0 0.501953125 0.5451388888888888 0.5078125 0.5659722222222222 0.5078125 0.5868055555555556 0.505859375 0.5833333333333334 0.5 0.5486111111111112
0 0.5703125 0.6666666666666666 0.5703125 0.6527777777777778 0.572265625 0.6493055555555556 0.57421875 0.6493055555555556 0.57421875 0.6597222222222222 0.572265625 0.6666666666666666
0 0.65625 0.53125 0.65625 0.4895833333333333 0.658203125 0.4861111111111111 0.658203125 0.4791666666666667 0.65234375 0.4722222222222222 0.654296875 0.4652777777777778 0.658203125 0.46875 0.658203125 0.53125
0 0.640625 0.0763888888888889 0.642578125 0.08333333333333333 0.642578125 0.1111111111111111 0.638671875 0.125 0.6328125 0.13194444444444445 0.6328125 0.125 0.634765625 0.12152777777777778 0.634765625 0.10069444444444445 0.63671875 0.09722222222222222 0.638671875 0.0798611111111111
0 0.4609375 0.28125 0.462890625 0.28125 0.462890625 0.2881944444444444 0.46484375 0.2916666666666667 0.46484375 0.3194444444444444 0.462890625 0.3194444444444444 0.462890625 0.2951388888888889 0.4609375 0.2916666666666667 0.4609375 0.2847222222222222
0 0.490234375 0.25 0.4921875 0.25 0.4921875 0.2638888888888889 0.494140625 0.2673611111111111 0.4921875 0.28125 0.490234375 0.28125 0.490234375 0.2534722222222222
0 0.482421875 0.3298611111111111 0.484375 0.3298611111111111 0.486328125 0.3368055555555556 0.486328125 0.3541666666666667 0.484375 0.3541666666666667 0.482421875 0.3333333333333333
0 0.48828125 0.5694444444444444 0.494140625 0.5694444444444444 0.494140625 0.5798611111111112 0.498046875 0.59375 0.498046875 0.6111111111111112 0.494140625 0.6111111111111112 0.4921875 0.6041666666666666 0.4921875 0.5833333333333334 0.48828125 0.5729166666666666
0 0.443359375 0.024305555555555556 0.447265625 0.03819444444444445 0.447265625 0.0625 0.4453125 0.06597222222222222 0.4453125 0.0798611111111111 0.443359375 0.0763888888888889 0.443359375 0.06944444444444445 0.44140625 0.06597222222222222 0.44140625 0.034722222222222224 0.443359375 0.027777777777777776
0 0.4921875 0.6180555555555556 0.494140625 0.6180555555555556 0.5 0.6458333333333334 0.5 0.6527777777777778 0.498046875 0.65625 0.4921875 0.6319444444444444 0.4921875 0.6215277777777778
0 0.498046875 0.3263888888888889 0.501953125 0.3298611111111111 0.501953125 0.3402777777777778 0.505859375 0.3576388888888889 0.505859375 0.3645833333333333 0.5 0.3541666666666667 0.498046875 0.3298611111111111
0 0.623046875 0.5486111111111112 0.62890625 0.5486111111111112 0.62890625 0.5555555555555556 0.630859375 0.5590277777777778 0.630859375 0.5833333333333334 0.62890625 0.5902777777777778 0.623046875 0.6006944444444444 0.623046875 0.6041666666666666 0.6171875 0.6041666666666666 0.615234375 0.5972222222222222 0.615234375 0.5729166666666666 0.623046875 0.5520833333333334
0 0.498046875 0.2534722222222222 0.501953125 0.2534722222222222 0.505859375 0.2708333333333333 0.505859375 0.28125 0.501953125 0.2881944444444444 0.501953125 0.2638888888888889 0.5 0.2569444444444444
0 0.5078125 0.2777777777777778 0.509765625 0.28125 0.509765625 0.3090277777777778 0.5078125 0.3090277777777778 0.5078125 0.28125