0 0.689453125 0.9407665505226481 0.701171875 0.9303135888501742 0.70703125 0.9303135888501742 0.708984375 0.926829268292683 0.70703125 0.9198606271777003 0.71484375 0.9233449477351916 0.71484375 0.9616724738675958 0.697265625 0.9616724738675958 0.693359375 0.9581881533101045 0.693359375 0.9512195121951219 0.689453125 0.9477351916376306 0.689453125 0.9442508710801394
0 0.734375 0.5470383275261324 0.744140625 0.5470383275261324 0.744140625 0.578397212543554 0.7421875 0.5818815331010453 0.728515625 0.5818815331010453 0.7265625 0.578397212543554 0.712890625 0.578397212543554 0.7109375 0.5749128919860628 0.7109375 0.5679442508710801 0.71875 0.5574912891986062 0.732421875 0.554006968641115 0.734375 0.5505226480836237
0 0.578125 0.11149825783972125 0.580078125 0.11149825783972125 0.580078125 0.12195121951219512 0.576171875 0.1289198606271777 0.5703125 0.1289198606271777 0.564453125 0.12195121951219512 0.55859375 0.12195121951219512 0.5625 0.11846689895470383 0.576171875 0.11846689895470383 0.578125 0.11498257839721254
0 0.388671875 0.47735191637630664 0.392578125 0.47735191637630664 0.40625 0.4912891986062718 0.419921875 0.4912891986062718 0.423828125 0.4843205574912892 0.43359375 0.47735191637630664 0.45703125 0.47735191637630664 0.46875 0.4878048780487805 0.46875 0.5052264808362369 0.466796875 0.5052264808362369 0.4609375 0.5156794425087108 0.45703125 0.5156794425087108 0.455078125 0.5121951219512195 0.439453125 0.5121951219512195 0.4375 0.5087108013937283 0.421875 0.5087108013937283 0.419921875 0.5052264808362369 0.412109375 0.5052264808362369 0.41015625 0.5087108013937283 0.41015625 0.5156794425087108 0.40625 0.519163763066202 0.408203125 0.5226480836236934 0.404296875 0.519163763066202 0.404296875 0.5017421602787456 0.40234375 0.49477351916376305 0.388671875 0.4808362369337979
0 0.6015625 0.13937282229965156 0.60546875 0.14634146341463414 0.630859375 0.14634146341463414 0.6328125 0.14982578397212543 0.638671875 0.14982578397212543 0.640625 0.15331010452961671 0.640625 0.16376306620209058 0.63671875 0.16376306620209058 0.634765625 0.1672473867595819 0.6171875 0.1672473867595819 0.607421875 0.1602787456445993 0.58984375 0.156794425087108 0.583984375 0.14982578397212543 0.59375 0.14634146341463414 0.599609375 0.13937282229965156
0 0.611328125 0.9477351916376306 0.625 0.9477351916376306 0.625 0.9721254355400697 0.619140625 0.9721254355400697 0.6171875 0.975609756097561 0.60546875 0.975609756097561 0.603515625 0.9721254355400697 0.599609375 0.9721254355400697 0.599609375 0.9686411149825784 0.6015625 0.9686411149825784 0.603515625 0.9616724738675958 0.609375 0.9581881533101045 0.611328125 0.9512195121951219
0 0.380859375 0.7735191637630662 0.384765625 0.7735191637630662 0.38671875 0.7700348432055749 0.40234375 0.7735191637630662 0.40234375 0.7839721254355401 0.3984375 0.7839721254355401 0.396484375 0.7874564459930313 0.380859375 0.7839721254355401 0.376953125 0.7804878048780488 0.380859375 0.7770034843205574
0 0.529296875 0.45993031358885017 0.541015625 0.4634146341463415 0.541015625 0.46689895470383275 0.544921875 0.47038327526132406 0.546875 0.47735191637630664 0.548828125 0.47735191637630664 0.548828125 0.4912891986062718 0.537109375 0.4878048780487805 0.529296875 0.4808362369337979 0.529296875 0.4634146341463415
0 0.6484375 0.7386759581881533 0.654296875 0.7456445993031359 0.66796875 0.7456445993031359 0.669921875 0.7421602787456446 0.673828125 0.7456445993031359 0.67578125 0.7491289198606271 0.67578125 0.7560975609756098 0.673828125 0.759581881533101 0.67578125 0.7630662020905923 0.681640625 0.7630662020905923 0.681640625 0.7735191637630662 0.685546875 0.7770034843205574 0.685546875 0.7874564459930313 0.67578125 0.794425087108014 0.650390625 0.794425087108014 0.646484375 0.8013937282229965 0.642578125 0.8013937282229965 0.640625 0.8048780487804879 0.6328125 0.8048780487804879 0.62890625 0.8013937282229965 0.6328125 0.7979094076655052 0.6328125 0.7874564459930313 0.634765625 0.7839721254355401 0.6328125 0.7770034843205574 0.634765625 0.7735191637630662 0.63671875 0.7421602787456446 0.640625 0.7386759581881533 0.646484375 0.7386759581881533
0 0.587890625 0.6341463414634146 0.591796875 0.6445993031358885 0.595703125 0.6445993031358885 0.59765625 0.6480836236933798 0.603515625 0.6480836236933798 0.607421875 0.6376306620209059 0.609375 0.6376306620209059 0.609375 0.6445993031358885 0.6171875 0.6550522648083623 0.6171875 0.662020905923345 0.6015625 0.662020905923345 0.599609375 0.6655052264808362 0.5859375 0.662020905923345 0.583984375 0.6585365853658537 0.583984375 0.6515679442508711 0.576171875 0.6445993031358885 0.576171875 0.6376306620209059 0.58203125 0.6376306620209059 0.5859375 0.6341463414634146
0 0.728515625 0.3344947735191638 0.744140625 0.3344947735191638 0.744140625 0.3797909407665505 0.7421875 0.3832752613240418 0.740234375 0.3832752613240418 0.744140625 0.3797909407665505 0.744140625 0.3693379790940767 0.740234375 0.36585365853658536 0.73828125 0.3588850174216028 0.736328125 0.3588850174216028 0.736328125 0.3519163763066202 0.734375 0.34843205574912894 0.728515625 0.34494773519163763 0.728515625 0.33797909407665505
0 0.51171875 0.14634146341463414 0.513671875 0.14634146341463414 0.515625 0.15331010452961671 0.525390625 0.15331010452961671 0.525390625 0.156794425087108 0.517578125 0.16376306620209058 0.5078125 0.16376306620209058 0.50390625 0.156794425087108 0.5 0.156794425087108 0.50390625 0.15331010452961671 0.509765625 0.15331010452961671 0.51171875 0.14982578397212543
0 0.73828125 0.4878048780487805 0.744140625 0.4843205574912892 0.744140625 0.5226480836236934 0.7421875 0.5296167247386759 0.734375 0.5226480836236934 0.7265625 0.5226480836236934 0.72265625 0.519163763066202 0.72265625 0.5121951219512195 0.724609375 0.5121951219512195 0.7265625 0.5052264808362369 0.73046875 0.5017421602787456 0.73046875 0.49825783972125437 0.73828125 0.4912891986062718
0 0.5859375 0.3554006968641115 0.58984375 0.3588850174216028 0.58984375 0.3797909407665505 0.57421875 0.3797909407665505 0.568359375 0.37282229965156793 0.564453125 0.37282229965156793 0.564453125 0.36585365853658536 0.568359375 0.36585365853658536 0.5703125 0.3588850174216028 0.57421875 0.3554006968641115 0.583984375 0.3554006968641115
0 0.560546875 0.1602787456445993 0.5703125 0.1602787456445993 0.5703125 0.17073170731707318 0.56640625 0.17073170731707318 0.564453125 0.17421602787456447 0.5546875 0.17421602787456447 0.552734375 0.17073170731707318 0.548828125 0.17073170731707318 0.5546875 0.17073170731707318 0.560546875 0.16376306620209058
0 0.419921875 0.5087108013937283 0.421875 0.5121951219512195 0.427734375 0.5121951219512195 0.4296875 0.519163763066202 0.44140625 0.5226480836236934 0.44140625 0.5296167247386759 0.427734375 0.5296167247386759 0.42578125 0.5331010452961672 0.404296875 0.5296167247386759 0.404296875 0.5261324041811847 0.408203125 0.5226480836236934 0.412109375 0.5121951219512195 0.41796875 0.5087108013937283
0 0.43359375 0.22996515679442509 0.435546875 0.23344947735191637 0.443359375 0.23344947735191637 0.443359375 0.24738675958188153 0.41015625 0.24738675958188153 0.40625 0.24390243902439024 0.4140625 0.24041811846689895 0.419921875 0.23344947735191637 0.431640625 0.23344947735191637
0 0.404296875 0.09407665505226481 0.4140625 0.09407665505226481 0.416015625 0.09059233449477352 0.4296875 0.09059233449477352 0.43359375 0.09407665505226481 0.43359375 0.10452961672473868 0.4296875 0.10452961672473868 0.427734375 0.10801393728222997 0.408203125 0.10452961672473868 0.404296875 0.10104529616724739 0.404296875 0.0975609756097561
0 0.703125 0.7770034843205574 0.705078125 0.7804878048780488 0.71875 0.7804878048780488 0.720703125 0.7839721254355401 0.744140625 0.7874564459930313 0.744140625 0.9094076655052264 0.736328125 0.8850174216027874 0.734375 0.8641114982578397 0.73046875 0.8606271777003485 0.7265625 0.8501742160278746 0.71875 0.8432055749128919 0.71484375 0.8432055749128919 0.7109375 0.8362369337979094 0.705078125 0.8327526132404182 0.69921875 0.8222996515679443 0.69140625 0.818815331010453 0.685546875 0.8083623693379791 0.681640625 0.8083623693379791 0.673828125 0.7979094076655052 0.673828125 0.7909407665505227 0.677734375 0.7804878048780488 0.701171875 0.7770034843205574
0 0.537109375 0.5609756097560976 0.5390625 0.5644599303135889 0.55078125 0.5644599303135889 0.55078125 0.5818815331010453 0.5390625 0.5818815331010453 0.537109375 0.5853658536585366 0.533203125 0.5818815331010453 0.521484375 0.5818815331010453 0.521484375 0.5714285714285714 0.5234375 0.5714285714285714 0.525390625 0.5644599303135889 0.53125 0.5644599303135889 0.53515625 0.5609756097560976
0 0.373046875 0.554006968641115 0.3828125 0.554006968641115 0.388671875 0.5609756097560976 0.388671875 0.5853658536585366 0.376953125 0.5853658536585366 0.373046875 0.5818815331010453 0.373046875 0.5574912891986062
0 0.712890625 0.33797909407665505 0.71875 0.34494773519163763 0.71875 0.3588850174216028 0.708984375 0.37282229965156793 0.703125 0.37282229965156793 0.701171875 0.37630662020905925 0.681640625 0.37630662020905925 0.6796875 0.37282229965156793 0.67578125 0.37282229965156793 0.669921875 0.36585365853658536 0.669921875 0.3623693379790941 0.6796875 0.3588850174216028 0.68359375 0.34843205574912894 0.69140625 0.34146341463414637 0.6953125 0.34146341463414637 0.697265625 0.33797909407665505 0.7109375 0.33797909407665505
0 0.525390625 0.4076655052264808 0.53515625 0.4076655052264808 0.537109375 0.41114982578397213 0.537109375 0.43902439024390244 0.533203125 0.4425087108013937 0.529296875 0.4425087108013937 0.53125 0.43902439024390244 0.529296875 0.4355400696864111 0.525390625 0.4355400696864111 0.525390625 0.41114982578397213
0 0.419921875 0.20905923344947736 0.42578125 0.20905923344947736 0.42578125 0.21951219512195122 0.421875 0.2229965156794425 0.416015625 0.2229965156794425 0.4140625 0.21951219512195122 0.4140625 0.21602787456445993 0.41796875 0.21602787456445993 0.419921875 0.21254355400696864
0 0.736328125 0.09059233449477352 0.736328125 0.0975609756097561 0.734375 0.10104529616724739 0.7265625 0.10452961672473868 0.720703125 0.11498257839721254 0.7109375 0.11498257839721254 0.708984375 0.11846689895470383 0.6953125 0.11846689895470383 0.69140625 0.11498257839721254 0.689453125 0.10801393728222997 0.685546875 0.10801393728222997 0.6796875 0.10104529616724739 0.669921875 0.10104529616724739 0.66796875 0.0975609756097561 0.681640625 0.0975609756097561 0.68359375 0.10104529616724739 0.685546875 0.0975609756097561 0.7109375 0.0975609756097561 0.712890625 0.10104529616724739 0.7265625 0.10104529616724739 0.734375 0.09407665505226481
0 0.390625 0.3693379790940767 0.39453125 0.3797909407665505 0.408203125 0.397212543554007 0.427734375 0.40069686411149824 0.427734375 0.4146341463414634 0.412109375 0.4146341463414634 0.404296875 0.42160278745644597 0.39453125 0.4146341463414634 0.390625 0.4181184668989547 0.38671875 0.4181184668989547 0.384765625 0.4146341463414634 0.380859375 0.4146341463414634 0.37890625 0.4181184668989547 0.37109375 0.4146341463414634 0.37109375 0.39372822299651566 0.37890625 0.3902439024390244 0.384765625 0.37630662020905925 0.388671875 0.37630662020905925 0.390625 0.37282229965156793
0 0.474609375 0.7839721254355401 0.484375 0.794425087108014 0.4921875 0.794425087108014 0.4921875 0.8083623693379791 0.484375 0.8083623693379791 0.4765625 0.8153310104529616 0.45703125 0.8153310104529616 0.451171875 0.8083623693379791 0.447265625 0.8083623693379791 0.447265625 0.8013937282229965 0.45703125 0.7874564459930313 0.4609375 0.7874564459930313 0.462890625 0.7839721254355401 0.47265625 0.7839721254355401