0 0.5225048923679061 0.07665505226480836 0.5225048923679061 0.08013937282229965 0.5283757338551859 0.09059233449477352 0.5303326810176126 0.09059233449477352 0.5342465753424658 0.10104529616724739 0.5342465753424658 0.10801393728222997 0.5322896281800391 0.11149825783972125 0.5264187866927593 0.11149825783972125 0.5244618395303327 0.10104529616724739 0.5225048923679061 0.0975609756097561 0.5185909980430529 0.0975609756097561 0.5185909980430529 0.09407665505226481 0.5225048923679061 0.09059233449477352 0.5225048923679061 0.08013937282229965
0 0.3405088062622309 0.04878048780487805 0.34833659491193736 0.04878048780487805 0.350293542074364 0.05226480836236934 0.350293542074364 0.0975609756097561 0.34833659491193736 0.10104529616724739 0.3405088062622309 0.0975609756097561 0.3405088062622309 0.05226480836236934
0 0.5264187866927593 0.3205574912891986 0.5264187866927593 0.3240418118466899 0.5322896281800391 0.3310104529616725 0.538160469667319 0.3310104529616725 0.5401174168297456 0.32752613240418116 0.5401174168297456 0.3205574912891986 0.5401174168297456 0.3310104529616725 0.5420743639921722 0.3344947735191638 0.5420743639921722 0.34146341463414637 0.5362035225048923 0.3519163763066202 0.5362035225048923 0.3554006968641115 0.5303326810176126 0.3554006968641115 0.5244618395303327 0.34494773519163763 0.5225048923679061 0.34494773519163763 0.5225048923679061 0.32752613240418116 0.5264187866927593 0.3240418118466899
0 0.5753424657534246 0.6655052264808362 0.5870841487279843 0.6794425087108014 0.598825831702544 0.6794425087108014 0.5968688845401174 0.686411149825784 0.5968688845401174 0.6933797909407665 0.598825831702544 0.6968641114982579 0.6066536203522505 0.6898954703832753 0.6027397260273972 0.7003484320557491 0.6066536203522505 0.7073170731707317 0.6066536203522505 0.7142857142857143 0.6046966731898239 0.7177700348432056 0.5968688845401174 0.7247386759581882 0.5870841487279843 0.7247386759581882 0.5851272015655578 0.7212543554006968 0.5812133072407045 0.7212543554006968 0.5792563600782779 0.7247386759581882 0.5655577299412916 0.7282229965156795 0.5655577299412916 0.7212543554006968 0.5694716242661448 0.7177700348432056 0.5714285714285714 0.6829268292682927 0.5753424657534246 0.6689895470383276
0 0.6262230919765166 0.8362369337979094 0.6301369863013698 0.8397212543554007 0.6281800391389433 0.8466898954703833 0.6281800391389433 0.8710801393728222 0.6262230919765166 0.8745644599303136 0.6223091976516634 0.8745644599303136 0.6144814090019569 0.867595818815331 0.6144814090019569 0.8536585365853658 0.6203522504892368 0.8466898954703833 0.62426614481409 0.8466898954703833 0.6262230919765166 0.8397212543554007
0 0.6457925636007827 0.1254355400696864 0.649706457925636 0.13240418118466898 0.6477495107632094 0.14634146341463414 0.6379647749510763 0.14634146341463414 0.6379647749510763 0.13588850174216027 0.639921722113503 0.1289198606271777 0.6438356164383562 0.1254355400696864
0 0.5596868884540117 0.07665505226480836 0.5636007827788649 0.07665505226480836 0.5655577299412916 0.08710801393728224 0.5733855185909981 0.10104529616724739 0.5831702544031311 0.10801393728222997 0.6086105675146771 0.10801393728222997 0.6105675146771037 0.11149825783972125 0.6164383561643836 0.11149825783972125 0.62426614481409 0.10104529616724739 0.62426614481409 0.11149825783972125 0.6164383561643836 0.12195121951219512 0.6086105675146771 0.12195121951219512 0.6066536203522505 0.1254355400696864 0.5851272015655578 0.1254355400696864 0.5831702544031311 0.12195121951219512 0.5772994129158513 0.12195121951219512 0.5733855185909981 0.11149825783972125 0.5675146771037182 0.10801393728222997 0.5636007827788649 0.0975609756097561 0.5636007827788649 0.09059233449477352 0.5596868884540117 0.08710801393728224 0.5596868884540117 0.08013937282229965
0 0.3639921722113503 0.22996515679442509 0.3679060665362035 0.22996515679442509 0.3698630136986301 0.23693379790940766 0.3776908023483366 0.24041811846689895 0.3835616438356164 0.24738675958188153 0.3835616438356164 0.2508710801393728 0.3561643835616438 0.2508710801393728 0.3542074363992172 0.24738675958188153 0.3542074363992172 0.24041811846689895 0.35812133072407043 0.24041811846689895 0.3639921722113503 0.23344947735191637
0 0.3796477495107632 0.1916376306620209 0.3816046966731898 0.1986062717770035 0.3776908023483366 0.20209059233449478 0.37377690802348335 0.20209059233449478 0.37181996086105673 0.1986062717770035 0.37181996086105673 0.1951219512195122 0.3776908023483366 0.1916376306620209
0 0.5244618395303327 0.6411149825783972 0.5342465753424658 0.6411149825783972 0.5362035225048923 0.6480836236933798 0.5420743639921722 0.6480836236933798 0.5420743639921722 0.6585365853658537 0.5342465753424658 0.6655052264808362 0.5068493150684932 0.6689895470383276 0.5088062622309197 0.6655052264808362 0.5088062622309197 0.6585365853658537 0.512720156555773 0.6515679442508711 0.5166340508806262 0.6480836236933798 0.5225048923679061 0.6480836236933798 0.5244618395303327 0.6445993031358885
0 0.4500978473581213 0.04878048780487805 0.45596868884540115 0.04878048780487805 0.45596868884540115 0.05226480836236934 0.46771037181996084 0.06968641114982578 0.4774951076320939 0.06968641114982578 0.4794520547945205 0.07317073170731707 0.48532289628180036 0.06968641114982578 0.49510763209393344 0.08362369337979095 0.49510763209393344 0.10104529616724739 0.4911937377690802 0.10452961672473868 0.48140900195694714 0.10452961672473868 0.4774951076320939 0.0975609756097561 0.46966731898238745 0.0975609756097561 0.4657534246575342 0.10452961672473868 0.461839530332681 0.10452961672473868 0.45792563600782776 0.0975609756097561 0.45596868884540115 0.08013937282229965 0.4500978473581213 0.07317073170731707 0.4500978473581213 0.05226480836236934
0 0.5636007827788649 0.39372822299651566 0.5694716242661448 0.3867595818815331 0.5753424657534246 0.3867595818815331 0.5772994129158513 0.3902439024390244 0.589041095890411 0.3902439024390244 0.5929549902152642 0.39372822299651566 0.5909980430528375 0.41114982578397213 0.5949119373776908 0.4181184668989547 0.5851272015655578 0.42857142857142855 0.5851272015655578 0.4425087108013937 0.5812133072407045 0.4425087108013937 0.5733855185909981 0.44947735191637633 0.5694716242661448 0.4634146341463415 0.5694716242661448 0.47038327526132406 0.5655577299412916 0.4738675958188153 0.5655577299412916 0.4564459930313589 0.5596868884540117 0.4425087108013937 0.5596868884540117 0.43902439024390244 0.5636007827788649 0.43902439024390244 0.5675146771037182 0.43205574912891986 0.5655577299412916 0.4146341463414634 0.5694716242661448 0.40069686411149824 0.5655577299412916 0.397212543554007
0 0.5048923679060665 0.003484320557491289 0.5088062622309197 0.006968641114982578 0.5088062622309197 0.017421602787456445 0.5107632093933464 0.024390243902439025 0.5088062622309197 0.0313588850174216 0.5009784735812133 0.03832752613240418 0.49706457925636005 0.03832752613240418 0.49510763209393344 0.03484320557491289 0.48336594911937375 0.03484320557491289 0.48336594911937375 0.017421602787456445 0.49706457925636005 0.003484320557491289 0.50293542074364 0.003484320557491289
0 0.38943248532289626 0.0627177700348432 0.3933463796477495 0.059233449477351915 0.39921722113502933 0.059233449477351915 0.40313111545988256 0.0627177700348432 0.40313111545988256 0.07317073170731707 0.39921722113502933 0.07665505226480836 0.3933463796477495 0.07665505226480836 0.38943248532289626 0.07317073170731707 0.38943248532289626 0.06620209059233449
0 0.4344422700587084 0.14982578397212543 0.44031311154598823 0.156794425087108 0.44031311154598823 0.1602787456445993 0.4344422700587084 0.17073170731707318 0.42857142857142855 0.1672473867595819 0.42857142857142855 0.15331010452961671 0.4324853228962818 0.14982578397212543
0 0.41682974559686886 0.0627177700348432 0.42857142857142855 0.07665505226480836 0.43052837573385516 0.07317073170731707 0.43052837573385516 0.08013937282229965 0.41487279843444225 0.08013937282229965 0.410958904109589 0.07317073170731707 0.41682974559686886 0.06620209059233449
0 0.5812133072407045 0.8153310104529616 0.5831702544031311 0.8153310104529616 0.5831702544031311 0.8327526132404182 0.5772994129158513 0.8432055749128919 0.5772994129158513 0.8466898954703833 0.5753424657534246 0.8466898954703833 0.5714285714285714 0.8571428571428571 0.5655577299412916 0.8571428571428571 0.5596868884540117 0.8641114982578397 0.5538160469667319 0.8641114982578397 0.5538160469667319 0.8466898954703833 0.5557729941291585 0.8466898954703833 0.5596868884540117 0.8362369337979094 0.5655577299412916 0.8292682926829268 0.5753424657534246 0.8292682926829268 0.5812133072407045 0.818815331010453
0 0.5303326810176126 0.4878048780487805 0.5322896281800391 0.4878048780487805 0.538160469667319 0.5017421602787456 0.538160469667319 0.5261324041811847 0.5244618395303327 0.5156794425087108 0.5283757338551859 0.5156794425087108 0.5322896281800391 0.5087108013937283 0.5303326810176126 0.4912891986062718
0 0.6340508806262231 0.05574912891986063 0.6360078277886497 0.05574912891986063 0.6360078277886497 0.06968641114982578 0.6340508806262231 0.07317073170731707 0.6301369863013698 0.06968641114982578 0.6301369863013698 0.0627177700348432 0.6340508806262231 0.059233449477351915
0 0.3933463796477495 0.13240418118466898 0.39921722113502933 0.13240418118466898 0.39921722113502933 0.13588850174216027 0.40313111545988256 0.13937282229965156 0.40313111545988256 0.14285714285714285 0.39921722113502933 0.14634146341463414 0.3913894324853229 0.14634146341463414 0.38943248532289626 0.13937282229965156 0.3933463796477495 0.13588850174216027
0 0.3659491193737769 0.08710801393728224 0.3698630136986301 0.08710801393728224 0.37181996086105673 0.09059233449477352 0.3679060665362035 0.10104529616724739 0.36007827788649704 0.0975609756097561 0.3659491193737769 0.09059233449477352
0 0.43184904175185035 0.04734004243474198 0.008114224491357729 0.02092928191851751
0 0.6457925636007827 0.7177700348432056 0.6614481409001957 0.7177700348432056 0.6634050880626223 0.7212543554006968 0.6731898238747553 0.7247386759581882 0.6790606653620352 0.7317073170731707 0.6790606653620352 0.8292682926829268 0.6771037181996086 0.8327526132404182 0.6594911937377691 0.8327526132404182 0.6555772994129159 0.8292682926829268 0.649706457925636 0.818815331010453 0.649706457925636 0.8118466898954704 0.6457925636007827 0.8083623693379791 0.6457925636007827 0.7630662020905923 0.649706457925636 0.759581881533101 0.649706457925636 0.7282229965156795 0.6457925636007827 0.7247386759581882 0.6457925636007827 0.7212543554006968
0 0.5225048923679061 0.3902439024390244 0.5225048923679061 0.4181184668989547 0.5205479452054794 0.42160278745644597 0.5166340508806262 0.4181184668989547 0.5166340508806262 0.40418118466898956 0.5205479452054794 0.40069686411149824 0.5205479452054794 0.39372822299651566
0 0.410958904109589 0.017421602787456445 0.41682974559686886 0.017421602787456445 0.41682974559686886 0.020905923344947737 0.4227005870841487 0.027874564459930314 0.4246575342465753 0.024390243902439025 0.4246575342465753 0.0313588850174216 0.4070450097847358 0.0313588850174216 0.410958904109589 0.020905923344947737
0 0.5655577299412916 0.10452961672473868 0.5694716242661448 0.10801393728222997 0.5714285714285714 0.12195121951219512 0.5636007827788649 0.12195121951219512 0.5596868884540117 0.11846689895470383 0.5636007827788649 0.11498257839721254 0.5636007827788649 0.10801393728222997
0 0.6790606653620352 0.43205574912891986 0.6790606653620352 0.5052264808362369 0.6712328767123288 0.4843205574912892 0.6653620352250489 0.4843205574912892 0.6536203522504892 0.47038327526132406 0.6536203522504892 0.46689895470383275 0.6575342465753424 0.4634146341463415 0.6673189823874756 0.43902439024390244 0.6771037181996086 0.43902439024390244 0.6790606653620352 0.4355400696864111
0 0.538160469667319 0.2787456445993031 0.5440313111545988 0.27526132404181186 0.5440313111545988 0.2961672473867596 0.538160469667319 0.29965156794425085 0.538160469667319 0.28222996515679444