0 0.654296875 0.5243055555555556 0.65625 0.5243055555555556 0.658203125 0.53125 0.658203125 0.5798611111111112 0.654296875 0.5798611111111112 0.654296875 0.5277777777777778
0 0.470703125 0.6145833333333334 0.474609375 0.6145833333333334 0.474609375 0.6215277777777778 0.478515625 0.6284722222222222 0.478515625 0.6354166666666666 0.48046875 0.6388888888888888 0.478515625 0.6423611111111112 0.47265625 0.6388888888888888 0.470703125 0.6319444444444444 0.470703125 0.6180555555555556
0 0.603515625 0.6736111111111112 0.607421875 0.6770833333333334 0.619140625 0.6736111111111112 0.615234375 0.6805555555555556 0.615234375 0.6875 0.619140625 0.6909722222222222 0.619140625 0.6979166666666666 0.62109375 0.7013888888888888 0.62109375 0.71875 0.619140625 0.7222222222222222 0.619140625 0.7326388888888888 0.6171875 0.7361111111111112 0.61328125 0.7361111111111112 0.607421875 0.7118055555555556 0.607421875 0.7083333333333334 0.611328125 0.7048611111111112 0.611328125 0.6840277777777778 0.60546875 0.6770833333333334
0 0.505859375 0.375 0.509765625 0.3854166666666667 0.509765625 0.3993055555555556 0.5078125 0.4027777777777778 0.505859375 0.3958333333333333 0.505859375 0.3784722222222222
0 0.458984375 0.05555555555555555 0.458984375 0.052083333333333336 0.466796875 0.03819444444444445 0.470703125 0.03819444444444445 0.47265625 0.034722222222222224 0.4765625 0.03819444444444445 0.458984375 0.059027777777777776
0 0.61328125 0.2534722222222222 0.619140625 0.2604166666666667 0.62890625 0.2916666666666667 0.626953125 0.3576388888888889 0.6328125 0.3784722222222222 0.6328125 0.3854166666666667 0.623046875 0.3715277777777778 0.619140625 0.3784722222222222 0.615234375 0.3784722222222222 0.6171875 0.3680555555555556 0.62109375 0.3645833333333333 0.62109375 0.3472222222222222 0.61328125 0.3368055555555556 0.607421875 0.3090277777777778 0.60546875 0.3055555555555556 0.6015625 0.3055555555555556 0.6015625 0.2951388888888889 0.603515625 0.2916666666666667 0.603515625 0.2847222222222222 0.6015625 0.28125 0.6015625 0.2534722222222222 0.603515625 0.25 0.609375 0.25 0.611328125 0.2534722222222222
0 0.47265625 0.3194444444444444 0.474609375 0.3194444444444444 0.4765625 0.3263888888888889 0.4765625 0.34375 0.4765625 0.3333333333333333 0.47265625 0.3229166666666667
0 0.486328125 0.2986111111111111 0.48828125 0.2986111111111111 0.490234375 0.3055555555555556 0.490234375 0.3194444444444444 0.48828125 0.3194444444444444 0.486328125 0.3125 0.486328125 0.3020833333333333
0 0.623046875 0.4791666666666667 0.62890625 0.4791666666666667 0.62890625 0.4861111111111111 0.626953125 0.4895833333333333 0.62890625 0.4930555555555556 0.62890625 0.53125 0.62109375 0.5416666666666666 0.6171875 0.5381944444444444 0.6171875 0.4965277777777778 0.623046875 0.4826388888888889
0 0.505859375 0.24305555555555555 0.509765625 0.2604166666666667 0.509765625 0.2743055555555556 0.505859375 0.2743055555555556 0.505859375 0.2465277777777778
0 0.53125 0.06944444444444445 0.5390625 0.06944444444444445 0.533203125 0.06944444444444445 0.529296875 0.0763888888888889 0.53125 0.0798611111111111 0.529296875 0.09722222222222222 0.515625 0.12152777777777778 0.505859375 0.12152777777777778 0.505859375 0.1111111111111111 0.50390625 0.1076388888888889 0.50390625 0.10069444444444445 0.505859375 0.09722222222222222 0.501953125 0.08333333333333333 0.5078125 0.08333333333333333 0.521484375 0.06597222222222222 0.529296875 0.06944444444444445
0 0.6447916666666667 0.9175925925925925 0.009375 0.027777777777777776
0 0.466796875 0.2673611111111111 0.470703125 0.2743055555555556 0.470703125 0.3055555555555556 0.466796875 0.2916666666666667 0.466796875 0.2708333333333333
0 0.48828125 0.3125 0.490234375 0.3194444444444444 0.490234375 0.34375 0.48828125 0.34375 0.48828125 0.3368055555555556 0.486328125 0.3333333333333333 0.486328125 0.3159722222222222
0 0.48828125 0.24305555555555555 0.490234375 0.24305555555555555 0.490234375 0.2569444444444444 0.48828125 0.2638888888888889 0.486328125 0.2638888888888889 0.48828125 0.2465277777777778
0 0.576171875 0.6388888888888888 0.578125 0.6388888888888888 0.578125 0.65625 0.57421875 0.65625 0.576171875 0.6423611111111112
0 0.630859375 0.4548611111111111 0.63671875 0.4548611111111111 0.638671875 0.4583333333333333 0.63671875 0.4618055555555556 0.63671875 0.46875 0.640625 0.4826388888888889 0.640625 0.5104166666666666 0.638671875 0.5138888888888888 0.638671875 0.5243055555555556 0.634765625 0.53125 0.630859375 0.5277777777777778 0.630859375 0.5 0.62890625 0.4965277777777778 0.630859375 0.4583333333333333
0 0.63671875 0.1388888888888889 0.63671875 0.125 0.642578125 0.09722222222222222 0.646484375 0.09375 0.64453125 0.12152777777777778 0.642578125 0.125 0.642578125 0.13194444444444445 0.63671875 0.1423611111111111 0.63671875 0.14583333333333334 0.634765625 0.14583333333333334 0.634765625 0.1423611111111111
0 0.478515625 0.6423611111111112 0.4765625 0.6354166666666666 0.4765625 0.6111111111111112 0.478515625 0.6076388888888888 0.48046875 0.6076388888888888 0.48046875 0.6180555555555556 0.482421875 0.6215277777777778 0.48046875 0.6423611111111112
0 0.44921875 0.03125 0.451171875 0.03819444444444445 0.451171875 0.08680555555555555 0.447265625 0.09027777777777778 0.447265625 0.06944444444444445 0.4453125 0.06597222222222222 0.447265625 0.034722222222222224
0 0.55859375 0.4131944444444444 0.578125 0.4131944444444444 0.580078125 0.4166666666666667 0.578125 0.4201388888888889 0.55859375 0.4201388888888889 0.55859375 0.4166666666666667
0 0.498046875 0.24305555555555555 0.498046875 0.2708333333333333 0.49609375 0.2708333333333333 0.49609375 0.25 0.498046875 0.2465277777777778
0 0.51171875 0.2638888888888889 0.513671875 0.2638888888888889 0.513671875 0.2951388888888889 0.51171875 0.2951388888888889 0.51171875 0.2673611111111111
0 0.634765625 0.5347222222222222 0.63671875 0.5416666666666666 0.63671875 0.5694444444444444 0.625 0.59375 0.62109375 0.5902777777777778 0.62109375 0.5590277777777778 0.62890625 0.5381944444444444 0.6328125 0.5347222222222222
0 0.5 0.5347222222222222 0.50390625 0.5347222222222222 0.509765625 0.5520833333333334 0.509765625 0.5659722222222222 0.5078125 0.5659722222222222 0.501953125 0.5381944444444444
0 0.490234375 0.5590277777777778 0.494140625 0.5590277777777778 0.498046875 0.5694444444444444 0.498046875 0.5972222222222222 0.494140625 0.5868055555555556 0.4921875 0.5659722222222222 0.490234375 0.5625
0 0.349609375 0.4027777777777778 0.349609375 0.4097222222222222 0.34765625 0.4131944444444444 0.349609375 0.4270833333333333 0.345703125 0.4236111111111111 0.345703125 0.40625 0.34765625 0.40625
0 0.501953125 0.3194444444444444 0.50390625 0.3194444444444444 0.505859375 0.3263888888888889 0.505859375 0.3368055555555556 0.509765625 0.3506944444444444 0.509765625 0.3576388888888889 0.505859375 0.3541666666666667 0.501953125 0.3368055555555556 0.501953125 0.3229166666666667
0 0.490234375 0.5972222222222222 0.49609375 0.6076388888888888 0.498046875 0.6145833333333334 0.498046875 0.6284722222222222 0.5 0.6319444444444444 0.498046875 0.6354166666666666 0.49609375 0.6319444444444444 0.49609375 0.625 0.4921875 0.6180555555555556 0.4921875 0.6111111111111112 0.48828125 0.6006944444444444
0 0.54296875 0.2638888888888889 0.544921875 0.2673611111111111 0.544921875 0.3090277777777778 0.54296875 0.3125 0.541015625 0.3125 0.541015625 0.28125 0.54296875 0.2777777777777778 0.54296875 0.2673611111111111
0 0.564453125 0.6180555555555556 0.564453125 0.6319444444444444 0.560546875 0.6354166666666666 0.560546875 0.625 0.5625 0.6215277777777778