0 0.21484375 0.4270833333333333 0.216796875 0.4305555555555556 0.21484375 0.4375 0.20703125 0.4409722222222222 0.201171875 0.4479166666666667 0.193359375 0.4479166666666667 0.19140625 0.4513888888888889 0.185546875 0.4513888888888889 0.18359375 0.4444444444444444 0.193359375 0.4305555555555556 0.197265625 0.4305555555555556 0.19921875 0.4270833333333333 0.212890625 0.4270833333333333
0 0.8203125 0.3298611111111111 0.822265625 0.3333333333333333 0.830078125 0.3333333333333333 0.83203125 0.3368055555555556 0.853515625 0.3402777777777778 0.859375 0.3472222222222222 0.85546875 0.3506944444444444 0.818359375 0.3506944444444444 0.81640625 0.3541666666666667 0.787109375 0.3541666666666667 0.78515625 0.3506944444444444 0.775390625 0.3506944444444444 0.765625 0.34375 0.763671875 0.3402777777777778 0.763671875 0.3333333333333333 0.765625 0.3298611111111111 0.818359375 0.3298611111111111
0 0.697265625 0.4027777777777778 0.703125 0.4097222222222222 0.7109375 0.4097222222222222 0.712890625 0.4131944444444444 0.724609375 0.4166666666666667 0.724609375 0.4236111111111111 0.677734375 0.4236111111111111 0.67578125 0.4201388888888889 0.66796875 0.4201388888888889 0.66015625 0.4097222222222222 0.662109375 0.4027777777777778 0.669921875 0.4027777777777778 0.671875 0.3993055555555556 0.67578125 0.4027777777777778 0.6953125 0.4027777777777778
0 0.587890625 0.6527777777777778 0.58984375 0.65625 0.59765625 0.65625 0.599609375 0.6597222222222222 0.611328125 0.6597222222222222 0.611328125 0.6701388888888888 0.60546875 0.6701388888888888 0.603515625 0.6736111111111112 0.5859375 0.6736111111111112 0.583984375 0.6770833333333334 0.568359375 0.6770833333333334 0.56640625 0.6805555555555556 0.541015625 0.6770833333333334 0.53125 0.6701388888888888 0.529296875 0.6666666666666666 0.529296875 0.6597222222222222 0.537109375 0.6527777777777778 0.5859375 0.6527777777777778
0 0.607421875 0.2534722222222222 0.615234375 0.2604166666666667 0.626953125 0.2638888888888889 0.630859375 0.2708333333333333 0.642578125 0.2743055555555556 0.642578125 0.2777777777777778 0.638671875 0.28125 0.6015625 0.2777777777777778 0.599609375 0.2743055555555556 0.5859375 0.2708333333333333 0.580078125 0.2638888888888889 0.580078125 0.2534722222222222 0.58203125 0.25 0.599609375 0.25 0.6015625 0.2534722222222222 0.60546875 0.2534722222222222
0 0.560546875 0.13194444444444445 0.560546875 0.125 0.568359375 0.11458333333333333 0.572265625 0.11458333333333333 0.57421875 0.1111111111111111 0.5859375 0.1111111111111111 0.587890625 0.1076388888888889 0.595703125 0.1111111111111111 0.59765625 0.11805555555555555 0.595703125 0.13541666666666666 0.5703125 0.1388888888888889 0.5625 0.13194444444444445
0 0.283203125 0.21180555555555555 0.287109375 0.2152777777777778 0.291015625 0.22569444444444445 0.283203125 0.22569444444444445 0.275390625 0.2326388888888889 0.244140625 0.2326388888888889 0.2421875 0.22916666666666666 0.2421875 0.2222222222222222 0.244140625 0.21875 0.251953125 0.21875 0.25390625 0.2152777777777778 0.28125 0.21180555555555555
0 0.341796875 0.3298611111111111 0.341796875 0.3506944444444444 0.333984375 0.3506944444444444 0.328125 0.34375 0.328125 0.3368055555555556 0.330078125 0.3333333333333333 0.333984375 0.3298611111111111 0.33984375 0.3298611111111111
0 0.97265625 0.4166666666666667 0.98828125 0.4166666666666667 0.994140625 0.4236111111111111 0.998046875 0.4236111111111111 0.998046875 0.4548611111111111 0.99609375 0.4513888888888889 0.986328125 0.4479166666666667 0.974609375 0.4340277777777778 0.970703125 0.4236111111111111 0.97265625 0.4201388888888889
0 0.28515625 0.21180555555555555 0.28515625 0.2048611111111111 0.287109375 0.2013888888888889 0.3046875 0.20833333333333334 0.33203125 0.2326388888888889 0.333984375 0.2361111111111111 0.333984375 0.24305555555555555 0.318359375 0.23958333333333334 0.31640625 0.2361111111111111 0.306640625 0.2361111111111111 0.3046875 0.2326388888888889 0.294921875 0.22916666666666666 0.287109375 0.21180555555555555
0 0.75390625 0.3784722222222222 0.7578125 0.3888888888888889 0.72265625 0.3888888888888889 0.720703125 0.3854166666666667 0.716796875 0.3854166666666667 0.71484375 0.3819444444444444 0.716796875 0.375 0.74609375 0.375 0.748046875 0.3784722222222222 0.751953125 0.3784722222222222
0 0.59765625 0.4131944444444444 0.599609375 0.4166666666666667 0.611328125 0.4166666666666667 0.611328125 0.4236111111111111 0.607421875 0.4270833333333333 0.5859375 0.4270833333333333 0.583984375 0.4305555555555556 0.57421875 0.4270833333333333 0.57421875 0.4166666666666667 0.576171875 0.4131944444444444 0.58203125 0.4131944444444444 0.583984375 0.4097222222222222 0.595703125 0.4131944444444444
0 0.177734375 0.5729166666666666 0.1796875 0.5763888888888888 0.18359375 0.5763888888888888 0.1875 0.5833333333333334 0.1875 0.5902777777777778 0.177734375 0.5972222222222222 0.171875 0.6111111111111112 0.166015625 0.6111111111111112 0.154296875 0.5902777777777778 0.15234375 0.5763888888888888 0.16015625 0.5694444444444444 0.17578125 0.5729166666666666
0 0.55078125 0.1527777777777778 0.5625 0.14930555555555555 0.564453125 0.14583333333333334 0.576171875 0.14583333333333334 0.583984375 0.1388888888888889 0.59375 0.1388888888888889 0.599609375 0.14930555555555555 0.599609375 0.1597222222222222 0.59765625 0.16666666666666666 0.59375 0.16666666666666666 0.591796875 0.1701388888888889 0.56640625 0.1701388888888889 0.564453125 0.1736111111111111 0.560546875 0.1736111111111111 0.55859375 0.1701388888888889 0.552734375 0.1701388888888889 0.548828125 0.1597222222222222 0.55078125 0.15625
0 0.296875 0.2916666666666667 0.29296875 0.3020833333333333 0.29296875 0.3125 0.291015625 0.3159722222222222 0.27734375 0.3263888888888889 0.26171875 0.3298611111111111 0.25390625 0.3368055555555556 0.2421875 0.3402777777777778 0.240234375 0.34375 0.21875 0.34375 0.216796875 0.3368055555555556 0.220703125 0.3298611111111111 0.25390625 0.3055555555555556 0.26171875 0.3055555555555556 0.26953125 0.2986111111111111 0.287109375 0.2986111111111111 0.294921875 0.2916666666666667
0 0.158203125 0.4375 0.158203125 0.4305555555555556 0.169921875 0.4166666666666667 0.17578125 0.4166666666666667 0.18359375 0.4097222222222222 0.193359375 0.4097222222222222 0.1953125 0.40625 0.20703125 0.40625 0.21484375 0.3993055555555556 0.220703125 0.40625 0.216796875 0.4131944444444444 0.2109375 0.4131944444444444 0.20703125 0.4201388888888889 0.197265625 0.4236111111111111 0.1875 0.4340277777777778 0.181640625 0.4340277777777778 0.1796875 0.4375 0.16015625 0.4375
0 0.181640625 0.3159722222222222 0.18359375 0.3194444444444444 0.18359375 0.3263888888888889 0.1796875 0.3298611111111111 0.169921875 0.3298611111111111 0.16015625 0.3402777777777778 0.14453125 0.34375 0.142578125 0.3472222222222222 0.1328125 0.3472222222222222 0.130859375 0.3506944444444444 0.126953125 0.3472222222222222 0.11328125 0.3472222222222222 0.109375 0.3402777777777778 0.111328125 0.3333333333333333 0.123046875 0.3298611111111111 0.125 0.3263888888888889 0.1328125 0.3263888888888889 0.142578125 0.3194444444444444 0.1796875 0.3194444444444444
0 0.748046875 0.3888888888888889 0.75 0.3923611111111111 0.765625 0.3923611111111111 0.767578125 0.3958333333333333 0.775390625 0.3958333333333333 0.77734375 0.3993055555555556 0.78515625 0.3993055555555556 0.787109375 0.4027777777777778 0.794921875 0.4027777777777778 0.796875 0.3993055555555556 0.802734375 0.3993055555555556 0.806640625 0.3958333333333333 0.806640625 0.3993055555555556 0.802734375 0.4027777777777778 0.802734375 0.4131944444444444 0.80078125 0.4166666666666667 0.796875 0.4131944444444444 0.78515625 0.4131944444444444 0.783203125 0.4166666666666667 0.751953125 0.4201388888888889 0.75 0.4236111111111111 0.74609375 0.4236111111111111 0.732421875 0.4131944444444444 0.7265625 0.4131944444444444 0.71875 0.4027777777777778 0.728515625 0.3888888888888889 0.74609375 0.3888888888888889
0 0.31614583333333335 0.3087962962962963 0.04895833333333333 0.030555555555555558
0 0.11328125 0.4131944444444444 0.115234375 0.4166666666666667 0.1484375 0.4166666666666667 0.150390625 0.4236111111111111 0.1484375 0.4270833333333333 0.140625 0.4270833333333333 0.138671875 0.4305555555555556 0.125 0.4340277777777778 0.123046875 0.4375 0.11328125 0.4375 0.111328125 0.4409722222222222 0.087890625 0.4409722222222222 0.078125 0.4340277777777778 0.078125 0.4270833333333333 0.0859375 0.4201388888888889 0.091796875 0.4201388888888889 0.09375 0.4166666666666667 0.107421875 0.4166666666666667 0.111328125 0.4131944444444444
0 0.9296875 0.4305555555555556 0.9296875 0.4375 0.92578125 0.4444444444444444 0.91015625 0.4479166666666667 0.908203125 0.4513888888888889 0.900390625 0.4513888888888889 0.8984375 0.4548611111111111 0.888671875 0.4548611111111111 0.88671875 0.4583333333333333 0.86328125 0.4583333333333333 0.861328125 0.4548611111111111 0.85546875 0.4548611111111111 0.849609375 0.4479166666666667 0.8515625 0.4409722222222222 0.857421875 0.4409722222222222 0.859375 0.4375 0.87109375 0.4375 0.873046875 0.4340277777777778 0.919921875 0.4340277777777778 0.921875 0.4305555555555556 0.927734375 0.4305555555555556
0 0.21875 0.6041666666666666 0.220703125 0.6111111111111112 0.208984375 0.6284722222222222 0.19921875 0.6284722222222222 0.19921875 0.6145833333333334 0.203125 0.6076388888888888 0.216796875 0.6041666666666666
0 0.64453125 0.3645833333333333 0.64453125 0.3784722222222222 0.630859375 0.3784722222222222 0.62890625 0.3819444444444444 0.623046875 0.3819444444444444 0.61328125 0.3923611111111111 0.6015625 0.3923611111111111 0.599609375 0.3958333333333333 0.580078125 0.3958333333333333 0.57421875 0.3888888888888889 0.57421875 0.375 0.580078125 0.375 0.58203125 0.3715277777777778 0.599609375 0.3715277777777778 0.6015625 0.3680555555555556 0.638671875 0.3680555555555556 0.642578125 0.3645833333333333
0 0.8624999999999999 0.5148148148148147 0.1125 0.05185185185185185
0 0.298828125 0.375 0.306640625 0.3680555555555556 0.31640625 0.3680555555555556 0.318359375 0.3645833333333333 0.32421875 0.3645833333333333 0.326171875 0.3680555555555556 0.326171875 0.3715277777777778 0.318359375 0.3854166666666667 0.310546875 0.3923611111111111 0.30078125 0.3923611111111111 0.296875 0.3854166666666667 0.298828125 0.3784722222222222
0 0.19921875 0.3333333333333333 0.19921875 0.34375 0.203125 0.3541666666666667 0.189453125 0.3541666666666667 0.185546875 0.3611111111111111 0.185546875 0.3680555555555556 0.18359375 0.3715277777777778 0.16796875 0.3680555555555556 0.166015625 0.3715277777777778 0.158203125 0.3715277777777778 0.1484375 0.3784722222222222 0.12890625 0.3784722222222222 0.126953125 0.375 0.123046875 0.375 0.12109375 0.3715277777777778 0.12109375 0.3645833333333333 0.123046875 0.3611111111111111 0.130859375 0.3541666666666667 0.138671875 0.3541666666666667 0.140625 0.3506944444444444 0.146484375 0.3506944444444444 0.15625 0.34375 0.169921875 0.34375 0.171875 0.3402777777777778 0.177734375 0.3402777777777778 0.18359375 0.3333333333333333 0.197265625 0.3333333333333333
0 0.275390625 0.3472222222222222 0.27734375 0.3645833333333333 0.26171875 0.3645833333333333 0.248046875 0.375 0.23046875 0.3784722222222222 0.228515625 0.3819444444444444 0.19921875 0.3819444444444444 0.1953125 0.3784722222222222 0.1953125 0.3715277777777778 0.19921875 0.3680555555555556 0.203125 0.3680555555555556 0.21484375 0.3576388888888889 0.22265625 0.3576388888888889 0.224609375 0.3541666666666667 0.240234375 0.3541666666666667 0.2421875 0.3506944444444444 0.26953125 0.3506944444444444 0.2734375 0.3472222222222222
0 0.2552083333333333 0.19212962962962965 0.07708333333333334 0.03425925925925926
0 0.046875 0.3506944444444444 0.048828125 0.3472222222222222 0.07421875 0.3472222222222222 0.076171875 0.3506944444444444 0.076171875 0.3645833333333333 0.07421875 0.3680555555555556 0.060546875 0.3680555555555556 0.0546875 0.3576388888888889 0.048828125 0.3541666666666667
0 0.134765625 0.2569444444444444 0.13671875 0.2604166666666667 0.146484375 0.2604166666666667 0.146484375 0.2777777777777778 0.138671875 0.28125 0.1328125 0.2881944444444444 0.12109375 0.2881944444444444 0.119140625 0.2916666666666667 0.115234375 0.2881944444444444 0.109375 0.2881944444444444 0.103515625 0.28125 0.080078125 0.2777777777777778 0.078125 0.2743055555555556 0.07421875 0.2743055555555556 0.072265625 0.2708333333333333 0.072265625 0.2638888888888889 0.078125 0.2569444444444444 0.083984375 0.2569444444444444 0.0859375 0.2534722222222222 0.126953125 0.2534722222222222 0.12890625 0.2569444444444444 0.1328125 0.2569444444444444
0 0.58984375 0.3229166666666667 0.587890625 0.3159722222222222 0.587890625 0.3055555555555556 0.59375 0.2951388888888889 0.59765625 0.2916666666666667 0.619140625 0.2916666666666667 0.62109375 0.2881944444444444 0.62890625 0.2881944444444444 0.626953125 0.2916666666666667 0.626953125 0.3055555555555556 0.615234375 0.3020833333333333 0.61328125 0.3055555555555556 0.609375 0.3055555555555556 0.599609375 0.3229166666666667 0.595703125 0.3263888888888889 0.591796875 0.3229166666666667
0 0.361328125 0.5798611111111112 0.353515625 0.59375 0.353515625 0.6006944444444444 0.34765625 0.6215277777777778 0.34765625 0.6284722222222222 0.349609375 0.6319444444444444 0.349609375 0.6701388888888888 0.345703125 0.6770833333333334 0.328125 0.6770833333333334 0.326171875 0.6840277777777778 0.322265625 0.6875 0.30859375 0.6909722222222222 0.302734375 0.6979166666666666 0.298828125 0.6979166666666666 0.291015625 0.6909722222222222 0.28515625 0.6805555555555556 0.27734375 0.6805555555555556 0.271484375 0.6875 0.267578125 0.7048611111111112 0.265625 0.7048611111111112 0.259765625 0.7152777777777778 0.255859375 0.7152777777777778 0.25390625 0.71875 0.25 0.7152777777777778 0.25 0.6979166666666666 0.251953125 0.6909722222222222 0.25 0.6840277777777778 0.240234375 0.6701388888888888 0.240234375 0.6631944444444444 0.244140625 0.65625 0.267578125 0.65625 0.26953125 0.6597222222222222 0.27734375 0.65625 0.287109375 0.6423611111111112 0.2890625 0.6319444444444444 0.296875 0.6180555555555556 0.298828125 0.6180555555555556 0.3125 0.5972222222222222 0.31640625 0.5972222222222222 0.337890625 0.5798611111111112 0.359375 0.5798611111111112
0 0.197265625 0.3819444444444444 0.19921875 0.3854166666666667 0.21484375 0.3854166666666667 0.216796875 0.3888888888888889 0.205078125 0.3993055555555556 0.177734375 0.3993055555555556 0.173828125 0.3958333333333333 0.18359375 0.3854166666666667 0.1953125 0.3819444444444444