0 0.5390625 0.8402777777777778 0.54296875 0.8506944444444444 0.541015625 0.8611111111111112 0.533203125 0.8715277777777778 0.525390625 0.8715277777777778 0.5234375 0.8680555555555556 0.5234375 0.8611111111111112 0.525390625 0.8576388888888888 0.529296875 0.8576388888888888 0.537109375 0.84375
0 0.587890625 0.3402777777777778 0.591796875 0.3472222222222222 0.591796875 0.3611111111111111 0.587890625 0.375 0.57421875 0.3715277777777778 0.5703125 0.3611111111111111 0.5703125 0.3506944444444444 0.58203125 0.3368055555555556 0.5859375 0.3402777777777778
0 0.529296875 0.14583333333333334 0.53125 0.1423611111111111 0.54296875 0.1423611111111111 0.546875 0.1388888888888889 0.5546875 0.15625 0.5546875 0.16319444444444445 0.55078125 0.16666666666666666 0.546875 0.16666666666666666 0.53125 0.14930555555555555
0 0.490234375 0.1076388888888889 0.4921875 0.11458333333333333 0.490234375 0.12152777777777778 0.484375 0.11805555555555555 0.484375 0.1111111111111111 0.48828125 0.1076388888888889
0 0.525390625 0.4131944444444444 0.53125 0.4270833333333333 0.529296875 0.4409722222222222 0.517578125 0.4375 0.509765625 0.4236111111111111 0.515625 0.4097222222222222 0.521484375 0.4097222222222222 0.5234375 0.4131944444444444
0 0.498046875 0.4409722222222222 0.501953125 0.4444444444444444 0.501953125 0.4513888888888889 0.5 0.4548611111111111 0.49609375 0.4548611111111111 0.494140625 0.4513888888888889 0.494140625 0.4444444444444444 0.49609375 0.4444444444444444
0 0.62890625 0.8125 0.62890625 0.84375 0.626953125 0.8472222222222222 0.623046875 0.8472222222222222 0.6171875 0.8402777777777778 0.6171875 0.8263888888888888 0.619140625 0.8194444444444444 0.626953125 0.8125
0 0.54296875 0.5520833333333334 0.55078125 0.5590277777777778 0.55078125 0.5763888888888888 0.537109375 0.5868055555555556 0.533203125 0.5868055555555556 0.53125 0.5798611111111112 0.53125 0.5625 0.53515625 0.5520833333333334 0.541015625 0.5520833333333334
0 0.5546875 0.4513888888888889 0.5625 0.4652777777777778 0.564453125 0.4652777777777778 0.564453125 0.4756944444444444 0.560546875 0.4722222222222222 0.55078125 0.4722222222222222 0.544921875 0.4652777777777778 0.544921875 0.4548611111111111 0.548828125 0.4479166666666667 0.552734375 0.4513888888888889
0 0.4786458333333333 0.17037037037037037 0.009375 0.018518518518518517
0 0.62109375 0.3472222222222222 0.623046875 0.3506944444444444 0.62890625 0.3402777777777778 0.62890625 0.3333333333333333 0.630859375 0.3298611111111111 0.654296875 0.3090277777777778 0.658203125 0.3125 0.658203125 0.3541666666666667 0.642578125 0.3611111111111111 0.63671875 0.3680555555555556 0.62890625 0.3680555555555556 0.62109375 0.3819444444444444 0.619140625 0.3819444444444444 0.6171875 0.3611111111111111 0.61328125 0.3506944444444444 0.615234375 0.34375 0.619140625 0.3472222222222222
0 0.623046875 0.9375 0.625 0.9409722222222222 0.634765625 0.9444444444444444 0.650390625 0.9756944444444444 0.65625 0.9791666666666666 0.65625 0.9930555555555556 0.654296875 0.9965277777777778 0.65234375 0.9965277777777778 0.646484375 0.9861111111111112 0.626953125 0.9895833333333334 0.609375 0.9548611111111112 0.61328125 0.9409722222222222 0.62109375 0.9375
0 0.36328125 0.4861111111111111 0.365234375 0.4895833333333333 0.373046875 0.4861111111111111 0.376953125 0.4930555555555556 0.359375 0.5138888888888888 0.349609375 0.5138888888888888 0.34765625 0.5034722222222222 0.3515625 0.4895833333333333 0.35546875 0.4861111111111111 0.361328125 0.4861111111111111
0 0.361328125 0.3402777777777778 0.36328125 0.3506944444444444 0.369140625 0.3611111111111111 0.380859375 0.3645833333333333 0.3828125 0.3680555555555556 0.380859375 0.375 0.369140625 0.375 0.3671875 0.3715277777777778 0.36328125 0.375 0.345703125 0.375 0.341796875 0.3645833333333333 0.341796875 0.3541666666666667 0.35546875 0.3368055555555556 0.359375 0.3402777777777778
0 0.501953125 0.1388888888888889 0.50390625 0.1423611111111111 0.50390625 0.14930555555555555 0.501953125 0.1527777777777778 0.4921875 0.1527777777777778 0.490234375 0.15625 0.484375 0.15625 0.486328125 0.14583333333333334 0.48828125 0.1423611111111111 0.490234375 0.14583333333333334 0.494140625 0.14583333333333334 0.5 0.1388888888888889
0 0.3575520833333333 0.09768518518518518 0.0140625 0.021296296296296296
0 0.65078125 0.45462962962962966 0.015104166666666667 0.0462962962962963
0 0.490234375 0.5555555555555556 0.494140625 0.5694444444444444 0.48828125 0.5694444444444444 0.484375 0.5625 0.484375 0.5590277777777778 0.48828125 0.5555555555555556
0 0.380859375 0.22569444444444445 0.3828125 0.22916666666666666 0.3828125 0.2361111111111111 0.37890625 0.23958333333333334 0.369140625 0.23958333333333334 0.361328125 0.2326388888888889 0.361328125 0.22916666666666666 0.37109375 0.2222222222222222 0.376953125 0.2222222222222222 0.37890625 0.22569444444444445
0 0.341796875 0.6666666666666666 0.34765625 0.6701388888888888 0.34765625 0.6805555555555556 0.341796875 0.6805555555555556 0.341796875 0.6701388888888888
0 0.56640625 0.09375 0.5703125 0.09375 0.5703125 0.09722222222222222 0.578125 0.1111111111111111 0.58203125 0.1111111111111111 0.583984375 0.11458333333333333 0.595703125 0.11458333333333333 0.59765625 0.11805555555555555 0.60546875 0.11805555555555555 0.607421875 0.11458333333333333 0.625 0.11805555555555555 0.630859375 0.1076388888888889 0.6328125 0.09722222222222222 0.638671875 0.09722222222222222 0.638671875 0.1076388888888889 0.634765625 0.11805555555555555 0.623046875 0.1284722222222222 0.619140625 0.1284722222222222 0.611328125 0.14583333333333334 0.595703125 0.15625 0.587890625 0.15625 0.58203125 0.14930555555555555 0.578125 0.14930555555555555 0.57421875 0.1423611111111111 0.572265625 0.13541666666666666 0.572265625 0.11805555555555555 0.56640625 0.09722222222222222
0 0.498046875 0.5 0.5 0.5069444444444444 0.498046875 0.5138888888888888 0.494140625 0.5208333333333334 0.48828125 0.5208333333333334 0.48828125 0.5069444444444444 0.49609375 0.5034722222222222
0 0.376953125 0.4513888888888889 0.37890625 0.4548611111111111 0.37890625 0.4618055555555556 0.369140625 0.4722222222222222 0.34375 0.4722222222222222 0.341796875 0.46875 0.341796875 0.4548611111111111 0.349609375 0.4444444444444444 0.37109375 0.4444444444444444 0.375 0.4513888888888889
0 0.408203125 0.4583333333333333 0.41796875 0.4652777777777778 0.419921875 0.4722222222222222 0.416015625 0.4791666666666667 0.404296875 0.4791666666666667 0.40234375 0.4756944444444444 0.40234375 0.4652777777777778 0.40625 0.4618055555555556
0 0.5703125 0.6527777777777778 0.58203125 0.6631944444444444 0.58984375 0.6597222222222222 0.59375 0.6666666666666666 0.591796875 0.6736111111111112 0.59765625 0.6805555555555556 0.6015625 0.6909722222222222 0.611328125 0.6909722222222222 0.61328125 0.6875 0.615234375 0.6909722222222222 0.630859375 0.6909722222222222 0.6328125 0.6944444444444444 0.642578125 0.6944444444444444 0.64453125 0.6979166666666666 0.654296875 0.6979166666666666 0.658203125 0.7013888888888888 0.658203125 0.78125 0.65625 0.7847222222222222 0.658203125 0.7881944444444444 0.658203125 0.8055555555555556 0.65625 0.8055555555555556 0.6484375 0.7986111111111112 0.64453125 0.7847222222222222 0.642578125 0.7604166666666666 0.638671875 0.75 0.611328125 0.7256944444444444 0.59765625 0.7048611111111112 0.580078125 0.7048611111111112 0.578125 0.7013888888888888 0.572265625 0.7118055555555556 0.564453125 0.7118055555555556 0.56640625 0.7048611111111112 0.56640625 0.6909722222222222 0.568359375 0.6875 0.568359375 0.6597222222222222 0.5703125 0.65625
0 0.380859375 0.19791666666666666 0.3828125 0.2048611111111111 0.380859375 0.21180555555555555 0.375 0.2048611111111111 0.375 0.2013888888888889 0.37890625 0.19791666666666666
0 0.515625 0.3298611111111111 0.51953125 0.3194444444444444 0.525390625 0.3194444444444444 0.529296875 0.3298611111111111 0.5234375 0.3368055555555556 0.51953125 0.3368055555555556 0.517578125 0.3333333333333333
0 0.42578125 0.6944444444444444 0.4296875 0.6909722222222222 0.447265625 0.6909722222222222 0.451171875 0.6944444444444444 0.451171875 0.7013888888888888 0.4453125 0.7118055555555556 0.44140625 0.7118055555555556 0.439453125 0.7152777777777778 0.419921875 0.7152777777777778 0.421875 0.7013888888888888 0.42578125 0.6979166666666666