0 0.509765625 0.09375 0.517578125 0.10069444444444445 0.521484375 0.1111111111111111 0.521484375 0.12152777777777778 0.515625 0.12152777777777778 0.51171875 0.1111111111111111 0.5078125 0.1076388888888889 0.509765625 0.09722222222222222
0 0.345703125 0.0625 0.349609375 0.07291666666666667 0.349609375 0.08680555555555555 0.3515625 0.09027777777777778 0.349609375 0.09722222222222222 0.349609375 0.1111111111111111 0.34375 0.1111111111111111 0.341796875 0.1076388888888889 0.341796875 0.0763888888888889 0.34375 0.07291666666666667 0.34375 0.06597222222222222
0 0.51171875 0.3194444444444444 0.515625 0.3194444444444444 0.51953125 0.3263888888888889 0.5234375 0.3263888888888889 0.529296875 0.3194444444444444 0.52734375 0.3229166666666667 0.529296875 0.3263888888888889 0.529296875 0.3402777777777778 0.525390625 0.3402777777777778 0.5234375 0.34375 0.5234375 0.3506944444444444 0.51953125 0.3506944444444444 0.513671875 0.34375 0.51171875 0.3368055555555556 0.51171875 0.3229166666666667
0 0.55859375 0.6388888888888888 0.5703125 0.6493055555555556 0.580078125 0.6493055555555556 0.580078125 0.6597222222222222 0.58203125 0.6631944444444444 0.5859375 0.6631944444444444 0.587890625 0.6597222222222222 0.583984375 0.6701388888888888 0.58984375 0.6770833333333334 0.587890625 0.6840277777777778 0.578125 0.6909722222222222 0.564453125 0.6875 0.556640625 0.6979166666666666 0.552734375 0.6979166666666666 0.55078125 0.6944444444444444 0.5546875 0.6770833333333334 0.5546875 0.6527777777777778 0.55859375 0.6423611111111112
0 0.6015625 0.8055555555555556 0.607421875 0.7986111111111112 0.611328125 0.7986111111111112 0.611328125 0.8090277777777778 0.609375 0.8125 0.609375 0.8229166666666666 0.611328125 0.8298611111111112 0.609375 0.8333333333333334 0.60546875 0.8333333333333334 0.599609375 0.8263888888888888 0.599609375 0.8125 0.6015625 0.8090277777777778
0 0.625 0.13541666666666666 0.62890625 0.1423611111111111 0.626953125 0.15625 0.6171875 0.15625 0.6171875 0.14583333333333334 0.619140625 0.1388888888888889 0.623046875 0.13541666666666666
0 0.546875 0.09027777777777778 0.5546875 0.1076388888888889 0.568359375 0.11805555555555555 0.591796875 0.11805555555555555 0.595703125 0.12152777777777778 0.60546875 0.1111111111111111 0.60546875 0.11805555555555555 0.591796875 0.13541666666666666 0.56640625 0.13541666666666666 0.5625 0.13194444444444445 0.55859375 0.12152777777777778 0.55078125 0.11458333333333333 0.546875 0.10069444444444445 0.546875 0.09375
0 0.369140625 0.2361111111111111 0.375 0.24305555555555555 0.37890625 0.24305555555555555 0.3828125 0.2534722222222222 0.357421875 0.2534722222222222 0.353515625 0.24305555555555555 0.36328125 0.2326388888888889 0.3671875 0.2361111111111111
0 0.376953125 0.19791666666666666 0.380859375 0.2048611111111111 0.37109375 0.2048611111111111 0.37109375 0.2013888888888889 0.375 0.19791666666666666
0 0.5234375 0.6180555555555556 0.525390625 0.6215277777777778 0.529296875 0.6215277777777778 0.529296875 0.6284722222222222 0.509765625 0.6423611111111112 0.49609375 0.6423611111111112 0.49609375 0.6319444444444444 0.501953125 0.6215277777777778 0.505859375 0.6215277777777778 0.5078125 0.6180555555555556 0.521484375 0.6180555555555556
0 0.4453125 0.06597222222222222 0.44921875 0.06597222222222222 0.458984375 0.08333333333333333 0.46484375 0.08333333333333333 0.466796875 0.08680555555555555 0.478515625 0.08680555555555555 0.486328125 0.10069444444444445 0.484375 0.11458333333333333 0.48046875 0.11805555555555555 0.46875 0.11458333333333333 0.466796875 0.1076388888888889 0.455078125 0.11805555555555555 0.451171875 0.1111111111111111 0.451171875 0.10069444444444445 0.4453125 0.08680555555555555 0.4453125 0.06944444444444445
0 0.5703125 0.3819444444444444 0.576171875 0.3888888888888889 0.57421875 0.3923611111111111 0.57421875 0.4027777777777778 0.578125 0.4097222222222222 0.568359375 0.4166666666666667 0.568359375 0.4305555555555556 0.56640625 0.4340277777777778 0.560546875 0.4340277777777778 0.556640625 0.4409722222222222 0.55078125 0.4618055555555556 0.548828125 0.4548611111111111 0.548828125 0.4409722222222222 0.544921875 0.4305555555555556 0.544921875 0.4270833333333333 0.548828125 0.4270833333333333 0.55078125 0.4236111111111111 0.55078125 0.4027777777777778 0.552734375 0.3993055555555556 0.552734375 0.3923611111111111 0.548828125 0.3854166666666667 0.55078125 0.3819444444444444 0.568359375 0.3819444444444444
0 0.474609375 0.052083333333333336 0.47265625 0.03819444444444445 0.482421875 0.024305555555555556 0.49609375 0.024305555555555556 0.5 0.034722222222222224 0.5 0.04513888888888889 0.49609375 0.052083333333333336 0.4765625 0.052083333333333336
0 0.39453125 0.07291666666666667 0.400390625 0.0798611111111111 0.400390625 0.08680555555555555 0.3984375 0.09027777777777778 0.390625 0.09027777777777778 0.388671875 0.08680555555555555 0.388671875 0.0763888888888889 0.392578125 0.07291666666666667
0 0.427734375 0.1597222222222222 0.435546875 0.16666666666666666 0.435546875 0.1701388888888889 0.4296875 0.17708333333333334 0.42578125 0.17708333333333334 0.421875 0.1701388888888889 0.421875 0.16319444444444445 0.42578125 0.1597222222222222
0 0.419921875 0.08333333333333333 0.421875 0.08680555555555555 0.42578125 0.08680555555555555 0.42578125 0.09375 0.41015625 0.09375 0.408203125 0.09027777777777778 0.408203125 0.08333333333333333 0.41015625 0.0798611111111111 0.416015625 0.0798611111111111 0.41796875 0.08333333333333333
0 0.564453125 0.7777777777777778 0.56640625 0.7777777777777778 0.568359375 0.7916666666666666 0.556640625 0.8159722222222222 0.552734375 0.8159722222222222 0.54296875 0.8263888888888888 0.54296875 0.8055555555555556 0.548828125 0.7951388888888888 0.552734375 0.7916666666666666 0.55859375 0.7916666666666666 0.564453125 0.78125
0 0.515625 0.4722222222222222 0.51953125 0.4756944444444444 0.51953125 0.4791666666666667 0.525390625 0.4895833333333333 0.525390625 0.4965277777777778 0.52734375 0.5 0.525390625 0.5104166666666666 0.51953125 0.5034722222222222 0.513671875 0.5034722222222222 0.517578125 0.4930555555555556 0.517578125 0.4791666666666667 0.515625 0.4756944444444444
0 0.6145833333333334 0.07962962962962963 0.008333333333333333 0.016666666666666666
0 0.388671875 0.15625 0.388671875 0.14583333333333334 0.390625 0.1423611111111111 0.400390625 0.14930555555555555 0.400390625 0.1527777777777778 0.396484375 0.15625 0.390625 0.15625
0 0.369140625 0.10069444444444445 0.37109375 0.1076388888888889 0.3671875 0.11458333333333333 0.36328125 0.11458333333333333 0.36328125 0.10416666666666667 0.3671875 0.10069444444444445
0 0.42578125 0.05555555555555555 0.427734375 0.05555555555555555 0.427734375 0.06944444444444445 0.42578125 0.07291666666666667 0.423828125 0.06597222222222222 0.42578125 0.059027777777777776
0 0.62890625 0.6875 0.64453125 0.6909722222222222 0.654296875 0.6979166666666666 0.658203125 0.7048611111111112 0.658203125 0.7916666666666666 0.65625 0.7951388888888888 0.638671875 0.7951388888888888 0.630859375 0.7847222222222222 0.630859375 0.7777777777777778 0.626953125 0.7638888888888888 0.62890625 0.7222222222222222 0.630859375 0.71875 0.62890625 0.6909722222222222
0 0.509765625 0.3819444444444444 0.51171875 0.3888888888888889 0.51171875 0.4097222222222222 0.505859375 0.4097222222222222 0.5078125 0.3854166666666667
0 0.41015625 0.034722222222222224 0.416015625 0.041666666666666664 0.419921875 0.041666666666666664 0.419921875 0.04861111111111111 0.404296875 0.04861111111111111 0.404296875 0.03819444444444445 0.408203125 0.034722222222222224
0 0.5546875 0.12152777777777778 0.556640625 0.125 0.556640625 0.13194444444444445 0.5546875 0.13541666666666666 0.546875 0.13194444444444445 0.546875 0.12152777777777778 0.548828125 0.11805555555555555 0.552734375 0.12152777777777778
0 0.64453125 0.4270833333333333 0.658203125 0.4236111111111111 0.658203125 0.4965277777777778 0.65625 0.5034722222222222 0.65234375 0.5034722222222222 0.650390625 0.5069444444444444 0.6484375 0.5069444444444444 0.650390625 0.5069444444444444 0.658203125 0.4930555555555556 0.658203125 0.4895833333333333 0.650390625 0.46875 0.642578125 0.4652777777777778 0.63671875 0.4548611111111111 0.638671875 0.4409722222222222 0.64453125 0.4305555555555556
0 0.529296875 0.2743055555555556 0.53125 0.2743055555555556 0.529296875 0.2986111111111111 0.52734375 0.2986111111111111 0.52734375 0.28125 0.529296875 0.2777777777777778