0 0.8828125 0.2972222222222223 0.021875000000000002 0.027777777777777776
0 0.693359375 0.1840277777777778 0.6953125 0.1875 0.69921875 0.1875 0.701171875 0.1909722222222222 0.701171875 0.19791666666666666 0.6796875 0.19791666666666666 0.677734375 0.19444444444444445 0.650390625 0.19791666666666666 0.650390625 0.19444444444444445 0.65625 0.1840277777777778 0.673828125 0.1840277777777778 0.67578125 0.18055555555555555 0.6796875 0.1840277777777778 0.69140625 0.1840277777777778
0 0.8812500000000001 0.34444444444444444 0.037500000000000006 0.022222222222222223
0 0.53828125 0.21250000000000002 0.0421875 0.041666666666666664
0 0.169921875 0.3125 0.169921875 0.3159722222222222 0.173828125 0.3194444444444444 0.177734375 0.3298611111111111 0.177734375 0.3506944444444444 0.17578125 0.3576388888888889 0.154296875 0.3576388888888889 0.150390625 0.3541666666666667 0.146484375 0.34375 0.146484375 0.3263888888888889 0.150390625 0.3159722222222222 0.154296875 0.3125 0.16796875 0.3125
0 0.779296875 0.3472222222222222 0.78125 0.3576388888888889 0.759765625 0.3576388888888889 0.7578125 0.3611111111111111 0.744140625 0.3611111111111111 0.7421875 0.3645833333333333 0.732421875 0.3645833333333333 0.728515625 0.3611111111111111 0.7265625 0.3576388888888889 0.732421875 0.3472222222222222 0.77734375 0.3472222222222222
0 0.873046875 0.3020833333333333 0.876953125 0.2916666666666667 0.880859375 0.2916666666666667 0.888671875 0.2847222222222222 0.890625 0.2881944444444444 0.890625 0.2986111111111111 0.888671875 0.3055555555555556 0.892578125 0.3125 0.912109375 0.3263888888888889 0.9140625 0.3333333333333333 0.9140625 0.34375 0.90234375 0.34375 0.89453125 0.3368055555555556 0.884765625 0.3194444444444444 0.875 0.3125 0.875 0.3055555555555556
0 0.888671875 0.3055555555555556 0.8984375 0.3194444444444444 0.904296875 0.3194444444444444 0.912109375 0.3263888888888889 0.9140625 0.3333333333333333 0.9140625 0.34375 0.90234375 0.34375 0.89453125 0.3368055555555556 0.880859375 0.3159722222222222 0.880859375 0.3090277777777778 0.88671875 0.3055555555555556
0 0.8125 0.4861111111111111 0.81640625 0.4756944444444444 0.82421875 0.4722222222222222 0.8359375 0.4583333333333333 0.841796875 0.4583333333333333 0.849609375 0.4479166666666667 0.8515625 0.4479166666666667 0.8515625 0.4548611111111111 0.845703125 0.46875 0.8359375 0.4756944444444444 0.83203125 0.4826388888888889 0.814453125 0.4861111111111111
0 0.857421875 0.16666666666666666 0.857421875 0.17708333333333334 0.849609375 0.19444444444444445 0.849609375 0.2013888888888889 0.84765625 0.2048611111111111 0.841796875 0.2048611111111111 0.83984375 0.2013888888888889 0.83984375 0.19444444444444445 0.84375 0.18055555555555555 0.85546875 0.16666666666666666
0 0.9453125 0.16666666666666666 0.984375 0.16666666666666666 0.986328125 0.1701388888888889 0.994140625 0.1701388888888889 0.998046875 0.1736111111111111 0.998046875 0.2013888888888889 0.9921875 0.2013888888888889 0.990234375 0.2048611111111111 0.962890625 0.2048611111111111 0.9609375 0.20833333333333334 0.9453125 0.21180555555555555 0.943359375 0.2152777777777778 0.9296875 0.2152777777777778 0.92578125 0.2048611111111111 0.92578125 0.19791666666666666 0.93359375 0.18055555555555555 0.9375 0.18055555555555555 0.9453125 0.1701388888888889