0 0.18359375 0.3055555555555556 0.185546875 0.3090277777777778 0.185546875 0.3263888888888889 0.1875 0.3298611111111111 0.185546875 0.34375 0.171875 0.3541666666666667 0.1640625 0.3506944444444444 0.16015625 0.34375 0.158203125 0.3333333333333333 0.162109375 0.3194444444444444 0.16796875 0.3090277777777778 0.171875 0.3055555555555556 0.181640625 0.3055555555555556
0 0.904296875 0.2604166666666667 0.904296875 0.2534722222222222 0.90625 0.25 0.927734375 0.25 0.93359375 0.2604166666666667 0.931640625 0.2638888888888889 0.91015625 0.2638888888888889 0.90625 0.2604166666666667
0 0.732421875 0.19791666666666666 0.744140625 0.20833333333333334 0.748046875 0.20833333333333334 0.755859375 0.2222222222222222 0.755859375 0.2326388888888889 0.75 0.2326388888888889 0.73828125 0.21875 0.734375 0.21875 0.724609375 0.20833333333333334 0.720703125 0.20833333333333334 0.71875 0.2048611111111111 0.720703125 0.2013888888888889 0.724609375 0.19791666666666666 0.73046875 0.19791666666666666
0 0.833984375 0.3506944444444444 0.8359375 0.3541666666666667 0.841796875 0.3541666666666667 0.845703125 0.3576388888888889 0.841796875 0.3576388888888889 0.83984375 0.3611111111111111 0.828125 0.3611111111111111 0.826171875 0.3645833333333333 0.798828125 0.3611111111111111 0.796875 0.3576388888888889 0.7890625 0.3576388888888889 0.787109375 0.3506944444444444 0.7890625 0.3472222222222222 0.822265625 0.3472222222222222 0.82421875 0.3506944444444444 0.83203125 0.3506944444444444
0 0.88671875 0.3368055555555556 0.890625 0.3333333333333333 0.900390625 0.3333333333333333 0.90625 0.3402777777777778 0.9140625 0.3402777777777778 0.916015625 0.34375 0.927734375 0.3472222222222222 0.927734375 0.3541666666666667 0.92578125 0.3576388888888889 0.90625 0.3576388888888889 0.904296875 0.3541666666666667 0.890625 0.3506944444444444 0.88671875 0.3402777777777778
0 0.998046875 0.2048611111111111 0.998046875 0.23958333333333334 0.994140625 0.23958333333333334 0.990234375 0.2326388888888889 0.986328125 0.2326388888888889 0.982421875 0.2222222222222222 0.974609375 0.21875 0.974609375 0.21180555555555555 0.9765625 0.20833333333333334 0.984375 0.20833333333333334 0.9921875 0.2013888888888889 0.99609375 0.2048611111111111
0 0.830078125 0.28125 0.841796875 0.2847222222222222 0.845703125 0.2916666666666667 0.853515625 0.2951388888888889 0.859375 0.3055555555555556 0.853515625 0.3125 0.845703125 0.3090277777777778 0.841796875 0.3020833333333333 0.837890625 0.3020833333333333 0.8359375 0.2951388888888889 0.830078125 0.2881944444444444 0.830078125 0.2847222222222222
0 0.88671875 0.3125 0.892578125 0.3125 0.89453125 0.3159722222222222 0.89453125 0.3194444444444444 0.888671875 0.3194444444444444 0.88671875 0.3159722222222222
0 0.859375 0.4340277777777778 0.865234375 0.4305555555555556 0.869140625 0.4236111111111111 0.875 0.4236111111111111 0.876953125 0.4270833333333333 0.873046875 0.4305555555555556 0.873046875 0.4375 0.87109375 0.4409722222222222 0.869140625 0.4409722222222222 0.861328125 0.4548611111111111 0.849609375 0.46875 0.84375 0.46875 0.841796875 0.4652777777777778 0.84375 0.4583333333333333 0.845703125 0.4583333333333333 0.8515625 0.4479166666666667 0.8515625 0.4444444444444444 0.859375 0.4375
0 0.919921875 0.3055555555555556 0.923828125 0.2916666666666667 0.94140625 0.2881944444444444 0.943359375 0.2916666666666667 0.9375 0.2951388888888889 0.93359375 0.3020833333333333 0.927734375 0.3020833333333333 0.921875 0.3090277777777778
0 0.865234375 0.13541666666666666 0.865234375 0.1423611111111111 0.859375 0.14930555555555555 0.8515625 0.1527777777777778 0.84765625 0.1597222222222222 0.84375 0.1597222222222222 0.84375 0.1527777777777778 0.84765625 0.1423611111111111 0.857421875 0.13541666666666666 0.86328125 0.13541666666666666
0 0.91015625 0.10069444444444445 0.916015625 0.10069444444444445 0.923828125 0.1111111111111111 0.927734375 0.1111111111111111 0.939453125 0.125 0.947265625 0.1284722222222222 0.953125 0.1388888888888889 0.95703125 0.1388888888888889 0.958984375 0.14583333333333334 0.974609375 0.1701388888888889 0.974609375 0.1840277777777778 0.9609375 0.17708333333333334 0.94921875 0.16319444444444445 0.943359375 0.14930555555555555 0.939453125 0.14930555555555555 0.931640625 0.13541666666666666 0.92578125 0.13541666666666666 0.921875 0.13194444444444445 0.91796875 0.12152777777777778 0.9140625 0.12152777777777778 0.91015625 0.10416666666666667