0 0.595703125 0.8125 0.6015625 0.8125 0.603515625 0.8194444444444444 0.603515625 0.8229166666666666 0.6015625 0.8229166666666666 0.595703125 0.8159722222222222
0 0.654296875 0.6493055555555556 0.65625 0.6493055555555556 0.658203125 0.65625 0.658203125 0.6701388888888888 0.66015625 0.6736111111111112 0.66015625 0.7083333333333334 0.658203125 0.7152777777777778 0.654296875 0.71875 0.6484375 0.71875 0.6484375 0.6840277777777778 0.650390625 0.6805555555555556 0.65234375 0.65625 0.654296875 0.6527777777777778
0 0.505859375 0.4513888888888889 0.5078125 0.4583333333333333 0.51171875 0.4583333333333333 0.51171875 0.4652777777777778 0.513671875 0.46875 0.513671875 0.4756944444444444 0.5078125 0.46875 0.5078125 0.4652777777777778 0.501953125 0.4583333333333333 0.505859375 0.4548611111111111
0 0.583984375 0.4513888888888889 0.583984375 0.4583333333333333 0.5859375 0.4618055555555556 0.5859375 0.4861111111111111 0.583984375 0.4895833333333333 0.583984375 0.4965277777777778 0.58203125 0.4965277777777778 0.58203125 0.4583333333333333 0.583984375 0.4548611111111111
0 0.564453125 0.0798611111111111 0.57421875 0.0798611111111111 0.580078125 0.08680555555555555 0.583984375 0.08680555555555555 0.591796875 0.09375 0.599609375 0.1111111111111111 0.59765625 0.11458333333333333 0.59375 0.11458333333333333 0.583984375 0.1076388888888889 0.57421875 0.1076388888888889 0.572265625 0.10416666666666667 0.568359375 0.10416666666666667 0.564453125 0.10069444444444445 0.5625 0.09375 0.5625 0.08680555555555555 0.564453125 0.08333333333333333
0 0.5546875 0.5034722222222222 0.556640625 0.5034722222222222 0.556640625 0.5208333333333334 0.55859375 0.5243055555555556 0.556640625 0.53125 0.5546875 0.5243055555555556 0.5546875 0.5069444444444444
0 0.537109375 0.8784722222222222 0.5390625 0.8784722222222222 0.54296875 0.8923611111111112 0.54296875 0.8958333333333334 0.5390625 0.8958333333333334 0.537109375 0.8923611111111112 0.537109375 0.8819444444444444
0 0.486328125 0 0.486328125 0.017361111111111112 0.484375 0.024305555555555556 0.48046875 0.027777777777777776 0.4765625 0.024305555555555556 0.4765625 0.010416666666666666 0.478515625 0.010416666666666666 0.48046875 0.003472222222222222 0.484375 0
0 0.638671875 0.7673611111111112 0.640625 0.7673611111111112 0.64453125 0.78125 0.64453125 0.7951388888888888 0.646484375 0.7986111111111112 0.64453125 0.8055555555555556 0.64453125 0.8194444444444444 0.640625 0.8263888888888888 0.634765625 0.8298611111111112 0.6328125 0.8368055555555556 0.62890625 0.8402777777777778 0.625 0.8368055555555556 0.626953125 0.8333333333333334 0.626953125 0.8020833333333334 0.6328125 0.7916666666666666 0.6328125 0.7881944444444444 0.638671875 0.78125 0.638671875 0.7708333333333334
0 0.529296875 0.4409722222222222 0.533203125 0.4409722222222222 0.5390625 0.4479166666666667 0.541015625 0.4548611111111111 0.541015625 0.4652777777777778 0.5390625 0.4583333333333333 0.53515625 0.4548611111111111 0.53125 0.4409722222222222
0 0.509765625 0.84375 0.515625 0.8402777777777778 0.515625 0.8506944444444444 0.517578125 0.8576388888888888 0.513671875 0.8541666666666666 0.513671875 0.8472222222222222 0.51171875 0.84375
0 0.599609375 0.9722222222222222 0.603515625 0.9722222222222222 0.603515625 0.9895833333333334 0.60546875 0.9930555555555556 0.60546875 0.9965277777777778 0.599609375 0.9965277777777778 0.599609375 0.9756944444444444
0 0.515625 0.1111111111111111 0.51953125 0.1111111111111111 0.5234375 0.12152777777777778 0.529296875 0.12152777777777778 0.52734375 0.13194444444444445 0.521484375 0.1423611111111111 0.52734375 0.1597222222222222 0.52734375 0.1840277777777778 0.525390625 0.1875 0.525390625 0.19444444444444445 0.521484375 0.20833333333333334 0.515625 0.21875 0.501953125 0.2222222222222222 0.501953125 0.20833333333333334 0.5 0.2048611111111111 0.501953125 0.2013888888888889 0.501953125 0.1909722222222222 0.498046875 0.18055555555555555 0.505859375 0.1701388888888889 0.509765625 0.14930555555555555 0.51171875 0.14930555555555555 0.517578125 0.1388888888888889 0.515625 0.11458333333333333
0 0.5859375 0.7152777777777778 0.591796875 0.7083333333333334 0.615234375 0.7048611111111112 0.615234375 0.7118055555555556 0.587890625 0.71875
0 0.703125 0.1736111111111111 0.701171875 0.2048611111111111 0.697265625 0.20833333333333334 0.69921875 0.2048611111111111 0.69921875 0.19444444444444445 0.703125 0.17708333333333334
0 0.517578125 0.3645833333333333 0.529296875 0.3645833333333333 0.52734375 0.3680555555555556 0.529296875 0.3888888888888889 0.52734375 0.3888888888888889 0.52734375 0.3854166666666667 0.521484375 0.3784722222222222 0.521484375 0.3715277777777778 0.517578125 0.3680555555555556
0 0.513671875 0.4479166666666667 0.521484375 0.4513888888888889 0.521484375 0.4618055555555556 0.5234375 0.4652777777777778 0.5234375 0.4791666666666667 0.521484375 0.4791666666666667 0.5234375 0.4756944444444444 0.51953125 0.4722222222222222 0.517578125 0.4618055555555556 0.513671875 0.4583333333333333 0.513671875 0.4513888888888889
0 0.677734375 0.9756944444444444 0.681640625 0.9756944444444444 0.68359375 0.9826388888888888 0.68359375 0.9965277777777778 0.673828125 0.9965277777777778 0.673828125 0.9861111111111112 0.67578125 0.9861111111111112 0.677734375 0.9791666666666666
0 0.509765625 0.4097222222222222 0.51171875 0.4097222222222222 0.51171875 0.4166666666666667 0.513671875 0.4201388888888889 0.517578125 0.4201388888888889 0.51953125 0.4270833333333333 0.515625 0.4270833333333333 0.509765625 0.4166666666666667 0.509765625 0.4131944444444444
0 0.576171875 0.8958333333333334 0.583984375 0.9027777777777778 0.5859375 0.9097222222222222 0.5859375 0.9375 0.587890625 0.9409722222222222 0.587890625 0.9479166666666666 0.583984375 0.9479166666666666 0.580078125 0.9409722222222222 0.580078125 0.9305555555555556 0.576171875 0.9270833333333334 0.576171875 0.8993055555555556
0 0.55859375 0.9270833333333334 0.560546875 0.9270833333333334 0.568359375 0.9548611111111112 0.568359375 0.9652777777777778 0.5703125 0.96875 0.5703125 0.9756944444444444 0.568359375 0.9791666666666666 0.564453125 0.9791666666666666 0.564453125 0.96875 0.560546875 0.9548611111111112 0.55859375 0.9305555555555556
0 0.51953125 0.8263888888888888 0.5234375 0.8263888888888888 0.5234375 0.8298611111111112 0.52734375 0.8333333333333334 0.53125 0.84375 0.53125 0.8472222222222222 0.5234375 0.84375 0.5234375 0.8368055555555556 0.51953125 0.8333333333333334 0.51953125 0.8298611111111112
0 0.693359375 0.8611111111111112 0.69921875 0.8611111111111112 0.69921875 0.8680555555555556 0.705078125 0.8854166666666666 0.705078125 0.9444444444444444 0.703125 0.9479166666666666 0.69921875 0.9479166666666666 0.693359375 0.9201388888888888 0.693359375 0.8645833333333334
0 0.5054976851851851 0.434156378600823 0.015263310185185185 0.022633744855967076
0 0.546875 0.4618055555555556 0.552734375 0.4583333333333333 0.552734375 0.4618055555555556 0.560546875 0.4756944444444444 0.560546875 0.4895833333333333 0.5625 0.4930555555555556 0.560546875 0.4861111111111111 0.548828125 0.4652777777777778 0.546875 0.4652777777777778
0 0.53515625 0.8159722222222222 0.541015625 0.8159722222222222 0.541015625 0.8229166666666666 0.54296875 0.8263888888888888 0.54296875 0.8368055555555556 0.541015625 0.8402777777777778 0.537109375 0.8402777777777778 0.53515625 0.8298611111111112 0.53125 0.8263888888888888 0.53125 0.8229166666666666 0.53515625 0.8194444444444444
0 0.576171875 0.4409722222222222 0.59765625 0.4409722222222222 0.6015625 0.4444444444444444 0.58984375 0.4444444444444444 0.583984375 0.4513888888888889 0.580078125 0.4513888888888889 0.576171875 0.4444444444444444
0 0.501953125 0.4930555555555556 0.505859375 0.4930555555555556 0.51171875 0.5 0.51171875 0.5069444444444444 0.513671875 0.5104166666666666 0.51171875 0.5138888888888888 0.51171875 0.5069444444444444 0.5078125 0.5034722222222222 0.50390625 0.4930555555555556
0 0.65625 0.17708333333333334 0.65625 0.2152777777777778 0.654296875 0.21875 0.654296875 0.22916666666666666 0.65234375 0.2326388888888889 0.6484375 0.22569444444444445 0.6484375 0.20833333333333334 0.65234375 0.2048611111111111 0.654296875 0.18055555555555555
0 0.623046875 0.6180555555555556 0.630859375 0.6354166666666666 0.630859375 0.6423611111111112 0.634765625 0.65625 0.634765625 0.6666666666666666 0.63671875 0.6701388888888888 0.63671875 0.6979166666666666 0.634765625 0.7013888888888888 0.634765625 0.7118055555555556 0.638671875 0.7256944444444444 0.634765625 0.7222222222222222 0.625 0.7222222222222222 0.62109375 0.7291666666666666 0.62109375 0.7256944444444444 0.626953125 0.7152777777777778 0.626953125 0.7013888888888888 0.623046875 0.6979166666666666 0.623046875 0.6701388888888888 0.619140625 0.6631944444444444 0.62109375 0.65625 0.62109375 0.6215277777777778
0 0.697265625 0.03819444444444445 0.69921875 0.03819444444444445 0.703125 0.04861111111111111 0.703125 0.0625 0.705078125 0.06597222222222222 0.705078125 0.09375 0.703125 0.09375 0.701171875 0.0763888888888889 0.69921875 0.07291666666666667 0.69921875 0.0625 0.697265625 0.059027777777777776 0.697265625 0.041666666666666664
0 0.365234375 0.2638888888888889 0.36328125 0.2986111111111111 0.35546875 0.3125 0.357421875 0.3055555555555556 0.357421875 0.2847222222222222 0.36328125 0.2673611111111111
0 0.59765625 0.7222222222222222 0.603515625 0.7222222222222222 0.603515625 0.7361111111111112 0.599609375 0.7361111111111112 0.59765625 0.7326388888888888 0.59765625 0.7256944444444444
0 0.49537037037037035 0.5354938271604938 0.021629050925925923 1.0730452674897117