0 0.9296875 0.1993006993006993 0.9296875 0.2097902097902098 0.921875 0.21328671328671328 0.916015625 0.2202797202797203 0.90625 0.2202797202797203 0.904296875 0.21678321678321677 0.900390625 0.21678321678321677 0.896484375 0.2062937062937063 0.912109375 0.1958041958041958 0.92578125 0.1958041958041958 0.927734375 0.1993006993006993
0 0.693359375 0.13986013986013987 0.708984375 0.13986013986013987 0.7109375 0.14685314685314685 0.716796875 0.14685314685314685 0.72265625 0.15384615384615385 0.73046875 0.15384615384615385 0.740234375 0.16783216783216784 0.740234375 0.17482517482517482 0.71875 0.17132867132867133 0.71484375 0.16433566433566432 0.701171875 0.16083916083916083 0.69140625 0.15034965034965034 0.6875 0.15034965034965034 0.6875 0.14685314685314685 0.69140625 0.14685314685314685 0.693359375 0.14335664335664336
0 0.775390625 0.3041958041958042 0.77734375 0.3076923076923077 0.79296875 0.3076923076923077 0.794921875 0.3111888111888112 0.802734375 0.3111888111888112 0.8046875 0.3146853146853147 0.814453125 0.3181818181818182 0.81640625 0.32517482517482516 0.814453125 0.32867132867132864 0.787109375 0.32867132867132864 0.78515625 0.32517482517482516 0.771484375 0.32517482517482516 0.76953125 0.32167832167832167 0.751953125 0.32167832167832167 0.751953125 0.3181818181818182 0.76171875 0.3076923076923077 0.7734375 0.3076923076923077
0 0.8828125 0.3006993006993007 0.88671875 0.2972027972027972 0.904296875 0.2972027972027972 0.90625 0.3006993006993007 0.912109375 0.3006993006993007 0.919921875 0.3076923076923077 0.931640625 0.3111888111888112 0.931640625 0.3181818181818182 0.9296875 0.32167832167832167 0.8984375 0.32167832167832167 0.8828125 0.3111888111888112 0.8828125 0.3041958041958042
0 0.83203125 0.24475524475524477 0.841796875 0.24475524475524477 0.84375 0.24825174825174826 0.85546875 0.2517482517482518 0.869140625 0.26223776223776224 0.869140625 0.27972027972027974 0.859375 0.27972027972027974 0.83984375 0.26223776223776224 0.833984375 0.26223776223776224 0.83203125 0.25874125874125875 0.83203125 0.24825174825174826
0 0.861328125 0.07692307692307693 0.86328125 0.08041958041958042 0.86328125 0.08741258741258741 0.859375 0.0944055944055944 0.85546875 0.0944055944055944 0.841796875 0.11188811188811189 0.833984375 0.1048951048951049 0.833984375 0.0979020979020979 0.83984375 0.09090909090909091 0.84375 0.09090909090909091 0.84765625 0.08391608391608392 0.859375 0.08041958041958042
0 0.880859375 0.26573426573426573 0.888671875 0.26573426573426573 0.890625 0.2727272727272727 0.896484375 0.2727272727272727 0.8984375 0.2762237762237762 0.896484375 0.28321678321678323 0.890625 0.28321678321678323 0.884765625 0.2762237762237762 0.880859375 0.2762237762237762 0.880859375 0.2692307692307692
0 0.083984375 0.2692307692307692 0.1015625 0.2692307692307692 0.103515625 0.2762237762237762 0.103515625 0.3146853146853147 0.099609375 0.3146853146853147 0.091796875 0.32167832167832167 0.076171875 0.32167832167832167 0.072265625 0.3146853146853147 0.06640625 0.3146853146853147 0.06640625 0.3006993006993007 0.0703125 0.2972027972027972 0.072265625 0.2867132867132867 0.076171875 0.27972027972027974 0.083984375 0.2727272727272727
0 0.869140625 0.4020979020979021 0.869140625 0.4195804195804196 0.861328125 0.43356643356643354 0.857421875 0.43356643356643354 0.853515625 0.4405594405594406 0.849609375 0.4405594405594406 0.83984375 0.45454545454545453 0.828125 0.45104895104895104 0.828125 0.44405594405594406 0.830078125 0.44405594405594406 0.8359375 0.43356643356643354 0.83984375 0.43356643356643354 0.845703125 0.4230769230769231 0.8515625 0.4195804195804196 0.85546875 0.4125874125874126 0.861328125 0.4125874125874126 0.8671875 0.40559440559440557
0 0.91796875 0.26223776223776224 0.93359375 0.24825174825174826 0.947265625 0.24825174825174826 0.947265625 0.25874125874125875 0.943359375 0.26223776223776224 0.9375 0.26223776223776224 0.927734375 0.2762237762237762 0.921875 0.2762237762237762 0.91796875 0.2727272727272727 0.91796875 0.26573426573426573
0 0.9609375 0.08391608391608392 0.96875 0.08391608391608392 0.97265625 0.09090909090909091 0.984375 0.0944055944055944 0.98828125 0.10139860139860139 0.9921875 0.10139860139860139 0.994140625 0.10839160839160839 0.998046875 0.10839160839160839 0.998046875 0.16083916083916083 0.998046875 0.15734265734265734 0.994140625 0.15384615384615385 0.9921875 0.14685314685314685 0.986328125 0.14685314685314685 0.970703125 0.12237762237762238 0.970703125 0.11538461538461539 0.966796875 0.11188811188811189 0.96484375 0.10139860139860139 0.9609375 0.0979020979020979 0.958984375 0.09090909090909091 0.9609375 0.08741258741258741