0 0.7578125 0.2326388888888889 0.759765625 0.2361111111111111 0.765625 0.2361111111111111 0.771484375 0.24305555555555555 0.7734375 0.25 0.771484375 0.2604166666666667 0.765625 0.2604166666666667 0.75390625 0.23958333333333334 0.75390625 0.2361111111111111 0.755859375 0.2361111111111111
0 0.765625 0 0.7890625 0 0.7890625 0.020833333333333332 0.787109375 0.024305555555555556 0.779296875 0.017361111111111112 0.775390625 0.017361111111111112 0.771484375 0.010416666666666666 0.765625 0.010416666666666666 0.765625 0.003472222222222222
0 0.693359375 0.23958333333333334 0.693359375 0.2465277777777778 0.677734375 0.2604166666666667 0.671875 0.2604166666666667 0.662109375 0.2743055555555556 0.650390625 0.2743055555555556 0.650390625 0.2673611111111111 0.65234375 0.2638888888888889 0.658203125 0.2638888888888889 0.66796875 0.25 0.673828125 0.25 0.6796875 0.24305555555555555 0.69140625 0.23958333333333334
0 0.998046875 0.052083333333333336 0.998046875 0.1076388888888889 0.994140625 0.1076388888888889 0.98828125 0.0798611111111111 0.990234375 0.0763888888888889 0.9921875 0.059027777777777776 0.99609375 0.05555555555555555
0 0.890625 0.125 0.8984375 0.12152777777777778 0.896484375 0.13541666666666666 0.89453125 0.13541666666666666 0.888671875 0.14583333333333334 0.88671875 0.14583333333333334 0.88671875 0.13541666666666666 0.890625 0.1284722222222222
0 0.291015625 0 0.30078125 0 0.30078125 0.013888888888888888 0.29296875 0.027777777777777776 0.291015625 0.027777777777777776 0.287109375 0.03819444444444445 0.283203125 0.03819444444444445 0.28125 0.041666666666666664 0.279296875 0.03819444444444445 0.279296875 0.027777777777777776 0.291015625 0.003472222222222222
0 0.400390625 0.1076388888888889 0.404296875 0.1111111111111111 0.404296875 0.12152777777777778 0.40625 0.125 0.40625 0.13194444444444445 0.404296875 0.13541666666666666 0.404296875 0.1527777777777778 0.40234375 0.1597222222222222 0.400390625 0.16319444444444445 0.388671875 0.16319444444444445 0.384765625 0.1527777777777778 0.38671875 0.14930555555555555 0.38671875 0.1388888888888889 0.390625 0.13194444444444445 0.390625 0.125 0.3984375 0.1111111111111111
0 0.216796875 0.2881944444444444 0.21875 0.2916666666666667 0.224609375 0.2916666666666667 0.228515625 0.3055555555555556 0.22265625 0.3125 0.212890625 0.3090277777777778 0.203125 0.3159722222222222 0.197265625 0.3090277777777778 0.197265625 0.3020833333333333 0.193359375 0.2951388888888889 0.19140625 0.2986111111111111 0.193359375 0.3055555555555556 0.193359375 0.3159722222222222 0.201171875 0.3229166666666667 0.201171875 0.3298611111111111 0.19921875 0.3333333333333333 0.19140625 0.3333333333333333 0.1796875 0.3229166666666667 0.1796875 0.3194444444444444 0.173828125 0.3125 0.17578125 0.3055555555555556 0.1796875 0.2986111111111111 0.185546875 0.2986111111111111 0.1875 0.2916666666666667 0.197265625 0.2916666666666667 0.203125 0.2847222222222222 0.212890625 0.2847222222222222 0.21484375 0.2881944444444444
0 0.896484375 0.04513888888888889 0.8984375 0.024305555555555556 0.90625 0.010416666666666666 0.91015625 0.013888888888888888 0.91015625 0.024305555555555556 0.908203125 0.024305555555555556 0.904296875 0.03819444444444445 0.8984375 0.04513888888888889
0 0.912109375 0.2465277777777778 0.9140625 0.25 0.927734375 0.25 0.935546875 0.2638888888888889 0.94140625 0.2673611111111111 0.9453125 0.2777777777777778 0.94921875 0.2777777777777778 0.951171875 0.28125 0.951171875 0.2881944444444444 0.939453125 0.2881944444444444 0.93359375 0.2777777777777778 0.92578125 0.2743055555555556 0.919921875 0.2604166666666667 0.9140625 0.2604166666666667 0.90625 0.2534722222222222 0.90625 0.25 0.91015625 0.25
0 0.900390625 0.2638888888888889 0.90625 0.28125 0.90625 0.2881944444444444 0.900390625 0.2881944444444444 0.8984375 0.2916666666666667 0.890625 0.2916666666666667 0.888671875 0.2881944444444444 0.859375 0.2881944444444444 0.8515625 0.28125 0.8515625 0.2743055555555556 0.859375 0.2638888888888889 0.873046875 0.2638888888888889 0.875 0.2604166666666667 0.8984375 0.2638888888888889
0 0.904296875 0.06944444444444445 0.904296875 0.0798611111111111 0.890625 0.10416666666666667 0.88671875 0.10416666666666667 0.88671875 0.09375 0.892578125 0.0798611111111111 0.90234375 0.06944444444444445