0 0.283203125 0.2361111111111111 0.287109375 0.2326388888888889 0.298828125 0.2326388888888889 0.30078125 0.22916666666666666 0.3046875 0.22916666666666666 0.326171875 0.20833333333333334 0.33203125 0.20833333333333334 0.333984375 0.2048611111111111 0.361328125 0.2048611111111111 0.375 0.1840277777777778 0.380859375 0.18055555555555555 0.380859375 0.1875 0.373046875 0.2013888888888889 0.37109375 0.2013888888888889 0.353515625 0.2326388888888889 0.345703125 0.2534722222222222 0.34375 0.2534722222222222 0.3359375 0.2673611111111111 0.328125 0.2743055555555556 0.322265625 0.2847222222222222 0.310546875 0.2951388888888889 0.291015625 0.2951388888888889 0.28515625 0.3055555555555556 0.28515625 0.3263888888888889 0.283203125 0.3333333333333333 0.279296875 0.3229166666666667 0.2734375 0.3125 0.26953125 0.3125 0.265625 0.3020833333333333 0.2734375 0.2916666666666667 0.279296875 0.2916666666666667 0.28515625 0.28125 0.287109375 0.2743055555555556 0.287109375 0.2638888888888889 0.29296875 0.25 0.29296875 0.24305555555555555 0.291015625 0.23958333333333334 0.283203125 0.23958333333333334
0 0.625 0.08333333333333333 0.626953125 0.08333333333333333 0.63671875 0.06597222222222222 0.642578125 0.06597222222222222 0.64453125 0.0625 0.662109375 0.0625 0.662109375 0.07291666666666667 0.650390625 0.11458333333333333 0.646484375 0.11805555555555555 0.634765625 0.1423611111111111 0.626953125 0.14930555555555555 0.62109375 0.1597222222222222 0.609375 0.1701388888888889 0.59765625 0.1736111111111111 0.583984375 0.1875 0.578125 0.19791666666666666 0.5703125 0.2013888888888889 0.5703125 0.19444444444444445 0.576171875 0.1909722222222222 0.58984375 0.16666666666666666 0.59375 0.15625 0.59375 0.14930555555555555 0.609375 0.11458333333333333 0.609375 0.1111111111111111 0.625 0.08680555555555555
0 0.794921875 0.2881944444444444 0.806640625 0.2881944444444444 0.80859375 0.2916666666666667 0.814453125 0.2916666666666667 0.8203125 0.2986111111111111 0.82421875 0.2986111111111111 0.826171875 0.3020833333333333 0.859375 0.3194444444444444 0.865234375 0.3263888888888889 0.869140625 0.3263888888888889 0.876953125 0.3333333333333333 0.87890625 0.3402777777777778 0.892578125 0.3506944444444444 0.896484375 0.3576388888888889 0.9140625 0.375 0.91796875 0.375 0.92578125 0.3819444444444444 0.943359375 0.3819444444444444 0.9453125 0.3854166666666667 0.94921875 0.3854166666666667 0.94921875 0.3923611111111111 0.896484375 0.3888888888888889 0.89453125 0.3923611111111111 0.88671875 0.3923611111111111 0.884765625 0.3958333333333333 0.849609375 0.3958333333333333 0.84765625 0.3923611111111111 0.837890625 0.3923611111111111 0.822265625 0.3819444444444444 0.81640625 0.3819444444444444 0.796875 0.3645833333333333 0.77734375 0.3402777777777778 0.765625 0.3402777777777778 0.7578125 0.3506944444444444 0.755859375 0.3472222222222222 0.7578125 0.3333333333333333 0.75390625 0.3229166666666667 0.755859375 0.3159722222222222 0.759765625 0.3194444444444444 0.767578125 0.3194444444444444 0.76953125 0.3229166666666667 0.771484375 0.3194444444444444 0.783203125 0.3159722222222222 0.79296875 0.3055555555555556 0.80859375 0.3055555555555556 0.810546875 0.3020833333333333 0.806640625 0.2951388888888889 0.802734375 0.2951388888888889 0.796875 0.2881944444444444
0 0.751953125 0.9618055555555556 0.759765625 0.9722222222222222 0.76171875 0.9791666666666666 0.76171875 0.9965277777777778 0.74609375 0.9965277777777778 0.7421875 0.9895833333333334 0.740234375 0.9791666666666666 0.7421875 0.9722222222222222 0.748046875 0.9618055555555556 0.75 0.9618055555555556
0 0.248046875 0.9618055555555556 0.26171875 0.9722222222222222 0.28125 0.9965277777777778 0.22265625 0.9965277777777778 0.22265625 0.9861111111111112 0.220703125 0.9826388888888888 0.220703125 0.9756944444444444 0.22265625 0.9722222222222222 0.228515625 0.9722222222222222 0.23828125 0.9861111111111112 0.248046875 0.9861111111111112 0.25390625 0.9791666666666666 0.25390625 0.9722222222222222 0.25 0.9652777777777778
0 0.70703125 0.9826388888888888 0.708984375 0.9861111111111112 0.708984375 0.9965277777777778 0.6953125 0.9965277777777778 0.697265625 0.9861111111111112 0.701171875 0.9791666666666666 0.705078125 0.9826388888888888
0 0.259765625 0.06944444444444445 0.26953125 0.10069444444444445 0.26953125 0.11458333333333333 0.259765625 0.1076388888888889 0.25390625 0.09027777777777778 0.25390625 0.08333333333333333 0.25 0.07291666666666667 0.251953125 0.06944444444444445 0.2578125 0.06944444444444445
0 0.421875 0.06597222222222222 0.4375 0.06597222222222222 0.439453125 0.0625 0.462890625 0.06597222222222222 0.470703125 0.07291666666666667 0.484375 0.09722222222222222 0.48828125 0.09722222222222222 0.49609375 0.1076388888888889 0.4921875 0.1076388888888889 0.486328125 0.10069444444444445 0.482421875 0.10069444444444445 0.474609375 0.09375 0.44140625 0.08680555555555555 0.421875 0.06944444444444445
0 0.765625 0.8923611111111112 0.775390625 0.90625 0.77734375 0.9201388888888888 0.787109375 0.9513888888888888 0.787109375 0.9583333333333334 0.791015625 0.9722222222222222 0.791015625 0.9930555555555556 0.78515625 0.9930555555555556 0.78125 0.9895833333333334 0.771484375 0.9652777777777778 0.76953125 0.9513888888888888 0.765625 0.9409722222222222 0.765625 0.9340277777777778 0.759765625 0.9236111111111112 0.755859375 0.9201388888888888 0.751953125 0.9236111111111112 0.748046875 0.9201388888888888 0.748046875 0.9027777777777778 0.7578125 0.9027777777777778 0.763671875 0.8958333333333334
0 0.345703125 0.9409722222222222 0.34765625 0.9444444444444444 0.37109375 0.9444444444444444 0.373046875 0.9409722222222222 0.37890625 0.9444444444444444 0.380859375 0.9513888888888888 0.384765625 0.9548611111111112 0.384765625 0.9583333333333334 0.390625 0.9652777777777778 0.3984375 0.9826388888888888 0.400390625 0.9965277777777778 0.353515625 0.9965277777777778 0.349609375 0.9861111111111112 0.34765625 0.9652777777777778 0.33984375 0.9513888888888888 0.33984375 0.9444444444444444 0.34375 0.9409722222222222
0 0.796875 0.10416666666666667 0.80078125 0.10069444444444445 0.814453125 0.10069444444444445 0.81640625 0.10416666666666667 0.826171875 0.1076388888888889 0.83203125 0.11805555555555555 0.833984375 0.1284722222222222 0.83984375 0.13541666666666666 0.84765625 0.14930555555555555 0.84765625 0.1527777777777778 0.841796875 0.14930555555555555 0.837890625 0.1423611111111111 0.833984375 0.1423611111111111 0.826171875 0.13194444444444445 0.818359375 0.1284722222222222 0.814453125 0.12152777777777778 0.810546875 0.12152777777777778 0.802734375 0.11458333333333333 0.798828125 0.1076388888888889