0 0.677734375 0.6829268292682927 0.689453125 0.6829268292682927 0.6875 0.6898954703832753 0.6875 0.7003484320557491 0.689453125 0.7038327526132404 0.689453125 0.7560975609756098 0.671875 0.7560975609756098 0.671875 0.7526132404181185 0.66796875 0.7491289198606271 0.66796875 0.7247386759581882 0.671875 0.7212543554006968 0.671875 0.710801393728223 0.673828125 0.710801393728223 0.677734375 0.7003484320557491 0.677734375 0.686411149825784
0 0.533203125 0.4843205574912892 0.54296875 0.4843205574912892 0.544921875 0.4878048780487805 0.544921875 0.5156794425087108 0.544921875 0.5087108013937283 0.54296875 0.5052264808362369 0.5390625 0.5052264808362369 0.5390625 0.49825783972125437 0.537109375 0.49477351916376305 0.533203125 0.49477351916376305 0.533203125 0.4878048780487805
0 0.607421875 0.47038327526132406 0.611328125 0.47038327526132406 0.611328125 0.4738675958188153 0.615234375 0.47735191637630664 0.615234375 0.5296167247386759 0.607421875 0.5296167247386759 0.607421875 0.4808362369337979 0.603515625 0.47735191637630664 0.607421875 0.4738675958188153
0 0.533203125 0.8745644599303136 0.546875 0.8745644599303136 0.546875 0.8989547038327527 0.54296875 0.8989547038327527 0.54296875 0.8850174216027874 0.541015625 0.8815331010452961 0.533203125 0.8815331010452961 0.533203125 0.8780487804878049
0 0.5859375 0.09059233449477352 0.587890625 0.0975609756097561 0.609375 0.10104529616724739 0.611328125 0.10801393728222997 0.619140625 0.11149825783972125 0.623046875 0.12195121951219512 0.619140625 0.1254355400696864 0.61328125 0.1254355400696864 0.611328125 0.12195121951219512 0.603515625 0.12195121951219512 0.6015625 0.1254355400696864 0.595703125 0.1254355400696864 0.59375 0.12195121951219512 0.578125 0.12195121951219512 0.578125 0.11498257839721254 0.57421875 0.11149825783972125 0.578125 0.10801393728222997 0.578125 0.10104529616724739 0.580078125 0.0975609756097561 0.583984375 0.0975609756097561 0.5859375 0.09407665505226481
0 0.576171875 0.5296167247386759 0.583984375 0.5296167247386759 0.583984375 0.5331010452961672 0.587890625 0.5365853658536586 0.587890625 0.5609756097560976 0.580078125 0.5609756097560976 0.580078125 0.5505226480836237 0.576171875 0.5470383275261324 0.576171875 0.5331010452961672
0 0.5078125 0.010452961672473868 0.513671875 0.010452961672473868 0.513671875 0.03484320557491289 0.49609375 0.03484320557491289 0.49609375 0.0313588850174216 0.5 0.0313588850174216 0.501953125 0.027874564459930314 0.501953125 0.020905923344947737 0.505859375 0.020905923344947737 0.5078125 0.013937282229965157
0 0.53515625 0.13588850174216027 0.541015625 0.13588850174216027 0.54296875 0.14285714285714285 0.5546875 0.14634146341463414 0.552734375 0.1602787456445993 0.548828125 0.16376306620209058 0.548828125 0.1672473867595819 0.552734375 0.17073170731707318 0.552734375 0.17770034843205576 0.5546875 0.18118466898954705 0.5546875 0.2229965156794425 0.552734375 0.2264808362369338 0.552734375 0.23344947735191637 0.55078125 0.23344947735191637 0.548828125 0.24041811846689895 0.541015625 0.2508710801393728 0.51953125 0.2508710801393728 0.51953125 0.2229965156794425 0.517578125 0.21951219512195122 0.517578125 0.21254355400696864 0.513671875 0.20905923344947736 0.521484375 0.20209059233449478 0.525390625 0.1916376306620209 0.52734375 0.1916376306620209 0.529296875 0.18466898954703834 0.53515625 0.17770034843205576 0.53515625 0.17073170731707318 0.54296875 0.1602787456445993 0.5390625 0.156794425087108 0.53515625 0.13937282229965156
0 0.732421875 0.2264808362369338 0.734375 0.2264808362369338 0.734375 0.2857142857142857 0.73046875 0.2857142857142857 0.728515625 0.289198606271777 0.7265625 0.2857142857142857 0.7265625 0.2578397212543554 0.72265625 0.25435540069686413 0.72265625 0.23344947735191637 0.73046875 0.23344947735191637 0.732421875 0.22996515679442509
0 0.607421875 0.7317073170731707 0.642578125 0.7317073170731707 0.642578125 0.7421602787456446 0.60546875 0.7421602787456446 0.607421875 0.735191637630662
0 0.541015625 0.4425087108013937 0.552734375 0.4425087108013937 0.552734375 0.45993031358885017 0.544921875 0.45993031358885017 0.544921875 0.44947735191637633 0.541015625 0.445993031358885
0 0.54296875 0.39372822299651566 0.552734375 0.39372822299651566 0.560546875 0.40069686411149824 0.560546875 0.42160278745644597 0.55859375 0.4181184668989547 0.548828125 0.4146341463414634 0.548828125 0.40418118466898956 0.546875 0.40069686411149824 0.54296875 0.40069686411149824 0.54296875 0.397212543554007
0 0.63671875 0.627177700348432 0.640625 0.6236933797909407 0.646484375 0.6236933797909407 0.650390625 0.627177700348432 0.650390625 0.6376306620209059 0.654296875 0.6411149825783972 0.658203125 0.6515679442508711 0.66015625 0.6515679442508711 0.66015625 0.6585365853658537 0.662109375 0.662020905923345 0.662109375 0.7317073170731707 0.646484375 0.7317073170731707 0.650390625 0.7317073170731707 0.65234375 0.7282229965156795 0.65234375 0.7177700348432056 0.646484375 0.710801393728223 0.646484375 0.6933797909407665 0.642578125 0.6898954703832753 0.642578125 0.6759581881533101 0.63671875 0.6689895470383276 0.63671875 0.6655052264808362 0.640625 0.662020905923345 0.640625 0.6515679442508711 0.63671875 0.6480836236933798 0.63671875 0.6306620209059234
0 0.62109375 0.9860627177700348 0.62890625 0.9860627177700348 0.62890625 0.9965156794425087 0.62109375 0.9965156794425087 0.62109375 0.9895470383275261
0 0.53515625 0.4843205574912892 0.541015625 0.4843205574912892 0.54296875 0.4912891986062718 0.548828125 0.49477351916376305 0.548828125 0.49825783972125437 0.552734375 0.5017421602787456 0.5546875 0.5087108013937283 0.556640625 0.5087108013937283 0.556640625 0.5156794425087108 0.55078125 0.5156794425087108 0.546875 0.5121951219512195 0.546875 0.5087108013937283 0.54296875 0.5052264808362369 0.541015625 0.49825783972125437 0.5390625 0.49825783972125437 0.5390625 0.4912891986062718 0.53515625 0.4878048780487805
0 0.53125 0.519163763066202 0.53515625 0.519163763066202 0.537109375 0.5261324041811847 0.541015625 0.5261324041811847 0.54296875 0.5296167247386759 0.54296875 0.5470383275261324 0.541015625 0.5435540069686411 0.537109375 0.5435540069686411 0.537109375 0.5365853658536586 0.53515625 0.5331010452961672 0.53125 0.5331010452961672 0.53125 0.5226480836236934
0 0.544921875 0.8571428571428571 0.5546875 0.8571428571428571 0.556640625 0.8641114982578397 0.560546875 0.8641114982578397 0.560546875 0.8710801393728222 0.5625 0.8745644599303136 0.5625 0.8885017421602788 0.560546875 0.8850174216027874 0.544921875 0.8780487804878049 0.544921875 0.8606271777003485
0 0.603515625 0.9372822299651568 0.607421875 0.9372822299651568 0.607421875 0.9407665505226481 0.609375 0.9442508710801394 0.61328125 0.9442508710801394 0.615234375 0.9512195121951219 0.615234375 0.9895470383275261 0.61328125 0.9860627177700348 0.609375 0.9860627177700348 0.609375 0.9721254355400697 0.607421875 0.9686411149825784 0.603515625 0.9686411149825784 0.603515625 0.9477351916376306 0.6015625 0.9442508710801394 0.59765625 0.9442508710801394 0.6015625 0.9442508710801394 0.603515625 0.9407665505226481
0 0.58203125 0.9790940766550522 0.583984375 0.9790940766550522 0.5859375 0.975609756097561 0.5859375 0.9686411149825784 0.587890625 0.9686411149825784 0.587890625 0.9825783972125436 0.58984375 0.9860627177700348 0.58984375 0.9965156794425087 0.58203125 0.9965156794425087 0.58203125 0.9825783972125436
0 0.724609375 0.9024390243902439 0.73046875 0.9024390243902439 0.73046875 0.9059233449477352 0.734375 0.9094076655052264 0.734375 0.9965156794425087 0.720703125 0.9965156794425087 0.720703125 0.9407665505226481 0.724609375 0.9372822299651568 0.724609375 0.926829268292683 0.720703125 0.9233449477351916 0.720703125 0.9163763066202091 0.716796875 0.9128919860627178 0.716796875 0.9094076655052264 0.72265625 0.9094076655052264 0.724609375 0.9059233449477352
0 0.5234375 0.4529616724738676 0.53515625 0.4529616724738676 0.53515625 0.4564459930313589 0.54296875 0.4634146341463415 0.544921875 0.47038327526132406 0.544921875 0.4843205574912892 0.541015625 0.4878048780487805 0.537109375 0.4843205574912892 0.537109375 0.4738675958188153 0.529296875 0.46689895470383275 0.52734375 0.45993031358885017 0.5234375 0.45993031358885017 0.5234375 0.4564459930313589
0 0.66015625 0.7874564459930313 0.6640625 0.7874564459930313 0.666015625 0.794425087108014 0.671875 0.794425087108014 0.671875 0.8745644599303136 0.6640625 0.8815331010452961 0.650390625 0.8815331010452961 0.646484375 0.8780487804878049 0.646484375 0.8501742160278746 0.6484375 0.8501742160278746 0.650390625 0.8432055749128919 0.654296875 0.8397212543554007 0.65625 0.8222996515679443 0.66015625 0.818815331010453 0.66015625 0.8013937282229965 0.65625 0.7979094076655052 0.65625 0.794425087108014 0.66015625 0.7909407665505227
0 0.548828125 0.3832752613240418 0.5625 0.3832752613240418 0.56640625 0.3867595818815331 0.56640625 0.39372822299651566 0.5625 0.397212543554007 0.55859375 0.3902439024390244 0.552734375 0.3902439024390244 0.55078125 0.3832752613240418
0 0.580078125 0.4843205574912892 0.58203125 0.4843205574912892 0.58203125 0.4912891986062718 0.58984375 0.49825783972125437 0.591796875 0.5052264808362369 0.591796875 0.5261324041811847 0.591796875 0.5226480836236934 0.587890625 0.519163763066202 0.5859375 0.5121951219512195 0.583984375 0.5121951219512195 0.583984375 0.5052264808362369 0.580078125 0.5017421602787456 0.578125 0.49477351916376305 0.576171875 0.49477351916376305 0.576171875 0.4912891986062718 0.580078125 0.4878048780487805
0 0.556640625 0.8501742160278746 0.5703125 0.8501742160278746 0.5703125 0.8536585365853658 0.57421875 0.8571428571428571 0.57421875 0.8745644599303136 0.5703125 0.8745644599303136 0.568359375 0.8780487804878049 0.564453125 0.8745644599303136 0.5625 0.867595818815331 0.556640625 0.8641114982578397 0.556640625 0.8536585365853658
0 0.67578125 0.23344947735191637 0.68359375 0.22996515679442509 0.68359375 0.28222996515679444 0.6796875 0.28222996515679444 0.677734375 0.2857142857142857 0.67578125 0.28222996515679444 0.671875 0.28222996515679444 0.671875 0.24390243902439024 0.673828125 0.24390243902439024 0.67578125 0.23693379790940766
0 0.55859375 0.47038327526132406 0.564453125 0.47038327526132406 0.57421875 0.4808362369337979 0.57421875 0.49477351916376305 0.572265625 0.4878048780487805 0.56640625 0.4878048780487805 0.56640625 0.4808362369337979 0.55859375 0.4738675958188153
0 0.716796875 0.041811846689895474 0.72265625 0.041811846689895474 0.72265625 0.04529616724738676 0.7265625 0.04878048780487805 0.728515625 0.05574912891986063 0.734375 0.059233449477351915 0.734375 0.10801393728222997 0.732421875 0.10801393728222997 0.732421875 0.10104529616724739 0.724609375 0.09407665505226481 0.724609375 0.08710801393728224 0.720703125 0.08362369337979095 0.720703125 0.07317073170731707 0.716796875 0.06968641114982578 0.716796875 0.04529616724738676
0 0.392578125 0.27526132404181186 0.39453125 0.27526132404181186 0.39453125 0.30662020905923343 0.392578125 0.30662020905923343 0.390625 0.31010452961672474 0.390625 0.3170731707317073 0.384765625 0.3205574912891986 0.3828125 0.32752613240418116 0.373046875 0.32752613240418116 0.373046875 0.313588850174216 0.376953125 0.31010452961672474 0.376953125 0.2926829268292683 0.392578125 0.2787456445993031
0 0.564453125 0.8501742160278746 0.576171875 0.8501742160278746 0.576171875 0.867595818815331 0.5703125 0.867595818815331 0.5703125 0.8571428571428571 0.568359375 0.8536585365853658 0.564453125 0.8536585365853658