0 0.658203125 0.2508710801393728 0.66015625 0.2508710801393728 0.66015625 0.27177700348432055 0.65234375 0.2857142857142857 0.64453125 0.2926829268292683 0.642578125 0.2961672473867596 0.642578125 0.30313588850174217 0.638671875 0.30313588850174217 0.6328125 0.313588850174216 0.630859375 0.313588850174216 0.62890625 0.3205574912891986 0.625 0.3170731707317073 0.61328125 0.3170731707317073 0.603515625 0.31010452961672474 0.603515625 0.30662020905923343 0.607421875 0.30313588850174217 0.607421875 0.2926829268292683 0.611328125 0.28222996515679444 0.623046875 0.27526132404181186 0.625 0.2682926829268293 0.630859375 0.2682926829268293 0.6328125 0.26480836236933797 0.6484375 0.26480836236933797 0.650390625 0.2613240418118467 0.654296875 0.2613240418118467 0.658203125 0.25435540069686413
0 0.552734375 0.024390243902439025 0.61328125 0.027874564459930314 0.62109375 0.03484320557491289 0.625 0.03484320557491289 0.63671875 0.024390243902439025 0.63671875 0.0313588850174216 0.634765625 0.0313588850174216 0.6328125 0.03832752613240418 0.62890625 0.041811846689895474 0.62890625 0.04529616724738676 0.619140625 0.05226480836236934 0.615234375 0.059233449477351915 0.607421875 0.059233449477351915 0.60546875 0.0627177700348432 0.56640625 0.0627177700348432 0.5625 0.059233449477351915 0.55078125 0.03484320557491289 0.548828125 0.03484320557491289 0.548828125 0.0313588850174216 0.552734375 0.027874564459930314
0 0.546875 0.21254355400696864 0.546875 0.23693379790940766 0.5390625 0.23693379790940766 0.5390625 0.2229965156794425 0.546875 0.21602787456445993
0 0.6015625 0.37630662020905925 0.609375 0.37630662020905925 0.609375 0.43205574912891986 0.60546875 0.4355400696864111 0.595703125 0.4355400696864111 0.59375 0.42857142857142855 0.58984375 0.4250871080139373 0.58984375 0.4181184668989547 0.587890625 0.4146341463414634 0.587890625 0.397212543554007 0.58984375 0.3902439024390244 0.59765625 0.3902439024390244 0.6015625 0.3797909407665505
0 0.529296875 0.024390243902439025 0.541015625 0.03484320557491289 0.541015625 0.05574912891986063 0.533203125 0.05574912891986063 0.521484375 0.041811846689895474 0.51953125 0.03484320557491289 0.521484375 0.027874564459930314 0.52734375 0.024390243902439025
0 0.51953125 0.4564459930313589 0.521484375 0.4634146341463415 0.53125 0.4634146341463415 0.533203125 0.4564459930313589 0.5390625 0.4564459930313589 0.5390625 0.45993031358885017 0.546875 0.46689895470383275 0.548828125 0.4738675958188153 0.548828125 0.4878048780487805 0.546875 0.4912891986062718 0.529296875 0.4878048780487805 0.52734375 0.4843205574912892 0.52734375 0.47735191637630664 0.521484375 0.47038327526132406 0.521484375 0.4634146341463415 0.51953125 0.45993031358885017
0 0.53515625 0.24390243902439024 0.546875 0.24390243902439024 0.546875 0.24738675958188153 0.552734375 0.25435540069686413 0.552734375 0.27526132404181186 0.55078125 0.28222996515679444 0.544921875 0.28222996515679444 0.541015625 0.289198606271777 0.5234375 0.289198606271777 0.521484375 0.2857142857142857 0.509765625 0.2857142857142857 0.5078125 0.28222996515679444 0.5078125 0.27526132404181186 0.50390625 0.27177700348432055 0.50390625 0.2682926829268293 0.515625 0.2682926829268293 0.51953125 0.2578397212543554 0.5234375 0.2578397212543554 0.52734375 0.2508710801393728 0.533203125 0.2508710801393728 0.53515625 0.24738675958188153
0 0.572265625 0.6097560975609756 0.578125 0.6097560975609756 0.578125 0.6132404181184669 0.583984375 0.6202090592334495 0.599609375 0.6202090592334495 0.603515625 0.6236933797909407 0.603515625 0.6376306620209059 0.60546875 0.6411149825783972 0.609375 0.6376306620209059 0.607421875 0.6445993031358885 0.609375 0.6515679442508711 0.609375 0.6689895470383276 0.60546875 0.6724738675958188 0.6015625 0.6724738675958188 0.599609375 0.6759581881533101 0.560546875 0.6759581881533101 0.560546875 0.6689895470383276 0.564453125 0.6655052264808362 0.56640625 0.6236933797909407 0.568359375 0.6167247386759582 0.572265625 0.6132404181184669
0 0.43359375 0 0.4453125 0 0.4453125 0.010452961672473868 0.4375 0.010452961672473868 0.43359375 0.006968641114982578 0.43359375 0.003484320557491289
0 0.53515625 0.3205574912891986 0.544921875 0.3205574912891986 0.546875 0.32752613240418116 0.552734375 0.32752613240418116 0.552734375 0.33797909407665505 0.5390625 0.33797909407665505 0.53515625 0.34146341463414637 0.533203125 0.33797909407665505 0.52734375 0.33797909407665505 0.529296875 0.32752613240418116 0.533203125 0.32752613240418116 0.53515625 0.3240418118466899
0 0.380859375 0 0.38671875 0.006968641114982578 0.38671875 0.024390243902439025 0.3828125 0.027874564459930314 0.365234375 0.020905923344947737 0.365234375 0.003484320557491289 0.369140625 0 0.37890625 0
0 0.6015625 0.289198606271777 0.609375 0.289198606271777 0.611328125 0.2961672473867596 0.609375 0.30313588850174217 0.6171875 0.3240418118466899 0.6171875 0.34843205574912894 0.615234375 0.34494773519163763 0.611328125 0.34494773519163763 0.609375 0.34843205574912894 0.59765625 0.34843205574912894 0.58984375 0.3588850174216028 0.583984375 0.3588850174216028 0.58203125 0.3519163763066202 0.576171875 0.3519163763066202 0.5703125 0.3623693379790941 0.564453125 0.3623693379790941 0.5625 0.3588850174216028 0.560546875 0.34146341463414637 0.5546875 0.3310104529616725 0.552734375 0.3310104529616725 0.560546875 0.32752613240418116 0.5703125 0.3344947735191638 0.576171875 0.3205574912891986 0.576171875 0.31010452961672474 0.6015625 0.2926829268292683
0 0.66015625 0.24738675958188153 0.66015625 0.2682926829268293 0.64453125 0.29965156794425085 0.640625 0.29965156794425085 0.638671875 0.30662020905923343 0.6328125 0.313588850174216 0.634765625 0.3170731707317073 0.634765625 0.3240418118466899 0.623046875 0.3240418118466899 0.62109375 0.32752613240418116 0.62109375 0.3344947735191638 0.6171875 0.33797909407665505 0.6171875 0.34843205574912894 0.61328125 0.34494773519163763 0.599609375 0.34494773519163763 0.59765625 0.34843205574912894 0.591796875 0.34843205574912894 0.587890625 0.3588850174216028 0.583984375 0.3588850174216028 0.580078125 0.34843205574912894 0.57421875 0.34843205574912894 0.568359375 0.3623693379790941 0.564453125 0.3623693379790941 0.564453125 0.3554006968641115 0.556640625 0.3344947735191638 0.5703125 0.33797909407665505 0.57421875 0.3310104529616725 0.57421875 0.3170731707317073 0.580078125 0.31010452961672474 0.583984375 0.31010452961672474 0.595703125 0.29965156794425085 0.599609375 0.29965156794425085 0.6015625 0.30662020905923343 0.611328125 0.2926829268292683 0.611328125 0.2857142857142857 0.615234375 0.2787456445993031 0.623046875 0.27526132404181186 0.62890625 0.2682926829268293 0.634765625 0.2682926829268293 0.63671875 0.26480836236933797 0.65234375 0.26480836236933797 0.66015625 0.2508710801393728
0 0.63671875 0.7874564459930313 0.63671875 0.8257839721254355 0.623046875 0.8257839721254355 0.623046875 0.8222996515679443 0.619140625 0.818815331010453 0.6171875 0.8118466898954704 0.615234375 0.8118466898954704 0.615234375 0.8048780487804879 0.62109375 0.8013937282229965 0.623046875 0.794425087108014 0.626953125 0.794425087108014 0.634765625 0.7874564459930313
0 0.349609375 0.11846689895470383 0.36328125 0.11846689895470383 0.3671875 0.12195121951219512 0.3671875 0.14285714285714285 0.359375 0.13588850174216027 0.353515625 0.13588850174216027 0.349609375 0.13240418118466898 0.349609375 0.12195121951219512
0 0.5234375 0.36585365853658536 0.5234375 0.397212543554007 0.515625 0.397212543554007 0.515625 0.3902439024390244 0.517578125 0.3902439024390244 0.51953125 0.3832752613240418 0.5234375 0.3797909407665505 0.5234375 0.3693379790940767
0 0.494140625 0.6062717770034843 0.498046875 0.6062717770034843 0.5 0.6132404181184669 0.5078125 0.6132404181184669 0.509765625 0.6062717770034843 0.51171875 0.6062717770034843 0.51171875 0.6202090592334495 0.5 0.6376306620209059 0.494140625 0.6376306620209059 0.4921875 0.6411149825783972 0.462890625 0.6411149825783972 0.46484375 0.627177700348432 0.47265625 0.6167247386759582 0.478515625 0.6167247386759582 0.48046875 0.6132404181184669 0.4921875 0.6132404181184669 0.494140625 0.6097560975609756
0 0.5546875 0.8292682926829268 0.5546875 0.8536585365853658 0.552734375 0.8606271777003485 0.525390625 0.8606271777003485 0.525390625 0.8327526132404182 0.52734375 0.8292682926829268 0.552734375 0.8327526132404182
0 0.66015625 0.3832752613240418 0.669921875 0.37282229965156793 0.6796875 0.37282229965156793 0.6796875 0.43205574912891986 0.671875 0.42160278745644597 0.666015625 0.42160278745644597 0.650390625 0.41114982578397213 0.650390625 0.40069686411149824 0.65625 0.397212543554007 0.66015625 0.3867595818815331
0 0.51171875 0.5156794425087108 0.52734375 0.5156794425087108 0.529296875 0.5226480836236934 0.529296875 0.5331010452961672 0.50390625 0.5331010452961672 0.50390625 0.5261324041811847 0.51171875 0.519163763066202
0 0.357421875 0.027874564459930314 0.375 0.027874564459930314 0.375 0.03832752613240418 0.37109375 0.041811846689895474 0.357421875 0.03832752613240418 0.357421875 0.0313588850174216
0 0.40625 0.09059233449477352 0.40625 0.10104529616724739 0.392578125 0.10104529616724739 0.392578125 0.09407665505226481 0.404296875 0.09059233449477352
0 0.359375 0.3519163763066202 0.361328125 0.3519163763066202 0.361328125 0.3832752613240418 0.359375 0.3867595818815331 0.35546875 0.3832752613240418 0.34765625 0.3832752613240418 0.34765625 0.37630662020905925 0.3515625 0.37282229965156793 0.3515625 0.3623693379790941 0.359375 0.3554006968641115
0 0.34375 0.24738675958188153 0.353515625 0.24738675958188153 0.353515625 0.2857142857142857 0.34375 0.2857142857142857 0.341796875 0.289198606271777 0.328125 0.2857142857142857 0.328125 0.2578397212543554 0.337890625 0.2578397212543554 0.34375 0.2508710801393728
0 0.599609375 0 0.607421875 0 0.607421875 0.013937282229965157 0.6015625 0.013937282229965157 0.599609375 0.017421602787456445 0.599609375 0.003484320557491289