0 0.81640625 0.4444444444444444 0.8203125 0.4409722222222222 0.837890625 0.4409722222222222 0.84375 0.4479166666666667 0.849609375 0.4479166666666667 0.8515625 0.4513888888888889 0.861328125 0.4548611111111111 0.861328125 0.4583333333333333 0.857421875 0.4618055555555556 0.833984375 0.4652777777777778 0.826171875 0.4583333333333333 0.8203125 0.4583333333333333 0.81640625 0.4479166666666667
0 0.181640625 0.5972222222222222 0.205078125 0.59375 0.20703125 0.5902777777777778 0.21484375 0.5902777777777778 0.216796875 0.5868055555555556 0.234375 0.5868055555555556 0.236328125 0.5902777777777778 0.265625 0.59375 0.267578125 0.5972222222222222 0.2734375 0.5972222222222222 0.28125 0.6076388888888888 0.29296875 0.6111111111111112 0.29296875 0.6493055555555556 0.291015625 0.6527777777777778 0.283203125 0.6527777777777778 0.2734375 0.6597222222222222 0.248046875 0.6631944444444444 0.24609375 0.6666666666666666 0.2109375 0.6701388888888888 0.208984375 0.6736111111111112 0.169921875 0.6736111111111112 0.158203125 0.6631944444444444 0.158203125 0.6319444444444444 0.1640625 0.6215277777777778 0.177734375 0.6215277777777778 0.1796875 0.6180555555555556 0.177734375 0.6041666666666666 0.181640625 0.6006944444444444
0 0.677734375 0.4131944444444444 0.677734375 0.4097222222222222 0.68359375 0.4027777777777778 0.689453125 0.4027777777777778 0.69140625 0.3993055555555556 0.708984375 0.3993055555555556 0.7109375 0.3958333333333333 0.728515625 0.3958333333333333 0.73046875 0.3993055555555556 0.73046875 0.4131944444444444 0.7109375 0.4131944444444444 0.708984375 0.4166666666666667 0.6875 0.4166666666666667 0.685546875 0.4131944444444444 0.6796875 0.4131944444444444
0 0.673828125 0.4340277777777778 0.68359375 0.4340277777777778 0.68359375 0.4583333333333333 0.681640625 0.4652777777777778 0.66796875 0.46875 0.666015625 0.4652777777777778 0.62109375 0.4652777777777778 0.619140625 0.4618055555555556 0.615234375 0.4618055555555556 0.623046875 0.4583333333333333 0.625 0.4513888888888889 0.65234375 0.4479166666666667 0.654296875 0.4444444444444444 0.6640625 0.4444444444444444 0.673828125 0.4375
0 0.587890625 0.6145833333333334 0.599609375 0.6145833333333334 0.6015625 0.6215277777777778 0.60546875 0.6215277777777778 0.607421875 0.625 0.6171875 0.6284722222222222 0.626953125 0.6388888888888888 0.630859375 0.6388888888888888 0.640625 0.6527777777777778 0.64453125 0.6527777777777778 0.64453125 0.65625 0.650390625 0.6666666666666666 0.65625 0.6736111111111112 0.66015625 0.6736111111111112 0.671875 0.6875 0.66796875 0.6909722222222222 0.66015625 0.6909722222222222 0.640625 0.6770833333333334 0.634765625 0.6770833333333334 0.6328125 0.6736111111111112 0.611328125 0.6631944444444444 0.60546875 0.65625 0.603515625 0.6493055555555556 0.595703125 0.6458333333333334 0.587890625 0.6319444444444444 0.587890625 0.6180555555555556
0 0.61328125 0.2569444444444444 0.615234375 0.2638888888888889 0.607421875 0.2916666666666667 0.58203125 0.2916666666666667 0.580078125 0.2881944444444444 0.576171875 0.2881944444444444 0.576171875 0.28125 0.58203125 0.2777777777777778 0.583984375 0.2708333333333333 0.587890625 0.2673611111111111 0.611328125 0.2569444444444444
0 0.017578125 0.2916666666666667 0.021484375 0.2916666666666667 0.02734375 0.2847222222222222 0.037109375 0.2847222222222222 0.0390625 0.28125 0.05859375 0.2777777777777778 0.060546875 0.2743055555555556 0.12109375 0.2743055555555556 0.125 0.28125 0.125 0.2916666666666667 0.12109375 0.2881944444444444 0.103515625 0.2881944444444444 0.08984375 0.2986111111111111 0.0234375 0.3020833333333333 0.021484375 0.2986111111111111 0.013671875 0.2986111111111111 0.017578125 0.2951388888888889
0 0.37890625 0.4548611111111111 0.37890625 0.4722222222222222 0.361328125 0.4722222222222222 0.359375 0.4756944444444444 0.33984375 0.4756944444444444 0.337890625 0.4722222222222222 0.333984375 0.4722222222222222 0.3359375 0.46875 0.33984375 0.4652777777777778 0.345703125 0.4652777777777778 0.34765625 0.4618055555555556 0.359375 0.4618055555555556 0.361328125 0.4583333333333333 0.376953125 0.4548611111111111
0 0.30859375 0.5868055555555556 0.318359375 0.5868055555555556 0.3203125 0.59375 0.326171875 0.59375 0.333984375 0.6006944444444444 0.345703125 0.6006944444444444 0.34765625 0.6041666666666666 0.3515625 0.6041666666666666 0.365234375 0.59375 0.365234375 0.6111111111111112 0.361328125 0.6215277777777778 0.353515625 0.6215277777777778 0.3515625 0.625 0.328125 0.625 0.326171875 0.6284722222222222 0.3203125 0.6284722222222222 0.318359375 0.625 0.3125 0.625 0.306640625 0.6145833333333334 0.3046875 0.59375 0.30859375 0.5902777777777778
0 0.365234375 0.3368055555555556 0.3671875 0.3368055555555556 0.369140625 0.34375 0.373046875 0.34375 0.375 0.3472222222222222 0.375 0.3715277777777778 0.357421875 0.3715277777777778 0.35546875 0.375 0.34765625 0.375 0.345703125 0.3784722222222222 0.30859375 0.3819444444444444 0.306640625 0.3854166666666667 0.291015625 0.3854166666666667 0.287109375 0.3819444444444444 0.291015625 0.375 0.3046875 0.3680555555555556 0.306640625 0.3611111111111111 0.310546875 0.3611111111111111 0.3125 0.3576388888888889 0.328125 0.3541666666666667 0.330078125 0.3506944444444444 0.337890625 0.3506944444444444 0.33984375 0.3472222222222222 0.36328125 0.34375 0.365234375 0.3402777777777778
0 0.998046875 0.3611111111111111 0.998046875 0.3888888888888889 0.994140625 0.3888888888888889 0.978515625 0.4027777777777778 0.96484375 0.4027777777777778 0.962890625 0.40625 0.95703125 0.4027777777777778 0.95703125 0.3958333333333333 0.958984375 0.3958333333333333 0.966796875 0.3784722222222222 0.97265625 0.375 0.9765625 0.3680555555555556 0.982421875 0.3680555555555556 0.990234375 0.3611111111111111 0.99609375 0.3611111111111111
0 0.32421875 0.6354166666666666 0.328125 0.6319444444444444 0.341796875 0.6319444444444444 0.345703125 0.6354166666666666 0.34765625 0.6423611111111112 0.349609375 0.6423611111111112 0.349609375 0.6493055555555556 0.3359375 0.6527777777777778 0.330078125 0.6631944444444444 0.31640625 0.6666666666666666 0.314453125 0.6631944444444444 0.3046875 0.6631944444444444 0.306640625 0.6631944444444444 0.3125 0.6527777777777778 0.318359375 0.6493055555555556 0.3203125 0.6423611111111112 0.32421875 0.6388888888888888
0 0.546875 0.4201388888888889 0.564453125 0.4201388888888889 0.56640625 0.4270833333333333 0.576171875 0.4270833333333333 0.576171875 0.4409722222222222 0.572265625 0.4444444444444444 0.5390625 0.4444444444444444 0.5390625 0.4409722222222222 0.54296875 0.4375 0.54296875 0.4270833333333333 0.546875 0.4236111111111111
0 0.0859375 0.3611111111111111 0.150390625 0.3611111111111111 0.15234375 0.3680555555555556 0.158203125 0.3680555555555556 0.16015625 0.3715277777777778 0.177734375 0.3715277777777778 0.18359375 0.3645833333333333 0.18359375 0.3888888888888889 0.1640625 0.3854166666666667 0.162109375 0.3888888888888889 0.150390625 0.3888888888888889 0.1484375 0.3923611111111111 0.076171875 0.3923611111111111 0.0703125 0.3819444444444444 0.068359375 0.3819444444444444 0.068359375 0.3784722222222222 0.0703125 0.3784722222222222 0.072265625 0.3715277777777778 0.083984375 0.3680555555555556 0.0859375 0.3645833333333333
0 0.369140625 0.2916666666666667 0.369140625 0.3090277777777778 0.365234375 0.3090277777777778 0.36328125 0.3125 0.35546875 0.3125 0.3515625 0.3090277777777778 0.3515625 0.2986111111111111 0.357421875 0.2916666666666667 0.3671875 0.2916666666666667
0 0.234375 0.3055555555555556 0.236328125 0.3090277777777778 0.24609375 0.3090277777777778 0.248046875 0.3125 0.259765625 0.3125 0.259765625 0.3194444444444444 0.251953125 0.3263888888888889 0.2421875 0.3263888888888889 0.23046875 0.3368055555555556 0.205078125 0.3368055555555556 0.203125 0.3402777777777778 0.1640625 0.3333333333333333 0.16015625 0.3298611111111111 0.16015625 0.3229166666666667 0.173828125 0.3125 0.193359375 0.3090277777777778 0.1953125 0.3055555555555556 0.232421875 0.3055555555555556
0 0.611328125 0.1076388888888889 0.611328125 0.13194444444444445 0.607421875 0.13541666666666666 0.580078125 0.13541666666666666 0.578125 0.13194444444444445 0.5703125 0.13194444444444445 0.56640625 0.1284722222222222 0.56640625 0.125 0.572265625 0.11805555555555555 0.578125 0.11805555555555555 0.5859375 0.1111111111111111 0.609375 0.1076388888888889
0 0.724609375 0.3888888888888889 0.744140625 0.3888888888888889 0.74609375 0.3958333333333333 0.763671875 0.3993055555555556 0.76953125 0.40625 0.775390625 0.40625 0.779296875 0.4097222222222222 0.779296875 0.4340277777777778 0.765625 0.4375 0.76171875 0.4305555555555556 0.74609375 0.4270833333333333 0.7421875 0.4201388888888889 0.736328125 0.4201388888888889 0.73046875 0.4131944444444444 0.7265625 0.4131944444444444 0.72265625 0.3993055555555556 0.71875 0.3958333333333333 0.72265625 0.3958333333333333 0.724609375 0.3923611111111111
0 0.197265625 0.34375 0.2265625 0.34375 0.2265625 0.3611111111111111 0.2109375 0.3611111111111111 0.208984375 0.3645833333333333 0.193359375 0.3645833333333333 0.19140625 0.3611111111111111 0.185546875 0.3611111111111111 0.1875 0.3541666666666667 0.19140625 0.3541666666666667 0.197265625 0.3472222222222222
0 0.603515625 0.1388888888888889 0.6171875 0.1388888888888889 0.6171875 0.14583333333333334 0.619140625 0.14930555555555555 0.619140625 0.1701388888888889 0.560546875 0.1736111111111111 0.5546875 0.16666666666666666 0.5546875 0.1597222222222222 0.560546875 0.1527777777777778 0.568359375 0.1527777777777778 0.5703125 0.14930555555555555 0.587890625 0.14930555555555555 0.58984375 0.14583333333333334 0.6015625 0.14583333333333334 0.603515625 0.1423611111111111
0 0.3125 0.3368055555555556 0.314453125 0.3368055555555556 0.314453125 0.3541666666666667 0.3125 0.3541666666666667 0.30859375 0.3645833333333333 0.302734375 0.3645833333333333 0.298828125 0.3715277777777778 0.291015625 0.3715277777777778 0.2890625 0.375 0.2734375 0.375 0.271484375 0.3784722222222222 0.25390625 0.3784722222222222 0.25 0.375 0.255859375 0.3680555555555556 0.265625 0.3645833333333333 0.267578125 0.3576388888888889 0.271484375 0.3576388888888889 0.2734375 0.3541666666666667 0.279296875 0.3541666666666667 0.28125 0.3506944444444444 0.294921875 0.3472222222222222 0.296875 0.34375 0.310546875 0.34375 0.3125 0.3402777777777778
0 0.20703125 0.3854166666666667 0.21484375 0.3854166666666667 0.21875 0.3923611111111111 0.228515625 0.3993055555555556 0.228515625 0.40625 0.23046875 0.4097222222222222 0.234375 0.4097222222222222 0.236328125 0.4131944444444444 0.251953125 0.4131944444444444 0.259765625 0.40625 0.259765625 0.4236111111111111 0.24609375 0.4236111111111111 0.244140625 0.4270833333333333 0.23828125 0.4270833333333333 0.234375 0.4340277777777778 0.234375 0.4444444444444444 0.23046875 0.4444444444444444 0.228515625 0.4479166666666667 0.220703125 0.4409722222222222 0.21484375 0.4409722222222222 0.212890625 0.4444444444444444 0.16796875 0.4444444444444444 0.16796875 0.4375 0.169921875 0.4340277777777778 0.181640625 0.4236111111111111 0.19140625 0.4236111111111111 0.201171875 0.4166666666666667 0.21484375 0.4166666666666667 0.220703125 0.4097222222222222 0.224609375 0.4097222222222222 0.2265625 0.40625 0.224609375 0.4027777777777778 0.212890625 0.4027777777777778 0.208984375 0.3888888888888889
0 0.328125 0.3958333333333333 0.328125 0.4131944444444444 0.326171875 0.4166666666666667 0.3203125 0.4166666666666667 0.318359375 0.4201388888888889 0.306640625 0.4201388888888889 0.3046875 0.4236111111111111 0.2890625 0.4236111111111111 0.287109375 0.4201388888888889 0.279296875 0.4201388888888889 0.28125 0.4201388888888889 0.287109375 0.40625 0.291015625 0.40625 0.29296875 0.4027777777777778 0.326171875 0.4027777777777778 0.328125 0.3993055555555556
0 0.279296875 0.21875 0.279296875 0.23958333333333334 0.275390625 0.24305555555555555 0.275390625 0.25 0.271484375 0.2569444444444444 0.263671875 0.2569444444444444 0.25390625 0.2638888888888889 0.24609375 0.2638888888888889 0.236328125 0.2708333333333333 0.224609375 0.2708333333333333 0.22265625 0.2743055555555556 0.205078125 0.2743055555555556 0.203125 0.2708333333333333 0.1953125 0.2708333333333333 0.201171875 0.2638888888888889 0.22265625 0.2465277777777778 0.2265625 0.2465277777777778 0.236328125 0.2361111111111111 0.240234375 0.2361111111111111 0.248046875 0.22569444444444445 0.2734375 0.2222222222222222 0.27734375 0.21875
0 0.07421875 0.46875 0.083984375 0.4618055555555556 0.1015625 0.4618055555555556 0.103515625 0.4583333333333333 0.1171875 0.4548611111111111 0.125 0.4479166666666667 0.140625 0.4479166666666667 0.142578125 0.4444444444444444 0.16796875 0.4444444444444444 0.169921875 0.4479166666666667 0.173828125 0.4479166666666667 0.173828125 0.4583333333333333 0.15625 0.4618055555555556 0.146484375 0.46875 0.123046875 0.46875 0.12109375 0.4722222222222222 0.095703125 0.4722222222222222 0.09375 0.46875 0.08203125 0.46875 0.080078125 0.4652777777777778 0.076171875 0.4652777777777778
0 0.212890625 0.5833333333333334 0.23828125 0.5833333333333334 0.240234375 0.5902777777777778 0.265625 0.59375 0.271484375 0.6006944444444444 0.271484375 0.6215277777777778 0.263671875 0.6215277777777778 0.26171875 0.625 0.25390625 0.625 0.251953125 0.6215277777777778 0.21484375 0.6215277777777778 0.212890625 0.625 0.201171875 0.625 0.19921875 0.6215277777777778 0.189453125 0.6215277777777778 0.185546875 0.6145833333333334 0.17578125 0.6076388888888888 0.177734375 0.6076388888888888 0.181640625 0.5972222222222222 0.1875 0.5972222222222222 0.189453125 0.59375 0.205078125 0.59375 0.212890625 0.5868055555555556
0 0.9921875 0.5 0.998046875 0.5 0.998046875 0.5069444444444444 0.9921875 0.5069444444444444 0.9921875 0.5034722222222222
0 0.103515625 0.3090277777777778 0.125 0.3090277777777778 0.130859375 0.3159722222222222 0.13671875 0.3159722222222222 0.13671875 0.3298611111111111 0.134765625 0.3333333333333333 0.12109375 0.3368055555555556 0.119140625 0.3333333333333333 0.111328125 0.3333333333333333 0.107421875 0.3298611111111111 0.103515625 0.3125
0 0.54296875 0.3923611111111111 0.556640625 0.3819444444444444 0.587890625 0.3784722222222222 0.587890625 0.4097222222222222 0.576171875 0.4097222222222222 0.57421875 0.4131944444444444 0.56640625 0.4131944444444444 0.564453125 0.4097222222222222 0.546875 0.4097222222222222 0.54296875 0.40625 0.54296875 0.3958333333333333
0 0.8359375 0.5208333333333334 0.837890625 0.5243055555555556 0.849609375 0.5243055555555556 0.8515625 0.5277777777777778 0.857421875 0.5277777777777778 0.8671875 0.5347222222222222 0.875 0.5347222222222222 0.880859375 0.5416666666666666 0.888671875 0.5416666666666666 0.89453125 0.5486111111111112 0.90234375 0.5486111111111112 0.904296875 0.5520833333333334 0.904296875 0.5590277777777778 0.900390625 0.5590277777777778 0.8984375 0.5625 0.888671875 0.5625 0.88671875 0.5590277777777778 0.845703125 0.5590277777777778 0.8359375 0.5520833333333334 0.82421875 0.5520833333333334 0.81640625 0.5451388888888888 0.80859375 0.5451388888888888 0.796875 0.53125 0.798828125 0.53125 0.80078125 0.5243055555555556 0.8046875 0.5208333333333334 0.833984375 0.5208333333333334
0 0.234375 0.2152777777777778 0.248046875 0.2152777777777778 0.248046875 0.22569444444444445 0.2265625 0.24305555555555555 0.224609375 0.25 0.21875 0.25 0.2109375 0.2569444444444444 0.20703125 0.2638888888888889 0.201171875 0.2638888888888889 0.19921875 0.2673611111111111 0.185546875 0.2708333333333333 0.18359375 0.2743055555555556 0.15625 0.2743055555555556 0.15625 0.2708333333333333 0.158203125 0.2708333333333333 0.1640625 0.2604166666666667 0.169921875 0.2534722222222222 0.17578125 0.2534722222222222 0.177734375 0.2465277777777778 0.185546875 0.23958333333333334 0.19140625 0.23958333333333334 0.197265625 0.2326388888888889 0.205078125 0.2326388888888889 0.212890625 0.22569444444444445 0.232421875 0.2222222222222222 0.234375 0.21875
0 0.1953125 0.3888888888888889 0.19921875 0.3923611111111111 0.19921875 0.3993055555555556 0.19140625 0.4027777777777778 0.185546875 0.4097222222222222 0.181640625 0.4097222222222222 0.173828125 0.4201388888888889 0.16796875 0.4201388888888889 0.162109375 0.4270833333333333 0.15625 0.4270833333333333 0.1484375 0.4340277777777778 0.134765625 0.4340277777777778 0.1328125 0.4375 0.11328125 0.4375 0.111328125 0.4340277777777778 0.107421875 0.4340277777777778 0.107421875 0.4305555555555556 0.11328125 0.4236111111111111 0.12890625 0.4166666666666667 0.134765625 0.4097222222222222 0.142578125 0.4097222222222222 0.150390625 0.4027777777777778 0.15625 0.4027777777777778 0.158203125 0.3993055555555556 0.166015625 0.3993055555555556 0.16796875 0.3958333333333333 0.189453125 0.3923611111111111 0.193359375 0.3888888888888889
0 0.111328125 0.3472222222222222 0.123046875 0.3472222222222222 0.123046875 0.3645833333333333 0.099609375 0.3645833333333333 0.09765625 0.3680555555555556 0.0859375 0.3680555555555556 0.083984375 0.3715277777777778 0.0625 0.3715277777777778 0.0625 0.3611111111111111 0.07421875 0.3611111111111111 0.076171875 0.3576388888888889 0.087890625 0.3576388888888889 0.08984375 0.3541666666666667 0.109375 0.3541666666666667 0.111328125 0.3506944444444444
0 0.791015625 0.3506944444444444 0.79296875 0.3506944444444444 0.79296875 0.3680555555555556 0.78515625 0.3680555555555556 0.783203125 0.375 0.763671875 0.375 0.76171875 0.3680555555555556 0.7578125 0.3680555555555556 0.755859375 0.3715277777777778 0.755859375 0.3784722222222222 0.748046875 0.3888888888888889 0.71484375 0.3888888888888889 0.712890625 0.3923611111111111 0.693359375 0.3888888888888889 0.693359375 0.3854166666666667 0.703125 0.3784722222222222 0.705078125 0.3715277777777778 0.7109375 0.3715277777777778 0.720703125 0.3645833333333333 0.73046875 0.3645833333333333 0.732421875 0.3611111111111111 0.74609375 0.3611111111111111 0.748046875 0.3645833333333333 0.75 0.3611111111111111 0.7578125 0.3611111111111111 0.76171875 0.3645833333333333 0.763671875 0.3611111111111111 0.7890625 0.3576388888888889 0.791015625 0.3541666666666667
0 0.326171875 0.4097222222222222 0.330078125 0.40625 0.3515625 0.40625 0.359375 0.4131944444444444 0.37890625 0.4166666666666667 0.37890625 0.4305555555555556 0.361328125 0.4305555555555556 0.359375 0.4340277777777778 0.353515625 0.4340277777777778 0.3515625 0.4305555555555556 0.333984375 0.4305555555555556 0.328125 0.4201388888888889 0.326171875 0.4201388888888889 0.326171875 0.4131944444444444