0 0.69921875 0.5609756097560976 0.705078125 0.5609756097560976 0.705078125 0.627177700348432 0.693359375 0.6306620209059234 0.69140625 0.627177700348432 0.69140625 0.6167247386759582 0.6875 0.6132404181184669 0.6875 0.6097560975609756 0.69140625 0.6062717770034843 0.69140625 0.5958188153310104 0.693359375 0.5888501742160279 0.697265625 0.5853658536585366 0.69921875 0.5644599303135889
0 0.5859375 0.8013937282229965 0.58984375 0.8013937282229965 0.58984375 0.8048780487804879 0.5859375 0.8083623693379791 0.5859375 0.8153310104529616 0.58984375 0.818815331010453 0.58984375 0.8536585365853658 0.587890625 0.8571428571428571 0.5859375 0.8501742160278746 0.5859375 0.8397212543554007 0.58203125 0.8362369337979094 0.58203125 0.8153310104529616 0.580078125 0.8118466898954704 0.580078125 0.8083623693379791 0.583984375 0.8083623693379791 0.5859375 0.8048780487804879
0 0.640625 0.9616724738675958 0.64453125 0.9616724738675958 0.64453125 0.9686411149825784 0.6484375 0.9721254355400697 0.650390625 0.9790940766550522 0.65234375 0.9790940766550522 0.65234375 0.9895470383275261 0.654296875 0.9930313588850174 0.654296875 0.9965156794425087 0.640625 0.9965156794425087 0.640625 0.9651567944250871
0 0.61328125 0.027874564459930314 0.6171875 0.024390243902439025 0.6328125 0.027874564459930314 0.638671875 0.03832752613240418 0.646484375 0.041811846689895474 0.654296875 0.05574912891986063 0.654296875 0.10104529616724739 0.65234375 0.10452961672473868 0.64453125 0.10452961672473868 0.642578125 0.10104529616724739 0.64453125 0.10104529616724739 0.65234375 0.08710801393728224 0.65234375 0.08362369337979095 0.64453125 0.06968641114982578 0.62890625 0.05574912891986063 0.62109375 0.05574912891986063 0.619140625 0.059233449477351915 0.619140625 0.04529616724738676 0.6171875 0.03832752613240418 0.61328125 0.03484320557491289 0.61328125 0.0313588850174216
0 0.552734375 0.37630662020905925 0.5546875 0.37630662020905925 0.5546875 0.39372822299651566 0.552734375 0.3867595818815331 0.548828125 0.3832752613240418 0.552734375 0.3797909407665505
0 0.5859375 0.4355400696864111 0.591796875 0.4355400696864111 0.591796875 0.4529616724738676 0.58984375 0.4564459930313589 0.587890625 0.4564459930313589 0.58984375 0.4529616724738676 0.5859375 0.44947735191637633 0.583984375 0.4425087108013937 0.58203125 0.4425087108013937 0.5859375 0.43902439024390244
0 0.556640625 0.017421602787456445 0.55859375 0.017421602787456445 0.560546875 0.024390243902439025 0.57421875 0.027874564459930314 0.57421875 0.0313588850174216 0.568359375 0.03832752613240418 0.568359375 0.05226480836236934 0.572265625 0.06620209059233449 0.572265625 0.09059233449477352 0.56640625 0.11498257839721254 0.564453125 0.11498257839721254 0.560546875 0.1254355400696864 0.546875 0.1289198606271777 0.54296875 0.12195121951219512 0.54296875 0.0975609756097561 0.541015625 0.09059233449477352 0.537109375 0.08710801393728224 0.544921875 0.08013937282229965 0.55078125 0.05226480836236934 0.552734375 0.05226480836236934 0.560546875 0.03832752613240418 0.556640625 0.027874564459930314 0.556640625 0.020905923344947737
0 0.560546875 0.7804878048780488 0.56640625 0.7804878048780488 0.56640625 0.7979094076655052 0.560546875 0.794425087108014 0.560546875 0.7839721254355401
0 0.533203125 0.3693379790940767 0.54296875 0.3693379790940767 0.54296875 0.3797909407665505 0.541015625 0.3832752613240418 0.533203125 0.3797909407665505 0.533203125 0.37282229965156793
0 0.529296875 0.3205574912891986 0.53515625 0.3205574912891986 0.53515625 0.32752613240418116 0.54296875 0.3344947735191638 0.54296875 0.34494773519163763 0.5390625 0.34843205574912894 0.537109375 0.34146341463414637 0.533203125 0.33797909407665505 0.533203125 0.3310104529616725 0.529296875 0.32752613240418116 0.529296875 0.3240418118466899
0 0.552734375 0.7386759581881533 0.55859375 0.7386759581881533 0.55859375 0.7421602787456446 0.5625 0.7456445993031359 0.5625 0.7560975609756098 0.560546875 0.759581881533101 0.55859375 0.7526132404181185 0.552734375 0.7491289198606271 0.552734375 0.7421602787456446
0 0.560546875 0.34843205574912894 0.5703125 0.34843205574912894 0.5703125 0.3693379790940767 0.568359375 0.37282229965156793 0.56640625 0.37282229965156793 0.56640625 0.36585365853658536 0.564453125 0.3623693379790941 0.560546875 0.3623693379790941 0.560546875 0.3519163763066202
0 0.544921875 0.7421602787456446 0.548828125 0.7421602787456446 0.548828125 0.7665505226480837 0.546875 0.7700348432055749 0.5390625 0.7665505226480837 0.5390625 0.759581881533101 0.54296875 0.759581881533101 0.544921875 0.7560975609756098 0.544921875 0.7456445993031359
0 0.5859375 0.8257839721254355 0.591796875 0.8257839721254355 0.591796875 0.8292682926829268 0.595703125 0.8327526132404182 0.595703125 0.8397212543554007 0.599609375 0.8432055749128919 0.599609375 0.8710801393728222 0.595703125 0.8745644599303136 0.58984375 0.867595818815331 0.58984375 0.8536585365853658 0.5859375 0.8501742160278746 0.5859375 0.8292682926829268
0 0.544921875 0.7386759581881533 0.55078125 0.7386759581881533 0.55078125 0.7630662020905923 0.546875 0.7630662020905923 0.544921875 0.759581881533101 0.544921875 0.7421602787456446
0 0.6015625 0.7700348432055749 0.609375 0.7665505226480837 0.611328125 0.7839721254355401 0.615234375 0.7874564459930313 0.615234375 0.8292682926829268 0.611328125 0.8118466898954704 0.607421875 0.8083623693379791 0.607421875 0.7804878048780488 0.6015625 0.7735191637630662
0 0.701171875 0 0.71484375 0 0.71484375 0.010452961672473868 0.712890625 0.010452961672473868 0.708984375 0.020905923344947737 0.701171875 0.017421602787456445 0.701171875 0.003484320557491289
0 0.390625 0.21602787456445993 0.39453125 0.21602787456445993 0.39453125 0.24738675958188153 0.390625 0.24738675958188153 0.388671875 0.25435540069686413 0.388671875 0.2508710801393728 0.384765625 0.24738675958188153 0.384765625 0.2229965156794425 0.388671875 0.2229965156794425 0.390625 0.21951219512195122
0 0.529296875 0.34494773519163763 0.5390625 0.3519163763066202 0.5390625 0.36585365853658536 0.537109375 0.36585365853658536 0.537109375 0.3623693379790941 0.533203125 0.3588850174216028 0.529296875 0.34843205574912894
0 0.5625 0.7282229965156795 0.5703125 0.7317073170731707 0.5703125 0.7386759581881533 0.572265625 0.7421602787456446 0.572265625 0.7526132404181185 0.5625 0.7456445993031359 0.5625 0.7317073170731707
0 0.689453125 0.6759581881533101 0.6953125 0.6724738675958188 0.6953125 0.7177700348432056 0.689453125 0.7212543554006968 0.685546875 0.7177700348432056 0.68359375 0.710801393728223 0.681640625 0.710801393728223 0.681640625 0.7003484320557491 0.685546875 0.6968641114982579 0.681640625 0.6933797909407665 0.681640625 0.6898954703832753 0.68359375 0.6898954703832753 0.685546875 0.6829268292682927 0.689453125 0.6794425087108014
0 0.546875 0.2926829268292683 0.552734375 0.2926829268292683 0.556640625 0.2961672473867596 0.556640625 0.31010452961672474 0.5546875 0.31010452961672474 0.5546875 0.30662020905923343 0.55078125 0.30313588850174217 0.548828125 0.2961672473867596 0.546875 0.2961672473867596
0 0.609375 0.34843205574912894 0.619140625 0.34843205574912894 0.619140625 0.397212543554007 0.615234375 0.40418118466898956 0.61328125 0.40069686411149824 0.615234375 0.397212543554007 0.611328125 0.39372822299651566 0.611328125 0.3588850174216028 0.609375 0.3519163763066202
0 0.7265625 0.9686411149825784 0.720703125 0.9616724738675958 0.720703125 0.9407665505226481 0.72265625 0.9372822299651568 0.73046875 0.9407665505226481 0.73046875 0.9651567944250871 0.728515625 0.9651567944250871
0 0.724609375 0.7038327526132404 0.728515625 0.7038327526132404 0.728515625 0.7073170731707317 0.732421875 0.710801393728223 0.734375 0.7212543554006968 0.740234375 0.7282229965156795 0.740234375 0.7839721254355401 0.736328125 0.7839721254355401 0.734375 0.7874564459930313 0.7265625 0.7874564459930313 0.72265625 0.7839721254355401 0.72265625 0.7770034843205574 0.71875 0.7735191637630662 0.71875 0.7421602787456446 0.72265625 0.7386759581881533 0.72265625 0.7142857142857143 0.724609375 0.7073170731707317
0 0.529296875 0.40069686411149824 0.53515625 0.40069686411149824 0.5390625 0.40418118466898956 0.5390625 0.4181184668989547 0.53515625 0.4181184668989547 0.529296875 0.41114982578397213 0.529296875 0.40418118466898956
0 0.7410287081339713 1.0264241535101613 0.017821097488038277 0.061884200523481654
0 0.576171875 0.37630662020905925 0.580078125 0.37630662020905925 0.58203125 0.3797909407665505 0.58203125 0.3902439024390244 0.583984375 0.39372822299651566 0.58203125 0.397212543554007 0.58203125 0.39372822299651566 0.576171875 0.3867595818815331 0.576171875 0.3797909407665505
0 0.66796875 0.627177700348432 0.6796875 0.6341463414634146 0.68359375 0.6480836236933798 0.68359375 0.7073170731707317 0.67578125 0.710801393728223 0.67578125 0.7073170731707317 0.671875 0.7038327526132404 0.671875 0.6933797909407665 0.669921875 0.6898954703832753 0.669921875 0.6794425087108014 0.66796875 0.6724738675958188 0.662109375 0.6655052264808362 0.662109375 0.662020905923345 0.66796875 0.6550522648083623 0.66796875 0.6306620209059234
0 0.5625 0.3240418118466899 0.56640625 0.32752613240418116 0.56640625 0.33797909407665505 0.564453125 0.34146341463414637 0.564453125 0.32752613240418116
0 0.5859375 0.8013937282229965 0.5859375 0.8153310104529616 0.591796875 0.8257839721254355 0.59375 0.8257839721254355 0.59765625 0.8362369337979094 0.59765625 0.8745644599303136 0.595703125 0.8745644599303136 0.59765625 0.8710801393728222 0.591796875 0.8641114982578397 0.5859375 0.8501742160278746 0.583984375 0.8501742160278746 0.583984375 0.8397212543554007 0.58203125 0.8362369337979094 0.58203125 0.8153310104529616 0.580078125 0.8118466898954704 0.580078125 0.8048780487804879 0.583984375 0.8013937282229965
0 0.73828125 0 0.751953125 0 0.751953125 0.041811846689895474 0.75 0.04878048780487805 0.74609375 0.041811846689895474 0.74609375 0.03484320557491289 0.7421875 0.0313588850174216 0.7421875 0.013937282229965157 0.73828125 0.010452961672473868 0.73828125 0.003484320557491289