0 0.611328125 0.17421602787456447 0.619140625 0.17421602787456447 0.62890625 0.18815331010452963 0.6328125 0.18815331010452963 0.63671875 0.1986062717770035 0.642578125 0.20557491289198607 0.6484375 0.23344947735191637 0.6484375 0.25435540069686413 0.646484375 0.2578397212543554 0.6484375 0.2613240418118467 0.64453125 0.27177700348432055 0.64453125 0.289198606271777 0.642578125 0.2926829268292683 0.642578125 0.29965156794425085 0.6484375 0.3205574912891986 0.646484375 0.32752613240418116 0.642578125 0.3170731707317073 0.62890625 0.3170731707317073 0.626953125 0.313588850174216 0.62890625 0.30662020905923343 0.6328125 0.30662020905923343 0.63671875 0.2926829268292683 0.6328125 0.2787456445993031 0.62890625 0.27526132404181186 0.623046875 0.2613240418118467 0.62109375 0.23693379790940766 0.615234375 0.22996515679442509 0.611328125 0.22996515679442509 0.61328125 0.21254355400696864 0.611328125 0.20905923344947736 0.611328125 0.1951219512195122 0.607421875 0.1916376306620209 0.607421875 0.18466898954703834 0.609375 0.18466898954703834 0.611328125 0.17770034843205576
0 0.587890625 0.47038327526132406 0.59765625 0.47038327526132406 0.599609375 0.47735191637630664 0.6015625 0.47735191637630664 0.603515625 0.47038327526132406 0.61328125 0.47038327526132406 0.61328125 0.4808362369337979 0.58984375 0.4808362369337979 0.587890625 0.4738675958188153
0 0.662109375 0.794425087108014 0.662109375 0.818815331010453 0.65625 0.818815331010453 0.654296875 0.8222996515679443 0.65234375 0.818815331010453 0.640625 0.818815331010453 0.642578125 0.8118466898954704 0.640625 0.8048780487804879 0.63671875 0.8013937282229965 0.63671875 0.7979094076655052 0.64453125 0.7979094076655052 0.6484375 0.7909407665505227 0.658203125 0.7909407665505227 0.66015625 0.794425087108014
0 0.455078125 0 0.4609375 0 0.4609375 0.017421602787456445 0.45703125 0.027874564459930314 0.45703125 0.03484320557491289 0.458984375 0.03832752613240418 0.453125 0.0313588850174216 0.455078125 0.003484320557491289
0 0.525390625 0.4181184668989547 0.53125 0.4181184668989547 0.53125 0.42160278745644597 0.53515625 0.4250871080139373 0.53515625 0.43205574912891986 0.537109375 0.4355400696864111 0.54296875 0.4355400696864111 0.54296875 0.44947735191637633 0.5390625 0.4529616724738676 0.541015625 0.44947735191637633 0.537109375 0.445993031358885 0.53515625 0.43902439024390244 0.529296875 0.4355400696864111 0.529296875 0.43205574912891986 0.525390625 0.42857142857142855 0.525390625 0.42160278745644597
0 0.662109375 0.6689895470383276 0.669921875 0.6689895470383276 0.671875 0.6759581881533101 0.671875 0.686411149825784 0.673828125 0.6898954703832753 0.673828125 0.7282229965156795 0.669921875 0.7421602787456446 0.6640625 0.7421602787456446 0.658203125 0.7491289198606271 0.65625 0.7491289198606271 0.65234375 0.7421602787456446 0.65234375 0.735191637630662 0.6484375 0.7317073170731707 0.6484375 0.7212543554006968 0.650390625 0.7212543554006968 0.65234375 0.7142857142857143 0.658203125 0.7073170731707317 0.662109375 0.6933797909407665 0.662109375 0.6724738675958188
0 0.486328125 0.397212543554007 0.49609375 0.40418118466898956 0.49609375 0.4146341463414634 0.494140625 0.4181184668989547 0.4921875 0.4181184668989547 0.4921875 0.4146341463414634 0.48828125 0.41114982578397213 0.486328125 0.40418118466898956 0.478515625 0.40069686411149824 0.484375 0.397212543554007
0 0.5078125 0.34494773519163763 0.517578125 0.34494773519163763 0.517578125 0.3693379790940767 0.515625 0.37282229965156793 0.513671875 0.37282229965156793 0.515625 0.3693379790940767 0.513671875 0.3623693379790941 0.5078125 0.3623693379790941 0.5078125 0.34843205574912894
0 0.662109375 0.5958188153310104 0.673828125 0.5958188153310104 0.671875 0.6027874564459931 0.671875 0.6132404181184669 0.673828125 0.6167247386759582 0.673828125 0.6585365853658537 0.66796875 0.6585365853658537 0.666015625 0.662020905923345 0.658203125 0.6585365853658537 0.65625 0.6515679442508711 0.658203125 0.6167247386759582 0.66015625 0.6167247386759582 0.6640625 0.6062717770034843 0.662109375 0.5993031358885017
0 0.564453125 0.37630662020905925 0.57421875 0.37630662020905925 0.57421875 0.4146341463414634 0.572265625 0.4146341463414634 0.572265625 0.3832752613240418 0.5703125 0.3797909407665505 0.564453125 0.3797909407665505
0 0.5 0.4181184668989547 0.509765625 0.4181184668989547 0.509765625 0.43205574912891986 0.5078125 0.4355400696864111 0.5 0.43205574912891986 0.5 0.42160278745644597
0 0.486328125 0.4355400696864111 0.4921875 0.4355400696864111 0.4921875 0.43902439024390244 0.49609375 0.4425087108013937 0.49609375 0.4529616724738676 0.494140625 0.4564459930313589 0.4921875 0.44947735191637633 0.486328125 0.445993031358885 0.486328125 0.43902439024390244
0 0.533203125 0.08710801393728224 0.544921875 0.08710801393728224 0.546875 0.09407665505226481 0.546875 0.15331010452961671 0.544921875 0.1602787456445993 0.541015625 0.16376306620209058 0.537109375 0.17421602787456447 0.521484375 0.17770034843205576 0.51953125 0.17421602787456447 0.515625 0.17421602787456447 0.515625 0.14634146341463414 0.509765625 0.13937282229965156 0.509765625 0.13240418118466898 0.513671875 0.1289198606271777 0.515625 0.13240418118466898 0.51953125 0.13240418118466898 0.525390625 0.11149825783972125 0.5390625 0.10104529616724739 0.5390625 0.0975609756097561 0.533203125 0.09059233449477352
0 0.537109375 0.3693379790940767 0.5390625 0.3693379790940767 0.5390625 0.4076655052264808 0.53515625 0.41114982578397213 0.537109375 0.4076655052264808 0.537109375 0.37282229965156793
0 0.701171875 0.6306620209059234 0.716796875 0.6306620209059234 0.71875 0.6376306620209059 0.71875 0.6898954703832753 0.71484375 0.6933797909407665 0.71484375 0.686411149825784 0.7109375 0.6829268292682927 0.7109375 0.6445993031358885 0.70703125 0.6376306620209059 0.701171875 0.6376306620209059 0.701171875 0.6341463414634146
0 0.548828125 0.735191637630662 0.55859375 0.735191637630662 0.55859375 0.7386759581881533 0.5625 0.7421602787456446 0.5625 0.7700348432055749 0.560546875 0.7700348432055749 0.560546875 0.7665505226480837 0.556640625 0.7630662020905923 0.556640625 0.7456445993031359 0.548828125 0.7386759581881533
0 0.50390625 0.794425087108014 0.51171875 0.7874564459930313 0.517578125 0.794425087108014 0.517578125 0.8153310104529616 0.515625 0.818815331010453 0.515625 0.8153310104529616 0.5078125 0.8083623693379791 0.50390625 0.7979094076655052
0 0.509765625 0.4181184668989547 0.515625 0.42160278745644597 0.515625 0.42857142857142855 0.51953125 0.43205574912891986 0.51953125 0.4425087108013937 0.515625 0.445993031358885 0.517578125 0.4425087108013937 0.509765625 0.4355400696864111 0.509765625 0.42160278745644597
0 0.701171875 0.6759581881533101 0.7109375 0.6759581881533101 0.7109375 0.7247386759581882 0.70703125 0.7282229965156795 0.693359375 0.7212543554006968 0.693359375 0.7142857142857143 0.697265625 0.710801393728223 0.697265625 0.7003484320557491 0.701171875 0.6968641114982579 0.701171875 0.6794425087108014
0 0.51953125 0.3519163763066202 0.525390625 0.3519163763066202 0.529296875 0.34843205574912894 0.529296875 0.37630662020905925 0.52734375 0.37630662020905925 0.52734375 0.36585365853658536 0.525390625 0.3623693379790941 0.51953125 0.3623693379790941 0.51953125 0.3554006968641115
0 0.671875 0.6306620209059234 0.693359375 0.6341463414634146 0.689453125 0.6376306620209059 0.689453125 0.6445993031358885 0.693359375 0.6480836236933798 0.693359375 0.7073170731707317 0.689453125 0.710801393728223 0.681640625 0.710801393728223 0.681640625 0.7038327526132404 0.6796875 0.7003484320557491 0.6796875 0.6829268292682927 0.67578125 0.6794425087108014 0.67578125 0.6724738675958188 0.671875 0.6689895470383276 0.671875 0.6341463414634146
0 0.4921875 0.34146341463414637 0.498046875 0.34843205574912894 0.498046875 0.3588850174216028 0.501953125 0.3623693379790941 0.501953125 0.37282229965156793 0.5 0.37630662020905925 0.49609375 0.37630662020905925 0.49609375 0.37282229965156793 0.4921875 0.3693379790940767 0.4921875 0.3554006968641115 0.48828125 0.3519163763066202 0.48828125 0.34843205574912894 0.4921875 0.34494773519163763
0 0.70703125 0.14982578397212543 0.716796875 0.14982578397212543 0.716796875 0.18466898954703834 0.71484375 0.18466898954703834 0.71484375 0.17421602787456447 0.712890625 0.17073170731707318 0.70703125 0.17073170731707318 0.70703125 0.15331010452961671
0 0.591796875 0.7491289198606271 0.625 0.7491289198606271 0.623046875 0.7560975609756098 0.59765625 0.7560975609756098 0.595703125 0.7526132404181185 0.591796875 0.7526132404181185
0 0.54296875 0.7491289198606271 0.544921875 0.7526132404181185 0.544921875 0.7665505226480837 0.55078125 0.7735191637630662 0.55078125 0.8397212543554007 0.546875 0.8432055749128919 0.55078125 0.8397212543554007 0.546875 0.8362369337979094 0.546875 0.8292682926829268 0.54296875 0.8257839721254355 0.541015625 0.7700348432055749 0.537109375 0.7665505226480837 0.537109375 0.7526132404181185 0.541015625 0.7526132404181185
0 0.681640625 0 0.685546875 0 0.685546875 0.03484320557491289 0.68359375 0.041811846689895474 0.681640625 0.041811846689895474 0.68359375 0.03484320557491289 0.681640625 0.027874564459930314 0.681640625 0.003484320557491289
0 0.5390625 0.4738675958188153 0.5390625 0.47735191637630664 0.548828125 0.4912891986062718 0.548828125 0.5017421602787456 0.544921875 0.5052264808362369 0.544921875 0.49825783972125437 0.541015625 0.49477351916376305 0.5390625 0.4843205574912892 0.53515625 0.4808362369337979 0.53515625 0.47735191637630664 0.537109375 0.47735191637630664