0 0.6328125 0.5087108013937283 0.66015625 0.5087108013937283 0.66015625 0.5156794425087108 0.65625 0.519163763066202 0.65625 0.5296167247386759 0.66015625 0.5331010452961672 0.66015625 0.5888501742160279 0.6484375 0.5888501742160279 0.646484375 0.5923344947735192 0.642578125 0.5888501742160279 0.63671875 0.5888501742160279 0.63671875 0.5714285714285714 0.6328125 0.5679442508710801 0.6328125 0.5574912891986062 0.630859375 0.554006968641115 0.626953125 0.554006968641115 0.626953125 0.5365853658536586 0.630859375 0.5365853658536586 0.640625 0.5261324041811847 0.63671875 0.5226480836236934 0.6328125 0.5121951219512195
0 0.55859375 0.7142857142857143 0.5703125 0.7142857142857143 0.572265625 0.7212543554006968 0.580078125 0.7212543554006968 0.58203125 0.7142857142857143 0.587890625 0.7142857142857143 0.58984375 0.7212543554006968 0.591796875 0.7142857142857143 0.59765625 0.7142857142857143 0.599609375 0.7212543554006968 0.59765625 0.7282229965156795 0.58984375 0.7282229965156795 0.587890625 0.7317073170731707 0.58984375 0.7456445993031359 0.578125 0.7456445993031359 0.578125 0.7317073170731707 0.576171875 0.7282229965156795 0.572265625 0.7282229965156795 0.5703125 0.7247386759581882 0.56640625 0.7247386759581882 0.564453125 0.7282229965156795 0.560546875 0.7247386759581882 0.5546875 0.7247386759581882 0.5546875 0.7212543554006968 0.55859375 0.7177700348432056
0 0.455078125 0.686411149825784 0.458984375 0.686411149825784 0.466796875 0.6794425087108014 0.484375 0.6794425087108014 0.484375 0.710801393728223 0.48046875 0.710801393728223 0.478515625 0.7142857142857143 0.466796875 0.710801393728223 0.466796875 0.7003484320557491 0.46484375 0.6968641114982579 0.455078125 0.6933797909407665 0.455078125 0.6898954703832753
0 0.51953125 0.059233449477351915 0.5234375 0.059233449477351915 0.525390625 0.06620209059233449 0.54296875 0.06620209059233449 0.53515625 0.07317073170731707 0.537109375 0.08013937282229965 0.537109375 0.10104529616724739 0.53515625 0.10801393728222997 0.533203125 0.10801393728222997 0.529296875 0.11846689895470383 0.517578125 0.13240418118466898 0.49609375 0.13240418118466898 0.494140625 0.1289198606271777 0.494140625 0.0975609756097561 0.490234375 0.09407665505226481 0.490234375 0.09059233449477352 0.498046875 0.09059233449477352 0.5 0.09407665505226481 0.501953125 0.08710801393728224 0.513671875 0.07317073170731707 0.517578125 0.07317073170731707 0.51953125 0.06968641114982578 0.51953125 0.0627177700348432
0 0.6328125 0.7282229965156795 0.634765625 0.7282229965156795 0.634765625 0.7421602787456446 0.626953125 0.7491289198606271 0.630859375 0.7526132404181185 0.630859375 0.759581881533101 0.6328125 0.7630662020905923 0.638671875 0.7665505226480837 0.638671875 0.794425087108014 0.63671875 0.794425087108014 0.634765625 0.8013937282229965 0.630859375 0.8013937282229965 0.62890625 0.8048780487804879 0.623046875 0.7979094076655052 0.6171875 0.7979094076655052 0.61328125 0.794425087108014 0.615234375 0.794425087108014 0.6171875 0.7874564459930313 0.62109375 0.7839721254355401 0.62109375 0.7735191637630662 0.625 0.7700348432055749 0.625 0.7665505226480837 0.62109375 0.7630662020905923 0.62109375 0.7560975609756098 0.615234375 0.7491289198606271 0.609375 0.7491289198606271 0.6015625 0.7421602787456446 0.6015625 0.7386759581881533 0.603515625 0.7386759581881533 0.60546875 0.7421602787456446 0.623046875 0.7456445993031359 0.630859375 0.7386759581881533 0.6328125 0.7317073170731707
0 0.54296875 0.30313588850174217 0.552734375 0.30313588850174217 0.552734375 0.34843205574912894 0.546875 0.34843205574912894 0.544921875 0.3519163763066202 0.54296875 0.3519163763066202 0.54296875 0.30662020905923343
0 0.494140625 0.4181184668989547 0.51171875 0.4181184668989547 0.51171875 0.4250871080139373 0.515625 0.42857142857142855 0.515625 0.4425087108013937 0.509765625 0.4425087108013937 0.5078125 0.445993031358885 0.5078125 0.43902439024390244 0.505859375 0.4355400696864111 0.501953125 0.4355400696864111 0.501953125 0.4250871080139373 0.5 0.42160278745644597 0.494140625 0.42160278745644597
0 0.669921875 0.578397212543554 0.671875 0.578397212543554 0.673828125 0.5853658536585366 0.677734375 0.5853658536585366 0.6796875 0.5888501742160279 0.6796875 0.6445993031358885 0.6640625 0.6445993031358885 0.66015625 0.6411149825783972 0.66015625 0.5958188153310104 0.6640625 0.5923344947735192 0.6640625 0.5853658536585366 0.66796875 0.5853658536585366 0.669921875 0.5818815331010453
0 0.564453125 0.6933797909407665 0.57421875 0.6933797909407665 0.57421875 0.7038327526132404 0.56640625 0.7038327526132404 0.564453125 0.7073170731707317 0.564453125 0.6968641114982579
0 0.55078125 0.4529616724738676 0.591796875 0.4529616724738676 0.591796875 0.4564459930313589 0.55078125 0.4564459930313589
0 0.599609375 0.24738675958188153 0.609375 0.24738675958188153 0.611328125 0.25435540069686413 0.62109375 0.2578397212543554 0.626953125 0.26480836236933797 0.630859375 0.27526132404181186 0.638671875 0.28222996515679444 0.640625 0.2961672473867596 0.64453125 0.29965156794425085 0.64453125 0.3310104529616725 0.640625 0.3344947735191638 0.640625 0.34843205574912894 0.638671875 0.3519163763066202 0.638671875 0.37630662020905925 0.640625 0.3832752613240418 0.64453125 0.3867595818815331 0.64453125 0.397212543554007 0.640625 0.39372822299651566 0.619140625 0.397212543554007 0.619140625 0.39372822299651566 0.623046875 0.3902439024390244 0.625 0.3797909407665505 0.62890625 0.37630662020905925 0.62890625 0.3693379790940767 0.611328125 0.34146341463414637 0.611328125 0.3240418118466899 0.599609375 0.31010452961672474 0.599609375 0.29965156794425085 0.6015625 0.2961672473867596 0.599609375 0.2926829268292683 0.599609375 0.2787456445993031 0.595703125 0.27526132404181186 0.595703125 0.2613240418118467 0.599609375 0.2578397212543554 0.599609375 0.2508710801393728
0 0.484375 0.27177700348432055 0.490234375 0.27177700348432055 0.490234375 0.2961672473867596 0.484375 0.2961672473867596 0.482421875 0.29965156794425085 0.478515625 0.2961672473867596 0.47265625 0.2961672473867596 0.482421875 0.2961672473867596 0.484375 0.2926829268292683 0.484375 0.27526132404181186
0 0.626953125 0.5226480836236934 0.634765625 0.5226480836236934 0.63671875 0.5296167247386759 0.64453125 0.5296167247386759 0.64453125 0.5888501742160279 0.634765625 0.5888501742160279 0.6328125 0.5923344947735192 0.62890625 0.5923344947735192 0.626953125 0.5888501742160279 0.62109375 0.5888501742160279 0.62109375 0.5470383275261324 0.625 0.5470383275261324 0.626953125 0.5435540069686411 0.626953125 0.5261324041811847
0 0.45703125 0.3519163763066202 0.466796875 0.3519163763066202 0.466796875 0.3588850174216028 0.46875 0.3623693379790941 0.478515625 0.3623693379790941 0.478515625 0.3832752613240418 0.46875 0.3832752613240418 0.466796875 0.37630662020905925 0.45703125 0.37630662020905925 0.45703125 0.3554006968641115
0 0.65234375 0.9930313588850174 0.666015625 0.9930313588850174 0.666015625 0.9965156794425087 0.65234375 0.9965156794425087
0 0.50390625 0.5958188153310104 0.505859375 0.5993031358885017 0.51171875 0.5993031358885017 0.51171875 0.6062717770034843 0.513671875 0.6097560975609756 0.517578125 0.6097560975609756 0.517578125 0.6341463414634146 0.513671875 0.6341463414634146 0.51171875 0.627177700348432 0.505859375 0.627177700348432 0.505859375 0.6167247386759582 0.50390625 0.6132404181184669 0.5 0.6132404181184669 0.5 0.6062717770034843 0.498046875 0.6027874564459931 0.4921875 0.6027874564459931 0.4921875 0.5993031358885017 0.498046875 0.5993031358885017 0.501953125 0.5958188153310104
0 0.58203125 0.7038327526132404 0.587890625 0.7038327526132404 0.587890625 0.7282229965156795 0.5703125 0.7282229965156795 0.5703125 0.7177700348432056 0.580078125 0.7177700348432056 0.58203125 0.7142857142857143 0.58203125 0.7073170731707317
0 0.671875 0.5017421602787456 0.6796875 0.5017421602787456 0.6796875 0.5156794425087108 0.67578125 0.5121951219512195 0.666015625 0.5121951219512195 0.666015625 0.5087108013937283 0.669921875 0.5087108013937283 0.671875 0.5052264808362369
0 0.658203125 0.08013937282229965 0.6640625 0.08013937282229965 0.6640625 0.1254355400696864 0.662109375 0.13240418118466898 0.65234375 0.13240418118466898 0.6484375 0.13937282229965156 0.6484375 0.13588850174216027 0.64453125 0.13240418118466898 0.64453125 0.1289198606271777 0.6484375 0.1254355400696864 0.6484375 0.10452961672473868 0.65234375 0.10452961672473868 0.654296875 0.10104529616724739 0.654296875 0.08710801393728224 0.658203125 0.08362369337979095
0 0.455078125 0.30313588850174217 0.458984375 0.30313588850174217 0.4609375 0.2961672473867596 0.46875 0.2961672473867596 0.46875 0.34146341463414637 0.466796875 0.34146341463414637 0.466796875 0.3170731707317073 0.46484375 0.313588850174216 0.4609375 0.313588850174216 0.4609375 0.30662020905923343 0.45703125 0.30313588850174217
0 0.482421875 0.27526132404181186 0.4921875 0.27526132404181186 0.494140625 0.27177700348432055 0.494140625 0.2613240418118467 0.5 0.2613240418118467 0.5 0.29965156794425085 0.494140625 0.29965156794425085 0.4921875 0.30313588850174217 0.494140625 0.29965156794425085 0.4921875 0.2961672473867596 0.482421875 0.2961672473867596 0.482421875 0.2787456445993031
0 0.48046875 0.34843205574912894 0.490234375 0.34843205574912894 0.490234375 0.3588850174216028 0.494140625 0.3623693379790941 0.494140625 0.3797909407665505 0.486328125 0.3797909407665505 0.484375 0.37282229965156793 0.48046875 0.37282229965156793 0.48046875 0.3519163763066202
0 0.490234375 0.6167247386759582 0.498046875 0.6167247386759582 0.498046875 0.6306620209059234 0.5 0.6341463414634146 0.50390625 0.6341463414634146 0.50390625 0.6376306620209059 0.5078125 0.6411149825783972 0.5078125 0.662020905923345 0.49609375 0.6655052264808362 0.494140625 0.662020905923345 0.494140625 0.6550522648083623 0.490234375 0.6515679442508711 0.490234375 0.6306620209059234 0.48828125 0.627177700348432 0.478515625 0.6236933797909407 0.48828125 0.6236933797909407 0.490234375 0.6202090592334495
0 0.44140625 0.013937282229965157 0.4453125 0.013937282229965157 0.4453125 0.017421602787456445 0.44921875 0.020905923344947737 0.44921875 0.08013937282229965 0.44140625 0.08013937282229965 0.44140625 0.07317073170731707 0.439453125 0.06968641114982578 0.435546875 0.06968641114982578 0.435546875 0.027874564459930314 0.439453125 0.027874564459930314 0.44140625 0.024390243902439025 0.44140625 0.017421602787456445
0 0.482421875 0.6759581881533101 0.494140625 0.6759581881533101 0.49609375 0.6794425087108014 0.5078125 0.6829268292682927 0.5078125 0.7073170731707317 0.5 0.710801393728223 0.49609375 0.7073170731707317 0.49609375 0.7003484320557491 0.494140625 0.6968641114982579 0.490234375 0.6968641114982579 0.490234375 0.686411149825784 0.48828125 0.6829268292682927 0.482421875 0.6829268292682927 0.482421875 0.6794425087108014
0 0.490234375 0.3554006968641115 0.509765625 0.3554006968641115 0.509765625 0.3693379790940767 0.51171875 0.37282229965156793 0.515625 0.37282229965156793 0.515625 0.3867595818815331 0.509765625 0.3867595818815331 0.5078125 0.39372822299651566 0.50390625 0.3867595818815331 0.498046875 0.3867595818815331 0.498046875 0.3797909407665505 0.49609375 0.37630662020905925 0.490234375 0.37630662020905925 0.490234375 0.3588850174216028
0 0.638671875 0.5958188153310104 0.640625 0.5958188153310104 0.642578125 0.5888501742160279 0.6484375 0.5888501742160279 0.6484375 0.5923344947735192 0.65234375 0.5958188153310104 0.65234375 0.6480836236933798 0.64453125 0.6550522648083623 0.634765625 0.6550522648083623 0.6328125 0.6585365853658537 0.630859375 0.6550522648083623 0.623046875 0.6550522648083623 0.623046875 0.6202090592334495 0.62890625 0.6167247386759582 0.630859375 0.6132404181184669 0.630859375 0.6062717770034843 0.638671875 0.5993031358885017
0 0.490234375 0.2682926829268293 0.49609375 0.2682926829268293 0.498046875 0.27526132404181186 0.509765625 0.27526132404181186 0.51171875 0.28222996515679444 0.515625 0.28222996515679444 0.515625 0.30662020905923343 0.50390625 0.30662020905923343 0.50390625 0.2857142857142857 0.501953125 0.28222996515679444 0.498046875 0.28222996515679444 0.49609375 0.27526132404181186 0.490234375 0.27526132404181186 0.490234375 0.27177700348432055
0 0.51171875 0.30313588850174217 0.517578125 0.30313588850174217 0.517578125 0.3310104529616725 0.513671875 0.3310104529616725 0.51171875 0.3344947735191638 0.51171875 0.30662020905923343