0 0.51171875 0.04878048780487805 0.521484375 0.04878048780487805 0.53125 0.059233449477351915 0.54296875 0.08013937282229965 0.548828125 0.10452961672473868 0.548828125 0.11846689895470383 0.546875 0.12195121951219512 0.546875 0.13588850174216027 0.544921875 0.13937282229965156 0.544921875 0.14982578397212543 0.546875 0.15331010452961671 0.546875 0.17770034843205576 0.54296875 0.1672473867595819 0.53515625 0.1672473867595819 0.53515625 0.1602787456445993 0.54296875 0.14634146341463414 0.541015625 0.14285714285714285 0.541015625 0.13588850174216027 0.53125 0.11498257839721254 0.52734375 0.10104529616724739 0.521484375 0.09059233449477352 0.517578125 0.09407665505226481 0.517578125 0.08013937282229965 0.515625 0.07665505226480836 0.515625 0.06968641114982578 0.51171875 0.06620209059233449 0.51171875 0.05226480836236934
0 0.57421875 0.6132404181184669 0.578125 0.6132404181184669 0.580078125 0.6202090592334495 0.580078125 0.6411149825783972 0.58203125 0.6445993031358885 0.580078125 0.6829268292682927 0.576171875 0.686411149825784 0.5703125 0.686411149825784 0.568359375 0.6794425087108014 0.5625 0.6759581881533101 0.5625 0.6585365853658537 0.56640625 0.6550522648083623 0.572265625 0.6341463414634146 0.57421875 0.6167247386759582
0 0.536969696969697 1.029838454228698 0.01575757575757576 0.06811529933481153
0 0.45703125 0.40069686411149824 0.458984375 0.40069686411149824 0.458984375 0.41114982578397213 0.46484375 0.4181184668989547 0.46484375 0.42857142857142855 0.466796875 0.43205574912891986 0.462890625 0.43205574912891986 0.462890625 0.42857142857142855 0.45703125 0.4181184668989547 0.45703125 0.41114982578397213 0.455078125 0.4076655052264808 0.45703125 0.40418118466898956
0 0.60546875 0.9442508710801394 0.607421875 0.9442508710801394 0.609375 0.9547038327526133 0.61328125 0.9616724738675958 0.61328125 0.9825783972125436 0.615234375 0.9860627177700348 0.6171875 0.9825783972125436 0.6171875 0.9895470383275261 0.615234375 0.9930313588850174 0.609375 0.9930313588850174 0.607421875 0.9895470383275261 0.60546875 0.9686411149825784 0.603515625 0.9651567944250871 0.603515625 0.9512195121951219 0.60546875 0.9477351916376306
0 0.443359375 0 0.44921875 0 0.44921875 0.017421602787456445 0.453125 0.027874564459930314 0.453125 0.059233449477351915 0.443359375 0.09407665505226481 0.4375 0.09407665505226481 0.435546875 0.0975609756097561 0.427734375 0.0975609756097561 0.42578125 0.09407665505226481 0.42578125 0.06620209059233449 0.421875 0.05226480836236934 0.423828125 0.04529616724738676 0.42578125 0.04878048780487805 0.431640625 0.041811846689895474 0.431640625 0.0313588850174216 0.4375 0.010452961672473868 0.443359375 0.003484320557491289
0 0.525390625 0.7247386759581882 0.525390625 0.7317073170731707 0.52734375 0.735191637630662 0.52734375 0.7456445993031359 0.525390625 0.7456445993031359 0.525390625 0.7282229965156795
0 0.5078125 0.6655052264808362 0.51171875 0.6655052264808362 0.513671875 0.662020905923345 0.53515625 0.662020905923345 0.537109375 0.6655052264808362 0.53515625 0.6689895470383276 0.515625 0.6689895470383276 0.513671875 0.6724738675958188 0.5078125 0.6689895470383276
0 0.50390625 0.3797909407665505 0.5234375 0.3797909407665505 0.525390625 0.3832752613240418 0.525390625 0.3867595818815331 0.5 0.3867595818815331 0.50390625 0.3832752613240418
0 0.580078125 0.5296167247386759 0.5859375 0.5331010452961672 0.583984375 0.5400696864111498 0.587890625 0.554006968641115 0.587890625 0.5853658536585366 0.5859375 0.5923344947735192 0.580078125 0.5993031358885017 0.576171875 0.5993031358885017 0.57421875 0.5958188153310104 0.572265625 0.5888501742160279 0.572265625 0.5644599303135889 0.57421875 0.5609756097560976 0.576171875 0.5435540069686411 0.580078125 0.5331010452961672
0 0.42578125 0.34494773519163763 0.4296875 0.3554006968641115 0.4296875 0.36585365853658536 0.427734375 0.36585365853658536 0.423828125 0.34843205574912894
0 0.404296875 0.32752613240418116 0.40625 0.32752613240418116 0.40625 0.3310104529616725 0.4140625 0.34146341463414637 0.412109375 0.34494773519163763 0.41015625 0.34146341463414637 0.40625 0.34146341463414637 0.404296875 0.3310104529616725
0 0.423828125 0.7073170731707317 0.427734375 0.7073170731707317 0.4296875 0.7142857142857143 0.431640625 0.7456445993031359 0.435546875 0.7560975609756098 0.435546875 0.7630662020905923 0.427734375 0.759581881533101 0.42578125 0.7421602787456446 0.421875 0.7282229965156795 0.41796875 0.7247386759581882 0.41796875 0.7212543554006968 0.419921875 0.7212543554006968 0.423828125 0.710801393728223
0 0.603515625 0.6062717770034843 0.607421875 0.6062717770034843 0.609375 0.6132404181184669 0.607421875 0.6167247386759582 0.607421875 0.6306620209059234 0.61328125 0.6515679442508711 0.61328125 0.6724738675958188 0.609375 0.6829268292682927 0.609375 0.6933797909407665 0.599609375 0.6968641114982579 0.6015625 0.6933797909407665 0.599609375 0.6898954703832753 0.599609375 0.6655052264808362 0.595703125 0.662020905923345 0.595703125 0.6585365853658537 0.599609375 0.6550522648083623 0.599609375 0.6167247386759582 0.603515625 0.6097560975609756
0 0.4765625 0.7003484320557491 0.48046875 0.7003484320557491 0.48046875 0.7073170731707317 0.486328125 0.7282229965156795 0.486328125 0.759581881533101 0.484375 0.759581881533101 0.482421875 0.7526132404181185 0.482421875 0.7386759581881533 0.48046875 0.735191637630662 0.48046875 0.7177700348432056 0.4765625 0.7038327526132404
0 0.2681818181818182 1.007673952064196 0.006666666666666666 0.017299123640587055
0 0.408203125 0.289198606271777 0.412109375 0.2961672473867596 0.4140625 0.31010452961672474 0.412109375 0.31010452961672474 0.412109375 0.30313588850174217 0.40625 0.2926829268292683 0.404296875 0.2926829268292683 0.40625 0.2926829268292683
0 0.43359375 0.289198606271777 0.4375 0.2926829268292683 0.4375 0.31010452961672474 0.435546875 0.31010452961672474 0.4375 0.30662020905923343 0.43359375 0.30313588850174217 0.43359375 0.2926829268292683
0 0.525390625 0.6794425087108014 0.52734375 0.6794425087108014 0.52734375 0.6933797909407665 0.5234375 0.6933797909407665 0.525390625 0.6898954703832753 0.525390625 0.6829268292682927
0 0.40234375 0.3693379790940767 0.404296875 0.3693379790940767 0.41015625 0.3797909407665505 0.41015625 0.3867595818815331 0.408203125 0.3867595818815331 0.40234375 0.37282229965156793
0 0.41575757575757577 0.3530102417907296 0.007272727272727273 0.020542709323197128
0 0.486328125 0.30662020905923343 0.4921875 0.31010452961672474 0.4921875 0.3554006968641115 0.490234375 0.3623693379790941 0.48828125 0.3623693379790941 0.486328125 0.3554006968641115 0.486328125 0.31010452961672474
0 0.466796875 0.7770034843205574 0.470703125 0.7909407665505227 0.470703125 0.8153310104529616 0.466796875 0.8153310104529616 0.466796875 0.8083623693379791 0.462890625 0.794425087108014 0.462890625 0.7839721254355401 0.46484375 0.7804878048780488
0 0.43359375 0.7003484320557491 0.4375 0.7038327526132404 0.4375 0.7212543554006968 0.4375 0.7177700348432056 0.43359375 0.7142857142857143 0.43359375 0.7038327526132404
0 0.6227272727272727 1.0228106852497096 0.011515151515151515 0.06703410410727484
0 0.447265625 0.3519163763066202 0.44921875 0.3519163763066202 0.451171875 0.3623693379790941 0.45703125 0.37630662020905925 0.455078125 0.3797909407665505 0.44921875 0.3693379790940767 0.447265625 0.3554006968641115
0 0.5625 0.6794425087108014 0.568359375 0.6933797909407665 0.568359375 0.7073170731707317 0.5703125 0.710801393728223 0.568359375 0.7177700348432056 0.568359375 0.7317073170731707 0.564453125 0.7317073170731707 0.5546875 0.7421602787456446 0.560546875 0.7317073170731707 0.560546875 0.7282229965156795 0.55859375 0.7212543554006968 0.552734375 0.7142857142857143 0.552734375 0.6968641114982579 0.5546875 0.6968641114982579 0.556640625 0.6933797909407665 0.556640625 0.686411149825784 0.560546875 0.6829268292682927
0 0.42757575757575755 0.2886791257522965 0.010303030303030303 0.012974342730440291
0 0.625 0.027874564459930314 0.62890625 0.027874564459930314 0.6328125 0.041811846689895474 0.6328125 0.07317073170731707 0.630859375 0.07317073170731707 0.626953125 0.05574912891986063 0.626953125 0.04529616724738676 0.625 0.041811846689895474 0.625 0.0313588850174216
0 0.4453125 0.30662020905923343 0.447265625 0.30662020905923343 0.447265625 0.313588850174216 0.44921875 0.3170731707317073 0.447265625 0.34494773519163763 0.443359375 0.34146341463414637 0.443359375 0.3170731707317073 0.4453125 0.31010452961672474
0 0.462890625 0.7212543554006968 0.462890625 0.7421602787456446 0.46484375 0.7456445993031359 0.46484375 0.7665505226480837 0.466796875 0.7700348432055749 0.46484375 0.7735191637630662 0.46484375 0.7804878048780488 0.4609375 0.7839721254355401 0.4609375 0.7735191637630662 0.45703125 0.7700348432055749 0.45703125 0.7491289198606271 0.4609375 0.7456445993031359 0.4609375 0.735191637630662 0.45703125 0.7317073170731707 0.45703125 0.7247386759581882 0.4609375 0.7247386759581882
0 0.421875 0.710801393728223 0.423828125 0.7038327526132404 0.427734375 0.7073170731707317 0.4296875 0.7282229965156795 0.427734375 0.7282229965156795 0.423828125 0.710801393728223
0 0.5078125 0.7003484320557491 0.509765625 0.7003484320557491 0.5078125 0.7177700348432056 0.50390625 0.7177700348432056 0.5078125 0.7142857142857143 0.5078125 0.7038327526132404