0 0.455078125 0.05574912891986063 0.474609375 0.05574912891986063 0.474609375 0.059233449477351915 0.48046875 0.06620209059233449 0.48046875 0.08710801393728224 0.455078125 0.08710801393728224 0.455078125 0.059233449477351915
0 0.515625 0.06968641114982578 0.521484375 0.07665505226480836 0.521484375 0.09407665505226481 0.517578125 0.09407665505226481 0.515625 0.0975609756097561 0.51171875 0.0975609756097561 0.5 0.08362369337979095 0.5 0.07317073170731707 0.50390625 0.06968641114982578 0.513671875 0.06968641114982578
0 0.384765625 0 0.396484375 0 0.3984375 0.006968641114982578 0.404296875 0.006968641114982578 0.40625 0.010452961672473868 0.40625 0.013937282229965157 0.390625 0.017421602787456445 0.388671875 0.013937282229965157 0.380859375 0.013937282229965157 0.384765625 0.003484320557491289
0 0.5546875 0.6411149825783972 0.560546875 0.6411149825783972 0.564453125 0.6515679442508711 0.5859375 0.6550522648083623 0.5859375 0.6689895470383276 0.587890625 0.6724738675958188 0.591796875 0.6689895470383276 0.591796875 0.6968641114982579 0.58984375 0.7003484320557491 0.583984375 0.7003484320557491 0.58203125 0.7038327526132404 0.56640625 0.7038327526132404 0.564453125 0.7003484320557491 0.556640625 0.7073170731707317 0.546875 0.7073170731707317 0.548828125 0.6724738675958188 0.55078125 0.6689895470383276 0.55078125 0.6515679442508711 0.552734375 0.6515679442508711 0.5546875 0.6445993031358885
0 0.390625 0.04529616724738676 0.40234375 0.04529616724738676 0.404296875 0.05226480836236934 0.41015625 0.05226480836236934 0.412109375 0.05574912891986063 0.412109375 0.0627177700348432 0.40234375 0.0627177700348432 0.400390625 0.06620209059233449 0.396484375 0.0627177700348432 0.38671875 0.0627177700348432 0.38671875 0.05574912891986063 0.388671875 0.05574912891986063 0.390625 0.04878048780487805
0 0.615234375 0.0627177700348432 0.615234375 0.08710801393728224 0.60546875 0.10452961672473868 0.60546875 0.10801393728222997 0.6015625 0.11149825783972125 0.591796875 0.11149825783972125 0.58203125 0.11846689895470383 0.580078125 0.11498257839721254 0.572265625 0.11846689895470383 0.5703125 0.11498257839721254 0.552734375 0.11149825783972125 0.55078125 0.10452961672473868 0.546875 0.10452961672473868 0.546875 0.0975609756097561 0.541015625 0.09059233449477352 0.5390625 0.08362369337979095 0.5390625 0.06620209059233449 0.548828125 0.08362369337979095 0.56640625 0.08710801393728224 0.568359375 0.09059233449477352 0.6015625 0.09059233449477352 0.611328125 0.07665505226480836 0.61328125 0.06620209059233449
0 0.544921875 0.3623693379790941 0.546875 0.3623693379790941 0.548828125 0.3693379790940767 0.564453125 0.3693379790940767 0.56640625 0.3623693379790941 0.5859375 0.3623693379790941 0.5859375 0.3797909407665505 0.58203125 0.3902439024390244 0.58203125 0.397212543554007 0.576171875 0.40418118466898956 0.576171875 0.4181184668989547 0.57421875 0.42160278745644597 0.568359375 0.42160278745644597 0.56640625 0.4181184668989547 0.564453125 0.42160278745644597 0.55859375 0.42160278745644597 0.5546875 0.43205574912891986 0.55078125 0.4355400696864111 0.55078125 0.4425087108013937 0.548828125 0.42857142857142855 0.546875 0.4250871080139373 0.54296875 0.4250871080139373 0.54296875 0.42160278745644597 0.537109375 0.4146341463414634 0.537109375 0.397212543554007 0.5390625 0.397212543554007 0.54296875 0.3867595818815331 0.54296875 0.3832752613240418 0.537109375 0.37630662020905925 0.537109375 0.3693379790940767 0.54296875 0.3693379790940767 0.544921875 0.36585365853658536
0 0.5234375 0.2613240418118467 0.529296875 0.2613240418118467 0.529296875 0.27526132404181186 0.515625 0.27526132404181186 0.521484375 0.27526132404181186 0.5234375 0.27177700348432055 0.5234375 0.26480836236933797
0 0.609375 0.8153310104529616 0.615234375 0.8153310104529616 0.615234375 0.8536585365853658 0.6015625 0.8536585365853658 0.59765625 0.8501742160278746 0.59765625 0.8432055749128919 0.59375 0.8397212543554007 0.59375 0.8327526132404182 0.595703125 0.8327526132404182 0.59765625 0.8257839721254355 0.6015625 0.8222996515679443 0.607421875 0.8222996515679443 0.609375 0.818815331010453
0 0.359375 0.21951219512195122 0.361328125 0.2229965156794425 0.37109375 0.2264808362369338 0.373046875 0.22996515679442509 0.373046875 0.24041811846689895 0.357421875 0.24041811846689895 0.35546875 0.24390243902439024 0.34765625 0.24390243902439024 0.345703125 0.24738675958188153 0.33203125 0.24390243902439024 0.33203125 0.23693379790940766 0.337890625 0.2264808362369338 0.337890625 0.2229965156794425 0.349609375 0.2229965156794425 0.3515625 0.21951219512195122 0.357421875 0.21951219512195122
0 0.46484375 0 0.505859375 0 0.505859375 0.010452961672473868 0.50390625 0.017421602787456445 0.5 0.017421602787456445 0.498046875 0.020905923344947737 0.470703125 0.020905923344947737 0.46875 0.024390243902439025 0.46484375 0.020905923344947737 0.46484375 0.003484320557491289
0 0.369140625 0.03832752613240418 0.37890625 0.03832752613240418 0.37890625 0.041811846689895474 0.3828125 0.04529616724738676 0.3828125 0.05574912891986063 0.369140625 0.059233449477351915 0.3671875 0.05574912891986063 0.361328125 0.05574912891986063 0.36328125 0.05574912891986063 0.365234375 0.05226480836236934 0.365234375 0.04529616724738676 0.369140625 0.041811846689895474
0 0.564453125 0.8013937282229965 0.56640625 0.8013937282229965 0.56640625 0.8222996515679443 0.5625 0.8292682926829268 0.5625 0.8362369337979094 0.556640625 0.8432055749128919 0.548828125 0.8432055749128919 0.546875 0.8466898954703833 0.5390625 0.8466898954703833 0.537109375 0.8501742160278746 0.53515625 0.8466898954703833 0.529296875 0.8466898954703833 0.529296875 0.8362369337979094 0.53125 0.8362369337979094 0.53515625 0.8257839721254355 0.5390625 0.8257839721254355 0.544921875 0.818815331010453 0.55078125 0.818815331010453 0.552734375 0.8153310104529616 0.5625 0.8153310104529616 0.564453125 0.8118466898954704 0.564453125 0.8048780487804879
0 0.662109375 0.41114982578397213 0.662109375 0.47038327526132406 0.654296875 0.4634146341463415 0.642578125 0.45993031358885017 0.63671875 0.4529616724738676 0.63671875 0.43902439024390244 0.638671875 0.43902439024390244 0.640625 0.43205574912891986 0.6484375 0.42160278745644597 0.6484375 0.4181184668989547 0.66015625 0.4181184668989547 0.662109375 0.4146341463414634
0 0.5078125 0.4634146341463415 0.509765625 0.4634146341463415 0.509765625 0.46689895470383275 0.513671875 0.47038327526132406 0.515625 0.47735191637630664 0.525390625 0.4843205574912892 0.525390625 0.5087108013937283 0.51953125 0.5121951219512195 0.517578125 0.5087108013937283 0.5078125 0.5087108013937283 0.50390625 0.5052264808362369 0.51171875 0.49825783972125437 0.51171875 0.4878048780487805 0.5078125 0.4843205574912892 0.5078125 0.46689895470383275
0 0.611328125 0.041811846689895474 0.619140625 0.041811846689895474 0.619140625 0.05226480836236934 0.615234375 0.05226480836236934 0.61328125 0.05574912891986063 0.60546875 0.05226480836236934 0.609375 0.05226480836236934 0.611328125 0.04529616724738676
0 0.3359375 0.041811846689895474 0.3359375 0.08013937282229965 0.33203125 0.08362369337979095 0.318359375 0.08013937282229965 0.318359375 0.04878048780487805 0.322265625 0.04878048780487805 0.328125 0.041811846689895474 0.333984375 0.041811846689895474
0 0.34375 0.07317073170731707 0.361328125 0.07317073170731707 0.361328125 0.08362369337979095 0.357421875 0.08362369337979095 0.35546875 0.08710801393728224 0.34375 0.08362369337979095 0.34375 0.07665505226480836
0 0.369140625 0.12195121951219512 0.373046875 0.11846689895470383 0.3828125 0.11846689895470383 0.3828125 0.1289198606271777 0.37890625 0.13240418118466898 0.373046875 0.13240418118466898 0.369140625 0.1289198606271777 0.369140625 0.1254355400696864
0 0.408203125 0.0313588850174216 0.421875 0.027874564459930314 0.421875 0.03832752613240418 0.41796875 0.041811846689895474 0.4140625 0.03832752613240418 0.408203125 0.03832752613240418 0.408203125 0.03484320557491289
0 0.505859375 0.29965156794425085 0.5078125 0.29965156794425085 0.5078125 0.30313588850174217 0.513671875 0.31010452961672474 0.5234375 0.31010452961672474 0.5234375 0.3344947735191638 0.51953125 0.33797909407665505 0.513671875 0.33797909407665505 0.51171875 0.3344947735191638 0.505859375 0.3344947735191638 0.501953125 0.3310104529616725 0.501953125 0.3205574912891986 0.505859375 0.3170731707317073 0.505859375 0.30313588850174217
0 0.505859375 0.37630662020905925 0.509765625 0.37630662020905925 0.509765625 0.4076655052264808 0.501953125 0.40418118466898956 0.501953125 0.3867595818815331 0.50390625 0.3867595818815331 0.505859375 0.3797909407665505
0 0.404296875 0.13937282229965156 0.41796875 0.13937282229965156 0.419921875 0.14285714285714285 0.42578125 0.14285714285714285 0.42578125 0.14982578397212543 0.419921875 0.14982578397212543 0.41796875 0.15331010452961671 0.404296875 0.14982578397212543 0.404296875 0.14285714285714285
0 0.62890625 0.7003484320557491 0.646484375 0.7003484320557491 0.662109375 0.710801393728223 0.662109375 0.8083623693379791 0.66015625 0.8118466898954704 0.64453125 0.8118466898954704 0.642578125 0.8083623693379791 0.63671875 0.8083623693379791 0.63671875 0.8048780487804879 0.630859375 0.7979094076655052 0.630859375 0.7909407665505227 0.62890625 0.7874564459930313 0.62890625 0.7560975609756098 0.630859375 0.7526132404181185 0.630859375 0.735191637630662 0.6328125 0.7317073170731707 0.6328125 0.7177700348432056 0.62890625 0.7038327526132404
0 0.5390625 0.09059233449477352 0.541015625 0.09059233449477352 0.54296875 0.08362369337979095 0.546875 0.08362369337979095 0.546875 0.08710801393728224 0.55078125 0.09059233449477352 0.55078125 0.10104529616724739 0.546875 0.10452961672473868 0.533203125 0.10104529616724739 0.537109375 0.10104529616724739 0.5390625 0.09407665505226481