0 0.654296875 0.8611111111111112 0.66015625 0.8611111111111112 0.66796875 0.8402777777777778 0.68359375 0.8263888888888888 0.68359375 0.8333333333333334 0.69140625 0.8472222222222222 0.69921875 0.8680555555555556 0.69921875 0.8784722222222222 0.6953125 0.8854166666666666 0.681640625 0.8923611111111112 0.669921875 0.8819444444444444 0.6640625 0.8715277777777778 0.65625 0.8645833333333334
0 0.509765625 0.020833333333333332 0.51171875 0.024305555555555556 0.51171875 0.034722222222222224 0.50390625 0.03819444444444445 0.498046875 0.052083333333333336 0.494140625 0.06944444444444445 0.47265625 0.10416666666666667 0.4609375 0.11458333333333333 0.431640625 0.11458333333333333 0.427734375 0.12152777777777778 0.423828125 0.125 0.41796875 0.125 0.416015625 0.1284722222222222 0.4140625 0.125 0.423828125 0.11805555555555555 0.431640625 0.10069444444444445 0.435546875 0.08333333333333333 0.439453125 0.0763888888888889 0.4453125 0.05555555555555555 0.466796875 0.020833333333333332 0.47265625 0.017361111111111112 0.474609375 0.020833333333333332 0.482421875 0.020833333333333332 0.484375 0.024305555555555556 0.4921875 0.024305555555555556 0.494140625 0.027777777777777776 0.501953125 0.027777777777777776 0.5078125 0.020833333333333332
0 0.6484375 0.8923611111111112 0.650390625 0.8958333333333334 0.671875 0.90625 0.677734375 0.9131944444444444 0.677734375 0.9201388888888888 0.671875 0.9201388888888888 0.66015625 0.9375 0.65625 0.9375 0.654296875 0.9409722222222222 0.640625 0.9409722222222222 0.638671875 0.9375 0.634765625 0.9375 0.630859375 0.9340277777777778 0.626953125 0.9236111111111112 0.626953125 0.9166666666666666 0.6328125 0.8993055555555556 0.646484375 0.8923611111111112
0 0.345703125 0 0.390625 0 0.390625 0.010416666666666666 0.392578125 0.013888888888888888 0.392578125 0.024305555555555556 0.396484375 0.041666666666666664 0.396484375 0.052083333333333336 0.40234375 0.06944444444444445 0.408203125 0.0763888888888889 0.41015625 0.08333333333333333 0.41015625 0.08680555555555555 0.40625 0.08680555555555555 0.40625 0.08333333333333333 0.396484375 0.07291666666666667 0.39453125 0.06597222222222222 0.38671875 0.0625 0.3671875 0.04513888888888889 0.3515625 0.017361111111111112 0.3515625 0.013888888888888888 0.34765625 0.010416666666666666 0.345703125 0.003472222222222222
0 0.23046875 0 0.236328125 0 0.244140625 0.020833333333333332 0.244140625 0.024305555555555556 0.232421875 0.024305555555555556 0.23046875 0.020833333333333332 0.23046875 0.003472222222222222
0 0.39453125 0 0.439453125 0 0.44140625 0.013888888888888888 0.447265625 0.024305555555555556 0.451171875 0.03819444444444445 0.447265625 0.04861111111111111 0.44140625 0.04861111111111111 0.439453125 0.04513888888888889 0.43359375 0.04513888888888889 0.431640625 0.041666666666666664 0.421875 0.03819444444444445 0.40234375 0.017361111111111112 0.396484375 0.006944444444444444 0.396484375 0.003472222222222222
0 0.33203125 0.0763888888888889 0.333984375 0.08333333333333333 0.34375 0.10069444444444445 0.345703125 0.10069444444444445 0.349609375 0.11458333333333333 0.349609375 0.12152777777777778 0.3515625 0.125 0.35546875 0.125 0.3515625 0.13194444444444445 0.349609375 0.14930555555555555 0.341796875 0.1597222222222222 0.33984375 0.15625 0.3359375 0.15625 0.328125 0.1423611111111111 0.322265625 0.14930555555555555 0.318359375 0.14583333333333334 0.3203125 0.11805555555555555 0.322265625 0.11458333333333333 0.326171875 0.11458333333333333 0.33203125 0.10069444444444445 0.33203125 0.09375 0.333984375 0.09027777777777778 0.33203125 0.08680555555555555 0.33203125 0.0798611111111111
0 0.88671875 0.1111111111111111 0.900390625 0.13194444444444445 0.912109375 0.13194444444444445 0.91796875 0.1388888888888889 0.923828125 0.1388888888888889 0.92578125 0.13541666666666666 0.91796875 0.11458333333333333 0.92578125 0.12152777777777778 0.92578125 0.1284722222222222 0.935546875 0.1597222222222222 0.939453125 0.16319444444444445 0.943359375 0.17708333333333334 0.96484375 0.2222222222222222 0.96484375 0.22916666666666666 0.970703125 0.2465277777777778 0.974609375 0.2708333333333333 0.978515625 0.2777777777777778 0.98046875 0.2951388888888889 0.986328125 0.3159722222222222 0.994140625 0.3298611111111111 0.99609375 0.3402777777777778 0.9921875 0.3402777777777778 0.974609375 0.3159722222222222 0.966796875 0.3125 0.935546875 0.28125 0.91796875 0.2465277777777778 0.91796875 0.24305555555555555 0.9140625 0.23958333333333334 0.912109375 0.22916666666666666 0.8984375 0.19444444444444445 0.8984375 0.1875 0.896484375 0.1840277777777778 0.896484375 0.17708333333333334 0.89453125 0.1736111111111111 0.888671875 0.1388888888888889 0.87890625 0.1284722222222222 0.875 0.1284722222222222 0.875 0.12152777777777778 0.884765625 0.1111111111111111
0 0.740234375 0.03819444444444445 0.74609375 0.03819444444444445 0.748046875 0.041666666666666664 0.771484375 0.041666666666666664 0.7734375 0.03819444444444445 0.77734375 0.03819444444444445 0.779296875 0.041666666666666664 0.783203125 0.041666666666666664 0.80078125 0.08680555555555555 0.79296875 0.08680555555555555 0.78515625 0.0798611111111111 0.779296875 0.0798611111111111 0.77734375 0.0763888888888889 0.765625 0.07291666666666667 0.75390625 0.0625 0.74609375 0.04861111111111111 0.744140625 0.04861111111111111 0.7421875 0.041666666666666664
0 0.72265625 0.7743055555555556 0.728515625 0.7916666666666666 0.728515625 0.7986111111111112 0.744140625 0.8333333333333334 0.748046875 0.8506944444444444 0.748046875 0.8645833333333334 0.75 0.8680555555555556 0.75 0.8784722222222222 0.748046875 0.8819444444444444 0.734375 0.8819444444444444 0.720703125 0.8680555555555556 0.705078125 0.8402777777777778 0.701171875 0.8090277777777778 0.6953125 0.8020833333333334 0.6953125 0.7916666666666666 0.69921875 0.7881944444444444 0.703125 0.7951388888888888 0.716796875 0.7951388888888888 0.720703125 0.7986111111111112 0.724609375 0.7916666666666666 0.72265625 0.7777777777777778
0 0.341796875 0.013888888888888888 0.349609375 0.017361111111111112 0.361328125 0.041666666666666664 0.392578125 0.06944444444444445 0.408203125 0.09027777777777778 0.412109375 0.08333333333333333 0.404296875 0.06944444444444445 0.3984375 0.052083333333333336 0.3984375 0.03819444444444445 0.396484375 0.034722222222222224 0.3984375 0.03125 0.3984375 0.024305555555555556 0.404296875 0.024305555555555556 0.423828125 0.041666666666666664 0.4375 0.06944444444444445 0.4296875 0.10069444444444445 0.421875 0.1111111111111111 0.41796875 0.10416666666666667 0.412109375 0.10416666666666667 0.408203125 0.1111111111111111 0.404296875 0.1111111111111111 0.396484375 0.10069444444444445 0.392578125 0.10069444444444445 0.38671875 0.09375 0.380859375 0.09375 0.375 0.08680555555555555 0.37109375 0.08680555555555555 0.361328125 0.07291666666666667 0.357421875 0.07291666666666667 0.349609375 0.06597222222222222 0.34375 0.06597222222222222 0.33984375 0.0763888888888889 0.3359375 0.0763888888888889 0.3359375 0.06597222222222222 0.333984375 0.059027777777777776 0.337890625 0.041666666666666664 0.337890625 0.027777777777777776 0.341796875 0.017361111111111112
0 0 0.003472222222222222 0.00390625 0 0.021484375 0 0.041015625 0.041666666666666664 0.046875 0.0625 0.056640625 0.0798611111111111 0.064453125 0.08680555555555555 0.064453125 0.09027777777777778 0.060546875 0.09027777777777778 0.048828125 0.0763888888888889 0.04296875 0.0763888888888889 0.041015625 0.07291666666666667 0.029296875 0.06944444444444445 0.013671875 0.05555555555555555 0 0.03125 0 0.006944444444444444
0 0.412109375 0.9444444444444444 0.412109375 0.9513888888888888 0.416015625 0.9618055555555556 0.41796875 0.9652777777777778 0.421875 0.9652777777777778 0.4296875 0.9548611111111112 0.43359375 0.9409722222222222 0.439453125 0.9409722222222222 0.44140625 0.9444444444444444 0.439453125 0.9513888888888888 0.439453125 0.96875 0.443359375 0.9826388888888888 0.443359375 0.9965277777777778 0.416015625 0.9965277777777778 0.41796875 0.9791666666666666 0.416015625 0.9756944444444444 0.412109375 0.9479166666666666