0 0.638671875 0.6027874564459931 0.640625 0.6027874564459931 0.640625 0.6062717770034843 0.64453125 0.6097560975609756 0.646484375 0.6167247386759582 0.646484375 0.6759581881533101 0.62890625 0.6759581881533101 0.62890625 0.6724738675958188 0.625 0.6689895470383276 0.625 0.6480836236933798 0.626953125 0.6480836236933798 0.62890625 0.6445993031358885 0.62890625 0.6376306620209059 0.6328125 0.6341463414634146 0.634765625 0.6097560975609756 0.638671875 0.6062717770034843
0 0.50390625 0.3170731707317073 0.51171875 0.3170731707317073 0.513671875 0.3240418118466899 0.521484375 0.3240418118466899 0.521484375 0.32752613240418116 0.5 0.32752613240418116 0.5 0.3240418118466899 0.50390625 0.3205574912891986
0 0.490234375 0.41114982578397213 0.5 0.41114982578397213 0.501953125 0.4181184668989547 0.501953125 0.4355400696864111 0.5 0.42857142857142855 0.490234375 0.4250871080139373 0.490234375 0.4146341463414634
0 0.5625 0.41114982578397213 0.57421875 0.41114982578397213 0.57421875 0.4564459930313589 0.56640625 0.4564459930313589 0.56640625 0.4529616724738676 0.5625 0.44947735191637633 0.5625 0.4146341463414634
0 0.681640625 0.15331010452961671 0.689453125 0.14982578397212543 0.689453125 0.17073170731707318 0.685546875 0.17421602787456447 0.677734375 0.17421602787456447 0.677734375 0.1672473867595819 0.681640625 0.16376306620209058 0.681640625 0.156794425087108
0 0.5546875 0.04529616724738676 0.560546875 0.05226480836236934 0.568359375 0.05226480836236934 0.576171875 0.059233449477351915 0.580078125 0.059233449477351915 0.5859375 0.07665505226480836 0.55859375 0.07665505226480836 0.556640625 0.07317073170731707 0.548828125 0.07317073170731707 0.541015625 0.06620209059233449 0.541015625 0.04878048780487805 0.54296875 0.04529616724738676 0.552734375 0.04529616724738676
0 0.53515625 0.45993031358885017 0.54296875 0.45993031358885017 0.54296875 0.46689895470383275 0.546875 0.47038327526132406 0.546875 0.4912891986062718 0.5390625 0.4912891986062718 0.5390625 0.47735191637630664 0.53515625 0.4738675958188153 0.53515625 0.4634146341463415
0 0.517578125 0.3902439024390244 0.521484375 0.3902439024390244 0.521484375 0.397212543554007 0.5234375 0.40069686411149824 0.52734375 0.40069686411149824 0.52734375 0.4076655052264808 0.529296875 0.41114982578397213 0.529296875 0.42160278745644597 0.525390625 0.4250871080139373 0.529296875 0.42160278745644597 0.52734375 0.4181184668989547 0.5234375 0.4181184668989547 0.521484375 0.41114982578397213 0.517578125 0.41114982578397213 0.515625 0.40418118466898956 0.51171875 0.40418118466898956 0.51171875 0.397212543554007 0.515625 0.397212543554007 0.517578125 0.39372822299651566
0 0.501953125 0.07317073170731707 0.50390625 0.07317073170731707 0.505859375 0.08013937282229965 0.509765625 0.08013937282229965 0.517578125 0.08710801393728224 0.517578125 0.09407665505226481 0.51171875 0.10104529616724739 0.51171875 0.10801393728222997 0.515625 0.11149825783972125 0.517578125 0.11846689895470383 0.517578125 0.14982578397212543 0.515625 0.15331010452961671 0.515625 0.16376306620209058 0.51171875 0.1672473867595819 0.509765625 0.17770034843205576 0.5 0.18815331010452963 0.486328125 0.18815331010452963 0.482421875 0.18466898954703834 0.482421875 0.17770034843205576 0.48046875 0.17421602787456447 0.48046875 0.15331010452961671 0.4765625 0.14982578397212543 0.4765625 0.14634146341463414 0.484375 0.14285714285714285 0.48828125 0.1254355400696864 0.4921875 0.12195121951219512 0.494140625 0.11149825783972125 0.5 0.10801393728222997 0.501953125 0.10104529616724739 0.505859375 0.0975609756097561 0.505859375 0.09407665505226481 0.501953125 0.09059233449477352 0.501953125 0.08362369337979095 0.5 0.08013937282229965 0.501953125 0.07665505226480836
0 0.564453125 0.6655052264808362 0.57421875 0.6655052264808362 0.576171875 0.662020905923345 0.6015625 0.662020905923345 0.6015625 0.6724738675958188 0.564453125 0.6724738675958188 0.564453125 0.6689895470383276
0 0.51953125 0.8257839721254355 0.521484375 0.8257839721254355 0.5234375 0.8327526132404182 0.53125 0.8362369337979094 0.53125 0.8501742160278746 0.5234375 0.8501742160278746 0.5234375 0.8466898954703833 0.51953125 0.8432055749128919 0.51953125 0.8292682926829268
0 0.4921875 0.37282229965156793 0.498046875 0.37282229965156793 0.50390625 0.3797909407665505 0.5078125 0.3797909407665505 0.5078125 0.3902439024390244 0.501953125 0.3832752613240418 0.49609375 0.3832752613240418 0.49609375 0.3797909407665505 0.4921875 0.37630662020905925
0 0.6015625 0.5679442508710801 0.60546875 0.5679442508710801 0.607421875 0.578397212543554 0.615234375 0.5853658536585366 0.6171875 0.5993031358885017 0.62109375 0.6027874564459931 0.62109375 0.6202090592334495 0.623046875 0.6236933797909407 0.623046875 0.6585365853658537 0.62109375 0.662020905923345 0.62109375 0.6724738675958188 0.623046875 0.6759581881533101 0.603515625 0.6759581881533101 0.607421875 0.6759581881533101 0.609375 0.6724738675958188 0.609375 0.6655052264808362 0.603515625 0.6585365853658537 0.603515625 0.6306620209059234 0.6015625 0.6236933797909407 0.59765625 0.6202090592334495 0.59765625 0.5749128919860628 0.6015625 0.5714285714285714
0 0.580078125 0.9198606271777003 0.591796875 0.9198606271777003 0.591796875 0.9930313588850174 0.591796875 0.9790940766550522 0.58984375 0.975609756097561 0.5859375 0.975609756097561 0.5859375 0.9651567944250871 0.583984375 0.9616724738675958 0.580078125 0.9616724738675958 0.580078125 0.9233449477351916
0 0.5 0.4076655052264808 0.509765625 0.4076655052264808 0.509765625 0.4146341463414634 0.51171875 0.4181184668989547 0.51171875 0.4425087108013937 0.51171875 0.4355400696864111 0.509765625 0.43205574912891986 0.505859375 0.43205574912891986 0.505859375 0.4250871080139373 0.50390625 0.42160278745644597 0.5 0.42160278745644597 0.5 0.41114982578397213
0 0.658203125 0.9233449477351916 0.666015625 0.9233449477351916 0.666015625 0.926829268292683 0.669921875 0.9303135888501742 0.669921875 0.9547038327526133 0.658203125 0.9547038327526133 0.65625 0.9512195121951219 0.65234375 0.9512195121951219 0.65234375 0.9337979094076655 0.65625 0.9337979094076655 0.658203125 0.926829268292683
0 0.5 0.32752613240418116 0.509765625 0.32752613240418116 0.51171875 0.3344947735191638 0.515625 0.3344947735191638 0.517578125 0.33797909407665505 0.517578125 0.3519163763066202 0.515625 0.34843205574912894 0.505859375 0.34494773519163763 0.505859375 0.33797909407665505 0.50390625 0.3344947735191638 0.5 0.3344947735191638 0.5 0.3310104529616725
0 0.501953125 0.7979094076655052 0.505859375 0.7979094076655052 0.505859375 0.8153310104529616 0.501953125 0.8153310104529616 0.501953125 0.8013937282229965
0 0.55859375 0.8466898954703833 0.560546875 0.8466898954703833 0.560546875 0.8501742160278746 0.564453125 0.8536585365853658 0.564453125 0.8571428571428571 0.568359375 0.8606271777003485 0.568359375 0.8641114982578397 0.572265625 0.867595818815331 0.57421875 0.8745644599303136 0.576171875 0.8745644599303136 0.576171875 0.9059233449477352 0.56640625 0.9059233449477352 0.56640625 0.9024390243902439 0.5625 0.8989547038327527 0.5625 0.8815331010452961 0.55859375 0.8780487804878049 0.55859375 0.8571428571428571 0.5546875 0.8536585365853658 0.55859375 0.8501742160278746
0 0.537109375 0.8780487804878049 0.546875 0.8780487804878049 0.546875 0.8885017421602788 0.5546875 0.8954703832752613 0.5546875 0.9024390243902439 0.55859375 0.9059233449477352 0.55859375 0.9372822299651568 0.5546875 0.9407665505226481 0.552734375 0.9337979094076655 0.548828125 0.9303135888501742 0.548828125 0.9198606271777003 0.544921875 0.9163763066202091 0.544921875 0.9094076655052264 0.541015625 0.9059233449477352 0.541015625 0.89198606271777 0.537109375 0.8885017421602788 0.537109375 0.8815331010452961
0 0.50390625 0.7804878048780488 0.509765625 0.7804878048780488 0.509765625 0.7839721254355401 0.513671875 0.7874564459930313 0.513671875 0.794425087108014 0.521484375 0.8013937282229965 0.521484375 0.8048780487804879 0.5078125 0.8048780487804879 0.5078125 0.7979094076655052 0.50390625 0.794425087108014 0.50390625 0.7839721254355401
0 0.673828125 0.8083623693379791 0.6796875 0.8083623693379791 0.6796875 0.8118466898954704 0.68359375 0.8153310104529616 0.68359375 0.8292682926829268 0.69140625 0.8362369337979094 0.69140625 0.9094076655052264 0.681640625 0.9094076655052264 0.681640625 0.8989547038327527 0.677734375 0.8954703832752613 0.677734375 0.8885017421602788 0.673828125 0.8850174216027874 0.673828125 0.8745644599303136 0.669921875 0.8710801393728222 0.669921875 0.8536585365853658 0.673828125 0.8501742160278746 0.669921875 0.8466898954703833 0.673828125 0.8432055749128919 0.669921875 0.8397212543554007 0.669921875 0.8327526132404182 0.673828125 0.8292682926829268 0.673828125 0.8222996515679443 0.669921875 0.818815331010453 0.669921875 0.8153310104529616 0.673828125 0.8118466898954704
0 0.482421875 0.3867595818815331 0.49609375 0.3867595818815331 0.49609375 0.3902439024390244 0.5 0.39372822299651566 0.5 0.40418118466898956 0.490234375 0.40418118466898956 0.48828125 0.397212543554007 0.482421875 0.397212543554007 0.482421875 0.3902439024390244
0 0.626953125 0.7212543554006968 0.630859375 0.7212543554006968 0.630859375 0.7317073170731707 0.6328125 0.735191637630662 0.6328125 0.7839721254355401 0.626953125 0.7909407665505227 0.603515625 0.794425087108014 0.603515625 0.7630662020905923 0.60546875 0.7630662020905923 0.607421875 0.7560975609756098 0.61328125 0.7491289198606271 0.61328125 0.7421602787456446 0.615234375 0.7421602787456446 0.619140625 0.7317073170731707 0.626953125 0.7247386759581882
0 0.337890625 0.9895470383275261 0.3515625 0.9895470383275261 0.3515625 0.9965156794425087 0.337890625 0.9965156794425087 0.337890625 0.9930313588850174
0 0.529296875 0.42160278745644597 0.537109375 0.42160278745644597 0.5390625 0.42857142857142855 0.546875 0.4355400696864111 0.55078125 0.4355400696864111 0.55078125 0.4529616724738676 0.5390625 0.4425087108013937 0.537109375 0.43902439024390244 0.537109375 0.43205574912891986 0.53515625 0.42857142857142855 0.529296875 0.42857142857142855 0.529296875 0.4250871080139373
0 0.5859375 0.6794425087108014 0.58984375 0.6794425087108014 0.58984375 0.6898954703832753 0.5859375 0.6933797909407665 0.5859375 0.6829268292682927
0 0.556640625 0.40418118466898956 0.560546875 0.40069686411149824 0.58984375 0.40069686411149824 0.58984375 0.4076655052264808 0.5859375 0.4076655052264808 0.583984375 0.41114982578397213 0.556640625 0.41114982578397213 0.556640625 0.4076655052264808
0 0.484375 0.4564459930313589 0.5 0.4564459930313589 0.501953125 0.45993031358885017 0.501953125 0.4738675958188153 0.5 0.47038327526132406 0.49609375 0.47038327526132406 0.49609375 0.4634146341463415 0.494140625 0.45993031358885017 0.486328125 0.4564459930313589
0 0.640625 0.14982578397212543 0.642578125 0.14982578397212543 0.642578125 0.20209059233449478 0.630859375 0.20209059233449478 0.630859375 0.1672473867595819 0.6328125 0.1672473867595819 0.634765625 0.1602787456445993 0.638671875 0.1602787456445993 0.640625 0.15331010452961671
0 0.673828125 0.006968641114982578 0.6796875 0.006968641114982578 0.69140625 0.020905923344947737 0.69140625 0.05574912891986063 0.685546875 0.059233449477351915 0.681640625 0.05574912891986063 0.681640625 0.04878048780487805 0.677734375 0.04529616724738676 0.677734375 0.0313588850174216 0.673828125 0.027874564459930314 0.673828125 0.010452961672473868
0 0.35546875 0.21951219512195122 0.357421875 0.21951219512195122 0.357421875 0.25435540069686413 0.35546875 0.25435540069686413 0.353515625 0.2578397212543554 0.353515625 0.26480836236933797 0.34765625 0.2682926829268293 0.345703125 0.27526132404181186 0.34375 0.27177700348432055 0.33984375 0.27177700348432055 0.33984375 0.24738675958188153 0.34375 0.24390243902439024 0.34375 0.23693379790940766 0.353515625 0.22996515679442509 0.35546875 0.2229965156794425
0 0.515625 0.7700348432055749 0.529296875 0.7700348432055749 0.529296875 0.7735191637630662 0.533203125 0.7770034843205574 0.533203125 0.794425087108014 0.5234375 0.794425087108014 0.515625 0.7874564459930313 0.515625 0.7735191637630662