0 0.62109375 0.5173611111111112 0.630859375 0.5173611111111112 0.62890625 0.5277777777777778 0.6328125 0.5347222222222222 0.6328125 0.5416666666666666 0.634765625 0.5451388888888888 0.634765625 0.5659722222222222 0.62890625 0.5798611111111112 0.625 0.5798611111111112 0.625 0.5729166666666666 0.623046875 0.5694444444444444 0.623046875 0.5451388888888888 0.62109375 0.5416666666666666 0.623046875 0.5243055555555556 0.62109375 0.5208333333333334
0 0.564453125 0.6701388888888888 0.568359375 0.6736111111111112 0.568359375 0.6840277777777778 0.564453125 0.6909722222222222 0.5625 0.6875 0.564453125 0.6736111111111112
0 0.466796875 0.6493055555555556 0.46875 0.6527777777777778 0.47265625 0.6527777777777778 0.4765625 0.6666666666666666 0.478515625 0.6909722222222222 0.4765625 0.6909722222222222 0.466796875 0.6701388888888888 0.466796875 0.6597222222222222 0.46484375 0.6527777777777778
0 0.607421875 0.7013888888888888 0.609375 0.7048611111111112 0.607421875 0.7256944444444444 0.599609375 0.7256944444444444 0.595703125 0.7222222222222222 0.59765625 0.71875 0.59765625 0.7118055555555556 0.60546875 0.7048611111111112
0 0.431640625 0 0.439453125 0 0.4375 0.024305555555555556 0.435546875 0.027777777777777776 0.435546875 0.052083333333333336 0.431640625 0.041666666666666664 0.431640625 0.020833333333333332 0.4296875 0.017361111111111112 0.431640625 0.003472222222222222
0 0.494140625 0.3506944444444444 0.498046875 0.3680555555555556 0.501953125 0.375 0.501953125 0.3854166666666667 0.498046875 0.3819444444444444 0.494140625 0.3680555555555556 0.494140625 0.3541666666666667
0 0.640625 0.6180555555555556 0.640625 0.5798611111111112 0.642578125 0.5763888888888888 0.646484375 0.5798611111111112 0.646484375 0.5902777777777778 0.650390625 0.6076388888888888 0.646484375 0.6180555555555556 0.642578125 0.6180555555555556
0 0.654296875 0.14583333333333334 0.658203125 0.14583333333333334 0.658203125 0.1701388888888889 0.65625 0.1701388888888889 0.654296875 0.14930555555555555
0 0.580078125 0.1875 0.587890625 0.19444444444444445 0.595703125 0.20833333333333334 0.6015625 0.22916666666666666 0.603515625 0.2604166666666667 0.6015625 0.2638888888888889 0.6015625 0.2777777777777778 0.599609375 0.28125 0.599609375 0.2986111111111111 0.603515625 0.3090277777777778 0.60546875 0.3229166666666667 0.6015625 0.3229166666666667 0.595703125 0.3125 0.587890625 0.3159722222222222 0.58984375 0.3055555555555556 0.595703125 0.2951388888888889 0.595703125 0.2916666666666667 0.5859375 0.2673611111111111 0.58203125 0.2465277777777778 0.576171875 0.23958333333333334 0.576171875 0.22916666666666666 0.578125 0.22569444444444445 0.57421875 0.20833333333333334 0.57421875 0.1909722222222222 0.578125 0.1875
0 0.451171875 0.3194444444444444 0.455078125 0.3194444444444444 0.455078125 0.3263888888888889 0.458984375 0.3402777777777778 0.458984375 0.3506944444444444 0.45703125 0.3506944444444444 0.451171875 0.3229166666666667
0 0.466796875 0.2777777777777778 0.46875 0.28125 0.46875 0.2951388888888889 0.470703125 0.2986111111111111 0.470703125 0.3090277777777778 0.466796875 0.3090277777777778 0.466796875 0.28125
0 0.611328125 0.5069444444444444 0.6171875 0.5069444444444444 0.6171875 0.5243055555555556 0.619140625 0.5277777777777778 0.619140625 0.5590277777777778 0.6171875 0.5659722222222222 0.609375 0.5659722222222222 0.607421875 0.5590277777777778 0.607421875 0.5347222222222222 0.609375 0.53125 0.609375 0.5243055555555556 0.61328125 0.5173611111111112 0.61328125 0.5104166666666666
0 0.501953125 0.06597222222222222 0.5078125 0.07291666666666667 0.51171875 0.06944444444444445 0.517578125 0.06944444444444445 0.517578125 0.07291666666666667 0.509765625 0.08333333333333333 0.509765625 0.09027777777777778 0.51171875 0.09375 0.51171875 0.1111111111111111 0.509765625 0.11805555555555555 0.498046875 0.1388888888888889 0.494140625 0.1423611111111111 0.48828125 0.1423611111111111 0.484375 0.10069444444444445 0.486328125 0.10416666666666667 0.490234375 0.10416666666666667 0.50390625 0.0798611111111111 0.5 0.06944444444444445
0 0.498046875 0.4027777777777778 0.505859375 0.4236111111111111 0.50390625 0.4305555555555556 0.501953125 0.4270833333333333 0.501953125 0.4201388888888889 0.498046875 0.40625
0 0.48046875 0.2847222222222222 0.482421875 0.2847222222222222 0.482421875 0.3090277777777778 0.48046875 0.3020833333333333 0.48046875 0.2881944444444444
0 0.50390625 0.6041666666666666 0.509765625 0.6111111111111112 0.513671875 0.625 0.513671875 0.6458333333333334 0.51171875 0.6458333333333334 0.51171875 0.6388888888888888 0.5078125 0.6319444444444444 0.505859375 0.6111111111111112 0.50390625 0.6076388888888888
0 0.625 0.013888888888888888 0.62890625 0.013888888888888888 0.630859375 0.03819444444444445 0.6328125 0.041666666666666664 0.6328125 0.0625 0.630859375 0.06597222222222222 0.630859375 0.07291666666666667 0.62890625 0.06944444444444445 0.62890625 0.0625 0.625 0.052083333333333336 0.625 0.017361111111111112
0 0.47265625 0.3402777777777778 0.474609375 0.3402777777777778 0.474609375 0.3472222222222222 0.482421875 0.3680555555555556 0.482421875 0.375 0.478515625 0.3680555555555556 0.474609375 0.3680555555555556 0.47265625 0.34375
0 0.552734375 0.65625 0.556640625 0.65625 0.55859375 0.6597222222222222 0.580078125 0.6597222222222222 0.578125 0.6631944444444444 0.56640625 0.6631944444444444 0.564453125 0.6666666666666666 0.5625 0.6631944444444444 0.55859375 0.6631944444444444 0.552734375 0.6701388888888888 0.55078125 0.6701388888888888 0.552734375 0.6597222222222222
0 0.494140625 0.6215277777777778 0.498046875 0.6215277777777778 0.498046875 0.6284722222222222 0.50390625 0.6423611111111112 0.505859375 0.6666666666666666 0.501953125 0.6666666666666666 0.498046875 0.6527777777777778 0.498046875 0.6354166666666666 0.49609375 0.6319444444444444 0.49609375 0.625
0 0.458984375 0.3611111111111111 0.462890625 0.3715277777777778 0.462890625 0.3819444444444444 0.4609375 0.3819444444444444 0.458984375 0.3645833333333333
0 0.498046875 0.6631944444444444 0.50390625 0.6701388888888888 0.50390625 0.6840277777777778 0.505859375 0.6875 0.505859375 0.6979166666666666 0.50390625 0.7013888888888888 0.501953125 0.6979166666666666 0.5 0.6909722222222222 0.5 0.6805555555555556 0.498046875 0.6770833333333334 0.498046875 0.6666666666666666
0 0.64453125 0.5138888888888888 0.654296875 0.5138888888888888 0.658203125 0.5243055555555556 0.658203125 0.5694444444444444 0.65625 0.5694444444444444 0.65234375 0.5625 0.65234375 0.53125 0.650390625 0.5243055555555556 0.64453125 0.5173611111111112
0 0.47265625 0.6458333333333334 0.4765625 0.6458333333333334 0.48046875 0.6631944444444444 0.48046875 0.6666666666666666 0.4765625 0.6701388888888888 0.47265625 0.6493055555555556
0 0.6138020833333333 0.6027777777777777 0.018229166666666668 0.06666666666666667
0 0.4921875 0.2847222222222222 0.49609375 0.3020833333333333 0.49609375 0.3090277777777778 0.494140625 0.3125 0.4921875 0.3090277777777778 0.4921875 0.2881944444444444
0 0.501953125 0.3020833333333333 0.50390625 0.3368055555555556 0.501953125 0.3402777777777778 0.501953125 0.3333333333333333 0.5 0.3298611111111111 0.5 0.3055555555555556
0 0.529296875 0.3055555555555556 0.533203125 0.3090277777777778 0.533203125 0.3229166666666667 0.53515625 0.3263888888888889 0.533203125 0.3541666666666667 0.529296875 0.3506944444444444 0.529296875 0.3263888888888889 0.53125 0.3229166666666667 0.529296875 0.3090277777777778