0 0.265625 0.26480836236933797 0.2734375 0.27177700348432055 0.26953125 0.27526132404181186 0.2578125 0.27526132404181186 0.24609375 0.289198606271777 0.2421875 0.289198606271777 0.228515625 0.30662020905923343 0.228515625 0.3240418118466899 0.23046875 0.32752613240418116 0.232421875 0.34494773519163763 0.21875 0.32752613240418116 0.21875 0.3240418118466899 0.212890625 0.313588850174216 0.2109375 0.313588850174216 0.205078125 0.30313588850174217 0.205078125 0.29965156794425085 0.21484375 0.2857142857142857 0.21875 0.2857142857142857 0.234375 0.27177700348432055 0.251953125 0.2682926829268293 0.259765625 0.2613240418118467 0.263671875 0.26480836236933797
0 0.669921875 0.27177700348432055 0.671875 0.27177700348432055 0.671875 0.27526132404181186 0.681640625 0.289198606271777 0.689453125 0.2926829268292683 0.689453125 0.30313588850174217 0.6875 0.30662020905923343 0.689453125 0.32752613240418116 0.6875 0.3344947735191638 0.685546875 0.3344947735191638 0.681640625 0.3310104529616725 0.6796875 0.3240418118466899 0.66796875 0.313588850174216 0.6640625 0.30313588850174217 0.662109375 0.289198606271777 0.6640625 0.28222996515679444 0.669921875 0.27526132404181186
0 0.701171875 0.20209059233449478 0.72265625 0.2229965156794425 0.7265625 0.2229965156794425 0.734375 0.22996515679442509 0.736328125 0.23344947735191637 0.736328125 0.24041811846689895 0.732421875 0.24390243902439024 0.71875 0.23344947735191637 0.69140625 0.23344947735191637 0.6875 0.22996515679442509 0.685546875 0.2264808362369338 0.685546875 0.20905923344947736 0.6875 0.20557491289198607 0.6953125 0.20557491289198607 0.69921875 0.20209059233449478
0 0.6171875 0.11846689895470383 0.619140625 0.1254355400696864 0.619140625 0.13937282229965156 0.6171875 0.14634146341463414 0.61328125 0.14634146341463414 0.611328125 0.14982578397212543 0.591796875 0.14982578397212543 0.587890625 0.13937282229965156 0.583984375 0.13588850174216027 0.583984375 0.1289198606271777 0.59375 0.11846689895470383 0.615234375 0.11846689895470383
0 0.638671875 0.34494773519163763 0.64453125 0.33797909407665505 0.681640625 0.33797909407665505 0.69140625 0.34494773519163763 0.6953125 0.3588850174216028 0.693359375 0.3623693379790941 0.658203125 0.3588850174216028 0.65625 0.3554006968641115 0.64453125 0.3519163763066202 0.640625 0.34494773519163763
0 0.619140625 0.6376306620209059 0.6484375 0.6376306620209059 0.650390625 0.6445993031358885 0.6640625 0.6445993031358885 0.666015625 0.6480836236933798 0.671875 0.6480836236933798 0.68359375 0.6585365853658537 0.689453125 0.6585365853658537 0.6953125 0.6655052264808362 0.693359375 0.6724738675958188 0.67578125 0.6724738675958188 0.673828125 0.6689895470383276 0.6328125 0.6689895470383276 0.630859375 0.6655052264808362 0.62109375 0.6655052264808362 0.611328125 0.6585365853658537 0.611328125 0.6480836236933798 0.619140625 0.6411149825783972
0 0.060546875 0.24390243902439024 0.08203125 0.24390243902439024 0.083984375 0.2508710801393728 0.103515625 0.2508710801393728 0.109375 0.2613240418118467 0.111328125 0.2613240418118467 0.109375 0.2682926829268293 0.10546875 0.2682926829268293 0.103515625 0.26480836236933797 0.08984375 0.26480836236933797 0.087890625 0.2682926829268293 0.08203125 0.2682926829268293 0.076171875 0.27526132404181186 0.033203125 0.2787456445993031 0.0234375 0.27177700348432055 0.0234375 0.2613240418118467 0.025390625 0.2578397212543554 0.037109375 0.25435540069686413 0.0390625 0.2508710801393728 0.05859375 0.2508710801393728 0.060546875 0.24738675958188153
0 0.703125 0.41114982578397213 0.705078125 0.41114982578397213 0.70703125 0.4181184668989547 0.734375 0.4181184668989547 0.736328125 0.42160278745644597 0.740234375 0.4181184668989547 0.73828125 0.43205574912891986 0.734375 0.4355400696864111 0.708984375 0.4355400696864111 0.70703125 0.43902439024390244 0.662109375 0.43902439024390244 0.658203125 0.4355400696864111 0.658203125 0.43205574912891986 0.671875 0.42160278745644597 0.701171875 0.4181184668989547 0.703125 0.4146341463414634
0 0.912109375 0.49825783972125437 0.91796875 0.5052264808362369 0.921875 0.5052264808362369 0.9296875 0.5121951219512195 0.939453125 0.5365853658536586 0.921875 0.5365853658536586 0.919921875 0.5331010452961672 0.9140625 0.5331010452961672 0.8828125 0.5052264808362369 0.89453125 0.49477351916376305 0.91015625 0.49825783972125437
0 0.982421875 0.5087108013937283 0.986328125 0.5087108013937283 0.98828125 0.5052264808362369 0.998046875 0.5052264808362369 0.998046875 0.5121951219512195 0.984375 0.5087108013937283
0 0.865234375 0.3310104529616725 0.873046875 0.33797909407665505 0.875 0.34494773519163763 0.875 0.3588850174216028 0.869140625 0.3693379790940767 0.865234375 0.36585365853658536 0.865234375 0.3588850174216028 0.857421875 0.34494773519163763 0.857421875 0.3344947735191638 0.86328125 0.3310104529616725
0 0.611328125 0.2787456445993031 0.6171875 0.2787456445993031 0.62109375 0.2857142857142857 0.62109375 0.29965156794425085 0.6171875 0.31010452961672474 0.6171875 0.3170731707317073 0.615234375 0.3205574912891986 0.60546875 0.3205574912891986 0.603515625 0.3240418118466899 0.6015625 0.3205574912891986 0.59765625 0.3205574912891986 0.599609375 0.3170731707317073 0.6015625 0.2961672473867596 0.611328125 0.28222996515679444
0 0.51953125 0.1986062717770035 0.5390625 0.1986062717770035 0.5390625 0.21951219512195122 0.537109375 0.2229965156794425 0.52734375 0.2229965156794425 0.525390625 0.21951219512195122 0.517578125 0.21951219512195122 0.513671875 0.21602787456445993 0.513671875 0.20905923344947736 0.51953125 0.20209059233449478
0 0.482421875 0.34146341463414637 0.4921875 0.34146341463414637 0.494140625 0.34494773519163763 0.50390625 0.34494773519163763 0.5078125 0.34843205574912894 0.5078125 0.3519163763066202 0.501953125 0.3588850174216028 0.498046875 0.3588850174216028 0.49609375 0.3623693379790941 0.484375 0.3623693379790941 0.482421875 0.3554006968641115 0.482421875 0.34494773519163763
0 0.24609375 0.17421602787456447 0.248046875 0.18466898954703834 0.23046875 0.18815331010452963 0.21484375 0.20209059233449478 0.19140625 0.20557491289198607 0.181640625 0.21254355400696864 0.166015625 0.23344947735191637 0.16015625 0.23344947735191637 0.150390625 0.24041811846689895 0.142578125 0.24041811846689895 0.140625 0.23693379790940766 0.140625 0.22996515679442509 0.1484375 0.21602787456445993 0.1640625 0.20209059233449478 0.17578125 0.18466898954703834 0.1796875 0.18466898954703834 0.181640625 0.18118466898954705 0.19140625 0.18118466898954705 0.19921875 0.17421602787456447 0.244140625 0.17421602787456447
0 0.640625 0.18815331010452963 0.642578125 0.1916376306620209 0.65625 0.1916376306620209 0.658203125 0.1951219512195122 0.6640625 0.1951219512195122 0.669921875 0.20209059233449478 0.65625 0.20209059233449478 0.654296875 0.20557491289198607 0.6484375 0.20209059233449478 0.646484375 0.20557491289198607 0.62890625 0.20557491289198607 0.626953125 0.20905923344947736 0.6015625 0.20905923344947736 0.59765625 0.20209059233449478 0.59765625 0.1951219512195122 0.599609375 0.1916376306620209 0.607421875 0.1916376306620209 0.609375 0.18815331010452963 0.638671875 0.18815331010452963
0 0.6953125 0.30313588850174217 0.701171875 0.30313588850174217 0.705078125 0.29965156794425085 0.70703125 0.30313588850174217 0.7265625 0.30313588850174217 0.732421875 0.31010452961672474 0.744140625 0.31010452961672474 0.744140625 0.313588850174216 0.73828125 0.313588850174216 0.732421875 0.3205574912891986 0.7265625 0.3205574912891986 0.716796875 0.32752613240418116 0.6953125 0.32752613240418116 0.6953125 0.3240418118466899 0.69140625 0.3205574912891986 0.69140625 0.31010452961672474 0.6953125 0.30662020905923343
0 0.671875 0.20209059233449478 0.673828125 0.20557491289198607 0.673828125 0.21951219512195122 0.671875 0.2264808362369338 0.611328125 0.2264808362369338 0.607421875 0.2229965156794425 0.607421875 0.21602787456445993 0.6171875 0.20905923344947736 0.630859375 0.20905923344947736 0.6328125 0.20557491289198607 0.666015625 0.20557491289198607 0.669921875 0.20209059233449478
0 0.15625 0.3693379790940767 0.154296875 0.3623693379790941 0.146484375 0.36585365853658536 0.138671875 0.3554006968641115 0.138671875 0.34146341463414637 0.150390625 0.3170731707317073 0.15625 0.3170731707317073 0.16015625 0.3310104529616725 0.158203125 0.33797909407665505 0.16015625 0.34146341463414637 0.158203125 0.34494773519163763 0.16015625 0.3519163763066202 0.16015625 0.36585365853658536 0.158203125 0.3693379790940767
0 0.068359375 0.27526132404181186 0.0703125 0.28222996515679444 0.078125 0.28222996515679444 0.10546875 0.30313588850174217 0.107421875 0.29965156794425085 0.107421875 0.30662020905923343 0.103515625 0.3170731707317073 0.08984375 0.313588850174216 0.087890625 0.31010452961672474 0.083984375 0.31010452961672474 0.0703125 0.2926829268292683 0.06640625 0.2857142857142857 0.068359375 0.2787456445993031
0 0.4609375 0.2508710801393728 0.478515625 0.22996515679442509 0.48046875 0.22996515679442509 0.48046875 0.24041811846689895 0.482421875 0.24390243902439024 0.482421875 0.25435540069686413 0.48046875 0.2578397212543554 0.47265625 0.2613240418118467 0.470703125 0.2578397212543554 0.466796875 0.2578397212543554 0.462890625 0.2508710801393728
0 0.470703125 0.13588850174216027 0.490234375 0.11846689895470383 0.49609375 0.11846689895470383 0.498046875 0.11498257839721254 0.509765625 0.11498257839721254 0.513671875 0.10801393728222997 0.521484375 0.10801393728222997 0.5234375 0.10452961672473868 0.5390625 0.10452961672473868 0.544921875 0.0975609756097561 0.54296875 0.10452961672473868 0.544921875 0.11498257839721254 0.5234375 0.1254355400696864 0.5 0.14634146341463414 0.494140625 0.14634146341463414 0.4921875 0.14982578397212543 0.4765625 0.14982578397212543 0.470703125 0.14285714285714285 0.470703125 0.13937282229965156
0 0.47265625 0.20905923344947736 0.4765625 0.20905923344947736 0.478515625 0.21254355400696864 0.478515625 0.22996515679442509 0.4765625 0.23344947735191637 0.470703125 0.23344947735191637 0.462890625 0.24041811846689895 0.451171875 0.24041811846689895 0.44921875 0.23693379790940766 0.453125 0.2264808362369338 0.47265625 0.21254355400696864
0 0.123046875 0.37282229965156793 0.12890625 0.3832752613240418 0.130859375 0.397212543554007 0.123046875 0.40418118466898956 0.115234375 0.40418118466898956 0.11328125 0.4076655052264808 0.10546875 0.4076655052264808 0.103515625 0.41114982578397213 0.0859375 0.41114982578397213 0.083984375 0.4076655052264808 0.046875 0.41114982578397213 0.044921875 0.4076655052264808 0.041015625 0.4076655052264808 0.0390625 0.40069686411149824 0.04296875 0.39372822299651566 0.046875 0.39372822299651566 0.052734375 0.3867595818815331 0.05859375 0.3867595818815331 0.06640625 0.3797909407665505 0.08984375 0.37630662020905925 0.091796875 0.37282229965156793 0.12109375 0.37282229965156793
0 0.958984375 0.42160278745644597 0.974609375 0.42160278745644597 0.974609375 0.4250871080139373 0.978515625 0.42857142857142855 0.98046875 0.4355400696864111 0.98046875 0.44947735191637633 0.97265625 0.47038327526132406 0.96875 0.4738675958188153 0.9609375 0.4738675958188153 0.958984375 0.47735191637630664 0.94921875 0.47735191637630664 0.953125 0.47038327526132406 0.958984375 0.46689895470383275 0.96484375 0.4564459930313589 0.96484375 0.445993031358885 0.958984375 0.4250871080139373
0 0.2578125 0.5853658536585366 0.267578125 0.5853658536585366 0.26953125 0.5923344947735192 0.2734375 0.5923344947735192 0.279296875 0.5993031358885017 0.30078125 0.5993031358885017 0.30078125 0.6167247386759582 0.296875 0.627177700348432 0.296875 0.6445993031358885 0.298828125 0.6480836236933798 0.298828125 0.6585365853658537 0.30078125 0.6655052264808362 0.296875 0.6759581881533101 0.29296875 0.6759581881533101 0.291015625 0.6794425087108014 0.279296875 0.6794425087108014 0.271484375 0.6933797909407665 0.263671875 0.6968641114982579 0.2578125 0.7073170731707317 0.2421875 0.7073170731707317 0.240234375 0.710801393728223 0.234375 0.710801393728223 0.232421875 0.7073170731707317 0.224609375 0.7073170731707317 0.22265625 0.7038327526132404 0.20703125 0.7003484320557491 0.205078125 0.7038327526132404 0.203125 0.7282229965156795 0.19140625 0.7317073170731707 0.193359375 0.7073170731707317 0.181640625 0.6689895470383276 0.181640625 0.6550522648083623 0.18359375 0.6515679442508711 0.2109375 0.6515679442508711 0.216796875 0.6445993031358885 0.21875 0.6376306620209059 0.236328125 0.6097560975609756 0.236328125 0.6062717770034843 0.2421875 0.6027874564459931 0.24609375 0.5958188153310104 0.25 0.5958188153310104 0.2578125 0.5888501742160279
0 0.19921875 0.22996515679442509 0.19921875 0.23693379790940766 0.201171875 0.24041811846689895 0.201171875 0.26480836236933797 0.193359375 0.27526132404181186 0.1875 0.2682926829268293 0.1875 0.24738675958188153 0.19921875 0.23344947735191637
0 0.05078125 0.34494773519163763 0.052734375 0.34843205574912894 0.056640625 0.34843205574912894 0.060546875 0.3588850174216028 0.05859375 0.3554006968641115 0.0546875 0.3554006968641115 0.052734375 0.3588850174216028 0.04296875 0.3623693379790941 0.03515625 0.3693379790940767 0.025390625 0.3867595818815331 0.02734375 0.39372822299651566 0.03125 0.39372822299651566 0.02734375 0.397212543554007 0.015625 0.397212543554007 0.0078125 0.40418118466898956 0.005859375 0.40069686411149824 0 0.40069686411149824 0 0.37630662020905925 0.001953125 0.37282229965156793 0.005859375 0.37282229965156793 0.013671875 0.3623693379790941 0.01953125 0.3623693379790941 0.03515625 0.34843205574912894 0.048828125 0.34494773519163763
0 0.138671875 0.1602787456445993 0.15234375 0.17421602787456447 0.16015625 0.17421602787456447 0.162109375 0.17770034843205576 0.162109375 0.1951219512195122 0.15234375 0.18815331010452963 0.125 0.18815331010452963 0.123046875 0.18466898954703834 0.111328125 0.18118466898954705 0.1015625 0.17073170731707318 0.09765625 0.17073170731707318 0.09375 0.16376306620209058 0.099609375 0.15331010452961671 0.12109375 0.15331010452961671 0.123046875 0.156794425087108 0.13671875 0.1602787456445993
0 0.6640625 0.313588850174216 0.671875 0.313588850174216 0.67578125 0.3205574912891986 0.681640625 0.3205574912891986 0.68359375 0.3240418118466899 0.681640625 0.3310104529616725 0.677734375 0.32752613240418116 0.666015625 0.32752613240418116 0.6640625 0.3240418118466899 0.6640625 0.3170731707317073
0 0.712890625 0.13937282229965156 0.71484375 0.14285714285714285 0.736328125 0.14634146341463414 0.73828125 0.14982578397212543 0.751953125 0.15331010452961671 0.759765625 0.1602787456445993 0.765625 0.17421602787456447 0.765625 0.18466898954703834 0.763671875 0.1916376306620209 0.76171875 0.1916376306620209 0.76171875 0.18466898954703834 0.759765625 0.18118466898954705 0.755859375 0.18118466898954705 0.75390625 0.17770034843205576 0.736328125 0.17770034843205576 0.734375 0.17421602787456447 0.724609375 0.17421602787456447 0.708984375 0.16376306620209058 0.701171875 0.16376306620209058 0.693359375 0.14285714285714285 0.7109375 0.13937282229965156
0 0.576171875 0.24738675958188153 0.615234375 0.24738675958188153 0.6171875 0.25435540069686413 0.625 0.25435540069686413 0.626953125 0.2578397212543554 0.638671875 0.2613240418118467 0.638671875 0.26480836236933797 0.626953125 0.26480836236933797 0.625 0.2682926829268293 0.587890625 0.2682926829268293 0.5859375 0.26480836236933797 0.568359375 0.26480836236933797 0.568359375 0.25435540069686413 0.57421875 0.25435540069686413 0.576171875 0.2508710801393728
0 0.93359375 0.519163763066202 0.94140625 0.5121951219512195 0.998046875 0.5121951219512195 0.998046875 0.5574912891986062 0.994140625 0.5574912891986062 0.9921875 0.554006968641115 0.982421875 0.554006968641115 0.990234375 0.554006968641115 0.9921875 0.5505226480836237 0.990234375 0.5470383275261324 0.978515625 0.5470383275261324 0.9765625 0.5435540069686411 0.96875 0.5435540069686411 0.9609375 0.5365853658536586 0.951171875 0.5365853658536586 0.94921875 0.5331010452961672 0.9375 0.5296167247386759 0.9375 0.5261324041811847 0.93359375 0.5226480836236934
0 0.12890625 0.2961672473867596 0.16796875 0.2961672473867596 0.16796875 0.29965156794425085 0.169921875 0.30313588850174217 0.171875 0.29965156794425085 0.173828125 0.30662020905923343 0.173828125 0.31010452961672474 0.169921875 0.313588850174216 0.162109375 0.313588850174216 0.154296875 0.3205574912891986 0.14453125 0.3205574912891986 0.142578125 0.3240418118466899 0.134765625 0.3240418118466899 0.1328125 0.32752613240418116 0.1171875 0.32752613240418116 0.115234375 0.3240418118466899 0.107421875 0.3240418118466899 0.10546875 0.3205574912891986 0.107421875 0.313588850174216 0.111328125 0.30662020905923343 0.126953125 0.30313588850174217 0.12890625 0.29965156794425085
0 0.037109375 0.2787456445993031 0.046875 0.2857142857142857 0.04296875 0.2926829268292683 0.041015625 0.31010452961672474 0.03125 0.313588850174216 0.029296875 0.3170731707317073 0.013671875 0.3205574912891986 0.01171875 0.3240418118466899 0 0.3240418118466899 0 0.289198606271777 0.013671875 0.289198606271777 0.015625 0.28222996515679444 0.02734375 0.28222996515679444 0.029296875 0.2787456445993031 0.03515625 0.2787456445993031
0 0.953125 0.6759581881533101 0.95703125 0.6724738675958188 0.998046875 0.6689895470383276 0.998046875 0.686411149825784 0.98828125 0.686411149825784 0.986328125 0.6829268292682927 0.95703125 0.6829268292682927 0.953125 0.6794425087108014
0 0.982421875 0.5087108013937283 0.984375 0.5121951219512195 0.994140625 0.5121951219512195 0.998046875 0.5156794425087108 0.998046875 0.5574912891986062 0.99609375 0.5574912891986062 0.994140625 0.5505226480836237 0.9765625 0.5470383275261324 0.974609375 0.5435540069686411 0.9609375 0.5400696864111498 0.955078125 0.5331010452961672 0.947265625 0.5331010452961672 0.9375 0.5261324041811847 0.9375 0.5226480836236934 0.93359375 0.519163763066202 0.93359375 0.5156794425087108 0.939453125 0.5087108013937283 0.98046875 0.5087108013937283
0 0.28515625 0.45993031358885017 0.287109375 0.4634146341463415 0.294921875 0.4634146341463415 0.296875 0.45993031358885017 0.3046875 0.45993031358885017 0.306640625 0.4564459930313589 0.3125 0.4564459930313589 0.322265625 0.44947735191637633 0.32421875 0.44947735191637633 0.326171875 0.4564459930313589 0.322265625 0.4738675958188153 0.322265625 0.4912891986062718 0.306640625 0.5226480836236934 0.3046875 0.5470383275261324 0.30078125 0.554006968641115 0.296875 0.5574912891986062 0.28515625 0.5574912891986062 0.283203125 0.5609756097560976 0.27734375 0.5609756097560976 0.267578125 0.5749128919860628 0.259765625 0.5818815331010453 0.25 0.5853658536585366 0.23046875 0.6062717770034843 0.22265625 0.6062717770034843 0.21484375 0.6132404181184669 0.208984375 0.6132404181184669 0.17578125 0.6376306620209059 0.158203125 0.6411149825783972 0.154296875 0.6480836236933798 0.146484375 0.6480836236933798 0.142578125 0.6445993031358885 0.142578125 0.6411149825783972 0.138671875 0.6376306620209059 0.134765625 0.627177700348432 0.1328125 0.627177700348432 0.1328125 0.6132404181184669 0.138671875 0.6062717770034843 0.138671875 0.5958188153310104 0.146484375 0.5749128919860628 0.1484375 0.5749128919860628 0.166015625 0.5435540069686411 0.203125 0.5052264808362369 0.20703125 0.5052264808362369 0.212890625 0.49825783972125437 0.234375 0.4878048780487805 0.240234375 0.4808362369337979 0.244140625 0.4808362369337979 0.251953125 0.4738675958188153 0.2578125 0.4738675958188153 0.265625 0.46689895470383275 0.271484375 0.46689895470383275 0.2734375 0.4634146341463415 0.279296875 0.4634146341463415 0.283203125 0.45993031358885017
0 0.56640625 0.289198606271777 0.5859375 0.289198606271777 0.587890625 0.2961672473867596 0.59375 0.2961672473867596 0.59765625 0.2926829268292683 0.59765625 0.30662020905923343 0.59375 0.313588850174216 0.578125 0.3170731707317073 0.576171875 0.3205574912891986 0.5546875 0.3205574912891986 0.548828125 0.313588850174216 0.548828125 0.29965156794425085 0.552734375 0.2961672473867596 0.564453125 0.2961672473867596 0.56640625 0.2926829268292683
0 0.96875 0.30313588850174217 0.970703125 0.30662020905923343 0.9921875 0.30662020905923343 0.994140625 0.31010452961672474 0.998046875 0.31010452961672474 0.998046875 0.3344947735191638 0.98828125 0.3344947735191638 0.986328125 0.33797909407665505 0.95703125 0.3344947735191638 0.955078125 0.33797909407665505 0.943359375 0.33797909407665505 0.94140625 0.34146341463414637 0.916015625 0.34146341463414637 0.9140625 0.34494773519163763 0.876953125 0.34146341463414637 0.87109375 0.3310104529616725 0.865234375 0.32752613240418116 0.875 0.3170731707317073 0.884765625 0.3170731707317073 0.88671875 0.313588850174216 0.89453125 0.313588850174216 0.896484375 0.31010452961672474 0.923828125 0.31010452961672474 0.92578125 0.30662020905923343 0.966796875 0.30313588850174217