0 0.390625 0.10069444444444445 0.40625 0.10069444444444445 0.408203125 0.1076388888888889 0.408203125 0.1111111111111111 0.392578125 0.11458333333333333 0.390625 0.1111111111111111 0.38671875 0.1111111111111111 0.38671875 0.1076388888888889 0.390625 0.10416666666666667
0 0.544921875 0.04861111111111111 0.55078125 0.04861111111111111 0.5546875 0.059027777777777776 0.5546875 0.06597222222222222 0.55859375 0.07291666666666667 0.564453125 0.07291666666666667 0.572265625 0.0798611111111111 0.59765625 0.0798611111111111 0.599609375 0.08333333333333333 0.60546875 0.08333333333333333 0.609375 0.0763888888888889 0.609375 0.09027777777777778 0.607421875 0.09722222222222222 0.59765625 0.10416666666666667 0.578125 0.10416666666666667 0.576171875 0.10069444444444445 0.5546875 0.09722222222222222 0.5625 0.09722222222222222 0.564453125 0.09375 0.564453125 0.08333333333333333 0.5625 0.0798611111111111 0.556640625 0.0798611111111111 0.5546875 0.08680555555555555 0.552734375 0.0798611111111111 0.548828125 0.0798611111111111 0.548828125 0.059027777777777776 0.544921875 0.05555555555555555 0.544921875 0.052083333333333336
0 0.5 0.041666666666666664 0.501953125 0.041666666666666664 0.501953125 0.04513888888888889 0.5078125 0.052083333333333336 0.51953125 0.052083333333333336 0.521484375 0.05555555555555555 0.521484375 0.0798611111111111 0.513671875 0.0798611111111111 0.51171875 0.07291666666666667 0.5 0.0625 0.5 0.04513888888888889
0 0.33984375 0.006944444444444444 0.3515625 0.006944444444444444 0.3515625 0.04513888888888889 0.345703125 0.04513888888888889 0.34375 0.04861111111111111 0.330078125 0.04513888888888889 0.330078125 0.024305555555555556 0.333984375 0.020833333333333332 0.333984375 0.013888888888888888 0.337890625 0.013888888888888888 0.33984375 0.010416666666666666
0 0.517578125 0.4375 0.52734375 0.4444444444444444 0.52734375 0.4513888888888889 0.53125 0.4548611111111111 0.53125 0.4826388888888889 0.521484375 0.4826388888888889 0.513671875 0.4756944444444444 0.513671875 0.46875 0.517578125 0.4652777777777778 0.517578125 0.4409722222222222
0 0.421875 0.006944444444444444 0.427734375 0.006944444444444444 0.435546875 0.013888888888888888 0.435546875 0.024305555555555556 0.41796875 0.024305555555555556 0.41796875 0.013888888888888888 0.421875 0.010416666666666666
0 0.51171875 0.2847222222222222 0.5234375 0.2847222222222222 0.525390625 0.2916666666666667 0.533203125 0.2916666666666667 0.533203125 0.3159722222222222 0.5078125 0.3159722222222222 0.5078125 0.2951388888888889 0.509765625 0.2951388888888889 0.51171875 0.2881944444444444
0 0.6171875 0.7916666666666666 0.619140625 0.7916666666666666 0.619140625 0.8298611111111112 0.6015625 0.8298611111111112 0.6015625 0.8263888888888888 0.59765625 0.8229166666666666 0.59765625 0.8125 0.599609375 0.8125 0.6015625 0.8055555555555556 0.60546875 0.8020833333333334 0.611328125 0.8020833333333334 0.6171875 0.7951388888888888
0 0.412109375 0.034722222222222224 0.42578125 0.034722222222222224 0.42578125 0.03819444444444445 0.427734375 0.041666666666666664 0.431640625 0.041666666666666664 0.43359375 0.04861111111111111 0.43359375 0.052083333333333336 0.4296875 0.052083333333333336 0.427734375 0.05555555555555555 0.408203125 0.052083333333333336 0.408203125 0.041666666666666664 0.412109375 0.03819444444444445
0 0.560546875 0.6215277777777778 0.5625 0.6215277777777778 0.564453125 0.6284722222222222 0.57421875 0.6354166666666666 0.587890625 0.6354166666666666 0.58984375 0.6388888888888888 0.587890625 0.6458333333333334 0.58984375 0.6527777777777778 0.595703125 0.6527777777777778 0.59765625 0.6458333333333334 0.599609375 0.6458333333333334 0.595703125 0.6527777777777778 0.595703125 0.6631944444444444 0.599609375 0.6701388888888888 0.599609375 0.6770833333333334 0.595703125 0.6770833333333334 0.587890625 0.6840277777777778 0.5625 0.6840277777777778 0.560546875 0.6875 0.55078125 0.6875 0.552734375 0.6805555555555556 0.552734375 0.6527777777777778 0.5546875 0.6493055555555556 0.5546875 0.6388888888888888 0.55859375 0.6354166666666666 0.55859375 0.6284722222222222 0.560546875 0.625
0 0.345703125 0.1875 0.34765625 0.1875 0.3515625 0.19791666666666666 0.369140625 0.2048611111111111 0.369140625 0.20833333333333334 0.375 0.21875 0.375 0.23958333333333334 0.353515625 0.23958333333333334 0.349609375 0.24305555555555555 0.349609375 0.2361111111111111 0.34765625 0.2326388888888889 0.330078125 0.22916666666666666 0.330078125 0.2013888888888889 0.337890625 0.2013888888888889 0.345703125 0.1909722222222222
0 0.578125 0.3611111111111111 0.583984375 0.3680555555555556 0.583984375 0.375 0.58203125 0.375 0.578125 0.3819444444444444 0.578125 0.3888888888888889 0.57421875 0.3923611111111111 0.5703125 0.4166666666666667 0.556640625 0.4305555555555556 0.552734375 0.4375 0.552734375 0.4444444444444444 0.548828125 0.4375 0.544921875 0.4375 0.541015625 0.4444444444444444 0.541015625 0.4513888888888889 0.5390625 0.4479166666666667 0.53515625 0.4479166666666667 0.53125 0.4340277777777778 0.53125 0.4270833333333333 0.541015625 0.4270833333333333 0.544921875 0.4201388888888889 0.54296875 0.4166666666666667 0.544921875 0.4131944444444444 0.544921875 0.4027777777777778 0.552734375 0.3923611111111111 0.5546875 0.3819444444444444 0.55859375 0.3784722222222222 0.564453125 0.3645833333333333 0.576171875 0.3611111111111111
0 0.533203125 0.24305555555555555 0.533203125 0.2673611111111111 0.525390625 0.2638888888888889 0.525390625 0.25 0.53125 0.2465277777777778
0 0.361328125 0.16319444444444445 0.365234375 0.1597222222222222 0.37890625 0.1597222222222222 0.3828125 0.16319444444444445 0.3828125 0.1701388888888889 0.361328125 0.1701388888888889 0.361328125 0.16666666666666666
0 0.421875 0.12152777777777778 0.44140625 0.12152777777777778 0.443359375 0.125 0.443359375 0.13541666666666666 0.4375 0.13541666666666666 0.435546875 0.1388888888888889 0.421875 0.13541666666666666 0.421875 0.125
0 0.642578125 0.8715277777777778 0.646484375 0.8715277777777778 0.6484375 0.8854166666666666 0.65625 0.8958333333333334 0.66796875 0.8958333333333334 0.66796875 0.9201388888888888 0.65625 0.90625 0.638671875 0.90625 0.642578125 0.9027777777777778 0.642578125 0.875
0 0.40234375 0.027777777777777776 0.4140625 0.027777777777777776 0.4140625 0.04513888888888889 0.396484375 0.04513888888888889 0.396484375 0.034722222222222224 0.400390625 0.034722222222222224 0.40234375 0.03125
0 0.578125 0.7708333333333334 0.578125 0.7951388888888888 0.576171875 0.8020833333333334 0.572265625 0.8020833333333334 0.5703125 0.8055555555555556 0.548828125 0.8055555555555556 0.548828125 0.7986111111111112 0.552734375 0.7951388888888888 0.552734375 0.7847222222222222 0.5546875 0.7777777777777778 0.55859375 0.7777777777777778 0.56640625 0.7708333333333334 0.576171875 0.7708333333333334
0 0.5546875 0.0798611111111111 0.55859375 0.0763888888888889 0.568359375 0.0763888888888889 0.568359375 0.09375 0.5546875 0.09375 0.5546875 0.08333333333333333
0 0.357421875 0.059027777777777776 0.361328125 0.059027777777777776 0.361328125 0.06944444444444445 0.35546875 0.07291666666666667 0.353515625 0.06597222222222222 0.357421875 0.0625
0 0.630859375 0.6770833333333334 0.646484375 0.6770833333333334 0.6484375 0.6805555555555556 0.65625 0.6805555555555556 0.658203125 0.6840277777777778 0.6640625 0.6840277777777778 0.66796875 0.6875 0.66796875 0.7916666666666666 0.64453125 0.7916666666666666 0.642578125 0.7881944444444444 0.638671875 0.7881944444444444 0.630859375 0.7708333333333334 0.630859375 0.7256944444444444 0.6328125 0.7222222222222222 0.6328125 0.6875 0.630859375 0.6805555555555556
0 0.501953125 0.34375 0.505859375 0.34375 0.505859375 0.3472222222222222 0.51171875 0.3541666666666667 0.51171875 0.375 0.50390625 0.375 0.501953125 0.3680555555555556 0.501953125 0.3472222222222222
0 0.40234375 0 0.427734375 0 0.427734375 0.010416666666666666 0.40625 0.010416666666666666 0.40234375 0.006944444444444444 0.40234375 0.003472222222222222
0 0.625 0.027777777777777776 0.630859375 0.027777777777777776 0.630859375 0.03819444444444445 0.626953125 0.041666666666666664 0.6171875 0.03819444444444445 0.6171875 0.034722222222222224 0.623046875 0.034722222222222224 0.625 0.03125
0 0.66796875 0.09375 0.66796875 0.1527777777777778 0.65625 0.1527777777777778 0.662109375 0.14583333333333334 0.662109375 0.13541666666666666 0.66015625 0.13194444444444445 0.65625 0.13194444444444445 0.654296875 0.1388888888888889 0.650390625 0.1423611111111111 0.646484375 0.1423611111111111 0.634765625 0.1527777777777778 0.626953125 0.1527777777777778 0.623046875 0.15625 0.62890625 0.14930555555555555 0.630859375 0.1423611111111111 0.626953125 0.1388888888888889 0.625 0.13194444444444445 0.61328125 0.13194444444444445 0.611328125 0.1284722222222222 0.607421875 0.1284722222222222 0.607421875 0.125 0.61328125 0.11805555555555555 0.650390625 0.11805555555555555 0.65234375 0.1111111111111111 0.662109375 0.1111111111111111 0.66796875 0.10069444444444445 0.66796875 0.09722222222222222