0 0.70703125 0.3693379790940767 0.71484375 0.36585365853658536 0.716796875 0.3588850174216028 0.71875 0.36585365853658536 0.734375 0.36585365853658536 0.736328125 0.3693379790940767 0.744140625 0.3693379790940767 0.74609375 0.37282229965156793 0.76171875 0.37282229965156793 0.76171875 0.39372822299651566 0.759765625 0.397212543554007 0.732421875 0.397212543554007 0.73046875 0.40069686411149824 0.720703125 0.40069686411149824 0.71875 0.397212543554007 0.70703125 0.39372822299651566 0.705078125 0.3867595818815331 0.705078125 0.37630662020905925 0.70703125 0.37282229965156793
0 0.732421875 0.3519163763066202 0.734375 0.3554006968641115 0.755859375 0.3554006968641115 0.759765625 0.3588850174216028 0.759765625 0.3693379790940767 0.732421875 0.3693379790940767 0.73046875 0.36585365853658536 0.685546875 0.3693379790940767 0.68359375 0.36585365853658536 0.677734375 0.36585365853658536 0.67578125 0.3588850174216028 0.671875 0.3554006968641115 0.677734375 0.3519163763066202 0.6796875 0.34494773519163763 0.720703125 0.34494773519163763 0.72265625 0.3519163763066202 0.73046875 0.3519163763066202
0 0.169921875 0.40069686411149824 0.171875 0.40418118466898956 0.1796875 0.40418118466898956 0.1796875 0.4146341463414634 0.177734375 0.4181184668989547 0.166015625 0.42160278745644597 0.1640625 0.4250871080139373 0.13671875 0.4250871080139373 0.134765625 0.42857142857142855 0.130859375 0.4250871080139373 0.083984375 0.4250871080139373 0.080078125 0.42160278745644597 0.08203125 0.42160278745644597 0.083984375 0.4146341463414634 0.087890625 0.41114982578397213 0.095703125 0.41114982578397213 0.10546875 0.40418118466898956 0.1171875 0.40418118466898956 0.119140625 0.40069686411149824 0.16796875 0.40069686411149824
0 0.533203125 0.6445993031358885 0.53515625 0.6480836236933798 0.5703125 0.6515679442508711 0.572265625 0.6550522648083623 0.599609375 0.6550522648083623 0.6015625 0.6585365853658537 0.6015625 0.6655052264808362 0.599609375 0.6689895470383276 0.572265625 0.6689895470383276 0.5703125 0.6724738675958188 0.55859375 0.6724738675958188 0.556640625 0.6759581881533101 0.54296875 0.6759581881533101 0.541015625 0.6724738675958188 0.53125 0.6724738675958188 0.529296875 0.6689895470383276 0.517578125 0.6689895470383276 0.501953125 0.6550522648083623 0.501953125 0.6480836236933798 0.505859375 0.6445993031358885 0.53125 0.6445993031358885
0 0.556640625 0.2229965156794425 0.560546875 0.21951219512195122 0.59375 0.21951219512195122 0.595703125 0.2229965156794425 0.6015625 0.2229965156794425 0.607421875 0.22996515679442509 0.625 0.23344947735191637 0.625 0.23693379790940766 0.591796875 0.23693379790940766 0.58984375 0.24041811846689895 0.57421875 0.24041811846689895 0.572265625 0.23693379790940766 0.556640625 0.23693379790940766 0.556640625 0.2264808362369338
0 0.072265625 0.22996515679442509 0.08203125 0.23693379790940766 0.09375 0.23693379790940766 0.09375 0.2508710801393728 0.078125 0.2508710801393728 0.0703125 0.2613240418118467 0.0546875 0.2613240418118467 0.052734375 0.26480836236933797 0.0390625 0.2613240418118467 0.03125 0.25435540069686413 0.0078125 0.25435540069686413 0 0.24738675958188153 0 0.24041811846689895 0.009765625 0.22996515679442509 0.0703125 0.22996515679442509
0 0.5546875 0.0627177700348432 0.57421875 0.0627177700348432 0.57421875 0.09407665505226481 0.544921875 0.0975609756097561 0.54296875 0.09407665505226481 0.53125 0.09407665505226481 0.529296875 0.09059233449477352 0.529296875 0.08013937282229965 0.53125 0.07665505226480836 0.53515625 0.07665505226480836 0.54296875 0.06968641114982578 0.552734375 0.06968641114982578 0.5546875 0.06620209059233449
0 0.970703125 0.32752613240418116 0.998046875 0.3240418118466899 0.998046875 0.34146341463414637 0.974609375 0.34146341463414637 0.974609375 0.3310104529616725 0.97265625 0.32752613240418116
0 0.685546875 0.3832752613240418 0.6875 0.3867595818815331 0.697265625 0.3867595818815331 0.701171875 0.3902439024390244 0.701171875 0.397212543554007 0.697265625 0.40069686411149824 0.6640625 0.40069686411149824 0.662109375 0.40418118466898956 0.6171875 0.40069686411149824 0.619140625 0.40069686411149824 0.62109375 0.39372822299651566 0.630859375 0.3867595818815331 0.640625 0.3867595818815331 0.642578125 0.3832752613240418 0.658203125 0.3832752613240418 0.66015625 0.37630662020905925 0.666015625 0.37630662020905925 0.66796875 0.3832752613240418 0.68359375 0.3832752613240418
0 0.25 0.18815331010452963 0.25390625 0.1916376306620209 0.25390625 0.1986062717770035 0.25 0.20209059233449478 0.220703125 0.20209059233449478 0.21875 0.20557491289198607 0.193359375 0.20557491289198607 0.19140625 0.20209059233449478 0.181640625 0.20209059233449478 0.177734375 0.1986062717770035 0.18359375 0.1916376306620209 0.193359375 0.1916376306620209 0.1953125 0.18815331010452963 0.21875 0.18815331010452963 0.220703125 0.18466898954703834 0.23828125 0.18466898954703834 0.240234375 0.18815331010452963 0.248046875 0.18815331010452963
0 0.509765625 0.1289198606271777 0.513671875 0.1254355400696864 0.513671875 0.11498257839721254 0.517578125 0.10801393728222997 0.5234375 0.10801393728222997 0.525390625 0.10452961672473868 0.5625 0.10104529616724739 0.564453125 0.09407665505226481 0.572265625 0.09407665505226481 0.57421875 0.10104529616724739 0.578125 0.10104529616724739 0.578125 0.13240418118466898 0.546875 0.13240418118466898 0.544921875 0.13588850174216027 0.525390625 0.13588850174216027 0.5234375 0.13240418118466898 0.513671875 0.13240418118466898 0.51171875 0.1289198606271777
0 0.603515625 0.3519163763066202 0.60546875 0.3554006968641115 0.609375 0.3519163763066202 0.625 0.3519163763066202 0.626953125 0.3554006968641115 0.626953125 0.3623693379790941 0.623046875 0.36585365853658536 0.609375 0.36585365853658536 0.607421875 0.3693379790940767 0.591796875 0.3693379790940767 0.58984375 0.37282229965156793 0.5625 0.37282229965156793 0.560546875 0.3693379790940767 0.544921875 0.3693379790940767 0.54296875 0.36585365853658536 0.5390625 0.36585365853658536 0.5390625 0.3623693379790941 0.54296875 0.3588850174216028 0.55078125 0.3588850174216028 0.552734375 0.3554006968641115 0.5703125 0.3554006968641115 0.572265625 0.3519163763066202 0.6015625 0.3519163763066202
0 0.15625 0.29965156794425085 0.15625 0.3205574912891986 0.1484375 0.3205574912891986 0.146484375 0.3240418118466899 0.142578125 0.3240418118466899 0.140625 0.3205574912891986 0.11328125 0.3205574912891986 0.126953125 0.3170731707317073 0.12890625 0.31010452961672474 0.134765625 0.31010452961672474 0.14453125 0.30313588850174217 0.154296875 0.30313588850174217
0 0.263671875 0.3240418118466899 0.2734375 0.313588850174216 0.279296875 0.313588850174216 0.287109375 0.30662020905923343 0.296875 0.30662020905923343 0.306640625 0.29965156794425085 0.3125 0.29965156794425085 0.3125 0.3240418118466899 0.298828125 0.3240418118466899 0.296875 0.32752613240418116 0.275390625 0.32752613240418116 0.2734375 0.3240418118466899 0.265625 0.3240418118466899
0 0.134765625 0.34494773519163763 0.140625 0.34494773519163763 0.150390625 0.33797909407665505 0.158203125 0.33797909407665505 0.16015625 0.3344947735191638 0.177734375 0.3344947735191638 0.1796875 0.3310104529616725 0.23046875 0.3310104529616725 0.232421875 0.32752613240418116 0.232421875 0.34146341463414637 0.2265625 0.34146341463414637 0.224609375 0.34843205574912894 0.216796875 0.34843205574912894 0.21484375 0.3519163763066202 0.201171875 0.3554006968641115 0.193359375 0.3623693379790941 0.171875 0.3623693379790941 0.169921875 0.36585365853658536 0.1328125 0.36585365853658536 0.130859375 0.3623693379790941 0.125 0.3623693379790941 0.125 0.3588850174216028 0.12890625 0.3519163763066202 0.1328125 0.3519163763066202 0.134765625 0.34843205574912894
0 0.03515625 0.31010452961672474 0.04296875 0.31010452961672474 0.052734375 0.30313588850174217 0.076171875 0.29965156794425085 0.078125 0.2961672473867596 0.1171875 0.2961672473867596 0.119140625 0.289198606271777 0.125 0.289198606271777 0.125 0.30662020905923343 0.123046875 0.313588850174216 0.1171875 0.313588850174216 0.115234375 0.3170731707317073 0.109375 0.3170731707317073 0.099609375 0.3240418118466899 0.091796875 0.3240418118466899 0.08984375 0.32752613240418116 0.029296875 0.32752613240418116 0.029296875 0.3205574912891986 0.03515625 0.313588850174216
0 0.5421348314606742 0.15434365579610854 0.08445839185393259 0.03259601456367694
0 0.244140625 0.3588850174216028 0.248046875 0.3588850174216028 0.255859375 0.3519163763066202 0.28515625 0.3519163763066202 0.28515625 0.3623693379790941 0.27734375 0.3693379790940767 0.251953125 0.37282229965156793 0.25 0.3693379790940767 0.240234375 0.3693379790940767 0.2421875 0.3693379790940767 0.244140625 0.3623693379790941
0 0.4609375 0.28222996515679444 0.46875 0.27526132404181186 0.486328125 0.27526132404181186 0.486328125 0.2926829268292683 0.46875 0.2961672473867596 0.466796875 0.2926829268292683 0.45703125 0.2926829268292683 0.458984375 0.2926829268292683 0.4609375 0.2857142857142857
0 0.0078125 0.4146341463414634 0.01171875 0.41114982578397213 0.01953125 0.41114982578397213 0.021484375 0.4076655052264808 0.029296875 0.4076655052264808 0.03125 0.40418118466898956 0.046875 0.40418118466898956 0.048828125 0.397212543554007 0.076171875 0.397212543554007 0.078125 0.40418118466898956 0.08984375 0.40418118466898956 0.08984375 0.42160278745644597 0.08203125 0.42160278745644597 0.080078125 0.4250871080139373 0.072265625 0.4250871080139373 0.0703125 0.42857142857142855 0.029296875 0.42857142857142855 0.02734375 0.43205574912891986 0.009765625 0.43205574912891986 0.0078125 0.42857142857142855 0.00390625 0.42857142857142855 0.0078125 0.4181184668989547
0 0.908203125 0.4181184668989547 0.91015625 0.42160278745644597 0.916015625 0.42160278745644597 0.916015625 0.42857142857142855 0.875 0.42857142857142855 0.873046875 0.43205574912891986 0.8203125 0.42857142857142855 0.81640625 0.4250871080139373 0.81640625 0.4181184668989547 0.818359375 0.4146341463414634 0.828125 0.4146341463414634 0.830078125 0.41114982578397213 0.87890625 0.41114982578397213 0.880859375 0.4146341463414634 0.896484375 0.4146341463414634 0.8984375 0.4181184668989547 0.90625 0.4181184668989547
0 0.978515625 0.42160278745644597 0.982421875 0.4181184668989547 0.9921875 0.4181184668989547 0.994140625 0.41114982578397213 0.998046875 0.41114982578397213 0.998046875 0.445993031358885 0.99609375 0.445993031358885 0.998046875 0.4425087108013937 0.99609375 0.43902439024390244 0.990234375 0.43902439024390244 0.978515625 0.4250871080139373
0 0.17578125 0.27526132404181186 0.1953125 0.27177700348432055 0.197265625 0.2682926829268293 0.21484375 0.2682926829268293 0.216796875 0.2613240418118467 0.25 0.2613240418118467 0.25 0.27177700348432055 0.248046875 0.27177700348432055 0.24609375 0.2787456445993031 0.2421875 0.28222996515679444 0.22265625 0.28222996515679444 0.220703125 0.2857142857142857 0.169921875 0.2857142857142857 0.17578125 0.2787456445993031
0 0.26171875 0.16376306620209058 0.271484375 0.17073170731707318 0.2734375 0.17770034843205576 0.279296875 0.17770034843205576 0.28125 0.18466898954703834 0.240234375 0.18466898954703834 0.23828125 0.18118466898954705 0.232421875 0.18118466898954705 0.22265625 0.17421602787456447 0.220703125 0.16376306620209058 0.224609375 0.1602787456445993 0.2265625 0.15331010452961671 0.244140625 0.15331010452961671 0.24609375 0.1602787456445993 0.2578125 0.1602787456445993 0.259765625 0.16376306620209058
0 0.87890625 0.5017421602787456 0.880859375 0.5052264808362369 0.888671875 0.5052264808362369 0.890625 0.5087108013937283 0.904296875 0.5052264808362369 0.904296875 0.5261324041811847 0.890625 0.5226480836236934 0.888671875 0.5261324041811847 0.873046875 0.5261324041811847 0.865234375 0.5331010452961672 0.818359375 0.5331010452961672 0.810546875 0.5261324041811847 0.802734375 0.5261324041811847 0.798828125 0.5226480836236934 0.796875 0.519163763066202 0.796875 0.5052264808362369 0.806640625 0.5017421602787456 0.80859375 0.49477351916376305 0.8671875 0.49477351916376305 0.869140625 0.5017421602787456 0.876953125 0.5017421602787456
0 0.3984375 0.36585365853658536 0.400390625 0.36585365853658536 0.400390625 0.3902439024390244 0.390625 0.3902439024390244 0.388671875 0.39372822299651566 0.37109375 0.3902439024390244 0.37109375 0.3797909407665505 0.384765625 0.37630662020905925 0.38671875 0.37282229965156793 0.396484375 0.37282229965156793 0.3984375 0.3693379790940767
0 0.23046875 0.14982578397212543 0.232421875 0.15331010452961671 0.232421875 0.1602787456445993 0.224609375 0.1672473867595819 0.216796875 0.1672473867595819 0.20703125 0.17421602787456447 0.18359375 0.17421602787456447 0.181640625 0.17770034843205576 0.15625 0.17770034843205576 0.154296875 0.17421602787456447 0.1484375 0.17421602787456447 0.1484375 0.17073170731707318 0.154296875 0.16376306620209058 0.158203125 0.16376306620209058 0.166015625 0.156794425087108 0.173828125 0.156794425087108 0.17578125 0.15331010452961671 0.189453125 0.15331010452961671 0.19140625 0.14982578397212543 0.228515625 0.14982578397212543
0 0.1484375 0.32752613240418116 0.1484375 0.34146341463414637 0.13671875 0.34146341463414637 0.130859375 0.34843205574912894 0.12109375 0.34843205574912894 0.119140625 0.3519163763066202 0.09765625 0.3519163763066202 0.095703125 0.3554006968641115 0.0625 0.3554006968641115 0.060546875 0.3519163763066202 0.052734375 0.3519163763066202 0.048828125 0.34843205574912894 0.060546875 0.3344947735191638 0.072265625 0.3344947735191638 0.07421875 0.3310104529616725 0.103515625 0.3310104529616725 0.10546875 0.32752613240418116 0.146484375 0.32752613240418116
0 0.212890625 0.2787456445993031 0.21484375 0.28222996515679444 0.22265625 0.28222996515679444 0.2265625 0.27177700348432055 0.236328125 0.27177700348432055 0.23828125 0.2787456445993031 0.23828125 0.289198606271777 0.224609375 0.2926829268292683 0.22265625 0.29965156794425085 0.21875 0.30313588850174217 0.212890625 0.30313588850174217 0.20703125 0.31010452961672474 0.201171875 0.31010452961672474 0.193359375 0.3170731707317073 0.1640625 0.3205574912891986 0.162109375 0.3170731707317073 0.146484375 0.3170731707317073 0.146484375 0.313588850174216 0.142578125 0.31010452961672474 0.14453125 0.31010452961672474 0.146484375 0.30313588850174217 0.150390625 0.29965156794425085 0.150390625 0.2961672473867596 0.154296875 0.2926829268292683 0.16015625 0.2926829268292683 0.162109375 0.289198606271777 0.171875 0.289198606271777 0.173828125 0.2857142857142857 0.17578125 0.289198606271777 0.181640625 0.289198606271777 0.18359375 0.2857142857142857 0.2109375 0.28222996515679444
0 0 0.3310104529616725 0.0390625 0.3310104529616725 0.0390625 0.34146341463414637 0.03515625 0.34494773519163763 0.025390625 0.34494773519163763 0.0234375 0.34843205574912894 0.005859375 0.34843205574912894 0.00390625 0.3519163763066202 0 0.3519163763066202 0 0.3344947735191638
0 0.50390625 0.397212543554007 0.5078125 0.39372822299651566 0.533203125 0.39372822299651566 0.533203125 0.40418118466898956 0.529296875 0.40418118466898956 0.52734375 0.4076655052264808 0.51953125 0.4076655052264808 0.517578125 0.40418118466898956 0.5078125 0.40418118466898956 0.50390625 0.40069686411149824
0 0.248046875 0.2961672473867596 0.25390625 0.2857142857142857 0.265625 0.28222996515679444 0.267578125 0.2787456445993031 0.275390625 0.2787456445993031 0.27734375 0.27526132404181186 0.28515625 0.27526132404181186 0.287109375 0.27177700348432055 0.30859375 0.27177700348432055 0.30859375 0.28222996515679444 0.306640625 0.2857142857142857 0.29296875 0.289198606271777 0.287109375 0.2961672473867596 0.275390625 0.2961672473867596 0.2734375 0.29965156794425085 0.25390625 0.29965156794425085 0.25 0.2961672473867596
0 0.509765625 0.2857142857142857 0.515625 0.2857142857142857 0.517578125 0.2926829268292683 0.521484375 0.2926829268292683 0.53515625 0.30313588850174217 0.53515625 0.31010452961672474 0.517578125 0.31010452961672474 0.515625 0.313588850174216 0.51171875 0.31010452961672474 0.490234375 0.31010452961672474 0.486328125 0.30662020905923343 0.486328125 0.30313588850174217 0.4921875 0.2961672473867596 0.49609375 0.2961672473867596 0.498046875 0.2926829268292683 0.5078125 0.2926829268292683 0.509765625 0.289198606271777
0 0.58984375 0.27526132404181186 0.58984375 0.289198606271777 0.5859375 0.2926829268292683 0.58203125 0.30313588850174217 0.576171875 0.31010452961672474 0.576171875 0.313588850174216 0.5703125 0.3170731707317073 0.568359375 0.3240418118466899 0.564453125 0.3240418118466899 0.560546875 0.3310104529616725 0.556640625 0.32752613240418116 0.548828125 0.32752613240418116 0.548828125 0.3205574912891986 0.552734375 0.3170731707317073 0.552734375 0.30662020905923343 0.5546875 0.30662020905923343 0.556640625 0.29965156794425085 0.560546875 0.29965156794425085 0.564453125 0.2926829268292683 0.578125 0.2857142857142857 0.587890625 0.27526132404181186
0 0.271484375 0.5923344947735192 0.275390625 0.5923344947735192 0.28125 0.5853658536585366 0.287109375 0.5853658536585366 0.298828125 0.5714285714285714 0.30859375 0.5679442508710801 0.310546875 0.5609756097560976 0.3203125 0.5609756097560976 0.3203125 0.5888501742160279 0.318359375 0.5888501742160279 0.314453125 0.5993031358885017 0.314453125 0.6236933797909407 0.31640625 0.627177700348432 0.318359375 0.6655052264808362 0.310546875 0.6724738675958188 0.298828125 0.6724738675958188 0.283203125 0.6898954703832753 0.26953125 0.6898954703832753 0.267578125 0.686411149825784 0.26171875 0.686411149825784 0.25 0.6724738675958188 0.24609375 0.6759581881533101 0.236328125 0.6759581881533101 0.234375 0.6724738675958188 0.228515625 0.6829268292682927 0.228515625 0.7003484320557491 0.224609375 0.7073170731707317 0.21484375 0.7038327526132404 0.21484375 0.6759581881533101 0.212890625 0.6724738675958188 0.212890625 0.6655052264808362 0.208984375 0.662020905923345 0.197265625 0.6411149825783972 0.197265625 0.6341463414634146 0.193359375 0.6306620209059234 0.197265625 0.627177700348432 0.20703125 0.627177700348432 0.21484375 0.6341463414634146 0.220703125 0.6341463414634146 0.22265625 0.6411149825783972 0.244140625 0.6445993031358885 0.248046875 0.6341463414634146 0.25 0.6341463414634146 0.255859375 0.6236933797909407 0.255859375 0.6202090592334495 0.271484375 0.5958188153310104
0 0.291015625 0.3832752613240418 0.306640625 0.37630662020905925 0.30859375 0.3693379790940767 0.322265625 0.3693379790940767 0.322265625 0.39372822299651566 0.294921875 0.39372822299651566 0.29296875 0.3902439024390244 0.2890625 0.3902439024390244 0.291015625 0.3867595818815331
0 0.79296875 0.29965156794425085 0.802734375 0.30662020905923343 0.82421875 0.30662020905923343 0.826171875 0.31010452961672474 0.826171875 0.3205574912891986 0.80859375 0.3205574912891986 0.806640625 0.3240418118466899 0.734375 0.3240418118466899 0.732421875 0.3205574912891986 0.7265625 0.3205574912891986 0.72265625 0.3170731707317073 0.72265625 0.30662020905923343 0.724609375 0.30313588850174217 0.728515625 0.30313588850174217 0.73046875 0.29965156794425085 0.744140625 0.29965156794425085 0.74609375 0.2926829268292683 0.78515625 0.2926829268292683 0.787109375 0.29965156794425085 0.791015625 0.29965156794425085