0 0.6634050880626223 0.5226480836236934 0.6771037181996086 0.5226480836236934 0.6771037181996086 0.5296167247386759 0.6712328767123288 0.5365853658536586 0.675146771037182 0.5400696864111498 0.6771037181996086 0.5470383275261324 0.6771037181996086 0.5888501742160279 0.6692759295499021 0.5958188153310104 0.6653620352250489 0.5958188153310104 0.6634050880626223 0.5888501742160279 0.6634050880626223 0.5470383275261324 0.6653620352250489 0.5435540069686411 0.6653620352250489 0.5331010452961672 0.6634050880626223 0.5261324041811847
0 0.6516634050880626 0.7317073170731707 0.6516634050880626 0.7804878048780488 0.6379647749510763 0.7770034843205574 0.6379647749510763 0.7735191637630662 0.6418786692759295 0.7700348432055749 0.6457925636007827 0.759581881533101 0.6438356164383562 0.7560975609756098 0.639921722113503 0.7560975609756098 0.6379647749510763 0.7526132404181185 0.6379647749510763 0.7456445993031359 0.6418786692759295 0.7456445993031359 0.6457925636007827 0.7386759581881533 0.649706457925636 0.7386759581881533 0.6516634050880626 0.735191637630662
0 0.5264187866927593 0.42160278745644597 0.5283757338551859 0.42160278745644597 0.5303326810176126 0.42857142857142855 0.5362035225048923 0.42857142857142855 0.5362035225048923 0.44947735191637633 0.5322896281800391 0.44947735191637633 0.5342465753424658 0.445993031358885 0.5303326810176126 0.4425087108013937 0.5303326810176126 0.43205574912891986 0.5264187866927593 0.42857142857142855 0.5264187866927593 0.4250871080139373
0 0.6066536203522505 0.7073170731707317 0.6066536203522505 0.7317073170731707 0.5968688845401174 0.7317073170731707 0.5968688845401174 0.710801393728223 0.6046966731898239 0.7073170731707317
0 0.5831702544031311 0.4425087108013937 0.6086105675146771 0.4425087108013937 0.6066536203522505 0.44947735191637633 0.589041095890411 0.44947735191637633 0.5870841487279843 0.4529616724738676 0.5831702544031311 0.4529616724738676 0.5831702544031311 0.445993031358885
0 0.6908023483365949 0.9651567944250871 0.700587084148728 0.9651567944250871 0.700587084148728 0.9965156794425087 0.6868884540117417 0.9965156794425087 0.6868884540117417 0.9930313588850174 0.6908023483365949 0.9895470383275261 0.6908023483365949 0.9860627177700348 0.6868884540117417 0.9825783972125436 0.6868884540117417 0.9721254355400697 0.6908023483365949 0.9686411149825784
0 0.6203522504892368 0.2229965156794425 0.6301369863013698 0.22996515679442509 0.6340508806262231 0.23693379790940766 0.6379647749510763 0.23693379790940766 0.649706457925636 0.25435540069686413 0.649706457925636 0.2613240418118467 0.6516634050880626 0.26480836236933797 0.6516634050880626 0.3240418118466899 0.649706457925636 0.32752613240418116 0.6516634050880626 0.36585365853658536 0.6477495107632094 0.3588850174216028 0.6379647749510763 0.3588850174216028 0.6360078277886497 0.3623693379790941 0.6320939334637965 0.3623693379790941 0.6320939334637965 0.3554006968641115 0.6418786692759295 0.34146341463414637 0.6418786692759295 0.3310104529616725 0.6360078277886497 0.3170731707317073 0.6320939334637965 0.3170731707317073 0.6281800391389433 0.289198606271777 0.6183953033268101 0.28222996515679444 0.6183953033268101 0.27177700348432055 0.6203522504892368 0.26480836236933797 0.6183953033268101 0.2613240418118467 0.6183953033268101 0.24390243902439024 0.6144814090019569 0.24041811846689895 0.6144814090019569 0.23693379790940766 0.6183953033268101 0.23344947735191637 0.6183953033268101 0.2264808362369338
0 0.649706457925636 0.5331010452961672 0.6614481409001957 0.5331010452961672 0.6614481409001957 0.554006968641115 0.6634050880626223 0.5574912891986062 0.6634050880626223 0.5923344947735192 0.6594911937377691 0.5923344947735192 0.6575342465753424 0.5958188153310104 0.6457925636007827 0.5923344947735192 0.6457925636007827 0.5609756097560976 0.6477495107632094 0.5609756097560976 0.6516634050880626 0.5505226480836237 0.649706457925636 0.5365853658536586
0 0.4892367906066536 0.36585365853658536 0.49510763209393344 0.37282229965156793 0.49510763209393344 0.3902439024390244 0.4911937377690802 0.39372822299651566 0.4931506849315068 0.3867595818815331 0.4892367906066536 0.3832752613240418 0.4892367906066536 0.37630662020905925 0.48532289628180036 0.37282229965156793 0.4892367906066536 0.3693379790940767
0 0.6771037181996086 0.9651567944250871 0.6810176125244618 0.9651567944250871 0.684931506849315 0.9825783972125436 0.684931506849315 0.9965156794425087 0.6731898238747553 0.9965156794425087 0.6731898238747553 0.9860627177700348 0.6771037181996086 0.9825783972125436 0.6771037181996086 0.9686411149825784
0 0.48140900195694714 0.3240418118466899 0.48336594911937375 0.3240418118466899 0.48336594911937375 0.32752613240418116 0.487279843444227 0.3310104529616725 0.487279843444227 0.33797909407665505 0.4911937377690802 0.34146341463414637 0.4911937377690802 0.3554006968641115 0.487279843444227 0.3588850174216028 0.48532289628180036 0.3519163763066202 0.48140900195694714 0.34843205574912894 0.48140900195694714 0.34146341463414637 0.4774951076320939 0.33797909407665505 0.4774951076320939 0.3310104529616725 0.48140900195694714 0.32752613240418116
0 0.538160469667319 0.0627177700348432 0.5420743639921722 0.0627177700348432 0.5440313111545988 0.06968641114982578 0.547945205479452 0.06968641114982578 0.5499021526418787 0.0627177700348432 0.5538160469667319 0.0627177700348432 0.5538160469667319 0.06968641114982578 0.5499021526418787 0.08013937282229965 0.5538160469667319 0.09407665505226481 0.5518590998043053 0.11846689895470383 0.5401174168297456 0.13588850174216027 0.5362035225048923 0.13588850174216027 0.5303326810176126 0.14285714285714285 0.5244618395303327 0.14285714285714285 0.5225048923679061 0.13937282229965156 0.5225048923679061 0.11498257839721254 0.5205479452054794 0.10801393728222997 0.5166340508806262 0.10452961672473868 0.5205479452054794 0.10104529616724739 0.5225048923679061 0.10452961672473868 0.5264187866927593 0.10452961672473868 0.5283757338551859 0.0975609756097561 0.5420743639921722 0.07665505226480836 0.538160469667319 0.06620209059233449
0 0.5009784735812133 0.3519163763066202 0.5068493150684932 0.3554006968641115 0.5068493150684932 0.3588850174216028 0.5107632093933464 0.3623693379790941 0.512720156555773 0.3693379790940767 0.5146771037181996 0.3693379790940767 0.5146771037181996 0.3867595818815331 0.5107632093933464 0.3902439024390244 0.512720156555773 0.3832752613240418 0.5088062622309197 0.3797909407665505 0.5088062622309197 0.37630662020905925 0.5048923679060665 0.37282229965156793 0.50293542074364 0.36585365853658536 0.5009784735812133 0.36585365853658536 0.5009784735812133 0.3554006968641115
0 0.5068493150684932 0.2787456445993031 0.5068493150684932 0.31010452961672474 0.50293542074364 0.3170731707317073 0.50293542074364 0.2961672473867596 0.5009784735812133 0.2926829268292683 0.49706457925636005 0.2926829268292683 0.49706457925636005 0.2787456445993031 0.5048923679060665 0.2787456445993031
0 0.589041095890411 0.686411149825784 0.5929549902152642 0.7038327526132404 0.6164383561643836 0.7038327526132404 0.6183953033268101 0.7073170731707317 0.6183953033268101 0.7142857142857143 0.6105675146771037 0.7142857142857143 0.6066536203522505 0.7212543554006968 0.6066536203522505 0.7317073170731707 0.6046966731898239 0.7317073170731707 0.6007827788649707 0.7282229965156795 0.6007827788649707 0.7212543554006968 0.598825831702544 0.7177700348432056 0.5851272015655578 0.7142857142857143 0.5851272015655578 0.6898954703832753 0.5870841487279843 0.6898954703832753
0 0.6731898238747553 0.04529616724738676 0.6790606653620352 0.04878048780487805 0.6790606653620352 0.11846689895470383 0.6771037181996086 0.12195121951219512 0.6653620352250489 0.11846689895470383 0.6692759295499021 0.11498257839721254 0.6692759295499021 0.10801393728222997 0.6653620352250489 0.10452961672473868 0.6653620352250489 0.06968641114982578 0.6692759295499021 0.06620209059233449 0.6692759295499021 0.05226480836236934 0.6731898238747553 0.04878048780487805
0 0.6888454011741683 0.5888501742160279 0.6908023483365949 0.5923344947735192 0.6966731898238747 0.5923344947735192 0.6986301369863014 0.5993031358885017 0.6986301369863014 0.6585365853658537 0.6947162426614482 0.662020905923345 0.6888454011741683 0.662020905923345 0.684931506849315 0.6550522648083623 0.684931506849315 0.6480836236933798 0.6810176125244618 0.6445993031358885 0.6810176125244618 0.6306620209059234 0.684931506849315 0.627177700348432 0.684931506849315 0.6167247386759582 0.6868884540117417 0.6132404181184669 0.6868884540117417 0.5923344947735192
0 0.461839530332681 0.006968641114982578 0.46771037181996084 0.003484320557491289 0.46771037181996084 0.06620209059233449 0.4657534246575342 0.06968641114982578 0.4637964774951076 0.06968641114982578 0.4657534246575342 0.06620209059233449 0.461839530332681 0.0627177700348432 0.461839530332681 0.05574912891986063 0.45792563600782776 0.05226480836236934 0.45792563600782776 0.020905923344947737 0.461839530332681 0.017421602787456445 0.461839530332681 0.010452961672473868
0 0.5185909980430529 0.2857142857142857 0.5185909980430529 0.31010452961672474 0.5166340508806262 0.313588850174216 0.5146771037181996 0.313588850174216 0.512720156555773 0.30662020905923343 0.5088062622309197 0.30662020905923343 0.5088062622309197 0.2857142857142857 0.5166340508806262 0.2857142857142857
0 0.5283757338551859 0.31010452961672474 0.538160469667319 0.31010452961672474 0.538160469667319 0.34146341463414637 0.5362035225048923 0.34494773519163763 0.5342465753424658 0.34494773519163763 0.5342465753424658 0.33797909407665505 0.5322896281800391 0.3344947735191638 0.5283757338551859 0.3344947735191638 0.5283757338551859 0.313588850174216
0 0.5322896281800391 0.6097560975609756 0.5362035225048923 0.6097560975609756 0.538160469667319 0.627177700348432 0.5420743639921722 0.6306620209059234 0.5420743639921722 0.6515679442508711 0.5401174168297456 0.6515679442508711 0.538160469667319 0.6376306620209059 0.5342465753424658 0.6341463414634146 0.5342465753424658 0.6236933797909407 0.5283757338551859 0.6167247386759582 0.5322896281800391 0.6132404181184669
0 0.5616438356164384 0.313588850174216 0.5714285714285714 0.313588850174216 0.5714285714285714 0.3623693379790941 0.5675146771037182 0.3623693379790941 0.5655577299412916 0.36585365853658536 0.5655577299412916 0.3205574912891986 0.5616438356164384 0.3170731707317073
0 0.5205479452054794 0.686411149825784 0.5283757338551859 0.686411149825784 0.5342465753424658 0.6933797909407665 0.5342465753424658 0.7212543554006968 0.5322896281800391 0.7212543554006968 0.5264187866927593 0.7142857142857143 0.5264187866927593 0.7003484320557491 0.5244618395303327 0.6933797909407665 0.5205479452054794 0.6898954703832753
0 0.6908023483365949 0.5226480836236934 0.700587084148728 0.5226480836236934 0.700587084148728 0.5888501742160279 0.6986301369863014 0.5923344947735192 0.6986301369863014 0.5888501742160279 0.6947162426614482 0.5853658536585366 0.6947162426614482 0.5400696864111498 0.6908023483365949 0.5365853658536586 0.6908023483365949 0.5261324041811847
0 0.5225048923679061 0.36585365853658536 0.5283757338551859 0.36585365853658536 0.5283757338551859 0.37282229965156793 0.5322896281800391 0.37630662020905925 0.5342465753424658 0.3832752613240418 0.5362035225048923 0.3832752613240418 0.5362035225048923 0.40069686411149824 0.5322896281800391 0.40418118466898956 0.5303326810176126 0.40069686411149824 0.5303326810176126 0.39372822299651566 0.5264187866927593 0.3902439024390244 0.5264187866927593 0.3832752613240418 0.5225048923679061 0.3797909407665505 0.5225048923679061 0.3693379790940767
0 0.6653620352250489 0.5958188153310104 0.6673189823874756 0.5993031358885017 0.6673189823874756 0.6445993031358885 0.6634050880626223 0.6550522648083623 0.6555772994129159 0.662020905923345 0.649706457925636 0.662020905923345 0.6457925636007827 0.6585365853658537 0.6457925636007827 0.6306620209059234 0.6516634050880626 0.6236933797909407 0.6536203522504892 0.6132404181184669 0.6555772994129159 0.6132404181184669 0.6594911937377691 0.6062717770034843 0.6594911937377691 0.5993031358885017 0.6634050880626223 0.5958188153310104
0 0.5225048923679061 0.289198606271777 0.5322896281800391 0.289198606271777 0.5322896281800391 0.3170731707317073 0.5283757338551859 0.3205574912891986 0.5264187866927593 0.3170731707317073 0.5225048923679061 0.3170731707317073 0.5225048923679061 0.2926829268292683
0 0.5185909980430529 0.6376306620209059 0.5264187866927593 0.6376306620209059 0.5283757338551859 0.6515679442508711 0.5322896281800391 0.6550522648083623 0.5322896281800391 0.686411149825784 0.5303326810176126 0.686411149825784 0.5283757338551859 0.6794425087108014 0.5244618395303327 0.6759581881533101 0.5225048923679061 0.6480836236933798 0.5185909980430529 0.6445993031358885 0.5185909980430529 0.6411149825783972