0 0.625 0.836111111111111 0.014583333333333334 0.03888888888888889
0 0.64453125 0.46875 0.646484375 0.4548611111111111 0.654296875 0.4375 0.658203125 0.4375 0.658203125 0.4791666666666667 0.654296875 0.4791666666666667 0.646484375 0.46875
0 0.37890625 0.20833333333333334 0.3828125 0.20833333333333334 0.384765625 0.21180555555555555 0.3828125 0.21875 0.37890625 0.21875 0.37890625 0.21180555555555555
0 0.5078125 0.12152777777777778 0.51171875 0.1284722222222222 0.509765625 0.13541666666666666 0.505859375 0.13541666666666666 0.5 0.1284722222222222 0.5 0.125 0.505859375 0.12152777777777778
0 0.400390625 0.4375 0.41015625 0.4444444444444444 0.4140625 0.4513888888888889 0.4140625 0.4583333333333333 0.404296875 0.46875 0.392578125 0.46875 0.390625 0.4652777777777778 0.376953125 0.4652777777777778 0.375 0.4618055555555556 0.37109375 0.4618055555555556 0.369140625 0.4652777777777778 0.369140625 0.4722222222222222 0.365234375 0.4791666666666667 0.365234375 0.4583333333333333 0.353515625 0.4409722222222222 0.357421875 0.4409722222222222 0.3671875 0.4513888888888889 0.375 0.4513888888888889 0.3828125 0.4409722222222222 0.38671875 0.4409722222222222 0.388671875 0.4375 0.3984375 0.4375
0 0.62109375 0.3194444444444444 0.626953125 0.3263888888888889 0.626953125 0.3368055555555556 0.625 0.3368055555555556 0.6171875 0.3541666666666667 0.607421875 0.3541666666666667 0.60546875 0.3506944444444444 0.6015625 0.3541666666666667 0.59765625 0.34375 0.6015625 0.3402777777777778 0.609375 0.3229166666666667 0.61328125 0.3194444444444444 0.619140625 0.3194444444444444
0 0.349609375 0.6909722222222222 0.353515625 0.6875 0.359375 0.6875 0.361328125 0.6909722222222222 0.361328125 0.6979166666666666 0.359375 0.7013888888888888 0.3515625 0.7013888888888888 0.349609375 0.6944444444444444
0 0.59375 0.9236111111111112 0.615234375 0.9548611111111112 0.61328125 0.9791666666666666 0.609375 0.9791666666666666 0.60546875 0.96875 0.5859375 0.96875 0.568359375 0.9409722222222222 0.568359375 0.9305555555555556 0.576171875 0.9201388888888888 0.587890625 0.9166666666666666 0.591796875 0.9236111111111112
0 0.560546875 0.15625 0.564453125 0.16319444444444445 0.5625 0.1701388888888889 0.55078125 0.1701388888888889 0.544921875 0.16319444444444445 0.541015625 0.16319444444444445 0.5390625 0.1597222222222222 0.529296875 0.1597222222222222 0.52734375 0.15625 0.529296875 0.14930555555555555 0.53515625 0.14930555555555555 0.537109375 0.1527777777777778 0.556640625 0.1527777777777778 0.55859375 0.15625
0 0.54296875 0.5694444444444444 0.548828125 0.5833333333333334 0.541015625 0.5868055555555556 0.53515625 0.6006944444444444 0.529296875 0.5972222222222222 0.525390625 0.5902777777777778 0.5234375 0.5833333333333334 0.5234375 0.5729166666666666 0.52734375 0.5729166666666666 0.529296875 0.5763888888888888 0.537109375 0.5763888888888888 0.541015625 0.5729166666666666
0 0.544921875 0.84375 0.55078125 0.84375 0.55078125 0.8506944444444444 0.552734375 0.8541666666666666 0.55078125 0.8576388888888888 0.55078125 0.8645833333333334 0.54296875 0.8715277777777778 0.541015625 0.8680555555555556 0.541015625 0.8576388888888888 0.544921875 0.8472222222222222
0 0.494140625 0.4479166666666667 0.498046875 0.4513888888888889 0.498046875 0.4618055555555556 0.490234375 0.4618055555555556 0.490234375 0.4583333333333333 0.482421875 0.4479166666666667 0.482421875 0.4375 0.484375 0.4340277777777778 0.486328125 0.4340277777777778 0.4921875 0.4479166666666667
0 0.57421875 0.6597222222222222 0.58203125 0.6666666666666666 0.59375 0.6666666666666666 0.595703125 0.6701388888888888 0.59375 0.6805555555555556 0.595703125 0.6840277777777778 0.599609375 0.6805555555555556 0.599609375 0.6909722222222222 0.60546875 0.6979166666666666 0.591796875 0.7118055555555556 0.580078125 0.7083333333333334 0.572265625 0.71875 0.56640625 0.71875 0.56640625 0.7118055555555556 0.568359375 0.7083333333333334 0.568359375 0.6805555555555556 0.5703125 0.6770833333333334 0.5703125 0.6631944444444444 0.572265625 0.6631944444444444
0 0.46875 0.1527777777777778 0.47265625 0.15625 0.47265625 0.16319444444444445 0.458984375 0.16319444444444445 0.458984375 0.15625 0.4609375 0.1527777777777778 0.466796875 0.1527777777777778
0 0.6557291666666667 0.31851851851851853 0.005208333333333333 0.014814814814814815
0 0.341796875 0.5034722222222222 0.345703125 0.5034722222222222 0.3515625 0.5138888888888888 0.35546875 0.5104166666666666 0.35546875 0.5208333333333334 0.349609375 0.5277777777777778 0.349609375 0.5243055555555556 0.341796875 0.5138888888888888 0.341796875 0.5069444444444444
0 0.5161458333333333 0.3398148148148148 0.009375 0.03148148148148148
0 0.376953125 0.46875 0.392578125 0.46875 0.39453125 0.4722222222222222 0.400390625 0.4722222222222222 0.400390625 0.4791666666666667 0.39453125 0.4791666666666667 0.392578125 0.4826388888888889 0.376953125 0.4826388888888889 0.376953125 0.4722222222222222
0 0.47421874999999997 0.39814814814814814 0.0078125 0.02962962962962963
0 0.35546875 0.34375 0.3671875 0.3645833333333333 0.384765625 0.3715277777777778 0.384765625 0.3819444444444444 0.380859375 0.3854166666666667 0.34375 0.3854166666666667 0.341796875 0.3819444444444444 0.341796875 0.3645833333333333 0.345703125 0.3611111111111111 0.3515625 0.3506944444444444 0.3515625 0.3472222222222222 0.353515625 0.3472222222222222
0 0.498046875 0.16319444444444445 0.501953125 0.16666666666666666 0.501953125 0.1736111111111111 0.5 0.17708333333333334 0.4921875 0.17708333333333334 0.490234375 0.1736111111111111 0.49609375 0.16666666666666666
0 0.3671875 0.10416666666666667 0.37890625 0.10416666666666667 0.3828125 0.1076388888888889 0.3828125 0.11805555555555555 0.375 0.11805555555555555 0.3671875 0.1076388888888889
0 0.58203125 0.1076388888888889 0.583984375 0.1111111111111111 0.60546875 0.1111111111111111 0.607421875 0.11458333333333333 0.611328125 0.1111111111111111 0.625 0.1111111111111111 0.6328125 0.11805555555555555 0.6484375 0.10416666666666667 0.64453125 0.11458333333333333 0.640625 0.11458333333333333 0.625 0.1284722222222222 0.619140625 0.1284722222222222 0.615234375 0.13541666666666666 0.615234375 0.14930555555555555 0.61328125 0.1527777777777778 0.609375 0.15625 0.6015625 0.15625 0.599609375 0.1597222222222222 0.5859375 0.15625 0.580078125 0.14583333333333334 0.576171875 0.125 0.5703125 0.11458333333333333 0.568359375 0.11458333333333333 0.5703125 0.1076388888888889 0.580078125 0.1076388888888889
0 0.65625 0.7048611111111112 0.658203125 0.7083333333333334 0.658203125 0.8055555555555556 0.65625 0.8090277777777778 0.650390625 0.8020833333333334 0.646484375 0.7881944444444444 0.646484375 0.7743055555555556 0.642578125 0.7569444444444444 0.62109375 0.7395833333333334 0.615234375 0.7291666666666666 0.609375 0.7256944444444444 0.599609375 0.7118055555555556 0.6015625 0.7013888888888888 0.607421875 0.6944444444444444 0.625 0.6944444444444444 0.626953125 0.6979166666666666 0.634765625 0.6979166666666666 0.63671875 0.7013888888888888 0.65234375 0.7013888888888888 0.654296875 0.7048611111111112
0 0.3671875 0 0.376953125 0 0.37890625 0.003472222222222222 0.37890625 0.006944444444444444 0.37109375 0.006944444444444444 0.3671875 0.003472222222222222
0 0.638671875 0.5208333333333334 0.638671875 0.5138888888888888 0.64453125 0.5034722222222222 0.654296875 0.4965277777777778 0.658203125 0.5 0.658203125 0.53125 0.65625 0.5277777777777778 0.640625 0.5208333333333334
0 0.431640625 0.7048611111111112 0.435546875 0.7118055555555556 0.443359375 0.7048611111111112 0.44140625 0.7083333333333334 0.44140625 0.7152777777777778 0.443359375 0.71875 0.44140625 0.7222222222222222 0.43359375 0.7222222222222222 0.423828125 0.7291666666666666 0.412109375 0.7256944444444444 0.41015625 0.7222222222222222 0.41015625 0.7152777777777778 0.41796875 0.7013888888888888 0.427734375 0.7013888888888888 0.4296875 0.7048611111111112
0 0.640625 0.3194444444444444 0.650390625 0.3194444444444444 0.65625 0.3263888888888889 0.65625 0.34375 0.650390625 0.3576388888888889 0.646484375 0.3576388888888889 0.646484375 0.3472222222222222 0.640625 0.3229166666666667