0 0.4609375 0.6770833333333334 0.462890625 0.6805555555555556 0.466796875 0.6770833333333334 0.46875 0.6805555555555556 0.466796875 0.6875 0.4609375 0.6909722222222222 0.45703125 0.6979166666666666 0.453125 0.6979166666666666 0.451171875 0.7013888888888888 0.44140625 0.7013888888888888 0.439453125 0.7048611111111112 0.4375 0.7013888888888888 0.43359375 0.7013888888888888 0.43359375 0.6944444444444444 0.44140625 0.6770833333333334 0.458984375 0.6770833333333334
0 0.525390625 0.13194444444444445 0.529296875 0.1284722222222222 0.5390625 0.13541666666666666 0.54296875 0.1423611111111111 0.54296875 0.1527777777777778 0.53515625 0.1527777777777778 0.53125 0.14930555555555555 0.52734375 0.13541666666666666
0 0.3515625 0.06597222222222222 0.353515625 0.06944444444444445 0.353515625 0.0763888888888889 0.3515625 0.0798611111111111 0.345703125 0.0798611111111111 0.341796875 0.07291666666666667 0.345703125 0.0625 0.349609375 0.06597222222222222
0 0.568359375 0.6458333333333334 0.5703125 0.6493055555555556 0.57421875 0.6493055555555556 0.578125 0.65625 0.591796875 0.65625 0.58984375 0.6701388888888888 0.591796875 0.6736111111111112 0.595703125 0.6736111111111112 0.599609375 0.6875 0.591796875 0.6979166666666666 0.57421875 0.6979166666666666 0.5703125 0.7048611111111112 0.564453125 0.7083333333333334 0.5625 0.7013888888888888 0.564453125 0.6979166666666666 0.564453125 0.6840277777777778 0.56640625 0.6805555555555556 0.56640625 0.6493055555555556
0 0.615234375 0.8159722222222222 0.6171875 0.8159722222222222 0.623046875 0.8055555555555556 0.626953125 0.8055555555555556 0.626953125 0.8368055555555556 0.625 0.8402777777777778 0.619140625 0.8402777777777778 0.615234375 0.8333333333333334 0.61328125 0.8263888888888888 0.615234375 0.8194444444444444
0 0.560546875 0.4409722222222222 0.564453125 0.4409722222222222 0.5703125 0.4618055555555556 0.568359375 0.4652777777777778 0.568359375 0.4756944444444444 0.5625 0.4756944444444444 0.55859375 0.4583333333333333 0.560546875 0.4444444444444444
0 0.458984375 0.1388888888888889 0.458984375 0.13194444444444445 0.4609375 0.1284722222222222 0.466796875 0.1284722222222222 0.470703125 0.13541666666666666 0.466796875 0.1423611111111111 0.462890625 0.1423611111111111 0.4609375 0.1388888888888889
0 0.56640625 0.0798611111111111 0.5703125 0.0798611111111111 0.572265625 0.09375 0.580078125 0.1076388888888889 0.587890625 0.11458333333333333 0.609375 0.11458333333333333 0.611328125 0.11805555555555555 0.6171875 0.11805555555555555 0.623046875 0.1076388888888889 0.623046875 0.11458333333333333 0.60546875 0.1423611111111111 0.6015625 0.1423611111111111 0.59375 0.14930555555555555 0.578125 0.14930555555555555 0.568359375 0.1423611111111111 0.568359375 0.13541666666666666 0.56640625 0.13194444444444445 0.568359375 0.1284722222222222 0.56640625 0.125 0.568359375 0.12152777777777778 0.56640625 0.08333333333333333
0 0.361328125 0.3298611111111111 0.36328125 0.3333333333333333 0.365234375 0.3506944444444444 0.369140625 0.3576388888888889 0.376953125 0.3576388888888889 0.376953125 0.3645833333333333 0.375 0.3680555555555556 0.369140625 0.3680555555555556 0.361328125 0.3784722222222222 0.34375 0.3784722222222222 0.341796875 0.375 0.341796875 0.3472222222222222 0.34375 0.3402777777777778 0.34765625 0.3402777777777778 0.353515625 0.3298611111111111 0.359375 0.3298611111111111
0 0.36328125 0.18055555555555555 0.3671875 0.1875 0.3671875 0.19444444444444445 0.36328125 0.19444444444444445 0.361328125 0.1840277777777778
0 0.53515625 0.3055555555555556 0.53515625 0.3159722222222222 0.53125 0.3194444444444444 0.52734375 0.3159722222222222 0.529296875 0.3090277777777778 0.533203125 0.3055555555555556
0 0.41015625 0.4513888888888889 0.4140625 0.4583333333333333 0.4140625 0.4652777777777778 0.412109375 0.46875 0.408203125 0.46875 0.40625 0.4618055555555556 0.408203125 0.4548611111111111
0 0.64453125 0.3298611111111111 0.646484375 0.3333333333333333 0.650390625 0.3333333333333333 0.65234375 0.3402777777777778 0.642578125 0.3576388888888889 0.630859375 0.3715277777777778 0.6171875 0.3715277777777778 0.61328125 0.3680555555555556 0.609375 0.3541666666666667 0.609375 0.34375 0.6171875 0.3298611111111111 0.62109375 0.3298611111111111 0.623046875 0.3263888888888889 0.640625 0.3263888888888889 0.642578125 0.3298611111111111
0 0.498046875 0.4895833333333333 0.505859375 0.4826388888888889 0.509765625 0.4861111111111111 0.50390625 0.5034722222222222 0.5 0.5034722222222222 0.498046875 0.5069444444444444 0.498046875 0.4930555555555556
0 0.3515625 0.08333333333333333 0.357421875 0.09375 0.357421875 0.10069444444444445 0.3515625 0.10069444444444445 0.349609375 0.09722222222222222 0.349609375 0.08680555555555555
0 0.359375 0.4444444444444444 0.361328125 0.4444444444444444 0.365234375 0.4548611111111111 0.369140625 0.4722222222222222 0.3671875 0.4756944444444444 0.36328125 0.4756944444444444 0.359375 0.4583333333333333 0.359375 0.4479166666666667
0 0.650390625 0.4305555555555556 0.658203125 0.4270833333333333 0.658203125 0.4722222222222222 0.654296875 0.4722222222222222 0.642578125 0.4583333333333333 0.64453125 0.4444444444444444 0.650390625 0.4340277777777778
0 0.56640625 0.6458333333333334 0.578125 0.65625 0.58984375 0.65625 0.591796875 0.6597222222222222 0.58984375 0.6701388888888888 0.599609375 0.6840277777777778 0.619140625 0.6840277777777778 0.62109375 0.6875 0.646484375 0.6909722222222222 0.6484375 0.6944444444444444 0.65625 0.6944444444444444 0.658203125 0.6979166666666666 0.658203125 0.7986111111111112 0.650390625 0.7986111111111112 0.64453125 0.7881944444444444 0.64453125 0.78125 0.640625 0.7708333333333334 0.640625 0.75 0.630859375 0.7395833333333334 0.626953125 0.7395833333333334 0.62109375 0.7291666666666666 0.60546875 0.7152777777777778 0.599609375 0.7048611111111112 0.591796875 0.6979166666666666 0.583984375 0.6979166666666666 0.58203125 0.7013888888888888 0.580078125 0.6979166666666666 0.57421875 0.6979166666666666 0.5703125 0.7048611111111112 0.564453125 0.7083333333333334 0.5625 0.7013888888888888 0.564453125 0.6979166666666666 0.564453125 0.6770833333333334 0.56640625 0.6736111111111112 0.56640625 0.6493055555555556
0 0.34322916666666664 0.46064814814814814 0.003125 0.010185185185185184
0 0.474609375 0.09722222222222222 0.4765625 0.10069444444444445 0.4765625 0.1076388888888889 0.474609375 0.1111111111111111 0.466796875 0.1076388888888889 0.466796875 0.10069444444444445 0.47265625 0.09722222222222222
0 0.53515625 0.5173611111111112 0.537109375 0.5173611111111112 0.544921875 0.53125 0.544921875 0.5381944444444444 0.548828125 0.5486111111111112 0.548828125 0.5590277777777778 0.546875 0.5659722222222222 0.54296875 0.5659722222222222 0.541015625 0.5625 0.541015625 0.5555555555555556 0.5390625 0.5520833333333334 0.541015625 0.5451388888888888 0.541015625 0.5347222222222222 0.53515625 0.5208333333333334
0 0.44921875 0.17708333333333334 0.453125 0.16666666666666666 0.458984375 0.16666666666666666 0.4609375 0.1736111111111111 0.458984375 0.17708333333333334 0.451171875 0.17708333333333334
0 0.513671875 0.4166666666666667 0.513671875 0.4270833333333333 0.5078125 0.4340277777777778 0.50390625 0.4305555555555556 0.50390625 0.4236111111111111 0.51171875 0.4166666666666667
0 0.498046875 0.13541666666666666 0.501953125 0.13541666666666666 0.501953125 0.14583333333333334 0.498046875 0.14583333333333334 0.498046875 0.1388888888888889
0 0.49609375 0.5555555555555556 0.5 0.5625 0.5 0.5694444444444444 0.494140625 0.5694444444444444 0.490234375 0.5625 0.490234375 0.5590277777777778 0.494140625 0.5555555555555556
0 0.55859375 0.11805555555555555 0.55859375 0.125 0.5546875 0.13194444444444445 0.55078125 0.13194444444444445 0.55078125 0.12152777777777778 0.556640625 0.11805555555555555