0 0.6328125 0.9303135888501742 0.6328125 0.9059233449477352 0.654296875 0.9059233449477352 0.654296875 0.9372822299651568 0.64453125 0.9372822299651568 0.634765625 0.9303135888501742
0 0.62890625 0.4146341463414634 0.6484375 0.4146341463414634 0.6484375 0.42160278745644597 0.642578125 0.42857142857142855 0.64453125 0.4355400696864111 0.64453125 0.44947735191637633 0.6484375 0.4529616724738676 0.6484375 0.47735191637630664 0.64453125 0.4808362369337979 0.64453125 0.4912891986062718 0.642578125 0.49477351916376305 0.630859375 0.49825783972125437 0.62890625 0.49477351916376305 0.62890625 0.46689895470383275 0.625 0.4634146341463415 0.625 0.44947735191637633 0.62109375 0.4425087108013937 0.615234375 0.4425087108013937 0.623046875 0.4425087108013937 0.6328125 0.4355400696864111 0.634765625 0.42857142857142855 0.630859375 0.4250871080139373 0.630859375 0.4181184668989547
0 0.55078125 0.6480836236933798 0.55078125 0.6376306620209059 0.587890625 0.6376306620209059 0.587890625 0.6480836236933798 0.583984375 0.6445993031358885 0.57421875 0.6515679442508711 0.576171875 0.6550522648083623 0.576171875 0.6689895470383276 0.5703125 0.6689895470383276 0.568359375 0.6655052264808362 0.568359375 0.6550522648083623 0.5703125 0.6515679442508711 0.568359375 0.6480836236933798 0.552734375 0.6480836236933798
0 0.62109375 0.43902439024390244 0.630859375 0.43902439024390244 0.630859375 0.5052264808362369 0.6171875 0.5087108013937283 0.609375 0.5017421602787456 0.609375 0.4808362369337979 0.611328125 0.4808362369337979 0.61328125 0.47735191637630664 0.61328125 0.47038327526132406 0.615234375 0.47038327526132406 0.6171875 0.4634146341463415 0.619140625 0.4634146341463415 0.62109375 0.4564459930313589 0.625 0.4529616724738676 0.625 0.445993031358885 0.62109375 0.4425087108013937
0 0.486328125 0 0.490234375 0 0.4921875 0.003484320557491289 0.49609375 0 0.529296875 0 0.529296875 0.013937282229965157 0.525390625 0.017421602787456445 0.521484375 0.03484320557491289 0.51953125 0.03484320557491289 0.513671875 0.04529616724738676 0.513671875 0.04878048780487805 0.509765625 0.05226480836236934 0.48828125 0.05226480836236934 0.48828125 0.013937282229965157 0.486328125 0.010452961672473868 0.486328125 0.003484320557491289
0 0.59375 0.6550522648083623 0.59375 0.6515679442508711 0.599609375 0.6515679442508711 0.6015625 0.6585365853658537 0.609375 0.6585365853658537 0.611328125 0.6515679442508711 0.623046875 0.6515679442508711 0.623046875 0.6585365853658537 0.619140625 0.662020905923345 0.619140625 0.6689895470383276 0.623046875 0.6724738675958188 0.623046875 0.7247386759581882 0.611328125 0.7247386759581882 0.611328125 0.7177700348432056 0.60546875 0.710801393728223 0.60546875 0.6968641114982579 0.609375 0.6968641114982579 0.611328125 0.6933797909407665 0.611328125 0.6689895470383276 0.603515625 0.6585365853658537 0.59765625 0.6585365853658537 0.595703125 0.6550522648083623
0 0.484375 0.5017421602787456 0.494140625 0.5017421602787456 0.49609375 0.5087108013937283 0.5 0.5087108013937283 0.5 0.5296167247386759 0.49609375 0.5296167247386759 0.494140625 0.5226480836236934 0.490234375 0.5226480836236934 0.48828125 0.5156794425087108 0.484375 0.5156794425087108 0.484375 0.5052264808362369
0 0.48046875 0.2682926829268293 0.484375 0.2682926829268293 0.486328125 0.2613240418118467 0.490234375 0.2613240418118467 0.490234375 0.27177700348432055 0.4921875 0.27526132404181186 0.49609375 0.27526132404181186 0.498046875 0.28222996515679444 0.501953125 0.28222996515679444 0.501953125 0.30662020905923343 0.498046875 0.30662020905923343 0.49609375 0.31010452961672474 0.4921875 0.30662020905923343 0.490234375 0.29965156794425085 0.486328125 0.29965156794425085 0.484375 0.2926829268292683 0.48046875 0.2926829268292683 0.48046875 0.27177700348432055
0 0.462890625 0.2682926829268293 0.470703125 0.2682926829268293 0.47265625 0.26480836236933797 0.47265625 0.24041811846689895 0.48046875 0.24041811846689895 0.48046875 0.289198606271777 0.47265625 0.289198606271777 0.47265625 0.27526132404181186 0.470703125 0.27177700348432055 0.462890625 0.27177700348432055
0 0.447265625 0.20905923344947736 0.458984375 0.20905923344947736 0.458984375 0.24738675958188153 0.45703125 0.24390243902439024 0.453125 0.24390243902439024 0.453125 0.21951219512195122 0.451171875 0.21602787456445993 0.447265625 0.21602787456445993 0.447265625 0.21254355400696864
0 0.46484375 0.18815331010452963 0.47265625 0.18815331010452963 0.474609375 0.18466898954703834 0.474609375 0.17770034843205576 0.482421875 0.17770034843205576 0.482421875 0.20905923344947736 0.46484375 0.20905923344947736 0.46484375 0.1916376306620209
0 0.65625 0.4912891986062718 0.66015625 0.4912891986062718 0.66015625 0.5505226480836237 0.65625 0.5505226480836237 0.65625 0.49477351916376305
0 0.4744027303754266 0.25724512730256505 0.0204978135665529 0.030003210807339666
0 0.44921875 0.2682926829268293 0.44921875 0.2613240418118467 0.466796875 0.2613240418118467 0.466796875 0.28222996515679444 0.458984375 0.28222996515679444 0.458984375 0.27177700348432055 0.45703125 0.2682926829268293 0.451171875 0.2682926829268293
0 0.599609375 0.1951219512195122 0.599609375 0.1916376306620209 0.6015625 0.1986062717770035 0.611328125 0.1986062717770035 0.6171875 0.20557491289198607 0.62109375 0.21602787456445993 0.62890625 0.2229965156794425 0.630859375 0.22996515679442509 0.634765625 0.23344947735191637 0.634765625 0.24390243902439024 0.63671875 0.24738675958188153 0.634765625 0.3205574912891986 0.638671875 0.3310104529616725 0.638671875 0.34146341463414637 0.634765625 0.33797909407665505 0.619140625 0.33797909407665505 0.615234375 0.34146341463414637 0.61328125 0.33797909407665505 0.625 0.3240418118466899 0.625 0.313588850174216 0.62109375 0.31010452961672474 0.6171875 0.29965156794425085 0.607421875 0.289198606271777 0.60546875 0.2682926829268293 0.6015625 0.26480836236933797 0.599609375 0.2578397212543554 0.59375 0.2578397212543554 0.59375 0.24738675958188153 0.595703125 0.24041811846689895 0.59375 0.23693379790940766 0.59375 0.2264808362369338 0.58984375 0.2229965156794425 0.58984375 0.20557491289198607 0.591796875 0.20557491289198607 0.59375 0.1986062717770035 0.59765625 0.1986062717770035
0 0.5703125 0.6167247386759582 0.578125 0.6167247386759582 0.578125 0.6341463414634146 0.57421875 0.6341463414634146 0.572265625 0.6376306620209059 0.560546875 0.6341463414634146 0.560546875 0.6236933797909407 0.568359375 0.6236933797909407 0.5703125 0.6202090592334495
0 0.6484375 0.027874564459930314 0.650390625 0.027874564459930314 0.650390625 0.06620209059233449 0.64453125 0.06968641114982578 0.642578125 0.07665505226480836 0.638671875 0.08013937282229965 0.62890625 0.08013937282229965 0.62890625 0.07665505226480836 0.630859375 0.07665505226480836 0.6328125 0.06968641114982578 0.63671875 0.06620209059233449 0.63671875 0.04878048780487805 0.638671875 0.04878048780487805 0.640625 0.041811846689895474 0.642578125 0.041811846689895474 0.64453125 0.03484320557491289 0.6484375 0.0313588850174216
0 0.462890625 0.2682926829268293 0.470703125 0.2682926829268293 0.47265625 0.2613240418118467 0.48046875 0.2613240418118467 0.48046875 0.2926829268292683 0.4765625 0.2926829268292683 0.474609375 0.2961672473867596 0.47265625 0.2926829268292683 0.47265625 0.2787456445993031 0.470703125 0.27526132404181186 0.462890625 0.27526132404181186 0.462890625 0.27177700348432055
0 0.4921875 0.1951219512195122 0.4921875 0.17770034843205576 0.5 0.17770034843205576 0.5 0.1951219512195122 0.494140625 0.1951219512195122
0 0.6328125 0.5087108013937283 0.640625 0.5087108013937283 0.640625 0.554006968641115 0.625 0.5644599303135889 0.615234375 0.5609756097560976 0.615234375 0.5331010452961672 0.62109375 0.5296167247386759 0.6328125 0.5121951219512195
0 0.484375 0.3344947735191638 0.4921875 0.3344947735191638 0.494140625 0.32752613240418116 0.501953125 0.32752613240418116 0.501953125 0.3588850174216028 0.494140625 0.3588850174216028 0.494140625 0.3519163763066202 0.4921875 0.34843205574912894 0.484375 0.34843205574912894 0.484375 0.33797909407665505
0 0.46875 0.5331010452961672 0.47265625 0.5331010452961672 0.474609375 0.5261324041811847 0.478515625 0.5261324041811847 0.48046875 0.5331010452961672 0.490234375 0.5365853658536586 0.490234375 0.5644599303135889 0.484375 0.5644599303135889 0.482421875 0.5679442508710801 0.48046875 0.5644599303135889 0.48046875 0.5574912891986062 0.478515625 0.554006968641115 0.474609375 0.554006968641115 0.474609375 0.5400696864111498 0.47265625 0.5365853658536586 0.46875 0.5365853658536586
0 0.431640625 0 0.4375 0 0.4375 0.020905923344947737 0.431640625 0.020905923344947737 0.431640625 0.003484320557491289
0 0.3203125 0.3623693379790941 0.328125 0.3623693379790941 0.328125 0.3867595818815331 0.32421875 0.3867595818815331 0.322265625 0.3902439024390244 0.318359375 0.3867595818815331 0.310546875 0.3867595818815331 0.310546875 0.37282229965156793 0.318359375 0.37282229965156793 0.3203125 0.36585365853658536
0 0.533203125 0.20905923344947736 0.541015625 0.20905923344947736 0.541015625 0.25435540069686413 0.537109375 0.25435540069686413 0.53515625 0.2578397212543554 0.53125 0.25435540069686413 0.5234375 0.25435540069686413 0.5234375 0.24041811846689895 0.53125 0.24041811846689895 0.533203125 0.23693379790940766 0.533203125 0.21254355400696864
0 0.55078125 0.6411149825783972 0.5703125 0.6411149825783972 0.572265625 0.6341463414634146 0.57421875 0.6341463414634146 0.576171875 0.6411149825783972 0.587890625 0.6411149825783972 0.587890625 0.6445993031358885 0.572265625 0.6445993031358885 0.5703125 0.6480836236933798 0.556640625 0.6480836236933798 0.5546875 0.6445993031358885 0.55078125 0.6445993031358885
0 0.541015625 0.37630662020905925 0.54296875 0.37630662020905925 0.544921875 0.3693379790940767 0.578125 0.3693379790940767 0.578125 0.3797909407665505 0.541015625 0.3797909407665505
0 0.505859375 0.20209059233449478 0.505859375 0.24041811846689895 0.505859375 0.2229965156794425 0.50390625 0.21951219512195122 0.494140625 0.21602787456445993 0.494140625 0.20905923344947736 0.50390625 0.20905923344947736 0.505859375 0.20557491289198607
0 0.47265625 0.5749128919860628 0.47265625 0.5644599303135889 0.482421875 0.5644599303135889 0.482421875 0.5714285714285714 0.486328125 0.5749128919860628 0.486328125 0.5818815331010453 0.48828125 0.5853658536585366 0.48828125 0.6097560975609756 0.484375 0.6062717770034843 0.482421875 0.5993031358885017 0.48046875 0.5993031358885017 0.48046875 0.5853658536585366 0.4765625 0.5818815331010453 0.474609375 0.5749128919860628
0 0.5546875 0.5993031358885017 0.5625 0.5993031358885017 0.5625 0.6097560975609756 0.556640625 0.6097560975609756 0.5546875 0.6132404181184669 0.55078125 0.6097560975609756 0.544921875 0.6097560975609756 0.544921875 0.6062717770034843 0.552734375 0.6062717770034843 0.5546875 0.6027874564459931