0 0.53125 0 0.537109375 0 0.5390625 0.010452961672473868 0.546875 0.024390243902439025 0.552734375 0.027874564459930314 0.556640625 0.03484320557491289 0.580078125 0.03484320557491289 0.58203125 0.03832752613240418 0.5859375 0.03484320557491289 0.58984375 0.027874564459930314 0.58984375 0.020905923344947737 0.591796875 0.020905923344947737 0.591796875 0.027874564459930314 0.587890625 0.03832752613240418 0.587890625 0.04878048780487805 0.58203125 0.0627177700348432 0.556640625 0.0627177700348432 0.5546875 0.06620209059233449 0.541015625 0.06620209059233449 0.53515625 0.059233449477351915 0.53515625 0.05226480836236934 0.53125 0.03832752613240418 0.53125 0.024390243902439025 0.52734375 0.013937282229965157 0.53125 0.003484320557491289
0 0.576171875 0.3554006968641115 0.58203125 0.36585365853658536 0.580078125 0.37282229965156793 0.5703125 0.37282229965156793 0.568359375 0.3693379790940767 0.564453125 0.3693379790940767 0.55859375 0.3588850174216028 0.556640625 0.3588850174216028 0.5625 0.3519163763066202 0.57421875 0.3554006968641115
0 0.62109375 0.0627177700348432 0.623046875 0.07665505226480836 0.6171875 0.08362369337979095 0.611328125 0.08362369337979095 0.607421875 0.08013937282229965 0.6015625 0.06968641114982578 0.599609375 0.06968641114982578 0.599609375 0.06620209059233449 0.603515625 0.06620209059233449 0.60546875 0.0627177700348432 0.619140625 0.0627177700348432
0 0.474609375 0 0.494140625 0 0.49609375 0.003484320557491289 0.49609375 0.020905923344947737 0.498046875 0.024390243902439025 0.49609375 0.0313588850174216 0.490234375 0.0313588850174216 0.486328125 0.027874564459930314 0.484375 0.013937282229965157 0.478515625 0.006968641114982578 0.4765625 0
0 0.55078125 0.024390243902439025 0.552734375 0.03832752613240418 0.548828125 0.04529616724738676 0.544921875 0.041811846689895474 0.544921875 0.0313588850174216 0.548828125 0.027874564459930314
0 0.546875 0.3623693379790941 0.556640625 0.3623693379790941 0.556640625 0.3832752613240418 0.5546875 0.3867595818815331 0.5546875 0.39372822299651566 0.55859375 0.397212543554007 0.556640625 0.40418118466898956 0.552734375 0.40418118466898956 0.548828125 0.4146341463414634 0.54296875 0.4250871080139373 0.537109375 0.42857142857142855 0.53515625 0.4355400696864111 0.53125 0.43902439024390244 0.53125 0.4425087108013937 0.51953125 0.445993031358885 0.51953125 0.42160278745644597 0.5234375 0.4146341463414634 0.5234375 0.40069686411149824 0.525390625 0.40069686411149824 0.5390625 0.37282229965156793 0.546875 0.36585365853658536
0 0.4140625 0 0.455078125 0 0.455078125 0.006968641114982578 0.45703125 0.010452961672473868 0.45703125 0.020905923344947737 0.455078125 0.024390243902439025 0.43359375 0.020905923344947737 0.42578125 0.013937282229965157 0.421875 0 0.416015625 0
0 0.296875 0.156794425087108 0.3125 0.156794425087108 0.314453125 0.16376306620209058 0.3203125 0.1672473867595819 0.326171875 0.17770034843205576 0.326171875 0.18815331010452963 0.328125 0.1916376306620209 0.326171875 0.20209059233449478 0.30859375 0.20209059233449478 0.306640625 0.20557491289198607 0.29296875 0.20557491289198607 0.2890625 0.20209059233449478 0.2890625 0.1672473867595819 0.296875 0.1602787456445993
0 0.341796875 0.1254355400696864 0.3515625 0.1254355400696864 0.35546875 0.13240418118466898 0.359375 0.1289198606271777 0.359375 0.13588850174216027 0.341796875 0.13588850174216027 0.33984375 0.13240418118466898 0.341796875 0.1289198606271777
0 0.390625 0 0.40625 0 0.404296875 0.003484320557491289 0.392578125 0.003484320557491289
0 0.400390625 0.08710801393728224 0.40234375 0.08710801393728224 0.40625 0.07665505226480836 0.416015625 0.07665505226480836 0.41796875 0.08013937282229965 0.421875 0.08013937282229965 0.423828125 0.08710801393728224 0.421875 0.09059233449477352 0.4140625 0.09059233449477352 0.412109375 0.09407665505226481 0.404296875 0.09407665505226481 0.40234375 0.08710801393728224
0 0.607421875 0.25435540069686413 0.650390625 0.21254355400696864 0.65625 0.21254355400696864 0.658203125 0.21602787456445993 0.658203125 0.2682926829268293 0.65625 0.2682926829268293 0.6484375 0.28222996515679444 0.64453125 0.2857142857142857 0.625 0.2857142857142857 0.623046875 0.289198606271777 0.6171875 0.289198606271777 0.611328125 0.2961672473867596 0.595703125 0.29965156794425085 0.583984375 0.31010452961672474 0.578125 0.31010452961672474 0.560546875 0.3240418118466899 0.5546875 0.3240418118466899 0.552734375 0.32752613240418116 0.541015625 0.32752613240418116 0.541015625 0.3240418118466899 0.546875 0.3170731707317073 0.564453125 0.31010452961672474 0.583984375 0.2857142857142857 0.587890625 0.27526132404181186 0.595703125 0.2682926829268293 0.599609375 0.2682926829268293 0.607421875 0.2578397212543554
0 0.646484375 0.9128919860627178 0.650390625 0.9163763066202091 0.65625 0.9303135888501742 0.65625 0.9512195121951219 0.658203125 0.9547038327526133 0.65625 0.9581881533101045 0.64453125 0.9477351916376306 0.63671875 0.9477351916376306 0.634765625 0.9407665505226481 0.623046875 0.9233449477351916 0.615234375 0.9198606271777003 0.615234375 0.9163763066202091 0.619140625 0.9128919860627178 0.64453125 0.9128919860627178
0 0.505859375 0.42160278745644597 0.5078125 0.4250871080139373 0.5078125 0.46689895470383275 0.50390625 0.47038327526132406 0.5 0.46689895470383275 0.498046875 0.45993031358885017 0.49609375 0.45993031358885017 0.498046875 0.4355400696864111 0.5 0.42857142857142855 0.50390625 0.4250871080139373
0 0.59765625 0.8641114982578397 0.59375 0.8536585365853658 0.59375 0.8362369337979094 0.603515625 0.8222996515679443 0.60546875 0.8222996515679443 0.60546875 0.8606271777003485 0.603515625 0.8641114982578397 0.599609375 0.8641114982578397
0 0.5546875 0.7770034843205574 0.556640625 0.7770034843205574 0.556640625 0.8153310104529616 0.55078125 0.8153310104529616 0.548828125 0.818815331010453 0.544921875 0.818815331010453 0.54296875 0.8153310104529616 0.54296875 0.8048780487804879 0.546875 0.8013937282229965 0.546875 0.794425087108014 0.552734375 0.7874564459930313 0.5546875 0.7804878048780488
0 0.658203125 0.4529616724738676 0.658203125 0.44947735191637633 0.650390625 0.4355400696864111 0.64453125 0.43205574912891986 0.638671875 0.42160278745644597 0.638671875 0.4146341463414634 0.64453125 0.397212543554007 0.65234375 0.3867595818815331 0.658203125 0.3867595818815331 0.658203125 0.44947735191637633
0 0.546875 0.6341463414634146 0.548828125 0.6376306620209059 0.552734375 0.6376306620209059 0.556640625 0.6445993031358885 0.5703125 0.6445993031358885 0.572265625 0.6480836236933798 0.572265625 0.6550522648083623 0.5703125 0.6585365853658537 0.576171875 0.6689895470383276 0.578125 0.6689895470383276 0.58203125 0.6829268292682927 0.576171875 0.6933797909407665 0.572265625 0.6933797909407665 0.5703125 0.6968641114982579 0.55078125 0.6968641114982579 0.54296875 0.7038327526132404 0.537109375 0.7038327526132404 0.54296875 0.6759581881533101 0.54296875 0.6515679442508711 0.546875 0.6376306620209059
0 0.369140625 0.05226480836236934 0.37890625 0.05226480836236934 0.380859375 0.059233449477351915 0.384765625 0.059233449477351915 0.3828125 0.06620209059233449 0.369140625 0.06968641114982578 0.365234375 0.0627177700348432 0.3671875 0.0627177700348432 0.369140625 0.05574912891986063
0 0.3203125 0.010452961672473868 0.328125 0.010452961672473868 0.33203125 0.017421602787456445 0.33203125 0.024390243902439025 0.328125 0.027874564459930314 0.322265625 0.027874564459930314 0.3203125 0.020905923344947737 0.31640625 0.017421602787456445 0.3203125 0.013937282229965157
0 0.626953125 0.6933797909407665 0.638671875 0.6933797909407665 0.640625 0.7003484320557491 0.6484375 0.7003484320557491 0.654296875 0.7073170731707317 0.658203125 0.7073170731707317 0.658203125 0.818815331010453 0.638671875 0.818815331010453 0.630859375 0.8118466898954704 0.626953125 0.7979094076655052 0.626953125 0.7909407665505227 0.623046875 0.7874564459930313 0.623046875 0.7700348432055749 0.626953125 0.7665505226480837 0.626953125 0.7456445993031359 0.62890625 0.7421602787456446 0.62890625 0.7142857142857143 0.626953125 0.710801393728223 0.626953125 0.6968641114982579
0 0.51171875 0.24738675958188153 0.513671875 0.24738675958188153 0.513671875 0.2578397212543554 0.515625 0.2613240418118467 0.509765625 0.289198606271777 0.501953125 0.289198606271777 0.5 0.2857142857142857 0.498046875 0.289198606271777 0.4921875 0.289198606271777 0.48828125 0.2857142857142857 0.48828125 0.2787456445993031 0.4921875 0.27526132404181186 0.4921875 0.2613240418118467 0.49609375 0.2613240418118467 0.498046875 0.2578397212543554 0.50390625 0.2578397212543554 0.5078125 0.2613240418118467 0.51171875 0.2508710801393728
0 0.544921875 0.6376306620209059 0.548828125 0.6376306620209059 0.548828125 0.6411149825783972 0.5546875 0.6480836236933798 0.568359375 0.6480836236933798 0.5703125 0.6515679442508711 0.5703125 0.6585365853658537 0.568359375 0.662020905923345 0.572265625 0.6689895470383276 0.576171875 0.6689895470383276 0.578125 0.6655052264808362 0.578125 0.6794425087108014 0.580078125 0.6829268292682927 0.59765625 0.6829268292682927 0.599609375 0.686411149825784 0.607421875 0.686411149825784 0.609375 0.6898954703832753 0.6171875 0.6898954703832753 0.619140625 0.6933797909407665 0.640625 0.6968641114982579 0.642578125 0.7003484320557491 0.6484375 0.7003484320557491 0.654296875 0.7073170731707317 0.658203125 0.7073170731707317 0.658203125 0.818815331010453 0.638671875 0.818815331010453 0.6328125 0.8118466898954704 0.62890625 0.7979094076655052 0.62890625 0.7909407665505227 0.626953125 0.7874564459930313 0.626953125 0.7665505226480837 0.625 0.759581881533101 0.609375 0.7456445993031359 0.603515625 0.7386759581881533 0.6015625 0.7317073170731707 0.59375 0.7282229965156795 0.58984375 0.7212543554006968 0.583984375 0.7177700348432056 0.57421875 0.6968641114982579 0.5703125 0.7003484320557491 0.548828125 0.7003484320557491 0.54296875 0.7073170731707317 0.537109375 0.7073170731707317 0.537109375 0.6933797909407665 0.541015625 0.6759581881533101 0.541015625 0.6585365853658537 0.544921875 0.6411149825783972
0 0.5 0.20905923344947736 0.5078125 0.20905923344947736 0.509765625 0.21602787456445993 0.509765625 0.23344947735191637 0.5078125 0.23693379790940766 0.498046875 0.23693379790940766 0.498046875 0.21602787456445993 0.5 0.21254355400696864