0 0.599609375 0.18815331010452963 0.6015625 0.1916376306620209 0.611328125 0.1916376306620209 0.619140625 0.1986062717770035 0.625 0.1986062717770035 0.634765625 0.20905923344947736 0.64453125 0.21254355400696864 0.646484375 0.21951219512195122 0.6171875 0.21951219512195122 0.615234375 0.21602787456445993 0.587890625 0.21254355400696864 0.578125 0.20209059233449478 0.57421875 0.1916376306620209 0.576171875 0.18815331010452963 0.59765625 0.18815331010452963
0 0.767578125 0.3240418118466899 0.76953125 0.3310104529616725 0.767578125 0.33797909407665505 0.732421875 0.33797909407665505 0.7265625 0.3310104529616725 0.728515625 0.3240418118466899 0.765625 0.3240418118466899
0 0.109375 0.5365853658536586 0.130859375 0.5365853658536586 0.1328125 0.5435540069686411 0.140625 0.5435540069686411 0.1484375 0.5505226480836237 0.1484375 0.5714285714285714 0.146484375 0.5749128919860628 0.138671875 0.5749128919860628 0.13671875 0.578397212543554 0.12109375 0.578397212543554 0.119140625 0.5749128919860628 0.115234375 0.5749128919860628 0.109375 0.5644599303135889 0.109375 0.5609756097560976 0.103515625 0.554006968641115 0.103515625 0.5470383275261324 0.109375 0.5400696864111498
0 0.66796875 0.3554006968641115 0.671875 0.3554006968641115 0.673828125 0.3519163763066202 0.69921875 0.3519163763066202 0.701171875 0.3554006968641115 0.7109375 0.3554006968641115 0.712890625 0.3588850174216028 0.728515625 0.36585365853658536 0.728515625 0.3832752613240418 0.6953125 0.3832752613240418 0.6875 0.37630662020905925 0.67578125 0.37630662020905925 0.66796875 0.3588850174216028
0 0.533203125 0.627177700348432 0.58984375 0.627177700348432 0.591796875 0.6341463414634146 0.603515625 0.6341463414634146 0.60546875 0.6376306620209059 0.609375 0.6376306620209059 0.607421875 0.6480836236933798 0.603515625 0.6480836236933798 0.6015625 0.6515679442508711 0.578125 0.6515679442508711 0.576171875 0.6550522648083623 0.552734375 0.6585365853658537 0.55078125 0.6550522648083623 0.533203125 0.6550522648083623 0.53125 0.6515679442508711 0.521484375 0.6515679442508711 0.51953125 0.6445993031358885 0.525390625 0.6341463414634146 0.53125 0.6341463414634146 0.533203125 0.6306620209059234
0 0.08203125 0.18466898954703834 0.083984375 0.18815331010452963 0.099609375 0.1916376306620209 0.1015625 0.20557491289198607 0.099609375 0.20209059233449478 0.09765625 0.20557491289198607 0.080078125 0.20557491289198607 0.078125 0.20905923344947736 0.0703125 0.20905923344947736 0.060546875 0.21951219512195122 0.056640625 0.21602787456445993 0.0390625 0.21602787456445993 0.037109375 0.21254355400696864 0.02734375 0.21254355400696864 0.0234375 0.20905923344947736 0.0234375 0.1986062717770035 0.02734375 0.1916376306620209 0.033203125 0.1916376306620209 0.03515625 0.18815331010452963 0.080078125 0.18466898954703834
0 0.15625 0.3797909407665505 0.17578125 0.3797909407665505 0.17578125 0.397212543554007 0.16796875 0.40418118466898956 0.154296875 0.40418118466898956 0.15234375 0.4076655052264808 0.14453125 0.4076655052264808 0.142578125 0.40069686411149824 0.1484375 0.3902439024390244 0.15625 0.3832752613240418
0 0.271484375 0.2264808362369338 0.271484375 0.23344947735191637 0.267578125 0.24041811846689895 0.267578125 0.2508710801393728 0.26953125 0.2578397212543554 0.265625 0.2578397212543554 0.2578125 0.26480836236933797 0.24609375 0.26480836236933797 0.244140625 0.2682926829268293 0.23828125 0.2682926829268293 0.23046875 0.27526132404181186 0.224609375 0.27526132404181186 0.22265625 0.2787456445993031 0.216796875 0.2787456445993031 0.21484375 0.28222996515679444 0.208984375 0.28222996515679444 0.19921875 0.289198606271777 0.189453125 0.289198606271777 0.185546875 0.2857142857142857 0.18359375 0.2787456445993031 0.189453125 0.2682926829268293 0.21875 0.24738675958188153 0.228515625 0.24738675958188153 0.2421875 0.23693379790940766 0.259765625 0.23693379790940766 0.265625 0.22996515679442509 0.26953125 0.22996515679442509
0 0.646484375 0.31010452961672474 0.6484375 0.313588850174216 0.6484375 0.3205574912891986 0.646484375 0.3240418118466899 0.642578125 0.3240418118466899 0.640625 0.32752613240418116 0.630859375 0.32752613240418116 0.615234375 0.34146341463414637 0.603515625 0.34146341463414637 0.6015625 0.34494773519163763 0.57421875 0.34494773519163763 0.56640625 0.33797909407665505 0.56640625 0.32752613240418116 0.576171875 0.3205574912891986 0.58203125 0.3205574912891986 0.583984375 0.3170731707317073 0.64453125 0.313588850174216
0 0.55078125 0.20209059233449478 0.55078125 0.21254355400696864 0.548828125 0.21602787456445993 0.544921875 0.21254355400696864 0.541015625 0.21602787456445993 0.541015625 0.23344947735191637 0.5390625 0.23693379790940766 0.53125 0.23693379790940766 0.529296875 0.24041811846689895 0.517578125 0.24041811846689895 0.513671875 0.23344947735191637 0.513671875 0.2229965156794425 0.53125 0.20557491289198607 0.548828125 0.20209059233449478
0 0.177734375 0.34843205574912894 0.18359375 0.34843205574912894 0.18359375 0.3623693379790941 0.1640625 0.3797909407665505 0.16015625 0.3797909407665505 0.15234375 0.3867595818815331 0.140625 0.3867595818815331 0.138671875 0.3902439024390244 0.1171875 0.3902439024390244 0.115234375 0.3867595818815331 0.115234375 0.3832752613240418 0.119140625 0.3832752613240418 0.123046875 0.37630662020905925 0.130859375 0.37282229965156793 0.13671875 0.36585365853658536 0.14453125 0.36585365853658536 0.154296875 0.3588850174216028 0.169921875 0.3588850174216028 0.177734375 0.3519163763066202
0 0.14453125 0.25435540069686413 0.146484375 0.25435540069686413 0.1484375 0.2613240418118467 0.146484375 0.27177700348432055 0.140625 0.27177700348432055 0.138671875 0.27526132404181186 0.134765625 0.27526132404181186 0.126953125 0.28222996515679444 0.12109375 0.28222996515679444 0.119140625 0.2857142857142857 0.10546875 0.2857142857142857 0.103515625 0.289198606271777 0.091796875 0.289198606271777 0.08984375 0.2926829268292683 0.07421875 0.2926829268292683 0.072265625 0.289198606271777 0.06640625 0.289198606271777 0.0625 0.2857142857142857 0.0625 0.28222996515679444 0.0703125 0.27526132404181186 0.08203125 0.27177700348432055 0.083984375 0.2682926829268293 0.08984375 0.2682926829268293 0.091796875 0.26480836236933797 0.109375 0.26480836236933797 0.111328125 0.2613240418118467 0.142578125 0.2613240418118467 0.14453125 0.2578397212543554
0 0.595703125 0.0313588850174216 0.595703125 0.059233449477351915 0.58984375 0.059233449477351915 0.580078125 0.06620209059233449 0.57421875 0.06620209059233449 0.572265625 0.0627177700348432 0.560546875 0.0627177700348432 0.5546875 0.05574912891986063 0.5546875 0.04878048780487805 0.564453125 0.03832752613240418 0.5703125 0.03832752613240418 0.572265625 0.03484320557491289 0.59375 0.0313588850174216
0 0.83203125 0.34146341463414637 0.830078125 0.34843205574912894 0.830078125 0.3693379790940767 0.787109375 0.3693379790940767 0.78515625 0.37282229965156793 0.76171875 0.37630662020905925 0.751953125 0.3693379790940767 0.740234375 0.3693379790940767 0.73046875 0.3588850174216028 0.73046875 0.3554006968641115 0.732421875 0.3554006968641115 0.73828125 0.34494773519163763 0.78515625 0.34494773519163763 0.787109375 0.34843205574912894 0.796875 0.34843205574912894 0.798828125 0.3519163763066202 0.80859375 0.3519163763066202 0.810546875 0.3554006968641115 0.828125 0.3519163763066202 0.83203125 0.34494773519163763
0 0.2734375 0.23344947735191637 0.29296875 0.23344947735191637 0.294921875 0.24041811846689895 0.3046875 0.24041811846689895 0.306640625 0.23344947735191637 0.306640625 0.23693379790940766 0.3125 0.24390243902439024 0.3125 0.2578397212543554 0.306640625 0.2578397212543554 0.3046875 0.2613240418118467 0.29296875 0.2613240418118467 0.291015625 0.26480836236933797 0.27734375 0.26480836236933797 0.265625 0.25435540069686413 0.26171875 0.25435540069686413 0.26171875 0.24738675958188153 0.265625 0.24738675958188153 0.2734375 0.23693379790940766
0 0.0625 0.3623693379790941 0.087890625 0.3623693379790941 0.08984375 0.3693379790940767 0.107421875 0.3693379790940767 0.107421875 0.3797909407665505 0.091796875 0.3832752613240418 0.08984375 0.3867595818815331 0.072265625 0.3867595818815331 0.0703125 0.3902439024390244 0.03125 0.3902439024390244 0.02734375 0.3867595818815331 0.02734375 0.3832752613240418 0.033203125 0.37630662020905925 0.046875 0.37282229965156793 0.048828125 0.3693379790940767 0.060546875 0.3693379790940767 0.0625 0.36585365853658536
0 0.955078125 0.37630662020905925 0.95703125 0.3797909407665505 0.9609375 0.3797909407665505 0.958984375 0.39372822299651566 0.955078125 0.39372822299651566 0.9453125 0.40418118466898956 0.93359375 0.4076655052264808 0.931640625 0.41114982578397213 0.91796875 0.41114982578397213 0.916015625 0.4146341463414634 0.8828125 0.4146341463414634 0.880859375 0.41114982578397213 0.875 0.41114982578397213 0.875 0.4076655052264808 0.88671875 0.397212543554007 0.908203125 0.39372822299651566 0.91015625 0.3902439024390244 0.947265625 0.3867595818815331 0.94921875 0.3797909407665505 0.953125 0.3797909407665505
0 0.58984375 0.3588850174216028 0.591796875 0.3623693379790941 0.60546875 0.3623693379790941 0.61328125 0.3693379790940767 0.611328125 0.37630662020905925 0.59375 0.37630662020905925 0.591796875 0.3797909407665505 0.56640625 0.37630662020905925 0.56640625 0.36585365853658536 0.57421875 0.3588850174216028 0.587890625 0.3588850174216028
0 0.314453125 0.27177700348432055 0.314453125 0.2857142857142857 0.31640625 0.289198606271777 0.314453125 0.2926829268292683 0.30078125 0.2857142857142857 0.30078125 0.28222996515679444 0.3125 0.27177700348432055
0 0.208984375 0.15331010452961671 0.212890625 0.14982578397212543 0.220703125 0.14982578397212543 0.22265625 0.14634146341463414 0.248046875 0.14634146341463414 0.25 0.14285714285714285 0.259765625 0.14285714285714285 0.259765625 0.15331010452961671 0.26171875 0.156794425087108 0.25390625 0.16376306620209058 0.248046875 0.16376306620209058 0.2421875 0.17073170731707318 0.21875 0.17073170731707318 0.216796875 0.1672473867595819 0.2109375 0.1672473867595819 0.20703125 0.16376306620209058 0.208984375 0.156794425087108
0 0.2578125 0.13937282229965156 0.26953125 0.13937282229965156 0.271484375 0.14634146341463414 0.283203125 0.14982578397212543 0.306640625 0.17421602787456447 0.3046875 0.18118466898954705 0.296875 0.18118466898954705 0.294921875 0.17770034843205576 0.279296875 0.17770034843205576 0.27734375 0.17421602787456447 0.2734375 0.17421602787456447 0.259765625 0.1602787456445993 0.2578125 0.14982578397212543 0.25390625 0.14634146341463414 0.2578125 0.14285714285714285
0 0.296875 0.31010452961672474 0.30078125 0.313588850174216 0.30078125 0.3205574912891986 0.298828125 0.3240418118466899 0.298828125 0.3310104529616725 0.294921875 0.3344947735191638 0.2890625 0.3344947735191638 0.28125 0.34146341463414637 0.271484375 0.34146341463414637 0.265625 0.3344947735191638 0.265625 0.3310104529616725 0.275390625 0.3205574912891986 0.28125 0.3205574912891986 0.283203125 0.3170731707317073 0.294921875 0.3170731707317073 0.296875 0.313588850174216
0 0.15625 0.27526132404181186 0.158203125 0.2787456445993031 0.162109375 0.2787456445993031 0.1640625 0.2857142857142857 0.1640625 0.2961672473867596 0.15234375 0.2961672473867596 0.14453125 0.30662020905923343 0.14453125 0.3205574912891986 0.140625 0.3240418118466899 0.13671875 0.3170731707317073 0.1328125 0.3170731707317073 0.130859375 0.313588850174216 0.1171875 0.3170731707317073 0.115234375 0.3205574912891986 0.107421875 0.3205574912891986 0.10546875 0.3240418118466899 0.0859375 0.3240418118466899 0.083984375 0.3205574912891986 0.078125 0.3205574912891986 0.072265625 0.313588850174216 0.083984375 0.29965156794425085 0.08984375 0.29965156794425085 0.09765625 0.2926829268292683 0.107421875 0.2926829268292683 0.115234375 0.2857142857142857 0.12890625 0.2857142857142857 0.130859375 0.28222996515679444 0.138671875 0.28222996515679444 0.140625 0.2787456445993031 0.154296875 0.2787456445993031
0 0.103515625 0.20557491289198607 0.103515625 0.21602787456445993 0.1015625 0.21951219512195122 0.095703125 0.2264808362369338 0.0859375 0.2264808362369338 0.083984375 0.22996515679442509 0.0703125 0.22996515679442509 0.05859375 0.21951219512195122 0.0703125 0.20905923344947736 0.078125 0.20905923344947736 0.080078125 0.20557491289198607 0.1015625 0.20557491289198607
0 0.240234375 0.2926829268292683 0.244140625 0.2926829268292683 0.24609375 0.29965156794425085 0.24609375 0.313588850174216 0.232421875 0.313588850174216 0.21875 0.3240418118466899 0.201171875 0.3240418118466899 0.19921875 0.32752613240418116 0.16015625 0.32752613240418116 0.158203125 0.3240418118466899 0.16796875 0.313588850174216 0.171875 0.313588850174216 0.177734375 0.30662020905923343 0.18359375 0.30662020905923343 0.185546875 0.30313588850174217 0.1953125 0.30313588850174217 0.197265625 0.29965156794425085 0.23828125 0.29965156794425085 0.240234375 0.2961672473867596
0 0.259765625 0.10452961672473868 0.265625 0.11149825783972125 0.26171875 0.12195121951219512 0.251953125 0.12195121951219512 0.25 0.1254355400696864 0.2421875 0.1254355400696864 0.240234375 0.1289198606271777 0.232421875 0.1289198606271777 0.23046875 0.13240418118466898 0.21875 0.13240418118466898 0.216796875 0.13588850174216027 0.203125 0.13588850174216027 0.201171875 0.13937282229965156 0.1875 0.13937282229965156 0.181640625 0.1289198606271777 0.1796875 0.1289198606271777 0.1796875 0.1254355400696864 0.185546875 0.11846689895470383 0.189453125 0.11846689895470383 0.197265625 0.11149825783972125 0.2109375 0.11149825783972125 0.212890625 0.10801393728222997 0.2265625 0.10801393728222997 0.228515625 0.10452961672473868 0.2578125 0.10452961672473868
0 0 0.289198606271777 0.015625 0.289198606271777 0.017578125 0.2961672473867596 0.025390625 0.2961672473867596 0.02734375 0.29965156794425085 0.02734375 0.30662020905923343 0.021484375 0.313588850174216 0.009765625 0.313588850174216 0.00390625 0.30662020905923343 0 0.30662020905923343 0 0.2926829268292683
0 0.18359375 0.5714285714285714 0.18359375 0.5853658536585366 0.173828125 0.5923344947735192 0.169921875 0.5923344947735192 0.166015625 0.5888501742160279 0.166015625 0.5853658536585366 0.16796875 0.5853658536585366 0.171875 0.5749128919860628 0.177734375 0.5749128919860628 0.181640625 0.5714285714285714
0 0.943359375 0.44947735191637633 0.9453125 0.4529616724738676 0.9453125 0.47038327526132406 0.9140625 0.4808362369337979 0.908203125 0.4878048780487805 0.904296875 0.4878048780487805 0.890625 0.49825783972125437 0.8359375 0.5017421602787456 0.833984375 0.49825783972125437 0.822265625 0.49825783972125437 0.822265625 0.49477351916376305 0.828125 0.4912891986062718 0.8359375 0.4808362369337979 0.84765625 0.47735191637630664 0.849609375 0.4738675958188153 0.85546875 0.4738675958188153 0.857421875 0.47038327526132406 0.8671875 0.47038327526132406 0.869140625 0.46689895470383275 0.876953125 0.46689895470383275 0.87890625 0.4634146341463415 0.900390625 0.4634146341463415 0.90234375 0.45993031358885017 0.9375 0.45993031358885017 0.939453125 0.4529616724738676 0.94140625 0.4529616724738676
0 0.5234375 0.11149825783972125 0.53125 0.11149825783972125 0.529296875 0.1289198606271777 0.5234375 0.1289198606271777 0.509765625 0.14285714285714285 0.494140625 0.14285714285714285 0.4921875 0.14634146341463414 0.45703125 0.14634146341463414 0.453125 0.14285714285714285 0.455078125 0.14285714285714285 0.4609375 0.13240418118466898 0.466796875 0.13240418118466898 0.4765625 0.1254355400696864 0.4921875 0.1289198606271777 0.501953125 0.11846689895470383 0.521484375 0.11846689895470383 0.5234375 0.11498257839721254
0 0.513671875 0.15331010452961671 0.513671875 0.17421602787456447 0.509765625 0.17770034843205576 0.51171875 0.18118466898954705 0.505859375 0.18118466898954705 0.50390625 0.18466898954703834 0.498046875 0.18466898954703834 0.49609375 0.18118466898954705 0.486328125 0.18118466898954705 0.484375 0.18466898954703834 0.482421875 0.18118466898954705 0.474609375 0.18118466898954705 0.47265625 0.18466898954703834 0.466796875 0.18466898954703834 0.458984375 0.17770034843205576 0.453125 0.17770034843205576 0.44921875 0.1672473867595819 0.4609375 0.156794425087108 0.478515625 0.15331010452961671 0.48046875 0.14982578397212543 0.51171875 0.15331010452961671
0 0.05859375 0.18466898954703834 0.080078125 0.18466898954703834 0.08203125 0.1916376306620209 0.08984375 0.1916376306620209 0.091796875 0.1951219512195122 0.099609375 0.1951219512195122 0.103515625 0.1986062717770035 0.103515625 0.21951219512195122 0.099609375 0.2229965156794425 0.091796875 0.2229965156794425 0.08984375 0.2264808362369338 0.064453125 0.2264808362369338 0.0625 0.2229965156794425 0.0546875 0.2229965156794425 0.052734375 0.21951219512195122 0.037109375 0.21951219512195122 0.03515625 0.21602787456445993 0.02734375 0.21602787456445993 0.0234375 0.20905923344947736 0.0234375 0.20209059233449478 0.02734375 0.1951219512195122 0.033203125 0.1951219512195122 0.03515625 0.1916376306620209 0.056640625 0.1916376306620209 0.05859375 0.18815331010452963
0 0.62890625 0.23344947735191637 0.630859375 0.25435540069686413 0.626953125 0.25435540069686413 0.625 0.2508710801393728 0.6171875 0.2578397212543554 0.607421875 0.2578397212543554 0.599609375 0.26480836236933797 0.587890625 0.26480836236933797 0.580078125 0.2578397212543554 0.580078125 0.2508710801393728 0.58203125 0.2508710801393728 0.587890625 0.23693379790940766 0.591796875 0.23693379790940766 0.59375 0.23344947735191637 0.626953125 0.23344947735191637
0 0.3203125 0.5470383275261324 0.330078125 0.554006968641115 0.328125 0.5853658536585366 0.326171875 0.5888501742160279 0.326171875 0.5993031358885017 0.328125 0.6027874564459931 0.328125 0.6515679442508711 0.326171875 0.6550522648083623 0.322265625 0.6585365853658537 0.3046875 0.6550522648083623 0.29296875 0.6689895470383276 0.287109375 0.6689895470383276 0.275390625 0.6794425087108014 0.26171875 0.6794425087108014 0.2578125 0.6689895470383276 0.25 0.6585365853658537 0.248046875 0.662020905923345 0.2421875 0.662020905923345 0.236328125 0.6689895470383276 0.232421875 0.6794425087108014 0.232421875 0.686411149825784 0.220703125 0.6968641114982579 0.216796875 0.6968641114982579 0.212890625 0.6898954703832753 0.212890625 0.6655052264808362 0.201171875 0.6480836236933798 0.201171875 0.6376306620209059 0.203125 0.6341463414634146 0.224609375 0.6341463414634146 0.2265625 0.6376306620209059 0.23828125 0.6376306620209059 0.240234375 0.6341463414634146 0.244140625 0.6341463414634146 0.251953125 0.627177700348432 0.259765625 0.6132404181184669 0.259765625 0.6062717770034843 0.265625 0.5958188153310104 0.28515625 0.5714285714285714 0.2890625 0.5714285714285714 0.302734375 0.5574912891986062 0.30859375 0.5574912891986062 0.3125 0.5470383275261324 0.318359375 0.5470383275261324
0 0.15625 0.3240418118466899 0.162109375 0.3310104529616725 0.181640625 0.3310104529616725 0.1796875 0.34146341463414637 0.169921875 0.34843205574912894 0.15234375 0.34843205574912894 0.150390625 0.3519163763066202 0.1328125 0.34843205574912894 0.130859375 0.34146341463414637 0.138671875 0.33797909407665505 0.14453125 0.3310104529616725 0.150390625 0.3310104529616725 0.154296875 0.32752613240418116
0 0.798828125 0.27177700348432055 0.828125 0.27177700348432055 0.830078125 0.2787456445993031 0.86328125 0.28222996515679444 0.873046875 0.289198606271777 0.884765625 0.289198606271777 0.888671875 0.2926829268292683 0.88671875 0.2961672473867596 0.849609375 0.2961672473867596 0.84765625 0.29965156794425085 0.837890625 0.29965156794425085 0.8359375 0.30313588850174217 0.822265625 0.30313588850174217 0.8203125 0.29965156794425085 0.806640625 0.29965156794425085 0.8046875 0.2961672473867596 0.7890625 0.2961672473867596 0.78515625 0.2926829268292683 0.783203125 0.289198606271777 0.783203125 0.28222996515679444 0.787109375 0.2787456445993031 0.796875 0.2787456445993031 0.798828125 0.27526132404181186