0 0.5546875 0.3541666666666667 0.556640625 0.3611111111111111 0.568359375 0.3645833333333333 0.568359375 0.3888888888888889 0.56640625 0.3888888888888889 0.56640625 0.3854166666666667 0.5546875 0.3680555555555556 0.5546875 0.3576388888888889
0 0.501953125 0.09375 0.50390625 0.09722222222222222 0.509765625 0.09722222222222222 0.515625 0.10416666666666667 0.515625 0.12152777777777778 0.51171875 0.125 0.50390625 0.12152777777777778 0.498046875 0.11458333333333333 0.49609375 0.1076388888888889 0.494140625 0.1076388888888889 0.494140625 0.09722222222222222 0.5 0.09375
0 0.55859375 0.4375 0.564453125 0.4444444444444444 0.564453125 0.4826388888888889 0.5546875 0.4826388888888889 0.5546875 0.4791666666666667 0.55078125 0.4756944444444444 0.55078125 0.4513888888888889 0.552734375 0.4513888888888889 0.5546875 0.4444444444444444 0.55859375 0.4409722222222222
0 0.48046875 0.1076388888888889 0.490234375 0.1076388888888889 0.494140625 0.1111111111111111 0.494140625 0.11805555555555555 0.486328125 0.11805555555555555 0.484375 0.12152777777777778 0.482421875 0.11805555555555555 0.4765625 0.11805555555555555 0.478515625 0.11805555555555555 0.48046875 0.1111111111111111
0 0.552734375 0.3715277777777778 0.552734375 0.3993055555555556 0.55078125 0.3923611111111111 0.546875 0.3923611111111111 0.544921875 0.3993055555555556 0.54296875 0.3993055555555556 0.541015625 0.40625 0.537109375 0.4097222222222222 0.537109375 0.4201388888888889 0.541015625 0.4236111111111111 0.53125 0.4236111111111111 0.5234375 0.4166666666666667 0.5234375 0.4027777777777778 0.52734375 0.3993055555555556 0.52734375 0.3888888888888889 0.53125 0.3854166666666667 0.53125 0.3784722222222222 0.544921875 0.3784722222222222 0.546875 0.375 0.55078125 0.375
0 0.49609375 0.5069444444444444 0.498046875 0.5138888888888888 0.50390625 0.5138888888888888 0.505859375 0.5173611111111112 0.509765625 0.5138888888888888 0.5234375 0.5138888888888888 0.525390625 0.5208333333333334 0.525390625 0.5451388888888888 0.517578125 0.5451388888888888 0.517578125 0.5416666666666666 0.513671875 0.5381944444444444 0.51171875 0.53125 0.498046875 0.53125 0.49609375 0.5243055555555556 0.49609375 0.5104166666666666
0 0.470703125 0.5659722222222222 0.474609375 0.5625 0.484375 0.5625 0.484375 0.5729166666666666 0.470703125 0.5729166666666666 0.470703125 0.5694444444444444
0 0.4921875 0.3923611111111111 0.51171875 0.3923611111111111 0.51171875 0.4097222222222222 0.494140625 0.4097222222222222 0.4921875 0.4131944444444444 0.48828125 0.4097222222222222 0.482421875 0.4097222222222222 0.486328125 0.3993055555555556 0.490234375 0.3993055555555556 0.4921875 0.3958333333333333
0 0.6015625 0.8159722222222222 0.607421875 0.8159722222222222 0.607421875 0.8541666666666666 0.58984375 0.8541666666666666 0.5859375 0.8506944444444444 0.5859375 0.8368055555555556 0.587890625 0.8368055555555556 0.58984375 0.8298611111111112 0.6015625 0.8194444444444444
0 0.388671875 0.09375 0.40234375 0.09375 0.40234375 0.10416666666666667 0.3984375 0.1076388888888889 0.384765625 0.10416666666666667 0.384765625 0.10069444444444445 0.388671875 0.09722222222222222
0 0.34375 0.4340277777777778 0.34765625 0.4340277777777778 0.349609375 0.4409722222222222 0.365234375 0.4409722222222222 0.3671875 0.4340277777777778 0.373046875 0.4340277777777778 0.373046875 0.4583333333333333 0.3671875 0.4583333333333333 0.365234375 0.4618055555555556 0.359375 0.4618055555555556 0.357421875 0.4583333333333333 0.33984375 0.4583333333333333 0.33984375 0.4444444444444444 0.341796875 0.4444444444444444 0.34375 0.4375
0 0.337890625 0.0625 0.345703125 0.06944444444444445 0.34765625 0.0798611111111111 0.326171875 0.0798611111111111 0.322265625 0.0763888888888889 0.322265625 0.06944444444444445 0.330078125 0.0625 0.3359375 0.0625
0 0.64453125 0.4201388888888889 0.64453125 0.4722222222222222 0.62890625 0.4652777777777778 0.623046875 0.4583333333333333 0.623046875 0.4444444444444444 0.625 0.4375 0.626953125 0.4375 0.630859375 0.4270833333333333 0.63671875 0.4201388888888889 0.642578125 0.4201388888888889
0 0.314453125 0.08680555555555555 0.322265625 0.08680555555555555 0.32421875 0.09375 0.33203125 0.09375 0.33203125 0.10416666666666667 0.322265625 0.10416666666666667 0.318359375 0.1076388888888889 0.31640625 0.10416666666666667 0.306640625 0.10416666666666667 0.306640625 0.10069444444444445 0.30859375 0.10069444444444445 0.310546875 0.09375 0.314453125 0.09027777777777778
0 0.5390625 0.6527777777777778 0.544921875 0.6527777777777778 0.55078125 0.6597222222222222 0.564453125 0.6597222222222222 0.56640625 0.6631944444444444 0.56640625 0.6770833333333334 0.568359375 0.6805555555555556 0.57421875 0.6805555555555556 0.578125 0.6909722222222222 0.603515625 0.6909722222222222 0.60546875 0.6944444444444444 0.6171875 0.6944444444444444 0.619140625 0.6979166666666666 0.634765625 0.6979166666666666 0.63671875 0.7013888888888888 0.642578125 0.7013888888888888 0.64453125 0.7083333333333334 0.64453125 0.8090277777777778 0.640625 0.8125 0.634765625 0.8125 0.630859375 0.8020833333333334 0.626953125 0.7986111111111112 0.626953125 0.7916666666666666 0.625 0.7881944444444444 0.625 0.7708333333333334 0.619140625 0.7604166666666666 0.6171875 0.7604166666666666 0.615234375 0.7534722222222222 0.603515625 0.7465277777777778 0.591796875 0.7291666666666666 0.568359375 0.7083333333333334 0.5625 0.7083333333333334 0.560546875 0.7118055555555556 0.55859375 0.7083333333333334 0.546875 0.7083333333333334 0.541015625 0.71875 0.533203125 0.7152777777777778 0.533203125 0.7083333333333334 0.537109375 0.7048611111111112 0.5390625 0.65625
0 0.529296875 0.0625 0.533203125 0.059027777777777776 0.54296875 0.059027777777777776 0.552734375 0.0763888888888889 0.556640625 0.0763888888888889 0.556640625 0.0798611111111111 0.564453125 0.09375 0.587890625 0.09375 0.58984375 0.09722222222222222 0.59375 0.09722222222222222 0.6015625 0.09027777777777778 0.6015625 0.10416666666666667 0.59375 0.11805555555555555 0.5703125 0.11805555555555555 0.568359375 0.12152777777777778 0.537109375 0.11805555555555555 0.53515625 0.1111111111111111 0.533203125 0.07291666666666667 0.529296875 0.06944444444444445 0.529296875 0.06597222222222222
0 0.41796875 0.06944444444444445 0.439453125 0.06944444444444445 0.439453125 0.0798611111111111 0.435546875 0.08333333333333333 0.41796875 0.0798611111111111 0.41796875 0.07291666666666667
0 0.515625 0.2847222222222222 0.515625 0.2986111111111111 0.517578125 0.3020833333333333 0.529296875 0.3020833333333333 0.533203125 0.3055555555555556 0.533203125 0.3333333333333333 0.509765625 0.3368055555555556 0.505859375 0.3298611111111111 0.501953125 0.3298611111111111 0.48828125 0.3194444444444444 0.4921875 0.3159722222222222 0.4921875 0.2951388888888889 0.49609375 0.3020833333333333 0.501953125 0.3055555555555556 0.50390625 0.3020833333333333 0.5078125 0.3020833333333333 0.509765625 0.2951388888888889 0.515625 0.2881944444444444
0 0.302734375 0.3993055555555556 0.306640625 0.3993055555555556 0.30859375 0.40625 0.31640625 0.40625 0.3203125 0.4097222222222222 0.3203125 0.4305555555555556 0.31640625 0.4340277777777778 0.314453125 0.4305555555555556 0.302734375 0.4305555555555556 0.302734375 0.4027777777777778
0 0.3984375 0.14583333333333334 0.400390625 0.14583333333333334 0.400390625 0.16319444444444445 0.38671875 0.16319444444444445 0.38671875 0.1597222222222222 0.392578125 0.1597222222222222 0.39453125 0.1527777777777778 0.3984375 0.14930555555555555
0 0.59375 0.3229166666666667 0.59765625 0.3229166666666667 0.599609375 0.3298611111111111 0.61328125 0.3333333333333333 0.61328125 0.3506944444444444 0.599609375 0.3541666666666667 0.59765625 0.3576388888888889 0.5859375 0.3576388888888889 0.583984375 0.3611111111111111 0.576171875 0.3611111111111111 0.57421875 0.3576388888888889 0.572265625 0.3611111111111111 0.564453125 0.3611111111111111 0.564453125 0.3541666666666667 0.568359375 0.3472222222222222 0.568359375 0.3402777777777778 0.576171875 0.3333333333333333 0.591796875 0.3298611111111111 0.59375 0.3263888888888889
0 0.326171875 0.020833333333333332 0.3359375 0.020833333333333332 0.3359375 0.03819444444444445 0.33203125 0.03819444444444445 0.330078125 0.041666666666666664 0.322265625 0.03819444444444445 0.322265625 0.027777777777777776 0.326171875 0.024305555555555556