0 0.720703125 0.3958333333333333 0.740234375 0.3958333333333333 0.7421875 0.3993055555555556 0.74609375 0.3993055555555556 0.751953125 0.4131944444444444 0.751953125 0.4305555555555556 0.748046875 0.4270833333333333 0.740234375 0.4305555555555556 0.73046875 0.4236111111111111 0.724609375 0.4131944444444444 0.72265625 0.4131944444444444 0.71875 0.40625 0.720703125 0.3993055555555556
0 0.24609375 0.5763888888888888 0.271484375 0.5972222222222222 0.27734375 0.6076388888888888 0.275390625 0.6284722222222222 0.263671875 0.6423611111111112 0.240234375 0.6458333333333334 0.2265625 0.65625 0.201171875 0.65625 0.19921875 0.6597222222222222 0.1796875 0.6597222222222222 0.17578125 0.65625 0.171875 0.6493055555555556 0.173828125 0.6458333333333334 0.171875 0.6145833333333334 0.181640625 0.6006944444444444 0.189453125 0.6006944444444444 0.19140625 0.5972222222222222 0.185546875 0.5902777777777778 0.193359375 0.5798611111111112 0.203125 0.5798611111111112 0.205078125 0.5763888888888888 0.21484375 0.5763888888888888 0.216796875 0.5729166666666666 0.23828125 0.5729166666666666 0.240234375 0.5763888888888888 0.244140625 0.5763888888888888
0 0.546875 0.19444444444444445 0.55078125 0.1909722222222222 0.556640625 0.1909722222222222 0.55859375 0.1875 0.587890625 0.1875 0.58984375 0.1840277777777778 0.59765625 0.1840277777777778 0.599609375 0.18055555555555555 0.60546875 0.1875 0.603515625 0.21180555555555555 0.546875 0.21180555555555555 0.544921875 0.20833333333333334 0.544921875 0.2013888888888889 0.546875 0.19791666666666666
0 0.6171875 0.4513888888888889 0.62890625 0.4409722222222222 0.646484375 0.4375 0.6484375 0.4340277777777778 0.66015625 0.4340277777777778 0.66796875 0.4270833333333333 0.67578125 0.4270833333333333 0.67578125 0.4340277777777778 0.673828125 0.4409722222222222 0.6640625 0.4548611111111111 0.6484375 0.4548611111111111 0.646484375 0.4513888888888889 0.638671875 0.4513888888888889 0.63671875 0.4548611111111111 0.62109375 0.4548611111111111 0.619140625 0.4513888888888889
0 0.587890625 0.6041666666666666 0.607421875 0.6215277777777778 0.611328125 0.6215277777777778 0.6171875 0.6319444444444444 0.626953125 0.6388888888888888 0.640625 0.6597222222222222 0.658203125 0.6736111111111112 0.6640625 0.6805555555555556 0.6640625 0.6840277777777778 0.66015625 0.6770833333333334 0.65625 0.6770833333333334 0.654296875 0.6736111111111112 0.640625 0.6736111111111112 0.630859375 0.6631944444444444 0.615234375 0.65625 0.5859375 0.6319444444444444 0.578125 0.6145833333333334 0.578125 0.6076388888888888 0.580078125 0.6041666666666666 0.5859375 0.6041666666666666
0 0.638671875 0.2569444444444444 0.642578125 0.2673611111111111 0.634765625 0.2673611111111111 0.6328125 0.2708333333333333 0.623046875 0.2708333333333333 0.623046875 0.2604166666666667 0.626953125 0.2569444444444444 0.63671875 0.2569444444444444
0 0.34375 0.4583333333333333 0.34765625 0.4548611111111111 0.365234375 0.4513888888888889 0.373046875 0.4444444444444444 0.37890625 0.4444444444444444 0.37890625 0.4618055555555556 0.375 0.4652777777777778 0.3671875 0.4652777777777778 0.365234375 0.46875 0.345703125 0.46875 0.34375 0.4618055555555556
0 0.9622395833333334 0.37175925925925923 0.0671875 0.04351851851851852
0 0.55859375 0.4201388888888889 0.560546875 0.4236111111111111 0.564453125 0.4236111111111111 0.564453125 0.4305555555555556 0.5625 0.4340277777777778 0.548828125 0.4375 0.546875 0.4409722222222222 0.537109375 0.4409722222222222 0.537109375 0.4236111111111111 0.5390625 0.4201388888888889 0.556640625 0.4201388888888889
0 0.14453125 0.3611111111111111 0.146484375 0.3645833333333333 0.166015625 0.3645833333333333 0.16796875 0.3680555555555556 0.185546875 0.3680555555555556 0.189453125 0.3645833333333333 0.193359375 0.3715277777777778 0.193359375 0.3784722222222222 0.19140625 0.3819444444444444 0.166015625 0.3819444444444444 0.1640625 0.3854166666666667 0.15234375 0.3854166666666667 0.150390625 0.3888888888888889 0.107421875 0.3888888888888889 0.09765625 0.3819444444444444 0.09765625 0.375 0.103515625 0.3680555555555556 0.142578125 0.3611111111111111
0 0.318359375 0.5868055555555556 0.3203125 0.5902777777777778 0.326171875 0.5902777777777778 0.341796875 0.6006944444444444 0.333984375 0.6180555555555556 0.330078125 0.6215277777777778 0.32421875 0.6215277777777778 0.322265625 0.625 0.3203125 0.6215277777777778 0.31640625 0.6215277777777778 0.306640625 0.6041666666666666 0.3046875 0.6041666666666666 0.3046875 0.5972222222222222 0.310546875 0.5868055555555556 0.31640625 0.5868055555555556
0 0.5783854166666667 0.16574074074074074 0.05364583333333333 0.03518518518518518
0 0.33567708333333335 0.3606481481481481 0.07552083333333333 0.045370370370370366
0 0.671875 0.40625 0.671875 0.3993055555555556 0.681640625 0.3888888888888889 0.71484375 0.3888888888888889 0.72265625 0.3958333333333333 0.716796875 0.4027777777777778 0.708984375 0.4027777777777778 0.70703125 0.40625 0.673828125 0.40625
0 0.21875 0.3819444444444444 0.220703125 0.3819444444444444 0.216796875 0.3923611111111111 0.201171875 0.3958333333333333 0.189453125 0.4097222222222222 0.177734375 0.4131944444444444 0.171875 0.4201388888888889 0.16015625 0.4236111111111111 0.158203125 0.4270833333333333 0.15234375 0.4270833333333333 0.150390625 0.4305555555555556 0.134765625 0.4305555555555556 0.1328125 0.4236111111111111 0.13671875 0.4166666666666667 0.15625 0.3993055555555556 0.162109375 0.3993055555555556 0.1640625 0.3958333333333333 0.169921875 0.3958333333333333 0.1796875 0.3888888888888889 0.1875 0.3888888888888889 0.189453125 0.3854166666666667 0.216796875 0.3819444444444444
0 0.2265625 0.34375 0.23046875 0.3472222222222222 0.232421875 0.3541666666666667 0.228515625 0.3611111111111111 0.20703125 0.3611111111111111 0.203125 0.3576388888888889 0.203125 0.3541666666666667 0.2109375 0.34375 0.224609375 0.34375
0 0.59765625 0.11805555555555555 0.599609375 0.125 0.599609375 0.1388888888888889 0.59375 0.14583333333333334 0.5703125 0.14583333333333334 0.5625 0.13541666666666666 0.564453125 0.1284722222222222 0.5703125 0.12152777777777778 0.576171875 0.12152777777777778 0.583984375 0.11458333333333333 0.59375 0.11458333333333333 0.595703125 0.11805555555555555
0 0.21875 0.3819444444444444 0.22265625 0.3819444444444444 0.23046875 0.3888888888888889 0.23046875 0.3923611111111111 0.236328125 0.3993055555555556 0.24609375 0.3993055555555556 0.248046875 0.4027777777777778 0.251953125 0.3993055555555556 0.26171875 0.3993055555555556 0.263671875 0.3958333333333333 0.267578125 0.3958333333333333 0.26953125 0.3993055555555556 0.26953125 0.4097222222222222 0.2578125 0.4097222222222222 0.255859375 0.4131944444444444 0.2421875 0.4166666666666667 0.236328125 0.4270833333333333 0.23828125 0.4305555555555556 0.23828125 0.4409722222222222 0.236328125 0.4444444444444444 0.224609375 0.4305555555555556 0.220703125 0.4305555555555556 0.21875 0.4340277777777778 0.19921875 0.4340277777777778 0.197265625 0.4375 0.193359375 0.4375 0.185546875 0.4305555555555556 0.185546875 0.4236111111111111 0.19140625 0.4166666666666667 0.1953125 0.4166666666666667 0.203125 0.4097222222222222 0.208984375 0.4097222222222222 0.216796875 0.4027777777777778 0.23046875 0.3993055555555556 0.232421875 0.3958333333333333 0.23046875 0.3923611111111111 0.220703125 0.3923611111111111 0.22265625 0.3888888888888889 0.220703125 0.3819444444444444
0 0.328125 0.3958333333333333 0.330078125 0.3993055555555556 0.328125 0.40625 0.32421875 0.40625 0.310546875 0.4166666666666667 0.296875 0.4166666666666667 0.29296875 0.4131944444444444 0.29296875 0.40625 0.296875 0.3993055555555556 0.30078125 0.3958333333333333 0.326171875 0.3958333333333333
0 0.3125 0.3402777777777778 0.314453125 0.3506944444444444 0.310546875 0.3576388888888889 0.3046875 0.3611111111111111 0.30078125 0.3680555555555556 0.29296875 0.3680555555555556 0.291015625 0.3715277777777778 0.26953125 0.3715277777777778 0.26953125 0.3645833333333333 0.2734375 0.3576388888888889 0.283203125 0.3541666666666667 0.294921875 0.34375 0.310546875 0.3402777777777778
0 0.267578125 0.3090277777777778 0.26953125 0.3125 0.267578125 0.3194444444444444 0.265625 0.3194444444444444 0.259765625 0.3298611111111111 0.244140625 0.3298611111111111 0.236328125 0.3368055555555556 0.216796875 0.3368055555555556 0.21484375 0.3402777777777778 0.201171875 0.3368055555555556 0.197265625 0.3298611111111111 0.193359375 0.3298611111111111 0.185546875 0.3229166666666667 0.185546875 0.3125 0.189453125 0.3090277777777778 0.193359375 0.3090277777777778 0.1953125 0.3055555555555556 0.265625 0.3090277777777778
0 0.2557291666666667 0.24537037037037038 0.07291666666666667 0.061111111111111116
0 0.18359375 0.4375 0.185546875 0.4409722222222222 0.19140625 0.4409722222222222 0.189453125 0.4479166666666667 0.1796875 0.4479166666666667 0.177734375 0.4513888888888889 0.169921875 0.4513888888888889 0.16796875 0.4548611111111111 0.16015625 0.4548611111111111 0.158203125 0.4583333333333333 0.150390625 0.4583333333333333 0.1484375 0.4618055555555556 0.134765625 0.4618055555555556 0.1328125 0.4652777777777778 0.12890625 0.4652777777777778 0.126953125 0.4618055555555556 0.115234375 0.4618055555555556 0.099609375 0.4722222222222222 0.095703125 0.4722222222222222 0.091796875 0.4652777777777778 0.091796875 0.4548611111111111 0.09375 0.4513888888888889 0.123046875 0.4479166666666667 0.125 0.4444444444444444 0.142578125 0.4409722222222222 0.14453125 0.4375 0.181640625 0.4375
0 0.814453125 0.4340277777777778 0.830078125 0.4444444444444444 0.84765625 0.4444444444444444 0.841796875 0.4548611111111111 0.826171875 0.4548611111111111 0.82421875 0.4583333333333333 0.810546875 0.4583333333333333 0.80078125 0.4479166666666667 0.798828125 0.4409722222222222 0.802734375 0.4340277777777778 0.8125 0.4340277777777778
0 0.998046875 0.4861111111111111 0.998046875 0.5138888888888888 0.982421875 0.5104166666666666 0.970703125 0.5 0.966796875 0.4930555555555556 0.966796875 0.4861111111111111 0.96875 0.4826388888888889 0.994140625 0.4826388888888889 0.99609375 0.4861111111111111
0 0.115234375 0.3020833333333333 0.119140625 0.3020833333333333 0.12109375 0.3055555555555556 0.130859375 0.3055555555555556 0.140625 0.3194444444444444 0.140625 0.3298611111111111 0.138671875 0.3333333333333333 0.130859375 0.3333333333333333 0.123046875 0.3263888888888889 0.115234375 0.3055555555555556
0 0.3359375 0.3506944444444444 0.337890625 0.3506944444444444 0.326171875 0.3680555555555556 0.326171875 0.375 0.32421875 0.3784722222222222 0.31640625 0.3784722222222222 0.314453125 0.3819444444444444 0.30078125 0.3819444444444444 0.298828125 0.3784722222222222 0.298828125 0.3715277777777778 0.3046875 0.3680555555555556 0.30859375 0.3611111111111111 0.314453125 0.3611111111111111 0.328125 0.3506944444444444 0.333984375 0.3506944444444444
0 0.572265625 0.375 0.572265625 0.3888888888888889 0.57421875 0.3923611111111111 0.57421875 0.3993055555555556 0.572265625 0.4027777777777778 0.568359375 0.40625 0.55078125 0.40625 0.548828125 0.4097222222222222 0.54296875 0.4097222222222222 0.54296875 0.3888888888888889 0.5625 0.3784722222222222 0.564453125 0.375 0.5703125 0.375
0 0.814453125 0.5104166666666666 0.81640625 0.5138888888888888 0.826171875 0.5138888888888888 0.828125 0.5173611111111112 0.849609375 0.5243055555555556 0.86328125 0.5381944444444444 0.87890625 0.5416666666666666 0.880859375 0.5451388888888888 0.876953125 0.5520833333333334 0.833984375 0.5486111111111112 0.83203125 0.5451388888888888 0.818359375 0.5451388888888888 0.810546875 0.5381944444444444 0.796875 0.5347222222222222 0.79296875 0.5277777777777778 0.787109375 0.5243055555555556 0.78515625 0.5173611111111112 0.787109375 0.5104166666666666 0.791015625 0.5104166666666666 0.79296875 0.5069444444444444 0.796875 0.5104166666666666 0.8125 0.5104166666666666
0 0.353515625 0.4027777777777778 0.361328125 0.4097222222222222 0.37890625 0.4131944444444444 0.37890625 0.4236111111111111 0.375 0.4236111111111111 0.373046875 0.4270833333333333 0.34765625 0.4270833333333333 0.345703125 0.4236111111111111 0.341796875 0.4236111111111111 0.337890625 0.4166666666666667 0.337890625 0.40625 0.341796875 0.4027777777777778 0.3515625 0.4027777777777778
0 0.181640625 0.2708333333333333 0.181640625 0.2638888888888889 0.1875 0.2534722222222222 0.203125 0.23958333333333334 0.20703125 0.23958333333333334 0.21484375 0.2326388888888889 0.220703125 0.2326388888888889 0.23046875 0.2222222222222222 0.248046875 0.2222222222222222 0.255859375 0.2152777777777778 0.2578125 0.2152777777777778 0.2578125 0.22569444444444445 0.25 0.22916666666666666 0.24609375 0.2361111111111111 0.232421875 0.2465277777777778 0.228515625 0.2534722222222222 0.224609375 0.2534722222222222 0.21875 0.2604166666666667 0.21484375 0.2604166666666667 0.20703125 0.2673611111111111 0.201171875 0.2673611111111111 0.19921875 0.2708333333333333 0.1875 0.2708333333333333 0.185546875 0.2743055555555556 0.18359375 0.2708333333333333
0 0.11145833333333333 0.3648148148148148 0.06666666666666667 0.03888888888888889
0 0.736328125 0.3576388888888889 0.736328125 0.3715277777777778 0.732421875 0.3784722222222222 0.7265625 0.3784722222222222 0.724609375 0.3819444444444444 0.693359375 0.3819444444444444 0.69140625 0.375 0.6953125 0.3680555555555556 0.69921875 0.3680555555555556 0.705078125 0.3611111111111111 0.7109375 0.3611111111111111 0.712890625 0.3576388888888889 0.720703125 0.3576388888888889 0.72265625 0.3541666666666667 0.732421875 0.3541666666666667 0.734375 0.3576388888888889
0 0.365234375 0.3402777777777778 0.373046875 0.3472222222222222 0.375 0.3611111111111111 0.37109375 0.3680555555555556 0.361328125 0.3680555555555556 0.359375 0.3715277777777778 0.3515625 0.3715277777777778 0.349609375 0.375 0.328125 0.375 0.328125 0.3680555555555556 0.33203125 0.3611111111111111 0.349609375 0.3541666666666667 0.357421875 0.34375 0.36328125 0.34375
0 0.052734375 0.2881944444444444 0.064453125 0.2777777777777778 0.076171875 0.2777777777777778 0.078125 0.2743055555555556 0.119140625 0.2743055555555556 0.12109375 0.2777777777777778 0.134765625 0.28125 0.134765625 0.2951388888888889 0.115234375 0.2951388888888889 0.11328125 0.2986111111111111 0.111328125 0.2951388888888889 0.107421875 0.2951388888888889 0.10546875 0.2986111111111111 0.0859375 0.2986111111111111 0.083984375 0.3020833333333333 0.060546875 0.3020833333333333 0.05859375 0.2986111111111111 0.052734375 0.2986111111111111 0.052734375 0.2916666666666667
0 0.6640625 0.2048611111111111 0.67578125 0.2152777777777778 0.677734375 0.21875 0.677734375 0.22569444444444445 0.67578125 0.22916666666666666 0.662109375 0.2326388888888889 0.646484375 0.24305555555555555 0.638671875 0.24305555555555555 0.6328125 0.2326388888888889 0.630859375 0.20833333333333334 0.63671875 0.19791666666666666 0.640625 0.19791666666666666 0.642578125 0.19444444444444445 0.65234375 0.19444444444444445 0.654296875 0.19791666666666666 0.658203125 0.19791666666666666 0.662109375 0.2048611111111111