0 0.412109375 0.4076655052264808 0.4140625 0.41114982578397213 0.4140625 0.4250871080139373 0.408203125 0.43205574912891986 0.3984375 0.43205574912891986 0.396484375 0.4355400696864111 0.376953125 0.4355400696864111 0.375 0.43205574912891986 0.365234375 0.43205574912891986 0.36328125 0.42857142857142855 0.35546875 0.42857142857142855 0.349609375 0.42160278745644597 0.345703125 0.42160278745644597 0.345703125 0.4181184668989547 0.361328125 0.4181184668989547 0.384765625 0.40069686411149824 0.40234375 0.40069686411149824 0.41015625 0.4076655052264808
0 0.580078125 0.8432055749128919 0.580078125 0.867595818815331 0.578125 0.8745644599303136 0.57421875 0.8780487804878049 0.57421875 0.8815331010452961 0.55859375 0.8815331010452961 0.55859375 0.8710801393728222 0.5625 0.8710801393728222 0.564453125 0.867595818815331 0.564453125 0.8536585365853658 0.56640625 0.8536585365853658 0.568359375 0.8466898954703833 0.572265625 0.8432055749128919 0.578125 0.8432055749128919
0 0.646484375 0.28222996515679444 0.6484375 0.2857142857142857 0.6484375 0.313588850174216 0.646484375 0.3170731707317073 0.642578125 0.3205574912891986 0.626953125 0.3205574912891986 0.625 0.3170731707317073 0.62109375 0.3170731707317073 0.61328125 0.32752613240418116 0.611328125 0.32752613240418116 0.609375 0.3205574912891986 0.60546875 0.3205574912891986 0.599609375 0.313588850174216 0.611328125 0.313588850174216 0.61328125 0.31010452961672474 0.6171875 0.31010452961672474 0.62109375 0.2961672473867596 0.626953125 0.289198606271777 0.630859375 0.289198606271777 0.634765625 0.28222996515679444 0.64453125 0.28222996515679444
0 0.34765625 0.662020905923345 0.369140625 0.662020905923345 0.369140625 0.6724738675958188 0.365234375 0.6724738675958188 0.36328125 0.6759581881533101 0.353515625 0.6759581881533101 0.3515625 0.6724738675958188 0.34765625 0.6724738675958188 0.34765625 0.6655052264808362
0 0.55859375 0.07665505226480836 0.578125 0.07665505226480836 0.580078125 0.08362369337979095 0.5859375 0.08362369337979095 0.59375 0.09059233449477352 0.58984375 0.10104529616724739 0.578125 0.10104529616724739 0.5703125 0.09407665505226481 0.5625 0.09407665505226481 0.55859375 0.09059233449477352 0.556640625 0.08362369337979095 0.55859375 0.08013937282229965
0 0.56640625 0.5331010452961672 0.5703125 0.5331010452961672 0.572265625 0.5400696864111498 0.5859375 0.5400696864111498 0.5859375 0.5609756097560976 0.58203125 0.5644599303135889 0.56640625 0.5679442508710801 0.564453125 0.5714285714285714 0.5625 0.5679442508710801 0.552734375 0.5644599303135889 0.552734375 0.5435540069686411 0.5546875 0.5400696864111498 0.564453125 0.5400696864111498 0.56640625 0.5365853658536586
0 0.6015625 0.6376306620209059 0.60546875 0.6376306620209059 0.607421875 0.6445993031358885 0.6171875 0.6515679442508711 0.62109375 0.6515679442508711 0.623046875 0.6480836236933798 0.625 0.6515679442508711 0.6328125 0.6515679442508711 0.630859375 0.6585365853658537 0.6328125 0.6655052264808362 0.638671875 0.6655052264808362 0.642578125 0.6585365853658537 0.638671875 0.6689895470383276 0.638671875 0.6759581881533101 0.64453125 0.6829268292682927 0.64453125 0.686411149825784 0.6328125 0.6968641114982579 0.607421875 0.6968641114982579 0.603515625 0.7038327526132404 0.59765625 0.7038327526132404 0.59375 0.6968641114982579 0.595703125 0.6898954703832753 0.595703125 0.6550522648083623 0.59765625 0.6515679442508711 0.59765625 0.6445993031358885 0.6015625 0.6411149825783972
0 0.671875 0.8118466898954704 0.671875 0.8501742160278746 0.666015625 0.8501742160278746 0.6640625 0.8536585365853658 0.654296875 0.8466898954703833 0.654296875 0.8432055749128919 0.650390625 0.8397212543554007 0.650390625 0.8292682926829268 0.65234375 0.8292682926829268 0.654296875 0.8222996515679443 0.669921875 0.8118466898954704
0 0.501953125 0.07665505226480836 0.50390625 0.07665505226480836 0.505859375 0.08362369337979095 0.509765625 0.08362369337979095 0.5078125 0.09059233449477352 0.5 0.09407665505226481 0.494140625 0.08710801393728224 0.501953125 0.08013937282229965
0 0.701171875 0.39372822299651566 0.701171875 0.43902439024390244 0.6953125 0.4425087108013937 0.697265625 0.43902439024390244 0.6953125 0.4355400696864111 0.6875 0.4355400696864111 0.6796875 0.42857142857142855 0.6796875 0.42160278745644597 0.681640625 0.42160278745644597 0.68359375 0.4146341463414634 0.685546875 0.4146341463414634 0.6875 0.4076655052264808 0.693359375 0.40069686411149824 0.693359375 0.397212543554007 0.69921875 0.397212543554007
0 0.5 0.5296167247386759 0.517578125 0.5296167247386759 0.517578125 0.5400696864111498 0.513671875 0.5435540069686411 0.5 0.5400696864111498 0.5 0.5331010452961672
0 0.541015625 0.27177700348432055 0.552734375 0.27177700348432055 0.552734375 0.28222996515679444 0.54296875 0.289198606271777 0.537109375 0.28222996515679444 0.537109375 0.2787456445993031 0.541015625 0.27526132404181186
0 0.638671875 0.9337979094076655 0.640625 0.9372822299651568 0.64453125 0.9372822299651568 0.646484375 0.9442508710801394 0.658203125 0.9581881533101045 0.66015625 0.9651567944250871 0.6640625 0.9686411149825784 0.66796875 0.9790940766550522 0.669921875 0.9790940766550522 0.671875 0.9895470383275261 0.673828125 0.9930313588850174 0.677734375 0.9930313588850174 0.677734375 0.9965156794425087 0.638671875 0.9965156794425087 0.63671875 0.9930313588850174 0.6328125 0.9930313588850174 0.630859375 0.9895470383275261 0.630859375 0.9825783972125436 0.625 0.9721254355400697 0.62109375 0.9721254355400697 0.6171875 0.9651567944250871 0.6171875 0.9581881533101045 0.62109375 0.9477351916376306 0.62890625 0.9442508710801394 0.630859375 0.9372822299651568 0.63671875 0.9372822299651568
0 0.361328125 0.024390243902439025 0.38671875 0.020905923344947737 0.38671875 0.03484320557491289 0.3828125 0.03484320557491289 0.380859375 0.03832752613240418 0.361328125 0.027874564459930314
0 0.505859375 0.0975609756097561 0.517578125 0.0975609756097561 0.517578125 0.10801393728222997 0.513671875 0.10801393728222997 0.51171875 0.11149825783972125 0.5 0.10801393728222997 0.5 0.10452961672473868 0.50390625 0.10452961672473868 0.505859375 0.10104529616724739
0 0.67578125 0.686411149825784 0.701171875 0.686411149825784 0.701171875 0.8013937282229965 0.697265625 0.8048780487804879 0.6953125 0.8013937282229965 0.689453125 0.8013937282229965 0.6875 0.7909407665505227 0.68359375 0.7874564459930313 0.681640625 0.7804878048780488 0.6796875 0.7804878048780488 0.6796875 0.7491289198606271 0.68359375 0.7456445993031359 0.68359375 0.7073170731707317 0.67578125 0.7003484320557491 0.67578125 0.6898954703832753
0 0.51171875 0.4146341463414634 0.525390625 0.4146341463414634 0.525390625 0.4181184668989547 0.521484375 0.4181184668989547 0.51953125 0.42160278745644597 0.51171875 0.42160278745644597 0.51171875 0.4181184668989547
0 0.505859375 0.47735191637630664 0.509765625 0.4738675958188153 0.515625 0.4738675958188153 0.521484375 0.4808362369337979 0.521484375 0.4878048780487805 0.517578125 0.4878048780487805 0.515625 0.4912891986062718 0.5 0.4878048780487805 0.5 0.4843205574912892 0.50390625 0.4843205574912892 0.505859375 0.4808362369337979
0 0.68359375 0.4843205574912892 0.6875 0.4843205574912892 0.693359375 0.47735191637630664 0.701171875 0.4738675958188153 0.701171875 0.4912891986062718 0.697265625 0.49477351916376305 0.68359375 0.4912891986062718 0.68359375 0.4878048780487805
0 0.591796875 0.0313588850174216 0.59765625 0.0313588850174216 0.603515625 0.041811846689895474 0.607421875 0.041811846689895474 0.609375 0.04529616724738676 0.66796875 0.04529616724738676 0.669921875 0.04878048780487805 0.677734375 0.04878048780487805 0.681640625 0.04529616724738676 0.6875 0.0313588850174216 0.6875 0.04878048780487805 0.685546875 0.05226480836236934 0.677734375 0.059233449477351915 0.66015625 0.059233449477351915 0.65625 0.06620209059233449 0.65234375 0.08362369337979095 0.642578125 0.08362369337979095 0.634765625 0.09059233449477352 0.62109375 0.09059233449477352 0.615234375 0.08362369337979095 0.609375 0.08362369337979095 0.60546875 0.08013937282229965 0.599609375 0.04529616724738676 0.591796875 0.03832752613240418 0.591796875 0.03484320557491289
0 0.513671875 0.041811846689895474 0.52734375 0.041811846689895474 0.52734375 0.05226480836236934 0.5234375 0.05574912891986063 0.509765625 0.05226480836236934 0.509765625 0.04878048780487805 0.513671875 0.04529616724738676
0 0.546875 0.40418118466898956 0.55078125 0.40418118466898956 0.552734375 0.41114982578397213 0.55859375 0.41114982578397213 0.560546875 0.4181184668989547 0.564453125 0.4181184668989547 0.564453125 0.42857142857142855 0.5625 0.42857142857142855 0.560546875 0.4355400696864111 0.548828125 0.43205574912891986 0.546875 0.42857142857142855 0.537109375 0.42857142857142855 0.53515625 0.4250871080139373 0.537109375 0.4146341463414634 0.546875 0.4076655052264808
0 0.365234375 0.4634146341463415 0.37890625 0.4738675958188153 0.3828125 0.47038327526132406 0.3828125 0.4808362369337979 0.373046875 0.4808362369337979 0.365234375 0.4878048780487805 0.353515625 0.4878048780487805 0.3515625 0.4843205574912892 0.345703125 0.4843205574912892 0.345703125 0.46689895470383275 0.349609375 0.4634146341463415 0.36328125 0.4634146341463415
0 0.349609375 0.4181184668989547 0.357421875 0.4181184668989547 0.357421875 0.42160278745644597 0.361328125 0.4250871080139373 0.361328125 0.4425087108013937 0.357421875 0.4425087108013937 0.3515625 0.44947735191637633 0.349609375 0.4425087108013937 0.349609375 0.42160278745644597
0 0.412109375 0.4250871080139373 0.416015625 0.4250871080139373 0.41796875 0.43205574912891986 0.431640625 0.4355400696864111 0.431640625 0.4425087108013937 0.4296875 0.445993031358885 0.40625 0.445993031358885 0.404296875 0.4425087108013937 0.400390625 0.4425087108013937 0.3984375 0.4355400696864111 0.41015625 0.43205574912891986 0.412109375 0.42857142857142855
0 0.51171875 0.3519163763066202 0.525390625 0.3519163763066202 0.525390625 0.3554006968641115 0.529296875 0.3588850174216028 0.529296875 0.37630662020905925 0.51953125 0.3797909407665505 0.5078125 0.3693379790940767 0.5078125 0.3588850174216028 0.51171875 0.3554006968641115
0 0.396484375 0.14634146341463414 0.400390625 0.14634146341463414 0.3984375 0.156794425087108 0.39453125 0.156794425087108 0.396484375 0.14982578397212543
0 0.546875 0.07665505226480836 0.546875 0.08362369337979095 0.54296875 0.09059233449477352 0.5390625 0.09059233449477352 0.53125 0.08362369337979095 0.53125 0.08013937282229965 0.544921875 0.07665505226480836
0 0.369140625 0.2926829268292683 0.384765625 0.3170731707317073 0.40234375 0.3205574912891986 0.40234375 0.3344947735191638 0.390625 0.3344947735191638 0.388671875 0.33797909407665505 0.3515625 0.33797909407665505 0.349609375 0.3344947735191638 0.345703125 0.3344947735191638 0.345703125 0.31010452961672474 0.35546875 0.30313588850174217 0.361328125 0.2926829268292683 0.3671875 0.2926829268292683
0 0.44921875 0.6794425087108014 0.451171875 0.6829268292682927 0.46484375 0.6829268292682927 0.46484375 0.7073170731707317 0.447265625 0.7073170731707317 0.4453125 0.710801393728223 0.427734375 0.7073170731707317 0.427734375 0.7003484320557491 0.4375 0.6898954703832753 0.439453125 0.6829268292682927 0.447265625 0.6794425087108014
0 0.701171875 0.2508710801393728 0.701171875 0.30662020905923343 0.6953125 0.31010452961672474 0.69140625 0.3170731707317073 0.6875 0.3170731707317073 0.6875 0.31010452961672474 0.685546875 0.30662020905923343 0.677734375 0.30662020905923343 0.671875 0.313588850174216 0.671875 0.3240418118466899 0.66796875 0.3170731707317073 0.6640625 0.3170731707317073 0.6640625 0.30313588850174217 0.66015625 0.29965156794425085 0.66015625 0.2926829268292683 0.669921875 0.2926829268292683 0.681640625 0.2682926829268293 0.69140625 0.26480836236933797 0.6953125 0.2578397212543554 0.69921875 0.2578397212543554 0.701171875 0.25435540069686413