0 0.62890625 0.519163763066202 0.642578125 0.5226480836236934 0.642578125 0.5296167247386759 0.640625 0.5331010452961672 0.642578125 0.5365853658536586 0.642578125 0.5923344947735192 0.638671875 0.5923344947735192 0.63671875 0.5958188153310104 0.634765625 0.5958188153310104 0.634765625 0.5888501742160279 0.630859375 0.5853658536585366 0.630859375 0.5470383275261324 0.62890625 0.5435540069686411 0.630859375 0.5400696864111498 0.630859375 0.5296167247386759 0.62890625 0.5226480836236934
0 0.5703125 0.7038327526132404 0.572265625 0.7038327526132404 0.572265625 0.7212543554006968 0.568359375 0.7212543554006968 0.56640625 0.7142857142857143 0.568359375 0.7142857142857143 0.5703125 0.7073170731707317
0 0.4609375 0.6724738675958188 0.462890625 0.6759581881533101 0.466796875 0.6759581881533101 0.466796875 0.6794425087108014 0.474609375 0.6898954703832753 0.474609375 0.7177700348432056 0.47265625 0.7212543554006968 0.474609375 0.7177700348432056 0.470703125 0.7142857142857143 0.458984375 0.6898954703832753 0.45703125 0.6898954703832753 0.45703125 0.686411149825784 0.4609375 0.6829268292682927 0.4609375 0.6759581881533101
0 0.517578125 0.041811846689895474 0.517578125 0.05226480836236934 0.515625 0.05574912891986063 0.515625 0.06620209059233449 0.517578125 0.06968641114982578 0.517578125 0.09059233449477352 0.51171875 0.10801393728222997 0.49609375 0.1254355400696864 0.48828125 0.1254355400696864 0.484375 0.11149825783972125 0.484375 0.10452961672473868 0.486328125 0.10104529616724739 0.484375 0.08013937282229965 0.486328125 0.08362369337979095 0.490234375 0.08362369337979095 0.505859375 0.059233449477351915 0.501953125 0.04529616724738676 0.515625 0.04529616724738676
0 0.61328125 0.7317073170731707 0.619140625 0.7317073170731707 0.619140625 0.759581881533101 0.6171875 0.7665505226480837 0.607421875 0.7665505226480837 0.603515625 0.7630662020905923 0.60546875 0.7560975609756098 0.609375 0.7526132404181185 0.6015625 0.7456445993031359 0.609375 0.7421602787456446 0.61328125 0.735191637630662
0 0.419921875 0 0.43359375 0 0.43359375 0.03484320557491289 0.431640625 0.03484320557491289 0.4296875 0.041811846689895474 0.423828125 0.03484320557491289 0.423828125 0.003484320557491289 0.421875 0
0 0.646484375 0.9477351916376306 0.65234375 0.9547038327526133 0.65234375 0.9790940766550522 0.6484375 0.9825783972125436 0.642578125 0.975609756097561 0.642578125 0.9547038327526133 0.646484375 0.9512195121951219
0 0.330078125 0.9860627177700348 0.330078125 0.9965156794425087 0.32421875 0.9965156794425087 0.32421875 0.9895470383275261 0.328125 0.9895470383275261
0 0.6675141242937853 0.14916829071438417 0.009814177259887005 0.02217366483592197
0 0.583984375 0.1916376306620209 0.587890625 0.1916376306620209 0.591796875 0.1986062717770035 0.60546875 0.20557491289198607 0.60546875 0.20905923344947736 0.61328125 0.2229965156794425 0.61328125 0.3310104529616725 0.611328125 0.32752613240418116 0.6015625 0.32752613240418116 0.599609375 0.3310104529616725 0.59765625 0.32752613240418116 0.609375 0.31010452961672474 0.609375 0.30313588850174217 0.607421875 0.2961672473867596 0.59765625 0.28222996515679444 0.595703125 0.27526132404181186 0.595703125 0.26480836236933797 0.591796875 0.2613240418118467 0.587890625 0.2508710801393728 0.583984375 0.2508710801393728 0.5859375 0.24390243902439024 0.5859375 0.22996515679442509 0.583984375 0.2264808362369338 0.583984375 0.21951219512195122 0.580078125 0.21602787456445993 0.580078125 0.1986062717770035 0.583984375 0.1951219512195122
0 0.44921875 0.3623693379790941 0.458984375 0.3623693379790941 0.458984375 0.3832752613240418 0.45703125 0.3832752613240418 0.455078125 0.3797909407665505 0.455078125 0.37282229965156793 0.453125 0.3693379790940767 0.44921875 0.3693379790940767 0.44921875 0.36585365853658536
0 0.46484375 0.6724738675958188 0.474609375 0.6724738675958188 0.474609375 0.6933797909407665 0.47265625 0.6968641114982579 0.47265625 0.6933797909407665 0.46875 0.6898954703832753 0.466796875 0.6829268292682927 0.46484375 0.6829268292682927 0.46484375 0.6759581881533101
0 0.46875 0.2682926829268293 0.46875 0.30313588850174217 0.46484375 0.30662020905923343 0.466796875 0.29965156794425085 0.466796875 0.27526132404181186 0.46875 0.27177700348432055
0 0.6171875 0.5226480836236934 0.626953125 0.5226480836236934 0.626953125 0.5365853658536586 0.62890625 0.5400696864111498 0.62890625 0.5818815331010453 0.6171875 0.5853658536585366 0.615234375 0.5818815331010453 0.615234375 0.554006968641115 0.6171875 0.5505226480836237 0.6171875 0.5400696864111498 0.62109375 0.5365853658536586 0.6171875 0.5261324041811847
0 0.478515625 0.2787456445993031 0.482421875 0.2787456445993031 0.482421875 0.30313588850174217 0.48046875 0.30662020905923343 0.478515625 0.29965156794425085 0.478515625 0.28222996515679444
0 0.498046875 0.6167247386759582 0.505859375 0.6167247386759582 0.505859375 0.627177700348432 0.51171875 0.6341463414634146 0.51171875 0.6585365853658537 0.509765625 0.6585365853658537 0.51171875 0.6515679442508711 0.5078125 0.6480836236933798 0.5078125 0.6411149825783972 0.50390625 0.6376306620209059 0.5 0.627177700348432 0.498046875 0.627177700348432 0.498046875 0.6202090592334495
0 0.634765625 0.013937282229965157 0.638671875 0.010452961672473868 0.64453125 0.010452961672473868 0.64453125 0.07317073170731707 0.640625 0.07665505226480836 0.638671875 0.07665505226480836 0.638671875 0.04878048780487805 0.634765625 0.04529616724738676 0.634765625 0.017421602787456445
0 0.470703125 0.34146341463414637 0.474609375 0.34146341463414637 0.4765625 0.3554006968641115 0.48046875 0.3588850174216028 0.48046875 0.37630662020905925 0.478515625 0.3797909407665505 0.4765625 0.3693379790940767 0.470703125 0.3623693379790941 0.470703125 0.34494773519163763
0 0.654296875 0.5818815331010453 0.662109375 0.5853658536585366 0.662109375 0.6515679442508711 0.654296875 0.6480836236933798 0.65234375 0.6411149825783972 0.65234375 0.6341463414634146 0.654296875 0.6306620209059234 0.654296875 0.5853658536585366
0 0.490234375 0.3519163763066202 0.49609375 0.3519163763066202 0.49609375 0.3623693379790941 0.5 0.36585365853658536 0.5 0.3902439024390244 0.498046875 0.3832752613240418 0.494140625 0.3797909407665505 0.4921875 0.37282229965156793 0.490234375 0.37282229965156793 0.490234375 0.3554006968641115
0 0.4921875 0.6306620209059234 0.4921875 0.6411149825783972 0.5 0.6480836236933798 0.501953125 0.6550522648083623 0.501953125 0.6829268292682927 0.494140625 0.6794425087108014 0.494140625 0.6724738675958188 0.4921875 0.6689895470383276 0.4921875 0.6445993031358885 0.484375 0.6376306620209059 0.484375 0.6341463414634146 0.490234375 0.6341463414634146
0 0.4921875 0.6829268292682927 0.498046875 0.6829268292682927 0.498046875 0.686411149825784 0.501953125 0.6898954703832753 0.501953125 0.7247386759581882 0.5 0.7247386759581882 0.498046875 0.710801393728223 0.494140625 0.7073170731707317 0.4921875 0.686411149825784
0 0.658203125 0.5226480836236934 0.66796875 0.5226480836236934 0.66796875 0.5644599303135889 0.666015625 0.5644599303135889 0.6640625 0.5574912891986062 0.6640625 0.5435540069686411 0.66015625 0.5400696864111498 0.658203125 0.5261324041811847
0 0.626953125 0.5853658536585366 0.630859375 0.5853658536585366 0.6328125 0.5923344947735192 0.6328125 0.6411149825783972 0.630859375 0.6480836236933798 0.623046875 0.6550522648083623 0.611328125 0.6515679442508711 0.611328125 0.627177700348432 0.615234375 0.6236933797909407 0.6171875 0.5993031358885017 0.626953125 0.5888501742160279
0 0.486328125 0.2787456445993031 0.49609375 0.2787456445993031 0.49609375 0.30662020905923343 0.4921875 0.30662020905923343 0.4921875 0.29965156794425085 0.490234375 0.2961672473867596 0.486328125 0.2961672473867596 0.486328125 0.28222996515679444
0 0.494140625 0.29965156794425085 0.50390625 0.29965156794425085 0.50390625 0.3310104529616725 0.501953125 0.33797909407665505 0.5 0.33797909407665505 0.5 0.3170731707317073 0.498046875 0.313588850174216 0.494140625 0.313588850174216 0.494140625 0.30313588850174217
0 0.44140625 0.3170731707317073 0.451171875 0.3170731707317073 0.451171875 0.3240418118466899 0.455078125 0.32752613240418116 0.455078125 0.3519163763066202 0.453125 0.3519163763066202 0.453125 0.34146341463414637 0.44921875 0.33797909407665505 0.44921875 0.3344947735191638 0.4453125 0.3310104529616725 0.44140625 0.3205574912891986
0 0.52734375 0.30313588850174217 0.537109375 0.30313588850174217 0.537109375 0.34843205574912894 0.533203125 0.3554006968641115 0.52734375 0.34843205574912894 0.52734375 0.30662020905923343
0 0.556640625 0.6794425087108014 0.560546875 0.6794425087108014 0.560546875 0.6968641114982579 0.556640625 0.7003484320557491 0.5546875 0.6933797909407665 0.55078125 0.6933797909407665 0.55078125 0.6898954703832753 0.5546875 0.6898954703832753 0.556640625 0.6829268292682927
0 0.49609375 0.4076655052264808 0.501953125 0.4076655052264808 0.501953125 0.4250871080139373 0.50390625 0.42857142857142855 0.50390625 0.4355400696864111 0.5 0.43902439024390244 0.50390625 0.4355400696864111 0.50390625 0.42857142857142855 0.5 0.4250871080139373 0.5 0.4181184668989547 0.49609375 0.4146341463414634 0.49609375 0.41114982578397213