0 0.578125 0.30313588850174217 0.58203125 0.30313588850174217 0.583984375 0.31010452961672474 0.587890625 0.31010452961672474 0.587890625 0.34843205574912894 0.5859375 0.34843205574912894 0.583984375 0.34494773519163763 0.583984375 0.3344947735191638 0.580078125 0.3310104529616725 0.578125 0.3205574912891986 0.57421875 0.3170731707317073 0.57421875 0.31010452961672474 0.578125 0.30662020905923343
0 0.412109375 0.6655052264808362 0.435546875 0.6655052264808362 0.4375 0.6724738675958188 0.443359375 0.6724738675958188 0.4453125 0.6759581881533101 0.443359375 0.6829268292682927 0.439453125 0.6829268292682927 0.43359375 0.6898954703832753 0.423828125 0.6898954703832753 0.421875 0.6933797909407665 0.41015625 0.6933797909407665 0.408203125 0.6968641114982579 0.404296875 0.6968641114982579 0.400390625 0.6933797909407665 0.404296875 0.686411149825784 0.40625 0.6759581881533101 0.412109375 0.6689895470383276
0 0.548828125 0.6376306620209059 0.55859375 0.6480836236933798 0.572265625 0.6480836236933798 0.5703125 0.662020905923345 0.572265625 0.6655052264808362 0.576171875 0.6655052264808362 0.578125 0.662020905923345 0.580078125 0.6829268292682927 0.572265625 0.6933797909407665 0.552734375 0.6933797909407665 0.544921875 0.7038327526132404 0.541015625 0.7038327526132404 0.5390625 0.7003484320557491 0.5390625 0.6933797909407665 0.541015625 0.6898954703832753 0.541015625 0.6724738675958188 0.54296875 0.6689895470383276 0.54296875 0.6411149825783972 0.546875 0.6376306620209059
0 0.498046875 0.06968641114982578 0.509765625 0.06968641114982578 0.515625 0.07665505226480836 0.515625 0.08362369337979095 0.517578125 0.08710801393728224 0.515625 0.09407665505226481 0.509765625 0.09407665505226481 0.505859375 0.09059233449477352 0.501953125 0.08013937282229965 0.498046875 0.07665505226480836 0.498046875 0.07317073170731707
0 0.462890625 0.5400696864111498 0.470703125 0.5400696864111498 0.474609375 0.5505226480836237 0.47265625 0.554006968641115 0.46875 0.554006968641115 0.466796875 0.5505226480836237 0.462890625 0.5505226480836237 0.462890625 0.5435540069686411
0 0.478515625 0.3832752613240418 0.494140625 0.3832752613240418 0.494140625 0.39372822299651566 0.486328125 0.39372822299651566 0.484375 0.397212543554007 0.478515625 0.397212543554007 0.4765625 0.39372822299651566 0.478515625 0.3867595818815331
0 0.6018306636155606 0.8322821900987888 0.019924556636155607 0.04184373978424322
0 0.42578125 0.554006968641115 0.43359375 0.5470383275261324 0.435546875 0.5470383275261324 0.4375 0.554006968641115 0.435546875 0.5609756097560976 0.42578125 0.5609756097560976 0.42578125 0.5574912891986062
0 0.40625 0.12195121951219512 0.41015625 0.11149825783972125 0.416015625 0.11149825783972125 0.41796875 0.11846689895470383 0.4140625 0.1254355400696864 0.408203125 0.12195121951219512
0 0.37109375 0.42160278745644597 0.373046875 0.42160278745644597 0.373046875 0.43902439024390244 0.369140625 0.445993031358885 0.36328125 0.43902439024390244 0.36328125 0.43205574912891986 0.37109375 0.4250871080139373
0 0.47265625 0.4564459930313589 0.486328125 0.44947735191637633 0.486328125 0.45993031358885017 0.478515625 0.4634146341463415 0.474609375 0.4738675958188153 0.47265625 0.4738675958188153 0.47265625 0.45993031358885017
0 0.3125 0.017421602787456445 0.314453125 0.017421602787456445 0.31640625 0.027874564459930314 0.3203125 0.03484320557491289 0.3203125 0.03832752613240418 0.3125 0.03832752613240418 0.30859375 0.03484320557491289 0.30859375 0.024390243902439025 0.3125 0.020905923344947737
0 0.416015625 0.0627177700348432 0.423828125 0.0627177700348432 0.423828125 0.07665505226480836 0.41015625 0.07317073170731707 0.41015625 0.06968641114982578 0.4140625 0.06968641114982578 0.416015625 0.06620209059233449
0 0.3046875 0.40418118466898956 0.306640625 0.4076655052264808 0.31640625 0.41114982578397213 0.322265625 0.4181184668989547 0.322265625 0.42857142857142855 0.32421875 0.43205574912891986 0.322265625 0.4355400696864111 0.31640625 0.4355400696864111 0.318359375 0.43205574912891986 0.31640625 0.4250871080139373 0.3125 0.42160278745644597 0.3125 0.4181184668989547 0.306640625 0.41114982578397213 0.306640625 0.4076655052264808
0 0.501953125 0.4912891986062718 0.50390625 0.4912891986062718 0.505859375 0.49825783972125437 0.5234375 0.5121951219512195 0.5234375 0.5400696864111498 0.51953125 0.5400696864111498 0.521484375 0.5331010452961672 0.517578125 0.5296167247386759 0.513671875 0.519163763066202 0.509765625 0.519163763066202 0.5078125 0.5156794425087108 0.505859375 0.5052264808362369 0.501953125 0.5017421602787456 0.501953125 0.49477351916376305
0 0.64453125 0.39372822299651566 0.64453125 0.445993031358885 0.640625 0.445993031358885 0.634765625 0.43902439024390244 0.62890625 0.43902439024390244 0.62890625 0.4355400696864111 0.625 0.43205574912891986 0.625 0.4250871080139373 0.626953125 0.4250871080139373 0.638671875 0.40069686411149824 0.642578125 0.40069686411149824 0.64453125 0.397212543554007
0 0.31640625 0.12195121951219512 0.322265625 0.12195121951219512 0.322265625 0.1289198606271777 0.32421875 0.13240418118466898 0.32421875 0.13937282229965156 0.3203125 0.13937282229965156 0.31640625 0.13240418118466898 0.3125 0.13240418118466898 0.3125 0.1289198606271777 0.31640625 0.1254355400696864
0 0.544921875 0.6376306620209059 0.548828125 0.6376306620209059 0.548828125 0.6411149825783972 0.556640625 0.6515679442508711 0.5703125 0.6515679442508711 0.568359375 0.6655052264808362 0.5703125 0.6689895470383276 0.57421875 0.6689895470383276 0.576171875 0.6655052264808362 0.576171875 0.6759581881533101 0.58203125 0.6829268292682927 0.609375 0.6829268292682927 0.611328125 0.686411149825784 0.619140625 0.686411149825784 0.62109375 0.6898954703832753 0.638671875 0.6898954703832753 0.640625 0.6933797909407665 0.64453125 0.6933797909407665 0.64453125 0.8048780487804879 0.642578125 0.8083623693379791 0.638671875 0.8083623693379791 0.630859375 0.7979094076655052 0.630859375 0.7909407665505227 0.626953125 0.7804878048780488 0.626953125 0.7560975609756098 0.623046875 0.7491289198606271 0.611328125 0.7421602787456446 0.60546875 0.7317073170731707 0.59375 0.7177700348432056 0.58984375 0.7177700348432056 0.5859375 0.710801393728223 0.580078125 0.7073170731707317 0.57421875 0.6968641114982579 0.552734375 0.6968641114982579 0.548828125 0.7038327526132404 0.541015625 0.7073170731707317 0.5390625 0.7038327526132404 0.5390625 0.6968641114982579 0.541015625 0.6933797909407665 0.54296875 0.6445993031358885 0.544921875 0.6411149825783972
0 0.44140625 0.03832752613240418 0.44140625 0.04529616724738676 0.439453125 0.04878048780487805 0.435546875 0.04878048780487805 0.4296875 0.041811846689895474 0.43359375 0.03832752613240418 0.439453125 0.03832752613240418
0 0.318359375 0.1672473867595819 0.322265625 0.1672473867595819 0.32421875 0.17073170731707318 0.32421875 0.17770034843205576 0.322265625 0.18118466898954705 0.30859375 0.18118466898954705 0.30859375 0.17770034843205576 0.3125 0.17770034843205576 0.318359375 0.17073170731707318
0 0.302734375 0 0.3125 0 0.3125 0.006968641114982578 0.3046875 0.006968641114982578 0.302734375 0.003484320557491289
0 0.5251716247139588 0.3199515224965914 0.013059568077803204 0.013267527248662484
0 0.470703125 0.06968641114982578 0.47265625 0.07665505226480836 0.47265625 0.08710801393728224 0.46875 0.08710801393728224 0.470703125 0.07317073170731707
0 0.53515625 0.3902439024390244 0.537109375 0.3902439024390244 0.5390625 0.42857142857142855 0.537109375 0.4355400696864111 0.53125 0.4355400696864111 0.53125 0.43205574912891986 0.52734375 0.42857142857142855 0.52734375 0.4250871080139373 0.53125 0.42160278745644597 0.52734375 0.41114982578397213 0.53125 0.4076655052264808 0.53125 0.40069686411149824 0.533203125 0.40069686411149824 0.53515625 0.39372822299651566
0 0.541015625 0.05226480836236934 0.5390625 0.0627177700348432 0.53515625 0.06620209059233449 0.53125 0.0627177700348432 0.533203125 0.05574912891986063 0.5390625 0.05574912891986063
0 0.541015625 0.013937282229965157 0.546875 0.013937282229965157 0.546875 0.020905923344947737 0.55078125 0.03484320557491289 0.55859375 0.04878048780487805 0.5625 0.05226480836236934 0.568359375 0.05226480836236934 0.5703125 0.05574912891986063 0.599609375 0.05574912891986063 0.603515625 0.04878048780487805 0.60546875 0.0313588850174216 0.607421875 0.03484320557491289 0.60546875 0.041811846689895474 0.60546875 0.059233449477351915 0.6015625 0.06968641114982578 0.591796875 0.08362369337979095 0.587890625 0.08710801393728224 0.576171875 0.08710801393728224 0.57421875 0.09059233449477352 0.55078125 0.09059233449477352 0.548828125 0.08710801393728224 0.544921875 0.08710801393728224 0.544921875 0.08362369337979095 0.541015625 0.08013937282229965 0.541015625 0.017421602787456445