0 0.20364583333333333 0.4356481481481482 0.0375 0.030555555555555558
0 0.16015625 0.5729166666666666 0.166015625 0.5729166666666666 0.16796875 0.5694444444444444 0.181640625 0.5694444444444444 0.181640625 0.5729166666666666 0.1875 0.5833333333333334 0.189453125 0.5833333333333334 0.189453125 0.59375 0.181640625 0.59375 0.173828125 0.6076388888888888 0.166015625 0.6076388888888888 0.16015625 0.5902777777777778 0.16015625 0.5763888888888888
0 0.759765625 0.3263888888888889 0.779296875 0.3263888888888889 0.78125 0.3298611111111111 0.81640625 0.3298611111111111 0.818359375 0.3333333333333333 0.828125 0.3333333333333333 0.830078125 0.3368055555555556 0.83984375 0.3368055555555556 0.841796875 0.3402777777777778 0.853515625 0.3402777777777778 0.861328125 0.3472222222222222 0.859375 0.3506944444444444 0.8125 0.3506944444444444 0.810546875 0.3541666666666667 0.76953125 0.3506944444444444 0.759765625 0.3402777777777778 0.759765625 0.3298611111111111
0 0.607421875 0.2534722222222222 0.609375 0.2569444444444444 0.623046875 0.2604166666666667 0.6328125 0.2708333333333333 0.640625 0.2708333333333333 0.64453125 0.2743055555555556 0.640625 0.28125 0.634765625 0.28125 0.6328125 0.2777777777777778 0.60546875 0.2777777777777778 0.603515625 0.2743055555555556 0.587890625 0.2708333333333333 0.580078125 0.2604166666666667 0.580078125 0.2534722222222222 0.58203125 0.25 0.599609375 0.25 0.6015625 0.2534722222222222 0.60546875 0.2534722222222222
0 0.69921875 0.4027777777777778 0.701171875 0.40625 0.716796875 0.4131944444444444 0.71875 0.4201388888888889 0.71484375 0.4236111111111111 0.677734375 0.4236111111111111 0.67578125 0.4201388888888889 0.66796875 0.4201388888888889 0.66015625 0.4131944444444444 0.658203125 0.40625 0.666015625 0.3993055555555556 0.697265625 0.4027777777777778
0 0.564453125 0.6493055555555556 0.56640625 0.6527777777777778 0.591796875 0.6527777777777778 0.6015625 0.6597222222222222 0.61328125 0.6597222222222222 0.615234375 0.6631944444444444 0.615234375 0.6701388888888888 0.611328125 0.6736111111111112 0.587890625 0.6736111111111112 0.5859375 0.6770833333333334 0.544921875 0.6770833333333334 0.53515625 0.6701388888888888 0.53125 0.6597222222222222 0.537109375 0.6527777777777778 0.5625 0.6493055555555556
0 0.58984375 0.1076388888888889 0.591796875 0.1111111111111111 0.595703125 0.1111111111111111 0.59765625 0.11805555555555555 0.595703125 0.125 0.595703125 0.13541666666666666 0.5859375 0.13541666666666666 0.583984375 0.1388888888888889 0.568359375 0.1388888888888889 0.560546875 0.13194444444444445 0.560546875 0.125 0.5703125 0.11458333333333333 0.587890625 0.1076388888888889
0 0.33489583333333334 0.33888888888888885 0.020833333333333332 0.025925925925925925
0 0.283203125 0.2013888888888889 0.296875 0.2013888888888889 0.298828125 0.2048611111111111 0.30859375 0.20833333333333334 0.32421875 0.2222222222222222 0.328125 0.22916666666666666 0.33203125 0.22916666666666666 0.3359375 0.2361111111111111 0.3359375 0.24305555555555555 0.33203125 0.24305555555555555 0.326171875 0.2361111111111111 0.310546875 0.2326388888888889 0.30859375 0.22916666666666666 0.30078125 0.22916666666666666 0.298828125 0.22569444444444445 0.294921875 0.22569444444444445 0.2890625 0.2152777777777778 0.287109375 0.2152777777777778 0.283203125 0.2048611111111111
0 0.71484375 0.375 0.744140625 0.375 0.74609375 0.3784722222222222 0.75390625 0.3784722222222222 0.759765625 0.3854166666666667 0.759765625 0.3888888888888889 0.720703125 0.3888888888888889 0.716796875 0.3854166666666667 0.71484375 0.3784722222222222
0 0.591796875 0.4097222222222222 0.599609375 0.4166666666666667 0.607421875 0.4166666666666667 0.611328125 0.4201388888888889 0.611328125 0.4236111111111111 0.609375 0.4270833333333333 0.591796875 0.4270833333333333 0.58984375 0.4305555555555556 0.580078125 0.4305555555555556 0.576171875 0.4236111111111111 0.580078125 0.4131944444444444 0.5859375 0.4131944444444444 0.58984375 0.4097222222222222
0 0.216796875 0.3333333333333333 0.232421875 0.3194444444444444 0.2421875 0.3159722222222222 0.251953125 0.3055555555555556 0.2578125 0.3055555555555556 0.259765625 0.3020833333333333 0.267578125 0.3020833333333333 0.26953125 0.2986111111111111 0.287109375 0.2986111111111111 0.2890625 0.2951388888888889 0.294921875 0.2951388888888889 0.296875 0.2986111111111111 0.296875 0.3090277777777778 0.2890625 0.3159722222222222 0.26171875 0.3298611111111111 0.251953125 0.3402777777777778 0.24609375 0.3402777777777778 0.236328125 0.3472222222222222 0.21875 0.3472222222222222 0.21484375 0.3402777777777778 0.216796875 0.3368055555555556
0 0.216796875 0.40625 0.21875 0.4097222222222222 0.21875 0.4166666666666667 0.205078125 0.4201388888888889 0.185546875 0.4375 0.173828125 0.4375 0.171875 0.4409722222222222 0.162109375 0.4409722222222222 0.15625 0.4340277777777778 0.15625 0.4305555555555556 0.16796875 0.4201388888888889 0.171875 0.4201388888888889 0.1796875 0.4131944444444444 0.19140625 0.4131944444444444 0.193359375 0.4097222222222222 0.20703125 0.4097222222222222 0.208984375 0.40625 0.21484375 0.40625
0 0.548828125 0.2708333333333333 0.55078125 0.2743055555555556 0.55078125 0.2916666666666667 0.54296875 0.2916666666666667 0.541015625 0.2951388888888889 0.529296875 0.2951388888888889 0.52734375 0.2847222222222222 0.53515625 0.2743055555555556 0.546875 0.2708333333333333
0 0.177734375 0.3194444444444444 0.1796875 0.3263888888888889 0.16796875 0.3368055555555556 0.1640625 0.3368055555555556 0.15625 0.34375 0.1484375 0.34375 0.146484375 0.3472222222222222 0.134765625 0.3472222222222222 0.1328125 0.3506944444444444 0.1171875 0.3506944444444444 0.109375 0.34375 0.109375 0.3368055555555556 0.11328125 0.3333333333333333 0.126953125 0.3298611111111111 0.12890625 0.3263888888888889 0.138671875 0.3263888888888889 0.140625 0.3229166666666667 0.150390625 0.3229166666666667 0.15234375 0.3194444444444444 0.162109375 0.3194444444444444 0.1640625 0.3229166666666667 0.171875 0.3229166666666667 0.17578125 0.3194444444444444
0 0.75 0.3888888888888889 0.751953125 0.3923611111111111 0.763671875 0.3923611111111111 0.765625 0.3958333333333333 0.775390625 0.3958333333333333 0.77734375 0.3993055555555556 0.798828125 0.3993055555555556 0.80078125 0.4027777777777778 0.796875 0.4131944444444444 0.77734375 0.4131944444444444 0.775390625 0.4166666666666667 0.765625 0.4166666666666667 0.763671875 0.4201388888888889 0.740234375 0.4201388888888889 0.73828125 0.4166666666666667 0.724609375 0.4131944444444444 0.71875 0.40625 0.71875 0.3993055555555556 0.7265625 0.3888888888888889 0.748046875 0.3888888888888889
0 0.32421875 0.3645833333333333 0.326171875 0.3680555555555556 0.326171875 0.375 0.322265625 0.3819444444444444 0.310546875 0.3923611111111111 0.298828125 0.3923611111111111 0.296875 0.3888888888888889 0.296875 0.3819444444444444 0.302734375 0.3715277777777778 0.306640625 0.3715277777777778 0.30859375 0.3680555555555556 0.322265625 0.3680555555555556
0 0.33984375 0.2986111111111111 0.341796875 0.3020833333333333 0.341796875 0.3125 0.33984375 0.3159722222222222 0.333984375 0.3159722222222222 0.32421875 0.3229166666666667 0.3046875 0.3229166666666667 0.30078125 0.3194444444444444 0.298828125 0.3125 0.302734375 0.3055555555555556 0.306640625 0.3055555555555556 0.30859375 0.3020833333333333 0.337890625 0.2986111111111111
0 0.130859375 0.4166666666666667 0.1328125 0.4201388888888889 0.14453125 0.4201388888888889 0.146484375 0.4236111111111111 0.15234375 0.4236111111111111 0.15234375 0.4270833333333333 0.142578125 0.4340277777777778 0.130859375 0.4340277777777778 0.12109375 0.4409722222222222 0.083984375 0.4409722222222222 0.080078125 0.4375 0.080078125 0.4270833333333333 0.083984375 0.4236111111111111 0.08984375 0.4236111111111111 0.091796875 0.4201388888888889 0.09765625 0.4201388888888889 0.099609375 0.4166666666666667 0.12890625 0.4166666666666667
0 0.845703125 0.4409722222222222 0.849609375 0.4375 0.85546875 0.4375 0.857421875 0.4340277777777778 0.90234375 0.4340277777777778 0.904296875 0.4375 0.927734375 0.4375 0.927734375 0.4479166666666667 0.9140625 0.4479166666666667 0.912109375 0.4513888888888889 0.888671875 0.4548611111111111 0.88671875 0.4583333333333333 0.8671875 0.4583333333333333 0.865234375 0.4548611111111111 0.85546875 0.4548611111111111 0.845703125 0.4479166666666667 0.845703125 0.4444444444444444
0 0.197265625 0.6111111111111112 0.205078125 0.6076388888888888 0.2109375 0.6006944444444444 0.220703125 0.6006944444444444 0.220703125 0.6145833333333334 0.2109375 0.6284722222222222 0.20703125 0.6284722222222222 0.205078125 0.6319444444444444 0.1953125 0.6319444444444444 0.1953125 0.6180555555555556 0.197265625 0.6145833333333334
0 0.99609375 0.4236111111111111 0.998046875 0.4270833333333333 0.998046875 0.4548611111111111 0.984375 0.4479166666666667 0.978515625 0.4375 0.9765625 0.4375 0.97265625 0.4270833333333333 0.978515625 0.4201388888888889 0.98828125 0.4201388888888889 0.990234375 0.4236111111111111 0.994140625 0.4236111111111111
0 0.287109375 0.2152777777777778 0.29296875 0.2222222222222222 0.291015625 0.22569444444444445 0.28515625 0.22569444444444445 0.26953125 0.2361111111111111 0.25 0.2361111111111111 0.248046875 0.2326388888888889 0.2421875 0.2326388888888889 0.240234375 0.22916666666666666 0.2421875 0.2222222222222222 0.24609375 0.21875 0.25390625 0.21875 0.255859375 0.2152777777777778 0.28515625 0.2152777777777778
0 0.578125 0.375 0.58203125 0.3715277777777778 0.60546875 0.3715277777777778 0.607421875 0.3680555555555556 0.640625 0.3680555555555556 0.64453125 0.375 0.642578125 0.3784722222222222 0.623046875 0.3819444444444444 0.61328125 0.3923611111111111 0.59765625 0.3923611111111111 0.595703125 0.3958333333333333 0.58203125 0.3958333333333333 0.578125 0.3923611111111111 0.576171875 0.3888888888888889 0.576171875 0.3819444444444444 0.578125 0.3784722222222222
0 0.927734375 0.4756944444444444 0.935546875 0.4756944444444444 0.939453125 0.4826388888888889 0.943359375 0.5069444444444444 0.9296875 0.5069444444444444 0.927734375 0.5104166666666666 0.923828125 0.5104166666666666 0.921875 0.5069444444444444 0.919921875 0.5138888888888888 0.8984375 0.5173611111111112 0.890625 0.5243055555555556 0.884765625 0.5243055555555556 0.873046875 0.5347222222222222 0.84375 0.5381944444444444 0.841796875 0.5416666666666666 0.83984375 0.5381944444444444 0.82421875 0.5381944444444444 0.822265625 0.5347222222222222 0.8125 0.5347222222222222 0.80859375 0.53125 0.8203125 0.5138888888888888 0.826171875 0.5138888888888888 0.828125 0.5104166666666666 0.84375 0.5104166666666666 0.845703125 0.5069444444444444 0.892578125 0.5069444444444444 0.89453125 0.5034722222222222 0.90625 0.5 0.9140625 0.4895833333333333 0.927734375 0.4791666666666667
0 0.16171875 0.3560185185185185 0.08489583333333334 0.05092592592592592
0 0.275390625 0.3472222222222222 0.279296875 0.3645833333333333 0.263671875 0.3645833333333333 0.25 0.375 0.236328125 0.3784722222222222 0.234375 0.3819444444444444 0.1953125 0.3819444444444444 0.1953125 0.3715277777777778 0.205078125 0.3680555555555556 0.216796875 0.3576388888888889 0.24609375 0.3541666666666667 0.248046875 0.3506944444444444 0.255859375 0.3506944444444444 0.259765625 0.3541666666666667 0.26171875 0.3506944444444444 0.26953125 0.3506944444444444 0.2734375 0.3472222222222222
0 0.2890625 0.17708333333333334 0.291015625 0.18055555555555555 0.291015625 0.1875 0.27734375 0.1909722222222222 0.26171875 0.2013888888888889 0.2421875 0.2048611111111111 0.240234375 0.20833333333333334 0.22265625 0.20833333333333334 0.21875 0.2048611111111111 0.216796875 0.2013888888888889 0.21875 0.19444444444444445 0.2265625 0.1875 0.2421875 0.1840277777777778 0.244140625 0.18055555555555555 0.259765625 0.18055555555555555 0.26171875 0.17708333333333334 0.287109375 0.17708333333333334
0 0.052734375 0.3506944444444444 0.056640625 0.3506944444444444 0.05859375 0.3472222222222222 0.072265625 0.3472222222222222 0.078125 0.3541666666666667 0.078125 0.3645833333333333 0.076171875 0.3680555555555556 0.060546875 0.3680555555555556 0.052734375 0.3541666666666667
0 0.80859375 0.53125 0.814453125 0.5208333333333334 0.828125 0.5104166666666666 0.845703125 0.5104166666666666 0.84765625 0.5069444444444444 0.89453125 0.5069444444444444 0.91015625 0.4965277777777778 0.9140625 0.5 0.9140625 0.5069444444444444 0.916015625 0.5104166666666666 0.9140625 0.5138888888888888 0.8984375 0.5173611111111112 0.896484375 0.5208333333333334 0.884765625 0.5243055555555556 0.87890625 0.53125 0.873046875 0.53125 0.87109375 0.5347222222222222 0.859375 0.5347222222222222 0.857421875 0.5381944444444444 0.826171875 0.5381944444444444 0.82421875 0.5347222222222222 0.8125 0.5347222222222222 0.810546875 0.53125
0 0.130859375 0.2569444444444444 0.140625 0.2638888888888889 0.1484375 0.2638888888888889 0.1484375 0.2743055555555556 0.142578125 0.28125 0.138671875 0.28125 0.1328125 0.2881944444444444 0.126953125 0.2881944444444444 0.125 0.2916666666666667 0.11328125 0.2916666666666667 0.111328125 0.2881944444444444 0.10546875 0.2881944444444444 0.099609375 0.28125 0.083984375 0.28125 0.08203125 0.2777777777777778 0.076171875 0.2777777777777778 0.072265625 0.2673611111111111 0.080078125 0.2569444444444444 0.12890625 0.2569444444444444
0 0.5973958333333333 0.3101851851851852 0.027083333333333334 0.04814814814814815
0 0.251953125 0.7152777777777778 0.251953125 0.7048611111111112 0.2578125 0.6875 0.2578125 0.6805555555555556 0.24609375 0.6631944444444444 0.24609375 0.65625 0.248046875 0.6527777777777778 0.28125 0.6527777777777778 0.2890625 0.6423611111111112 0.294921875 0.6215277777777778 0.314453125 0.5972222222222222 0.322265625 0.5902777777777778 0.326171875 0.5902777777777778 0.330078125 0.5833333333333334 0.333984375 0.5833333333333334 0.3359375 0.5798611111111112 0.345703125 0.5798611111111112 0.34765625 0.5763888888888888 0.36328125 0.5763888888888888 0.35546875 0.5868055555555556 0.349609375 0.6111111111111112 0.349609375 0.6284722222222222 0.3515625 0.6319444444444444 0.353515625 0.6493055555555556 0.34765625 0.6770833333333334 0.33203125 0.6736111111111112 0.322265625 0.6840277777777778 0.30078125 0.6840277777777778 0.291015625 0.6770833333333334 0.28125 0.6770833333333334 0.2734375 0.6875 0.26953125 0.7048611111111112 0.267578125 0.7048611111111112 0.26171875 0.7152777777777778 0.25390625 0.7152777777777778
0 0.216796875 0.3854166666666667 0.216796875 0.3923611111111111 0.21484375 0.3958333333333333 0.20703125 0.3958333333333333 0.205078125 0.3993055555555556 0.177734375 0.3993055555555556 0.177734375 0.3923611111111111 0.19140625 0.3819444444444444 0.1953125 0.3854166666666667 0.21484375 0.3854166666666667
0 0.388671875 0.5173611111111112 0.390625 0.5208333333333334 0.39453125 0.5208333333333334 0.3984375 0.5277777777777778 0.3984375 0.5347222222222222 0.39453125 0.5381944444444444 0.37890625 0.5416666666666666 0.376953125 0.5451388888888888 0.361328125 0.5451388888888888 0.359375 0.5416666666666666 0.359375 0.5347222222222222 0.3671875 0.5277777777777778 0.375 0.5138888888888888 0.384765625 0.5138888888888888 0.38671875 0.5173611111111112