0 0.8671875 0.1284722222222222 0.869140625 0.13541666666666666 0.86328125 0.1388888888888889 0.857421875 0.14930555555555555 0.845703125 0.14930555555555555 0.845703125 0.1423611111111111 0.853515625 0.13194444444444445 0.865234375 0.1284722222222222
0 0.8921875 0.31666666666666665 0.009375000000000001 0.011111111111111112
0 0.818359375 0.3472222222222222 0.8203125 0.3506944444444444 0.845703125 0.3506944444444444 0.84765625 0.3541666666666667 0.8515625 0.3541666666666667 0.853515625 0.3576388888888889 0.853515625 0.3645833333333333 0.8515625 0.3680555555555556 0.826171875 0.3680555555555556 0.82421875 0.3645833333333333 0.814453125 0.3645833333333333 0.8125 0.3611111111111111 0.806640625 0.3611111111111111 0.8046875 0.3541666666666667 0.80859375 0.3506944444444444 0.81640625 0.3506944444444444
0 0.9921875 0.2152777777777778 0.998046875 0.2152777777777778 0.998046875 0.24305555555555555 0.99609375 0.23958333333333334 0.9921875 0.23958333333333334 0.9921875 0.2361111111111111 0.98828125 0.2326388888888889 0.98828125 0.2222222222222222 0.9921875 0.21875
0 0.81640625 0.2777777777777778 0.83203125 0.2777777777777778 0.849609375 0.2951388888888889 0.849609375 0.3055555555555556 0.83984375 0.3055555555555556 0.837890625 0.3020833333333333 0.833984375 0.3020833333333333 0.826171875 0.2881944444444444 0.8203125 0.2881944444444444 0.818359375 0.28125
0 0.9140625 0.2534722222222222 0.92578125 0.2534722222222222 0.931640625 0.2638888888888889 0.931640625 0.2708333333333333 0.921875 0.2708333333333333 0.9140625 0.2638888888888889 0.912109375 0.2604166666666667 0.9140625 0.2569444444444444
0 0.888671875 0.40625 0.890625 0.4097222222222222 0.888671875 0.4131944444444444 0.888671875 0.4201388888888889 0.884765625 0.4270833333333333 0.87890625 0.4305555555555556 0.873046875 0.4409722222222222 0.8671875 0.4409722222222222 0.86328125 0.4444444444444444 0.861328125 0.4375 0.875 0.4166666666666667 0.880859375 0.4166666666666667 0.8828125 0.4097222222222222 0.88671875 0.4097222222222222
0 0.1765625 0.3277777777777778 0.03125 0.05
0 0.92578125 0.3020833333333333 0.92578125 0.2951388888888889 0.931640625 0.2881944444444444 0.9453125 0.2881944444444444 0.947265625 0.2916666666666667 0.951171875 0.2916666666666667 0.951171875 0.2986111111111111 0.947265625 0.2986111111111111 0.9453125 0.3020833333333333 0.927734375 0.3020833333333333
0 0.91015625 0.3472222222222222 0.91796875 0.3472222222222222 0.919921875 0.34375 0.935546875 0.3472222222222222 0.927734375 0.3576388888888889 0.9140625 0.3576388888888889 0.91015625 0.3541666666666667 0.91015625 0.3506944444444444
0 0.724609375 0.20833333333333334 0.728515625 0.2013888888888889 0.734375 0.2013888888888889 0.736328125 0.2048611111111111 0.74609375 0.20833333333333334 0.75390625 0.2222222222222222 0.755859375 0.2222222222222222 0.755859375 0.2361111111111111 0.75 0.2361111111111111 0.732421875 0.21875 0.7265625 0.21875 0.7265625 0.21180555555555555
0 0.888671875 0.0625 0.892578125 0.06944444444444445 0.896484375 0.06944444444444445 0.90625 0.08333333333333333 0.912109375 0.08680555555555555 0.9140625 0.09375 0.919921875 0.09722222222222222 0.919921875 0.10069444444444445 0.92578125 0.1111111111111111 0.927734375 0.1111111111111111 0.927734375 0.11458333333333333 0.93359375 0.125 0.935546875 0.13541666666666666 0.94140625 0.14930555555555555 0.94140625 0.15625 0.9375 0.15625 0.931640625 0.14930555555555555 0.92578125 0.14930555555555555 0.912109375 0.12152777777777778 0.90625 0.12152777777777778 0.8984375 0.1076388888888889 0.8984375 0.10416666666666667 0.892578125 0.09375 0.890625 0.09375 0.890625 0.09027777777777778 0.884765625 0.0798611111111111 0.8828125 0.0798611111111111 0.880859375 0.06944444444444445 0.876953125 0.06597222222222222 0.87890625 0.059027777777777776 0.884765625 0.059027777777777776 0.88671875 0.0625