0 0.3203125 0.09375 0.326171875 0.09722222222222222 0.326171875 0.10069444444444445 0.333984375 0.1111111111111111 0.34765625 0.12152777777777778 0.357421875 0.1388888888888889 0.361328125 0.1527777777777778 0.373046875 0.1701388888888889 0.36328125 0.1701388888888889 0.349609375 0.18055555555555555 0.341796875 0.18055555555555555 0.33984375 0.17708333333333334 0.330078125 0.1736111111111111 0.32421875 0.16319444444444445 0.32421875 0.1597222222222222 0.310546875 0.1388888888888889 0.3046875 0.14583333333333334 0.30078125 0.14583333333333334 0.298828125 0.1423611111111111 0.298828125 0.13541666666666666 0.30078125 0.13194444444444445 0.30078125 0.11458333333333333 0.302734375 0.1111111111111111 0.306640625 0.1111111111111111 0.306640625 0.11458333333333333 0.3125 0.125 0.314453125 0.125 0.32421875 0.1076388888888889 0.3203125 0.09722222222222222
0 0.720703125 0.8506944444444444 0.724609375 0.8611111111111112 0.724609375 0.8680555555555556 0.728515625 0.875 0.728515625 0.8923611111111112 0.734375 0.9131944444444444 0.734375 0.9236111111111112 0.732421875 0.9270833333333334 0.720703125 0.9201388888888888 0.7109375 0.8993055555555556 0.70703125 0.8854166666666666 0.705078125 0.8541666666666666 0.7109375 0.8472222222222222 0.716796875 0.8472222222222222 0.71875 0.8506944444444444
0 0.40234375 0 0.451171875 0 0.474609375 0.0625 0.46484375 0.0625 0.462890625 0.059027777777777776 0.447265625 0.05555555555555555 0.4453125 0.052083333333333336 0.4296875 0.04513888888888889 0.40625 0.017361111111111112 0.40234375 0.003472222222222222
0 0.716796875 0.1701388888888889 0.71875 0.1736111111111111 0.728515625 0.1736111111111111 0.73828125 0.1840277777777778 0.744140625 0.1840277777777778 0.755859375 0.2013888888888889 0.759765625 0.2013888888888889 0.765625 0.20833333333333334 0.7890625 0.25 0.79296875 0.25 0.8046875 0.2604166666666667 0.806640625 0.2673611111111111 0.802734375 0.2708333333333333 0.783203125 0.2569444444444444 0.7734375 0.2569444444444444 0.763671875 0.25 0.751953125 0.25 0.744140625 0.2708333333333333 0.7421875 0.2673611111111111 0.74609375 0.2569444444444444 0.74609375 0.25 0.740234375 0.23958333333333334 0.736328125 0.23958333333333334 0.732421875 0.2326388888888889 0.712890625 0.2152777777777778 0.689453125 0.17708333333333334 0.689453125 0.1736111111111111 0.71484375 0.1736111111111111
0 0.419921875 0.03819444444444445 0.427734375 0.04861111111111111 0.443359375 0.05555555555555555 0.458984375 0.0798611111111111 0.4609375 0.08680555555555555 0.458984375 0.09375 0.44921875 0.1076388888888889 0.419921875 0.1076388888888889 0.41796875 0.10416666666666667 0.396484375 0.09375 0.37890625 0.0763888888888889 0.3671875 0.059027777777777776 0.359375 0.052083333333333336 0.3515625 0.052083333333333336 0.349609375 0.04861111111111111 0.353515625 0.03819444444444445 0.375 0.034722222222222224 0.3828125 0.027777777777777776 0.41015625 0.03125 0.41796875 0.03819444444444445
0 0.33984375 0 0.38671875 0 0.390625 0.006944444444444444 0.404296875 0.017361111111111112 0.408203125 0.024305555555555556 0.408203125 0.03125 0.400390625 0.024305555555555556 0.39453125 0.024305555555555556 0.384765625 0.017361111111111112 0.365234375 0.017361111111111112 0.357421875 0.010416666666666666 0.3515625 0.010416666666666666 0.349609375 0.013888888888888888 0.34765625 0.034722222222222224 0.341796875 0.05555555555555555 0.341796875 0.06597222222222222 0.33984375 0.06944444444444445 0.337890625 0.09027777777777778 0.3359375 0.08680555555555555 0.3359375 0.05555555555555555 0.345703125 0.010416666666666666 0.341796875 0.003472222222222222
0 0.689453125 0.9236111111111112 0.697265625 0.9375 0.701171875 0.9513888888888888 0.697265625 0.9652777777777778 0.69140625 0.9652777777777778 0.6875 0.9618055555555556 0.681640625 0.9513888888888888 0.677734375 0.9375 0.677734375 0.9270833333333334 0.681640625 0.9166666666666666 0.6875 0.9236111111111112
0 0.744140625 0.041666666666666664 0.751953125 0.041666666666666664 0.75390625 0.04513888888888889 0.783203125 0.041666666666666664 0.791015625 0.052083333333333336 0.79296875 0.0625 0.80078125 0.0798611111111111 0.798828125 0.08680555555555555 0.796875 0.08333333333333333 0.791015625 0.08333333333333333 0.7890625 0.0798611111111111 0.783203125 0.0798611111111111 0.78125 0.0763888888888889 0.775390625 0.0763888888888889 0.7734375 0.07291666666666667 0.763671875 0.06944444444444445 0.751953125 0.059027777777777776 0.744140625 0.04513888888888889
0 0.720703125 0.9270833333333334 0.73046875 0.9409722222222222 0.73828125 0.9652777777777778 0.744140625 0.9756944444444444 0.744140625 0.9826388888888888 0.74609375 0.9861111111111112 0.744140625 0.9895833333333334 0.73046875 0.9895833333333334 0.71484375 0.9652777777777778 0.712890625 0.9548611111111112 0.70703125 0.9444444444444444 0.705078125 0.9305555555555556 0.7109375 0.9236111111111112 0.716796875 0.9236111111111112 0.71875 0.9270833333333334
0 0.33984375 0 0.388671875 0 0.390625 0.006944444444444444 0.3984375 0.013888888888888888 0.40234375 0.013888888888888888 0.40625 0.020833333333333332 0.40625 0.027777777777777776 0.404296875 0.027777777777777776 0.40234375 0.024305555555555556 0.38671875 0.020833333333333332 0.384765625 0.017361111111111112 0.37109375 0.017361111111111112 0.369140625 0.013888888888888888 0.3515625 0.010416666666666666 0.341796875 0.003472222222222222
0 0.52734375 0.03819444444444445 0.529296875 0.041666666666666664 0.537109375 0.041666666666666664 0.546875 0.03125 0.548828125 0.041666666666666664 0.537109375 0.059027777777777776 0.52734375 0.08680555555555555 0.51171875 0.1076388888888889 0.484375 0.1284722222222222 0.462890625 0.1284722222222222 0.4609375 0.13194444444444445 0.44921875 0.13194444444444445 0.447265625 0.13541666666666666 0.44140625 0.13541666666666666 0.435546875 0.1423611111111111 0.427734375 0.1423611111111111 0.427734375 0.1388888888888889 0.435546875 0.13194444444444445 0.439453125 0.13194444444444445 0.4453125 0.125 0.462890625 0.09027777777777778 0.462890625 0.08680555555555555 0.482421875 0.05555555555555555 0.48828125 0.052083333333333336 0.498046875 0.03819444444444445 0.509765625 0.027777777777777776 0.51171875 0.027777777777777776 0.51171875 0.034722222222222224 0.513671875 0.03819444444444445 0.525390625 0.03819444444444445
0 0.265625 0 0.322265625 0 0.318359375 0.006944444444444444 0.310546875 0.006944444444444444 0.30859375 0.010416666666666666 0.294921875 0.010416666666666666 0.29296875 0.006944444444444444 0.291015625 0.010416666666666666 0.28125 0.010416666666666666 0.271484375 0.017361111111111112 0.263671875 0.010416666666666666 0.265625 0.003472222222222222
0 0.89453125 0.11805555555555555 0.900390625 0.125 0.900390625 0.1284722222222222 0.91015625 0.14583333333333334 0.91796875 0.16666666666666666 0.935546875 0.19791666666666666 0.935546875 0.2013888888888889 0.939453125 0.2048611111111111 0.947265625 0.22569444444444445 0.951171875 0.24305555555555555 0.955078125 0.25 0.958984375 0.2673611111111111 0.962890625 0.2743055555555556 0.966796875 0.2916666666666667 0.982421875 0.3194444444444444 0.99609375 0.3333333333333333 0.994140625 0.3402777777777778 0.990234375 0.3402777777777778 0.982421875 0.3298611111111111 0.9765625 0.3263888888888889 0.96484375 0.3090277777777778 0.953125 0.2986111111111111 0.94140625 0.2951388888888889 0.935546875 0.2881944444444444 0.921875 0.28125 0.91015625 0.2673611111111111 0.90234375 0.2534722222222222 0.900390625 0.2534722222222222 0.900390625 0.25 0.88671875 0.22916666666666666 0.88671875 0.22569444444444445 0.875 0.2013888888888889 0.861328125 0.14930555555555555 0.85546875 0.1423611111111111 0.849609375 0.1423611111111111 0.841796875 0.13541666666666666 0.845703125 0.13194444444444445 0.84765625 0.125 0.8515625 0.12152777777777778 0.857421875 0.12152777777777778 0.865234375 0.13194444444444445 0.8828125 0.13194444444444445 0.896484375 0.1423611111111111 0.900390625 0.13541666666666666 0.89453125 0.12152777777777778
0 0 0 0.025390625 0 0.037109375 0.020833333333333332 0.05078125 0.059027777777777776 0.056640625 0.06944444444444445 0.06640625 0.0798611111111111 0.060546875 0.0798611111111111 0.0546875 0.07291666666666667 0.044921875 0.06944444444444445 0.04296875 0.06597222222222222 0.029296875 0.0625 0.013671875 0.04861111111111111 0.005859375 0.034722222222222224 0 0.03125 0 0.003472222222222222
0 0.44140625 0.9236111111111112 0.443359375 0.9236111111111112 0.447265625 0.9409722222222222 0.4453125 0.9652777777777778 0.447265625 0.96875 0.447265625 0.9791666666666666 0.451171875 0.9965277777777778 0.42578125 0.9965277777777778 0.42578125 0.9791666666666666 0.427734375 0.9756944444444444 0.42578125 0.9375 0.427734375 0.9513888888888888 0.4296875 0.9548611111111112 0.43359375 0.9548611111111112 0.4375 0.9479166666666666 0.44140625 0.9340277777777778 0.44140625 0.9270833333333334