0 0.498046875 0.16319444444444445 0.498046875 0.18055555555555555 0.494140625 0.18055555555555555 0.4921875 0.1875 0.453125 0.1909722222222222 0.439453125 0.2013888888888889 0.4296875 0.2013888888888889 0.4296875 0.1840277777777778 0.443359375 0.1736111111111111 0.455078125 0.1736111111111111 0.45703125 0.1701388888888889 0.49609375 0.1701388888888889 0.498046875 0.16666666666666666
0 0.142578125 0.4236111111111111 0.154296875 0.4236111111111111 0.15625 0.4305555555555556 0.166015625 0.4305555555555556 0.16796875 0.4340277777777778 0.16796875 0.4513888888888889 0.166015625 0.4548611111111111 0.150390625 0.4548611111111111 0.1484375 0.4583333333333333 0.14453125 0.4548611111111111 0.12890625 0.4548611111111111 0.126953125 0.4513888888888889 0.126953125 0.4409722222222222 0.12890625 0.4340277777777778 0.130859375 0.4305555555555556 0.140625 0.4305555555555556 0.142578125 0.4270833333333333
0 0.765625 0.2951388888888889 0.798828125 0.2951388888888889 0.80078125 0.3020833333333333 0.806640625 0.3020833333333333 0.8125 0.3090277777777778 0.818359375 0.3090277777777778 0.822265625 0.3125 0.82421875 0.3194444444444444 0.83203125 0.3263888888888889 0.826171875 0.3298611111111111 0.82421875 0.3263888888888889 0.818359375 0.3263888888888889 0.81640625 0.3229166666666667 0.810546875 0.3229166666666667 0.80078125 0.3159722222222222 0.76953125 0.3159722222222222 0.767578125 0.3090277777777778 0.76171875 0.3090277777777778 0.759765625 0.3055555555555556 0.759765625 0.3020833333333333 0.763671875 0.3020833333333333 0.765625 0.2986111111111111
0 0.60546875 0.2569444444444444 0.609375 0.2569444444444444 0.611328125 0.2638888888888889 0.63671875 0.2638888888888889 0.640625 0.2673611111111111 0.640625 0.28125 0.63671875 0.2881944444444444 0.6328125 0.2881944444444444 0.630859375 0.2916666666666667 0.626953125 0.2881944444444444 0.59765625 0.2881944444444444 0.595703125 0.2847222222222222 0.591796875 0.2847222222222222 0.587890625 0.2777777777777778 0.587890625 0.2708333333333333 0.59375 0.2638888888888889 0.603515625 0.2638888888888889 0.60546875 0.2604166666666667
0 0.7734375 0.40625 0.787109375 0.40625 0.7890625 0.4097222222222222 0.798828125 0.4131944444444444 0.80078125 0.4201388888888889 0.8125 0.4201388888888889 0.826171875 0.4305555555555556 0.826171875 0.4340277777777778 0.7890625 0.4340277777777778 0.787109375 0.4305555555555556 0.7734375 0.4305555555555556 0.7734375 0.4201388888888889 0.771484375 0.4166666666666667 0.7734375 0.4097222222222222
0 0.580078125 0.21180555555555555 0.619140625 0.21180555555555555 0.619140625 0.24305555555555555 0.611328125 0.25 0.60546875 0.2604166666666667 0.58984375 0.2638888888888889 0.587890625 0.2673611111111111 0.58203125 0.2673611111111111 0.576171875 0.2604166666666667 0.576171875 0.2534722222222222 0.57421875 0.25 0.576171875 0.23958333333333334 0.57421875 0.2361111111111111 0.57421875 0.22916666666666666 0.5703125 0.22569444444444445 0.5703125 0.2222222222222222 0.580078125 0.2152777777777778
0 0.693359375 0.71875 0.6953125 0.7256944444444444 0.712890625 0.7291666666666666 0.72265625 0.7430555555555556 0.7421875 0.7604166666666666 0.74609375 0.7673611111111112 0.74609375 0.7847222222222222 0.744140625 0.7881944444444444 0.73828125 0.7881944444444444 0.740234375 0.7847222222222222 0.73828125 0.78125 0.734375 0.78125 0.724609375 0.7708333333333334 0.716796875 0.7673611111111112 0.712890625 0.7604166666666666 0.705078125 0.7569444444444444 0.701171875 0.75 0.697265625 0.75 0.689453125 0.7361111111111112 0.689453125 0.7256944444444444 0.693359375 0.7222222222222222
0 0.923828125 0.6006944444444444 0.935546875 0.6006944444444444 0.9375 0.6076388888888888 0.953125 0.6076388888888888 0.955078125 0.6111111111111112 0.96484375 0.6145833333333334 0.970703125 0.625 0.97265625 0.625 0.974609375 0.6319444444444444 0.9765625 0.6319444444444444 0.9765625 0.6388888888888888 0.97265625 0.6423611111111112 0.947265625 0.6388888888888888 0.923828125 0.6180555555555556 0.919921875 0.6111111111111112 0.919921875 0.6076388888888888 0.923828125 0.6041666666666666
0 0.669921875 0.4479166666666667 0.6796875 0.4548611111111111 0.705078125 0.4965277777777778 0.708984375 0.5069444444444444 0.708984375 0.5138888888888888 0.712890625 0.5173611111111112 0.712890625 0.5208333333333334 0.724609375 0.5451388888888888 0.72265625 0.5555555555555556 0.712890625 0.5416666666666666 0.701171875 0.53125 0.701171875 0.5277777777777778 0.681640625 0.4965277777777778 0.681640625 0.4895833333333333 0.671875 0.4791666666666667 0.671875 0.4756944444444444 0.666015625 0.4652777777777778 0.666015625 0.4583333333333333 0.662109375 0.4548611111111111 0.662109375 0.4513888888888889 0.66796875 0.4479166666666667
0 0.998046875 0.3715277777777778 0.998046875 0.3958333333333333 0.9609375 0.3958333333333333 0.958984375 0.3923611111111111 0.9453125 0.3923611111111111 0.9453125 0.3854166666666667 0.94921875 0.3819444444444444 0.96875 0.3784722222222222 0.970703125 0.375 0.99609375 0.3715277777777778
0 0.330078125 0.24305555555555555 0.330078125 0.2673611111111111 0.3203125 0.2673611111111111 0.318359375 0.2708333333333333 0.271484375 0.2708333333333333 0.26953125 0.2743055555555556 0.25390625 0.2743055555555556 0.251953125 0.2708333333333333 0.2421875 0.2708333333333333 0.23828125 0.2673611111111111 0.23828125 0.2604166666666667 0.2421875 0.2604166666666667 0.244140625 0.2534722222222222 0.248046875 0.2534722222222222 0.25 0.25 0.2578125 0.25 0.259765625 0.2465277777777778 0.267578125 0.2465277777777778 0.26953125 0.24305555555555555 0.283203125 0.24305555555555555 0.28515625 0.23958333333333334 0.326171875 0.23958333333333334 0.328125 0.24305555555555555
0 0.474609375 0.3993055555555556 0.4765625 0.3993055555555556 0.4765625 0.4236111111111111 0.470703125 0.4236111111111111 0.46875 0.4270833333333333 0.466796875 0.4236111111111111 0.455078125 0.4236111111111111 0.451171875 0.4201388888888889 0.451171875 0.4131944444444444 0.455078125 0.4097222222222222 0.47265625 0.40625 0.474609375 0.4027777777777778
0 0.71484375 0.3784722222222222 0.71484375 0.40625 0.70703125 0.4201388888888889 0.703125 0.4201388888888889 0.701171875 0.4236111111111111 0.66796875 0.4236111111111111 0.666015625 0.4270833333333333 0.650390625 0.4270833333333333 0.646484375 0.4236111111111111 0.646484375 0.4201388888888889 0.650390625 0.4166666666666667 0.662109375 0.4166666666666667 0.673828125 0.4027777777777778 0.68359375 0.3993055555555556 0.6875 0.3923611111111111 0.693359375 0.3923611111111111 0.69921875 0.3854166666666667 0.705078125 0.3854166666666667 0.712890625 0.3784722222222222
0 0.765625 0.2743055555555556 0.8359375 0.2743055555555556 0.8359375 0.2916666666666667 0.814453125 0.2951388888888889 0.8125 0.2986111111111111 0.744140625 0.2986111111111111 0.744140625 0.2881944444444444 0.75390625 0.28125 0.763671875 0.28125 0.765625 0.2777777777777778
0 0.119140625 0.375 0.140625 0.375 0.140625 0.3888888888888889 0.12890625 0.3923611111111111 0.126953125 0.3958333333333333 0.12109375 0.3958333333333333 0.119140625 0.4027777777777778 0.115234375 0.40625 0.103515625 0.4097222222222222 0.09765625 0.4166666666666667 0.091796875 0.4166666666666667 0.08984375 0.4201388888888889 0.0625 0.4201388888888889 0.060546875 0.4236111111111111 0.052734375 0.4201388888888889 0.05859375 0.4097222222222222 0.0625 0.4097222222222222 0.06640625 0.3993055555555556 0.072265625 0.3993055555555556 0.083984375 0.3888888888888889 0.09375 0.3888888888888889 0.103515625 0.3819444444444444 0.1171875 0.3819444444444444 0.119140625 0.3784722222222222
0 0.18579234972677597 0.39489981785063755 0.027484631147540982 0.053016848816029145
0 0.43359375 0.2673611111111111 0.435546875 0.2708333333333333 0.435546875 0.2847222222222222 0.431640625 0.2847222222222222 0.4296875 0.2881944444444444 0.421875 0.2881944444444444 0.41796875 0.2847222222222222 0.41796875 0.2743055555555556 0.42578125 0.2673611111111111 0.431640625 0.2673611111111111
0 0.93359375 0.5833333333333334 0.9453125 0.5798611111111112 0.947265625 0.5763888888888888 0.953125 0.5763888888888888 0.955078125 0.5729166666666666 0.98046875 0.5729166666666666 0.98046875 0.5902777777777778 0.97265625 0.5972222222222222 0.95703125 0.5972222222222222 0.955078125 0.6006944444444444 0.935546875 0.6006944444444444 0.93359375 0.5972222222222222 0.927734375 0.5972222222222222 0.92578125 0.6006944444444444 0.921875 0.6006944444444444 0.919921875 0.5972222222222222 0.92578125 0.5902777777777778 0.931640625 0.5902777777777778 0.93359375 0.5868055555555556
0 0.259765625 0.625 0.26953125 0.625 0.271484375 0.6319444444444444 0.275390625 0.6354166666666666 0.28125 0.6354166666666666 0.283203125 0.6388888888888888 0.2890625 0.6388888888888888 0.298828125 0.6527777777777778 0.298828125 0.7048611111111112 0.29296875 0.7118055555555556 0.279296875 0.71875 0.2734375 0.7256944444444444 0.26953125 0.7361111111111112 0.259765625 0.7465277777777778 0.24609375 0.75 0.244140625 0.7534722222222222 0.232421875 0.75 0.224609375 0.7673611111111112 0.21875 0.7673611111111112 0.21484375 0.7638888888888888 0.21484375 0.7395833333333334 0.220703125 0.7326388888888888 0.22265625 0.7083333333333334 0.224609375 0.7048611111111112 0.224609375 0.6909722222222222 0.2265625 0.6875 0.23046875 0.6597222222222222 0.234375 0.65625 0.240234375 0.6423611111111112 0.248046875 0.6354166666666666 0.25390625 0.6354166666666666 0.259765625 0.6284722222222222
0 0.310546875 0.3090277777777778 0.3125 0.3125 0.33984375 0.3194444444444444 0.33984375 0.3333333333333333 0.283203125 0.3333333333333333 0.28125 0.3368055555555556 0.27734375 0.3368055555555556 0.275390625 0.3333333333333333 0.25390625 0.3333333333333333 0.24609375 0.3263888888888889 0.2421875 0.3263888888888889 0.236328125 0.3159722222222222 0.236328125 0.3090277777777778 0.23828125 0.3055555555555556 0.2421875 0.3055555555555556 0.244140625 0.3020833333333333 0.28515625 0.3020833333333333 0.287109375 0.3055555555555556 0.306640625 0.3055555555555556 0.30859375 0.3090277777777778
0 0.763671875 0.3402777777777778 0.765625 0.34375 0.76953125 0.34375 0.76953125 0.3472222222222222 0.7734375 0.3506944444444444 0.7734375 0.4548611111111111 0.76953125 0.4583333333333333 0.765625 0.4583333333333333 0.767578125 0.4583333333333333 0.76953125 0.4513888888888889 0.765625 0.4479166666666667 0.765625 0.4340277777777778 0.76171875 0.4305555555555556 0.759765625 0.4236111111111111 0.759765625 0.4131944444444444 0.755859375 0.4097222222222222 0.755859375 0.3923611111111111 0.751953125 0.3888888888888889 0.751953125 0.3611111111111111 0.755859375 0.3576388888888889 0.755859375 0.34375 0.76171875 0.3402777777777778
0 0.109375 0.3194444444444444 0.1171875 0.3194444444444444 0.119140625 0.3263888888888889 0.134765625 0.3298611111111111 0.13671875 0.3333333333333333 0.13671875 0.3506944444444444 0.12890625 0.3506944444444444 0.126953125 0.3541666666666667 0.103515625 0.3506944444444444 0.095703125 0.34375 0.095703125 0.3368055555555556 0.1015625 0.3298611111111111 0.10546875 0.3298611111111111 0.109375 0.3229166666666667
0 0.626953125 0.2048611111111111 0.65625 0.22916666666666666 0.65625 0.2326388888888889 0.666015625 0.2465277777777778 0.666015625 0.25 0.662109375 0.2534722222222222 0.66015625 0.2604166666666667 0.658203125 0.2604166666666667 0.658203125 0.2534722222222222 0.65234375 0.2465277777777778 0.6484375 0.2465277777777778 0.646484375 0.24305555555555555 0.63671875 0.24305555555555555 0.626953125 0.2361111111111111 0.619140625 0.2361111111111111 0.615234375 0.2326388888888889 0.615234375 0.2222222222222222 0.61328125 0.21875 0.603515625 0.21875 0.6015625 0.21180555555555555 0.59765625 0.20833333333333334 0.60546875 0.2013888888888889 0.619140625 0.2013888888888889 0.62109375 0.2048611111111111 0.625 0.2048611111111111
0 0.76953125 0.3680555555555556 0.79296875 0.3645833333333333 0.794921875 0.3680555555555556 0.82421875 0.3715277777777778 0.826171875 0.375 0.833984375 0.375 0.841796875 0.3888888888888889 0.787109375 0.3888888888888889 0.78515625 0.3923611111111111 0.779296875 0.3923611111111111 0.775390625 0.3958333333333333 0.771484375 0.3888888888888889 0.76953125 0.3715277777777778
0 0.3125 0.3229166666666667 0.330078125 0.3229166666666667 0.33203125 0.3298611111111111 0.337890625 0.3298611111111111 0.337890625 0.3402777777777778 0.3203125 0.34375 0.318359375 0.3472222222222222 0.279296875 0.3472222222222222 0.2734375 0.3402777777777778 0.2734375 0.3368055555555556 0.27734375 0.3333333333333333 0.310546875 0.3298611111111111 0.3125 0.3263888888888889
0 0.85546875 0.6701388888888888 0.859375 0.6701388888888888 0.861328125 0.6770833333333334 0.869140625 0.6770833333333334 0.87890625 0.6840277777777778 0.88671875 0.6840277777777778 0.8984375 0.6944444444444444 0.904296875 0.6944444444444444 0.90625 0.7013888888888888 0.912109375 0.7083333333333334 0.93359375 0.71875 0.93359375 0.7222222222222222 0.900390625 0.7222222222222222 0.892578125 0.7118055555555556 0.875 0.7048611111111112 0.87109375 0.7013888888888888 0.869140625 0.6944444444444444 0.865234375 0.6944444444444444 0.857421875 0.6840277777777778 0.849609375 0.6840277777777778 0.8515625 0.6840277777777778 0.85546875 0.6736111111111112
0 0.154296875 0.3194444444444444 0.18359375 0.3194444444444444 0.185546875 0.3263888888888889 0.1953125 0.3263888888888889 0.1953125 0.3506944444444444 0.154296875 0.3541666666666667 0.15234375 0.3506944444444444 0.13671875 0.3506944444444444 0.134765625 0.3472222222222222 0.134765625 0.3298611111111111 0.138671875 0.3263888888888889 0.15234375 0.3263888888888889 0.154296875 0.3229166666666667
0 0.46875 0.2048611111111111 0.47265625 0.2048611111111111 0.474609375 0.2013888888888889 0.4921875 0.2013888888888889 0.494140625 0.2048611111111111 0.52734375 0.2048611111111111 0.533203125 0.21180555555555555 0.537109375 0.2222222222222222 0.533203125 0.22569444444444445 0.513671875 0.22569444444444445 0.51171875 0.22916666666666666 0.50390625 0.22916666666666666 0.501953125 0.22569444444444445 0.484375 0.22569444444444445 0.4765625 0.21875 0.470703125 0.2048611111111111
0 0.31640625 0.3784722222222222 0.330078125 0.3784722222222222 0.330078125 0.4097222222222222 0.322265625 0.4097222222222222 0.3203125 0.4131944444444444 0.3125 0.40625 0.3125 0.3854166666666667 0.31640625 0.3819444444444444
0 0.171875 0.21875 0.205078125 0.21875 0.20703125 0.22569444444444445 0.216796875 0.22569444444444445 0.216796875 0.24305555555555555 0.2109375 0.24305555555555555 0.203125 0.25 0.1875 0.25 0.185546875 0.2534722222222222 0.177734375 0.2534722222222222 0.17578125 0.25 0.158203125 0.25 0.15625 0.2465277777777778 0.15625 0.2326388888888889 0.158203125 0.22916666666666666 0.162109375 0.22569444444444445 0.169921875 0.22569444444444445 0.171875 0.2222222222222222
0 0.86328125 0.4131944444444444 0.86328125 0.4340277777777778 0.861328125 0.4375 0.8515625 0.4375 0.845703125 0.4444444444444444 0.841796875 0.4375 0.84375 0.4270833333333333 0.85546875 0.4131944444444444 0.861328125 0.4131944444444444
0 0.5859375 0.4166666666666667 0.60546875 0.4166666666666667 0.607421875 0.4236111111111111 0.61328125 0.4236111111111111 0.61328125 0.4409722222222222 0.607421875 0.4409722222222222 0.603515625 0.4444444444444444 0.6015625 0.4409722222222222 0.58984375 0.4409722222222222 0.5859375 0.4375 0.583984375 0.4305555555555556 0.580078125 0.4270833333333333 0.580078125 0.4236111111111111 0.583984375 0.4236111111111111 0.5859375 0.4201388888888889
0 0.20703125 0.4270833333333333 0.20703125 0.4409722222222222 0.203125 0.4479166666666667 0.189453125 0.4513888888888889 0.1875 0.4548611111111111 0.169921875 0.4548611111111111 0.166015625 0.4513888888888889 0.166015625 0.4409722222222222 0.169921875 0.4340277777777778 0.173828125 0.4340277777777778 0.1796875 0.4270833333333333 0.205078125 0.4270833333333333
0 0.9375 0.4930555555555556 0.943359375 0.4930555555555556 0.9453125 0.5 0.94921875 0.5 0.951171875 0.5034722222222222 0.951171875 0.5173611111111112 0.94921875 0.5208333333333334 0.935546875 0.53125 0.912109375 0.53125 0.91015625 0.5347222222222222 0.90234375 0.53125 0.904296875 0.53125 0.91015625 0.5173611111111112 0.91796875 0.5138888888888888 0.921875 0.5069444444444444 0.9375 0.4965277777777778
0 0.189453125 0.3784722222222222 0.19921875 0.3784722222222222 0.201171875 0.375 0.21875 0.375 0.220703125 0.3784722222222222 0.2265625 0.3784722222222222 0.2265625 0.3923611111111111 0.2109375 0.3923611111111111 0.208984375 0.3958333333333333 0.1953125 0.3958333333333333 0.189453125 0.3888888888888889 0.189453125 0.3819444444444444
0 0.0859375 0.46875 0.08984375 0.4652777777777778 0.111328125 0.4652777777777778 0.111328125 0.4826388888888889 0.107421875 0.4826388888888889 0.10546875 0.4861111111111111 0.095703125 0.4861111111111111 0.0859375 0.4756944444444444 0.0859375 0.4722222222222222
0 0.142578125 0.2777777777777778 0.142578125 0.2881944444444444 0.138671875 0.2986111111111111 0.1328125 0.3055555555555556 0.12890625 0.3055555555555556 0.125 0.3125 0.119140625 0.3125 0.1171875 0.3159722222222222 0.1015625 0.3159722222222222 0.09765625 0.3125 0.09765625 0.3090277777777778 0.103515625 0.3020833333333333 0.10546875 0.2951388888888889 0.140625 0.28125
0 0.48046875 0.2777777777777778 0.484375 0.2743055555555556 0.490234375 0.2743055555555556 0.4921875 0.2708333333333333 0.509765625 0.2708333333333333 0.509765625 0.2916666666666667 0.484375 0.2881944444444444 0.48046875 0.2847222222222222 0.48046875 0.28125
0 0.595703125 0.3368055555555556 0.607421875 0.3368055555555556 0.609375 0.34375 0.625 0.34375 0.62890625 0.3472222222222222 0.62890625 0.3715277777777778 0.625 0.375 0.603515625 0.375 0.6015625 0.3784722222222222 0.595703125 0.3784722222222222 0.59375 0.375 0.572265625 0.375 0.5703125 0.3715277777777778 0.544921875 0.375 0.544921875 0.3715277777777778 0.548828125 0.3680555555555556 0.55078125 0.3576388888888889 0.5546875 0.3541666666666667 0.5703125 0.3506944444444444 0.578125 0.34375 0.59375 0.34375 0.595703125 0.3402777777777778
0 0.2578125 0.3819444444444444 0.265625 0.3888888888888889 0.265625 0.4236111111111111 0.2578125 0.4166666666666667 0.25390625 0.4166666666666667 0.248046875 0.4097222222222222 0.244140625 0.3993055555555556 0.236328125 0.3958333333333333 0.236328125 0.3923611111111111 0.24609375 0.3819444444444444 0.255859375 0.3819444444444444
0 0.109375 0.3645833333333333 0.111328125 0.3680555555555556 0.1171875 0.3680555555555556 0.1171875 0.3819444444444444 0.09765625 0.3854166666666667 0.095703125 0.3888888888888889 0.0703125 0.3888888888888889 0.068359375 0.3923611111111111 0.05078125 0.3923611111111111 0.048828125 0.3888888888888889 0.041015625 0.3888888888888889 0.037109375 0.3819444444444444 0.037109375 0.3715277777777778 0.0390625 0.3680555555555556 0.044921875 0.3680555555555556 0.046875 0.3645833333333333 0.107421875 0.3645833333333333
0 0.7109375 0.2986111111111111 0.736328125 0.2986111111111111 0.73828125 0.3055555555555556 0.76171875 0.3055555555555556 0.76171875 0.3194444444444444 0.755859375 0.3194444444444444 0.75390625 0.3229166666666667 0.701171875 0.3229166666666667 0.701171875 0.3194444444444444 0.705078125 0.3194444444444444 0.70703125 0.3159722222222222 0.70703125 0.3090277777777778 0.7109375 0.3020833333333333
0 0.955078125 0.5694444444444444 0.98046875 0.5694444444444444 0.98046875 0.5868055555555556 0.978515625 0.5902777777777778 0.96484375 0.59375 0.958984375 0.6041666666666666 0.962890625 0.6076388888888888 0.962890625 0.6111111111111112 0.970703125 0.625 0.978515625 0.6319444444444444 0.978515625 0.6423611111111112 0.95703125 0.6423611111111112 0.94921875 0.6354166666666666 0.94140625 0.6354166666666666 0.931640625 0.6215277777777778 0.923828125 0.6180555555555556 0.919921875 0.6076388888888888 0.916015625 0.6041666666666666 0.916015625 0.5972222222222222 0.927734375 0.5868055555555556 0.931640625 0.5868055555555556 0.939453125 0.5798611111111112 0.947265625 0.5798611111111112 0.955078125 0.5729166666666666
0 0.771484375 0.4583333333333333 0.79296875 0.4583333333333333 0.794921875 0.4652777777777778 0.806640625 0.4652777777777778 0.80859375 0.46875 0.841796875 0.46875 0.841796875 0.4791666666666667 0.83984375 0.4826388888888889 0.78515625 0.4826388888888889 0.783203125 0.4861111111111111 0.755859375 0.4861111111111111 0.751953125 0.4756944444444444 0.75 0.4826388888888889 0.734375 0.4826388888888889 0.734375 0.4756944444444444 0.736328125 0.4722222222222222 0.740234375 0.46875 0.74609375 0.46875 0.748046875 0.4652777777777778 0.76953125 0.4652777777777778 0.771484375 0.4618055555555556
0 0.533203125 0.25 0.564453125 0.25 0.56640625 0.2569444444444444 0.57421875 0.2569444444444444 0.57421875 0.2743055555555556 0.546875 0.2777777777777778 0.544921875 0.2743055555555556 0.537109375 0.2743055555555556 0.537109375 0.2708333333333333 0.533203125 0.2673611111111111 0.533203125 0.2534722222222222
0 0.08203125 0.3194444444444444 0.109375 0.3194444444444444 0.109375 0.3263888888888889 0.1015625 0.3368055555555556 0.09765625 0.3368055555555556 0.095703125 0.34375 0.08984375 0.34375 0.0703125 0.3576388888888889 0.044921875 0.3576388888888889 0.04296875 0.3611111111111111 0.041015625 0.3576388888888889 0.029296875 0.3576388888888889 0.029296875 0.3472222222222222 0.03125 0.3472222222222222 0.033203125 0.3402777777777778 0.0390625 0.3402777777777778 0.044921875 0.3333333333333333 0.0546875 0.3333333333333333 0.064453125 0.3263888888888889 0.080078125 0.3263888888888889 0.08203125 0.3229166666666667
0 0.322265625 0.5868055555555556 0.328125 0.5763888888888888 0.326171875 0.5694444444444444 0.30859375 0.5694444444444444 0.302734375 0.5763888888888888 0.28125 0.5868055555555556 0.27734375 0.59375 0.271484375 0.59375 0.267578125 0.6006944444444444 0.265625 0.6145833333333334 0.255859375 0.6180555555555556 0.23828125 0.6354166666666666 0.197265625 0.6319444444444444 0.208984375 0.6006944444444444 0.2109375 0.6006944444444444 0.224609375 0.5763888888888888 0.240234375 0.5590277777777778 0.24609375 0.5486111111111112 0.283203125 0.5173611111111112 0.2890625 0.5173611111111112 0.294921875 0.5104166666666666 0.30078125 0.5104166666666666 0.30859375 0.5034722222222222 0.322265625 0.5034722222222222 0.32421875 0.5 0.337890625 0.5 0.33984375 0.4965277777777778 0.345703125 0.4965277777777778 0.345703125 0.5138888888888888 0.34375 0.5208333333333334 0.34765625 0.53125 0.34765625 0.5416666666666666 0.341796875 0.5520833333333334 0.3359375 0.5694444444444444 0.3359375 0.5868055555555556 0.330078125 0.59375 0.326171875 0.59375 0.32421875 0.5902777777777778
0 0.728515625 0.24305555555555555 0.767578125 0.24305555555555555 0.76953125 0.25 0.783203125 0.25 0.78515625 0.2534722222222222 0.7890625 0.2534722222222222 0.7890625 0.2673611111111111 0.720703125 0.2673611111111111 0.716796875 0.2638888888888889 0.716796875 0.2534722222222222 0.720703125 0.2534722222222222 0.728515625 0.2465277777777778