0 0.494140625 0.1875 0.494140625 0.1909722222222222 0.48828125 0.19791666666666666 0.474609375 0.19791666666666666 0.47265625 0.2013888888888889 0.447265625 0.2013888888888889 0.435546875 0.21180555555555555 0.435546875 0.2013888888888889 0.443359375 0.1909722222222222 0.45703125 0.1909722222222222 0.458984375 0.1875 0.4921875 0.1875
0 0.177734375 0.4409722222222222 0.1796875 0.4444444444444444 0.1796875 0.4513888888888889 0.16796875 0.4618055555555556 0.15625 0.4618055555555556 0.150390625 0.4548611111111111 0.146484375 0.4548611111111111 0.14453125 0.4513888888888889 0.14453125 0.4409722222222222 0.150390625 0.4340277777777778 0.16796875 0.4340277777777778 0.17578125 0.4409722222222222
0 0.431640625 0.2777777777777778 0.43359375 0.2881944444444444 0.4296875 0.2986111111111111 0.423828125 0.2986111111111111 0.419921875 0.2916666666666667 0.419921875 0.2847222222222222 0.423828125 0.2777777777777778 0.4296875 0.2777777777777778
0 0.59375 0.2777777777777778 0.615234375 0.2777777777777778 0.615234375 0.2847222222222222 0.623046875 0.2916666666666667 0.625 0.2986111111111111 0.625 0.3090277777777778 0.607421875 0.3055555555555556 0.60546875 0.3020833333333333 0.595703125 0.3020833333333333 0.591796875 0.2951388888888889 0.591796875 0.2847222222222222 0.59375 0.28125
0 0.78125 0.4201388888888889 0.783203125 0.4236111111111111 0.7890625 0.4236111111111111 0.791015625 0.4270833333333333 0.796875 0.4270833333333333 0.80078125 0.4305555555555556 0.8046875 0.4375 0.80078125 0.4409722222222222 0.794921875 0.4409722222222222 0.79296875 0.4375 0.755859375 0.4340277777777778 0.755859375 0.4166666666666667 0.7578125 0.4131944444444444 0.771484375 0.4131944444444444 0.779296875 0.4201388888888889
0 0.599609375 0.2326388888888889 0.603515625 0.23958333333333334 0.603515625 0.2534722222222222 0.59375 0.2708333333333333 0.583984375 0.2743055555555556 0.578125 0.28125 0.5703125 0.2708333333333333 0.5703125 0.2604166666666667 0.572265625 0.2569444444444444 0.5703125 0.25 0.5703125 0.23958333333333334 0.578125 0.2326388888888889 0.591796875 0.2326388888888889 0.59375 0.22916666666666666 0.59765625 0.2326388888888889
0 0.333984375 0.2534722222222222 0.333984375 0.2604166666666667 0.330078125 0.2743055555555556 0.32421875 0.2743055555555556 0.322265625 0.2777777777777778 0.310546875 0.2777777777777778 0.30859375 0.28125 0.28125 0.28125 0.279296875 0.2847222222222222 0.26171875 0.2847222222222222 0.2578125 0.28125 0.2578125 0.2708333333333333 0.263671875 0.2638888888888889 0.267578125 0.2638888888888889 0.26953125 0.2604166666666667 0.28125 0.2604166666666667 0.283203125 0.2569444444444444 0.30078125 0.2569444444444444 0.302734375 0.2534722222222222 0.33203125 0.2534722222222222
0 0.677734375 0.7152777777777778 0.693359375 0.7152777777777778 0.6953125 0.71875 0.69921875 0.71875 0.70703125 0.7326388888888888 0.72265625 0.75 0.724609375 0.7604166666666666 0.728515625 0.7673611111111112 0.724609375 0.78125 0.720703125 0.78125 0.712890625 0.7604166666666666 0.703125 0.7534722222222222 0.6953125 0.7430555555555556 0.689453125 0.7430555555555556 0.677734375 0.71875
0 0.673828125 0.4652777777777778 0.689453125 0.4930555555555556 0.70703125 0.5451388888888888 0.712890625 0.5520833333333334 0.712890625 0.5590277777777778 0.70703125 0.5590277777777778 0.701171875 0.5486111111111112 0.69921875 0.5486111111111112 0.6796875 0.5138888888888888 0.671875 0.4930555555555556 0.662109375 0.4756944444444444 0.66015625 0.46875 0.66015625 0.4618055555555556 0.662109375 0.4583333333333333 0.66796875 0.4583333333333333 0.671875 0.4652777777777778
0 0.998046875 0.375 0.998046875 0.3923611111111111 0.986328125 0.3958333333333333 0.984375 0.3993055555555556 0.9765625 0.3993055555555556 0.974609375 0.4027777777777778 0.962890625 0.4027777777777778 0.9609375 0.40625 0.927734375 0.3993055555555556 0.923828125 0.3923611111111111 0.927734375 0.3854166666666667 0.943359375 0.3819444444444444 0.9453125 0.3784722222222222 0.95703125 0.3784722222222222 0.958984375 0.375 0.99609375 0.375
0 0.69921875 0.3854166666666667 0.703125 0.3958333333333333 0.703125 0.4027777777777778 0.689453125 0.4236111111111111 0.68359375 0.4236111111111111 0.681640625 0.4270833333333333 0.642578125 0.4270833333333333 0.640625 0.4305555555555556 0.634765625 0.4305555555555556 0.6328125 0.4270833333333333 0.63671875 0.4166666666666667 0.650390625 0.4131944444444444 0.66015625 0.4027777777777778 0.673828125 0.3993055555555556 0.685546875 0.3888888888888889 0.697265625 0.3854166666666667
0 0.7796875 0.29953703703703705 0.08645833333333333 0.025
0 0.123046875 0.4861111111111111 0.125 0.4895833333333333 0.125 0.5 0.119140625 0.5173611111111112 0.109375 0.5173611111111112 0.10546875 0.5069444444444444 0.111328125 0.4895833333333333 0.1171875 0.4895833333333333 0.12109375 0.4861111111111111
0 0.150390625 0.3854166666666667 0.154296875 0.3923611111111111 0.154296875 0.3993055555555556 0.14453125 0.3958333333333333 0.119140625 0.4131944444444444 0.11328125 0.4131944444444444 0.10546875 0.4201388888888889 0.09375 0.4201388888888889 0.091796875 0.4236111111111111 0.076171875 0.4236111111111111 0.07421875 0.4201388888888889 0.076171875 0.4131944444444444 0.091796875 0.3993055555555556 0.09765625 0.3993055555555556 0.10546875 0.3923611111111111 0.12109375 0.3888888888888889 0.123046875 0.3854166666666667 0.1484375 0.3854166666666667
0 0.189453125 0.3819444444444444 0.197265625 0.3819444444444444 0.201171875 0.3854166666666667 0.203125 0.3888888888888889 0.205078125 0.40625 0.2109375 0.4166666666666667 0.2109375 0.4236111111111111 0.197265625 0.4201388888888889 0.19140625 0.40625 0.189453125 0.3854166666666667
0 0.453125 0.4166666666666667 0.466796875 0.40625 0.47265625 0.40625 0.47265625 0.4131944444444444 0.474609375 0.4166666666666667 0.474609375 0.4236111111111111 0.47265625 0.4270833333333333 0.4609375 0.4270833333333333 0.455078125 0.4201388888888889
0 0.6171875 0.2743055555555556 0.619140625 0.2777777777777778 0.630859375 0.2777777777777778 0.6328125 0.2847222222222222 0.623046875 0.2916666666666667 0.607421875 0.2881944444444444 0.60546875 0.2847222222222222 0.595703125 0.28125 0.59765625 0.2743055555555556 0.615234375 0.2743055555555556
0 0.947265625 0.5729166666666666 0.94921875 0.5763888888888888 0.94921875 0.5833333333333334 0.947265625 0.5868055555555556 0.931640625 0.59375 0.92578125 0.6006944444444444 0.919921875 0.6006944444444444 0.91796875 0.5972222222222222 0.904296875 0.5972222222222222 0.900390625 0.6006944444444444 0.8984375 0.5972222222222222 0.89453125 0.5972222222222222 0.896484375 0.5902777777777778 0.900390625 0.5902777777777778 0.912109375 0.5798611111111112 0.92578125 0.5763888888888888 0.927734375 0.5729166666666666 0.9453125 0.5729166666666666
0 0.265625 0.6215277777777778 0.267578125 0.625 0.275390625 0.625 0.28125 0.6319444444444444 0.28515625 0.6319444444444444 0.296875 0.6493055555555556 0.296875 0.65625 0.30078125 0.6701388888888888 0.30078125 0.6875 0.296875 0.6944444444444444 0.28515625 0.7048611111111112 0.26953125 0.7291666666666666 0.25 0.7430555555555556 0.24609375 0.7430555555555556 0.244140625 0.7395833333333334 0.232421875 0.7534722222222222 0.232421875 0.7013888888888888 0.234375 0.6979166666666666 0.234375 0.6875 0.240234375 0.6736111111111112 0.240234375 0.65625 0.25 0.6354166666666666 0.263671875 0.625
0 0.294921875 0.3090277777777778 0.296875 0.3125 0.3203125 0.3159722222222222 0.333984375 0.3263888888888889 0.34375 0.3263888888888889 0.34765625 0.3298611111111111 0.34765625 0.3368055555555556 0.345703125 0.3402777777777778 0.333984375 0.3402777777777778 0.33203125 0.34375 0.330078125 0.3402777777777778 0.296875 0.3402777777777778 0.294921875 0.34375 0.28515625 0.34375 0.283203125 0.3402777777777778 0.265625 0.3368055555555556 0.25390625 0.3229166666666667 0.25390625 0.3159722222222222 0.255859375 0.3125 0.259765625 0.3090277777777778 0.29296875 0.3090277777777778
0 0.7421875 0.3541666666666667 0.75 0.3611111111111111 0.751953125 0.3680555555555556 0.751953125 0.3784722222222222 0.755859375 0.3923611111111111 0.755859375 0.4201388888888889 0.75390625 0.4236111111111111 0.751953125 0.4618055555555556 0.744140625 0.4652777777777778 0.74609375 0.4618055555555556 0.74609375 0.4375 0.744140625 0.4340277777777778 0.744140625 0.4166666666666667 0.7421875 0.4131944444444444 0.7421875 0.3576388888888889
0 0.798828125 0.375 0.806640625 0.3819444444444444 0.814453125 0.3819444444444444 0.822265625 0.3958333333333333 0.82421875 0.3958333333333333 0.82421875 0.3993055555555556 0.8203125 0.3958333333333333 0.814453125 0.3958333333333333 0.8125 0.3923611111111111 0.794921875 0.3923611111111111 0.79296875 0.3958333333333333 0.7578125 0.3993055555555556 0.7578125 0.3854166666666667 0.755859375 0.3819444444444444 0.755859375 0.375 0.7578125 0.3715277777777778 0.783203125 0.3715277777777778 0.78515625 0.375 0.796875 0.375
0 0.134765625 0.3333333333333333 0.140625 0.3402777777777778 0.14453125 0.3402777777777778 0.150390625 0.3506944444444444 0.150390625 0.3541666666666667 0.14453125 0.3645833333333333 0.138671875 0.3645833333333333 0.1328125 0.3576388888888889 0.125 0.3576388888888889 0.1171875 0.3506944444444444 0.1171875 0.3402777777777778 0.123046875 0.3333333333333333 0.1328125 0.3333333333333333
0 0.609375 0.2152777777777778 0.611328125 0.21875 0.623046875 0.2222222222222222 0.638671875 0.2361111111111111 0.640625 0.24305555555555555 0.6484375 0.2569444444444444 0.650390625 0.2569444444444444 0.64453125 0.2777777777777778 0.642578125 0.2673611111111111 0.638671875 0.2604166666666667 0.603515625 0.2534722222222222 0.603515625 0.24305555555555555 0.59765625 0.22916666666666666 0.59765625 0.21875 0.6015625 0.2152777777777778 0.607421875 0.2152777777777778
0 0.330078125 0.3368055555555556 0.33203125 0.3402777777777778 0.33984375 0.3402777777777778 0.341796875 0.34375 0.33203125 0.34375 0.330078125 0.3472222222222222 0.326171875 0.3472222222222222 0.318359375 0.3541666666666667 0.310546875 0.3541666666666667 0.30859375 0.3576388888888889 0.2890625 0.3541666666666667 0.287109375 0.3506944444444444 0.287109375 0.34375 0.30078125 0.34375 0.302734375 0.3402777777777778 0.3125 0.3402777777777778 0.314453125 0.3368055555555556 0.328125 0.3368055555555556
0 0.87109375 0.6840277777777778 0.89453125 0.7048611111111112 0.900390625 0.7152777777777778 0.8984375 0.71875 0.884765625 0.71875 0.8828125 0.7152777777777778 0.873046875 0.7118055555555556 0.861328125 0.6979166666666666 0.85546875 0.6979166666666666 0.849609375 0.6909722222222222 0.845703125 0.6909722222222222 0.837890625 0.6840277777777778 0.828125 0.6840277777777778 0.826171875 0.6770833333333334 0.83203125 0.6701388888888888 0.8359375 0.6736111111111112 0.8515625 0.6736111111111112 0.853515625 0.6770833333333334 0.861328125 0.6770833333333334 0.869140625 0.6840277777777778
0 0.197265625 0.3368055555555556 0.201171875 0.3402777777777778 0.203125 0.3472222222222222 0.201171875 0.3541666666666667 0.193359375 0.3645833333333333 0.177734375 0.3645833333333333 0.16796875 0.3576388888888889 0.16015625 0.3576388888888889 0.154296875 0.3506944444444444 0.154296875 0.34375 0.162109375 0.3368055555555556 0.1953125 0.3368055555555556
0 0.330078125 0.3923611111111111 0.333984375 0.4027777777777778 0.33203125 0.4097222222222222 0.326171875 0.4166666666666667 0.3203125 0.4131944444444444 0.318359375 0.40625 0.318359375 0.3958333333333333 0.32421875 0.3888888888888889 0.328125 0.3923611111111111
0 0.837890625 0.4166666666666667 0.83984375 0.4201388888888889 0.837890625 0.4340277777777778 0.828125 0.4479166666666667 0.822265625 0.4479166666666667 0.82421875 0.4305555555555556 0.830078125 0.4166666666666667 0.8359375 0.4166666666666667
0 0.578125 0.4270833333333333 0.595703125 0.4270833333333333 0.59765625 0.4305555555555556 0.6015625 0.4305555555555556 0.60546875 0.4375 0.60546875 0.4409722222222222 0.599609375 0.4479166666666667 0.58984375 0.4479166666666667 0.58203125 0.4409722222222222 0.578125 0.4305555555555556
0 0.19895833333333332 0.4421296296296296 0.03854166666666667 0.036111111111111115
0 0.21927083333333333 0.38981481481481484 0.035416666666666666 0.025925925925925925
0 0.125 0.46875 0.125 0.4791666666666667 0.119140625 0.4895833333333333 0.111328125 0.4895833333333333 0.10546875 0.46875 0.107421875 0.4652777777777778 0.12109375 0.4652777777777778 0.123046875 0.46875
0 0.1171875 0.3125 0.126953125 0.3020833333333333 0.15625 0.2881944444444444 0.15625 0.2916666666666667 0.150390625 0.3020833333333333 0.140625 0.3125 0.1328125 0.3263888888888889 0.12109375 0.3263888888888889 0.1171875 0.3229166666666667 0.1171875 0.3159722222222222
0 0.75 0.2569444444444444 0.751953125 0.2604166666666667 0.7734375 0.2604166666666667 0.775390625 0.2569444444444444 0.787109375 0.2569444444444444 0.787109375 0.2604166666666667 0.779296875 0.2673611111111111 0.763671875 0.2708333333333333 0.76171875 0.2743055555555556 0.75390625 0.2743055555555556 0.751953125 0.2777777777777778 0.71875 0.2777777777777778 0.708984375 0.2708333333333333 0.708984375 0.2638888888888889 0.712890625 0.2638888888888889 0.71484375 0.2604166666666667 0.724609375 0.2604166666666667 0.7265625 0.2569444444444444 0.748046875 0.2569444444444444
0 0.505859375 0.2847222222222222 0.505859375 0.2986111111111111 0.50390625 0.3020833333333333 0.49609375 0.3020833333333333 0.48828125 0.2951388888888889 0.48828125 0.2881944444444444 0.490234375 0.2847222222222222 0.498046875 0.2847222222222222 0.5 0.28125 0.50390625 0.2847222222222222
0 0.6171875 0.3576388888888889 0.6171875 0.3680555555555556 0.615234375 0.3715277777777778 0.599609375 0.3819444444444444 0.57421875 0.3819444444444444 0.572265625 0.3784722222222222 0.546875 0.3784722222222222 0.54296875 0.3819444444444444 0.54296875 0.3715277777777778 0.546875 0.3645833333333333 0.55859375 0.3611111111111111 0.57421875 0.3506944444444444 0.5859375 0.3506944444444444 0.587890625 0.3472222222222222 0.591796875 0.3506944444444444 0.607421875 0.3506944444444444 0.615234375 0.3576388888888889
0 0.2734375 0.3923611111111111 0.2734375 0.4270833333333333 0.26171875 0.4201388888888889 0.25 0.3993055555555556 0.25 0.3958333333333333 0.2578125 0.3854166666666667 0.271484375 0.3923611111111111
0 0.2265625 0.23958333333333334 0.228515625 0.2534722222222222 0.216796875 0.2534722222222222 0.205078125 0.2638888888888889 0.181640625 0.2638888888888889 0.171875 0.2569444444444444 0.171875 0.2465277777777778 0.177734375 0.23958333333333334 0.18359375 0.23958333333333334 0.185546875 0.2361111111111111 0.21875 0.2361111111111111 0.220703125 0.23958333333333334 0.224609375 0.23958333333333334
0 0.119140625 0.3715277777777778 0.12109375 0.375 0.1328125 0.375 0.134765625 0.3819444444444444 0.12890625 0.3819444444444444 0.126953125 0.3854166666666667 0.11328125 0.3854166666666667 0.10546875 0.3923611111111111 0.087890625 0.3958333333333333 0.0859375 0.3993055555555556 0.0625 0.3958333333333333 0.056640625 0.3819444444444444 0.05859375 0.375 0.0703125 0.375 0.072265625 0.3715277777777778 0.1171875 0.3715277777777778
0 0.744140625 0.3159722222222222 0.748046875 0.3194444444444444 0.74609375 0.3263888888888889 0.734375 0.3263888888888889 0.732421875 0.3298611111111111 0.720703125 0.3298611111111111 0.71875 0.3333333333333333 0.6953125 0.3333333333333333 0.69140625 0.3263888888888889 0.69140625 0.3194444444444444 0.6953125 0.3125 0.724609375 0.3125 0.7265625 0.3159722222222222 0.7421875 0.3159722222222222
0 0.916015625 0.4965277777777778 0.923828125 0.5069444444444444 0.921875 0.5138888888888888 0.916015625 0.5173611111111112 0.90625 0.53125 0.88671875 0.53125 0.884765625 0.5347222222222222 0.8828125 0.5347222222222222 0.8828125 0.5208333333333334 0.88671875 0.5138888888888888 0.90234375 0.5 0.9140625 0.4965277777777778
0 0.75 0.3125 0.763671875 0.3125 0.765625 0.3090277777777778 0.787109375 0.3125 0.7890625 0.3159722222222222 0.798828125 0.3194444444444444 0.810546875 0.3368055555555556 0.80859375 0.3402777777777778 0.8046875 0.3402777777777778 0.802734375 0.3368055555555556 0.7890625 0.3368055555555556 0.779296875 0.3263888888888889 0.75390625 0.3229166666666667 0.75 0.3194444444444444 0.75 0.3159722222222222
0 0.9140625 0.5972222222222222 0.916015625 0.6006944444444444 0.923828125 0.6006944444444444 0.931640625 0.6076388888888888 0.9375 0.6180555555555556 0.947265625 0.625 0.953125 0.6354166666666666 0.951171875 0.6423611111111112 0.93359375 0.6423611111111112 0.9140625 0.625 0.908203125 0.6145833333333334 0.90234375 0.6111111111111112 0.8984375 0.6041666666666666 0.8984375 0.6006944444444444 0.908203125 0.6006944444444444 0.912109375 0.5972222222222222
0 0.994140625 0.3958333333333333 0.998046875 0.3958333333333333 0.998046875 0.4131944444444444 0.994140625 0.4097222222222222 0.994140625 0.3993055555555556
0 0.775390625 0.4618055555555556 0.77734375 0.4652777777777778 0.79296875 0.4652777777777778 0.794921875 0.46875 0.822265625 0.46875 0.822265625 0.4756944444444444 0.8203125 0.4791666666666667 0.802734375 0.4791666666666667 0.80078125 0.4826388888888889 0.787109375 0.4826388888888889 0.78515625 0.4861111111111111 0.740234375 0.4861111111111111 0.73828125 0.4826388888888889 0.728515625 0.4826388888888889 0.7265625 0.4791666666666667 0.7265625 0.4722222222222222 0.736328125 0.4652777777777778 0.744140625 0.46875 0.74609375 0.4652777777777778 0.75390625 0.4652777777777778 0.755859375 0.4618055555555556 0.7734375 0.4618055555555556
0 0.4296875 0.3159722222222222 0.4296875 0.3263888888888889 0.42578125 0.3333333333333333 0.419921875 0.3333333333333333 0.416015625 0.3263888888888889 0.416015625 0.3194444444444444 0.41796875 0.3159722222222222 0.427734375 0.3159722222222222
0 0.08567708333333333 0.3472222222222222 0.0734375 0.04074074074074074
0 0.345703125 0.4965277777777778 0.345703125 0.5243055555555556 0.349609375 0.53125 0.361328125 0.5347222222222222 0.361328125 0.5381944444444444 0.353515625 0.5347222222222222 0.341796875 0.5520833333333334 0.337890625 0.5694444444444444 0.337890625 0.5833333333333334 0.3359375 0.5868055555555556 0.3046875 0.5868055555555556 0.302734375 0.5902777777777778 0.29296875 0.5902777777777778 0.28125 0.6006944444444444 0.2734375 0.6180555555555556 0.2578125 0.6180555555555556 0.248046875 0.6319444444444444 0.240234375 0.6319444444444444 0.23828125 0.6284722222222222 0.220703125 0.6284722222222222 0.2109375 0.6215277777777778 0.220703125 0.6041666666666666 0.220703125 0.6006944444444444 0.248046875 0.5555555555555556 0.25390625 0.5520833333333334 0.259765625 0.5416666666666666 0.283203125 0.5208333333333334 0.287109375 0.5208333333333334 0.291015625 0.5138888888888888 0.302734375 0.5104166666666666 0.3046875 0.5069444444444444 0.310546875 0.5069444444444444 0.3125 0.5034722222222222 0.318359375 0.5034722222222222 0.3203125 0.5 0.3359375 0.5 0.337890625 0.4965277777777778 0.34375 0.4965277777777778