0 0.34765625 0.8432055749128919 0.36328125 0.8432055749128919 0.365234375 0.8501742160278746 0.37890625 0.8536585365853658 0.380859375 0.8571428571428571 0.384765625 0.8571428571428571 0.388671875 0.8641114982578397 0.388671875 0.8815331010452961 0.38671875 0.8850174216027874 0.3828125 0.8850174216027874 0.376953125 0.8954703832752613 0.369140625 0.9024390243902439 0.365234375 0.9024390243902439 0.36328125 0.9059233449477352 0.34765625 0.9059233449477352 0.345703125 0.9094076655052264 0.337890625 0.9094076655052264 0.330078125 0.9163763066202091 0.3203125 0.9163763066202091 0.3125 0.9094076655052264 0.306640625 0.9163763066202091 0.298828125 0.9163763066202091 0.296875 0.9198606271777003 0.296875 0.8954703832752613 0.294921875 0.8885017421602788 0.2890625 0.8815331010452961 0.2890625 0.8780487804878049 0.29296875 0.8780487804878049 0.30078125 0.8850174216027874 0.310546875 0.8850174216027874 0.328125 0.8571428571428571 0.33203125 0.8536585365853658 0.33984375 0.8536585365853658 0.34765625 0.8466898954703833
0 0.94140625 0.17421602787456447 0.94140625 0.17770034843205576 0.953125 0.20209059233449478 0.953125 0.20905923344947736 0.955078125 0.21254355400696864 0.955078125 0.23693379790940766 0.95703125 0.24041811846689895 0.95703125 0.2578397212543554 0.955078125 0.2613240418118467 0.947265625 0.2613240418118467 0.9375 0.2508710801393728 0.931640625 0.2508710801393728 0.927734375 0.24738675958188153 0.927734375 0.23693379790940766 0.931640625 0.23344947735191637 0.931640625 0.2264808362369338 0.9296875 0.2229965156794425 0.9296875 0.20209059233449478 0.923828125 0.1916376306620209 0.921875 0.1916376306620209 0.927734375 0.18815331010452963 0.935546875 0.1672473867595819 0.9375 0.1672473867595819 0.939453125 0.17421602787456447
0 0.75 0.519163763066202 0.751953125 0.519163763066202 0.7578125 0.5087108013937283 0.759765625 0.5087108013937283 0.76171875 0.5156794425087108 0.759765625 0.5609756097560976 0.755859375 0.5714285714285714 0.748046875 0.578397212543554 0.7421875 0.578397212543554 0.73828125 0.5749128919860628 0.740234375 0.5749128919860628 0.75 0.5574912891986062 0.75 0.5226480836236934
0 0.50390625 0.1951219512195122 0.5234375 0.1951219512195122 0.5234375 0.1986062717770035 0.533203125 0.21254355400696864 0.53125 0.2229965156794425 0.525390625 0.2264808362369338 0.521484375 0.23344947735191637 0.5 0.23344947735191637 0.498046875 0.23693379790940766 0.48828125 0.23693379790940766 0.482421875 0.22996515679442509 0.482421875 0.2229965156794425 0.484375 0.2229965156794425 0.490234375 0.20905923344947736 0.498046875 0.20557491289198607 0.50390625 0.1986062717770035
0 0.49609375 0.6376306620209059 0.51171875 0.6376306620209059 0.513671875 0.6411149825783972 0.51171875 0.6585365853658537 0.505859375 0.6724738675958188 0.501953125 0.6759581881533101 0.4921875 0.6759581881533101 0.490234375 0.6794425087108014 0.47265625 0.6794425087108014 0.470703125 0.6759581881533101 0.470703125 0.6724738675958188 0.484375 0.6515679442508711 0.49609375 0.6411149825783972
0 0.501953125 0.30662020905923343 0.509765625 0.30662020905923343 0.509765625 0.3170731707317073 0.51171875 0.3205574912891986 0.509765625 0.3693379790940767 0.501953125 0.3902439024390244 0.49609375 0.4181184668989547 0.4921875 0.42160278745644597 0.4921875 0.42857142857142855 0.490234375 0.43205574912891986 0.4921875 0.4564459930313589 0.48828125 0.4564459930313589 0.484375 0.445993031358885 0.4765625 0.43902439024390244 0.4765625 0.4250871080139373 0.48046875 0.42160278745644597 0.48046875 0.37282229965156793 0.48828125 0.34494773519163763 0.48828125 0.3344947735191638 0.4921875 0.3240418118466899 0.501953125 0.31010452961672474
0 0.38671875 0.7665505226480837 0.3984375 0.7839721254355401 0.3984375 0.7909407665505227 0.39453125 0.7979094076655052 0.3828125 0.7979094076655052 0.380859375 0.794425087108014 0.375 0.794425087108014 0.365234375 0.7804878048780488 0.365234375 0.7735191637630662 0.3671875 0.7700348432055749 0.384765625 0.7665505226480837
0 0.85546875 0.5435540069686411 0.859375 0.5574912891986062 0.85546875 0.5574912891986062 0.84765625 0.5644599303135889 0.84375 0.5749128919860628 0.830078125 0.5888501742160279 0.810546875 0.5888501742160279 0.810546875 0.5818815331010453 0.814453125 0.578397212543554 0.818359375 0.5609756097560976 0.833984375 0.5470383275261324 0.853515625 0.5435540069686411
0 0.615234375 0.397212543554007 0.619140625 0.39372822299651566 0.625 0.39372822299651566 0.626953125 0.397212543554007 0.625 0.4181184668989547 0.61328125 0.43902439024390244 0.59375 0.43902439024390244 0.59765625 0.43205574912891986 0.59765625 0.4250871080139373 0.60546875 0.41114982578397213 0.615234375 0.40069686411149824
0 0.375 0.6097560975609756 0.38671875 0.6097560975609756 0.388671875 0.6167247386759582 0.38671875 0.6236933797909407 0.38671875 0.6411149825783972 0.37890625 0.662020905923345 0.357421875 0.6829268292682927 0.349609375 0.7038327526132404 0.345703125 0.7003484320557491 0.345703125 0.6898954703832753 0.33984375 0.6794425087108014 0.333984375 0.6759581881533101 0.34375 0.6759581881533101 0.34765625 0.6724738675958188 0.3515625 0.6655052264808362 0.3515625 0.6550522648083623 0.361328125 0.627177700348432 0.36328125 0.627177700348432 0.369140625 0.6167247386759582 0.373046875 0.6167247386759582 0.375 0.6132404181184669
0 0.166015625 0.11149825783972125 0.1796875 0.11149825783972125 0.181640625 0.11846689895470383 0.181640625 0.13240418118466898 0.1796875 0.13588850174216027 0.1796875 0.14634146341463414 0.17578125 0.156794425087108 0.17578125 0.16376306620209058 0.169921875 0.17421602787456447 0.166015625 0.17421602787456447 0.15625 0.18466898954703834 0.15234375 0.1951219512195122 0.15234375 0.20209059233449478 0.154296875 0.20557491289198607 0.150390625 0.20905923344947736 0.1484375 0.20905923344947736 0.1484375 0.20557491289198607 0.140625 0.1916376306620209 0.134765625 0.18815331010452963 0.138671875 0.17770034843205576 0.13671875 0.17073170731707318 0.138671875 0.1672473867595819 0.138671875 0.1602787456445993 0.142578125 0.15331010452961671 0.14453125 0.13937282229965156 0.154296875 0.12195121951219512 0.158203125 0.11846689895470383 0.1640625 0.11846689895470383 0.166015625 0.11498257839721254
0 0.4609375 0.2682926829268293 0.466796875 0.2682926829268293 0.46875 0.27177700348432055 0.466796875 0.31010452961672474 0.451171875 0.3344947735191638 0.439453125 0.3344947735191638 0.4375 0.33797909407665505 0.431640625 0.33797909407665505 0.43359375 0.3310104529616725 0.4296875 0.32752613240418116 0.435546875 0.3240418118466899 0.44140625 0.30662020905923343 0.455078125 0.28222996515679444 0.455078125 0.2787456445993031 0.4609375 0.27177700348432055
0 0.349609375 0.578397212543554 0.35546875 0.5888501742160279 0.353515625 0.6132404181184669 0.34765625 0.6202090592334495 0.328125 0.6550522648083623 0.328125 0.6585365853658537 0.326171875 0.6585365853658537 0.3203125 0.6689895470383276 0.30859375 0.6689895470383276 0.291015625 0.686411149825784 0.283203125 0.686411149825784 0.28125 0.6898954703832753 0.27734375 0.6898954703832753 0.271484375 0.6829268292682927 0.26171875 0.6829268292682927 0.2421875 0.7142857142857143 0.23828125 0.7177700348432056 0.228515625 0.7177700348432056 0.2265625 0.7212543554006968 0.2265625 0.7142857142857143 0.236328125 0.6968641114982579 0.236328125 0.6898954703832753 0.23828125 0.686411149825784 0.23828125 0.6829268292682927 0.232421875 0.6724738675958188 0.236328125 0.662020905923345 0.2578125 0.6585365853658537 0.263671875 0.6480836236933798 0.263671875 0.6411149825783972 0.267578125 0.6376306620209059 0.2734375 0.6236933797909407 0.30859375 0.5818815331010453 0.3125 0.5818815331010453 0.314453125 0.578397212543554 0.326171875 0.578397212543554 0.328125 0.5749128919860628 0.341796875 0.5749128919860628 0.34375 0.578397212543554 0.34765625 0.578397212543554
0 0.234375 0.07665505226480836 0.244140625 0.07665505226480836 0.244140625 0.08013937282229965 0.248046875 0.08362369337979095 0.24609375 0.1254355400696864 0.23828125 0.13937282229965156 0.23046875 0.1602787456445993 0.2265625 0.16376306620209058 0.21484375 0.18815331010452963 0.212890625 0.1986062717770035 0.203125 0.21951219512195122 0.1953125 0.21951219512195122 0.193359375 0.21602787456445993 0.185546875 0.2264808362369338 0.18359375 0.23344947735191637 0.18359375 0.25435540069686413 0.177734375 0.27526132404181186 0.177734375 0.28222996515679444 0.171875 0.2857142857142857 0.173828125 0.28222996515679444 0.173828125 0.24041811846689895 0.169921875 0.23344947735191637 0.15234375 0.23344947735191637 0.150390625 0.23693379790940766 0.142578125 0.23693379790940766 0.146484375 0.2264808362369338 0.166015625 0.21602787456445993 0.171875 0.20905923344947736 0.173828125 0.20209059233449478 0.173828125 0.17421602787456447 0.177734375 0.1672473867595819 0.177734375 0.1602787456445993 0.18359375 0.14285714285714285 0.19140625 0.1289198606271777 0.19140625 0.12195121951219512 0.193359375 0.12195121951219512 0.21484375 0.09059233449477352 0.224609375 0.08362369337979095 0.232421875 0.08362369337979095 0.234375 0.08013937282229965
0 0.43359375 0.5958188153310104 0.439453125 0.6027874564459931 0.439453125 0.6097560975609756 0.44140625 0.6132404181184669 0.44140625 0.6236933797909407 0.439453125 0.627177700348432 0.427734375 0.627177700348432 0.42578125 0.6236933797909407 0.419921875 0.6236933797909407 0.4140625 0.6167247386759582 0.41015625 0.6167247386759582 0.40234375 0.6097560975609756 0.40234375 0.6062717770034843 0.41015625 0.5993031358885017 0.416015625 0.5993031358885017 0.41796875 0.5958188153310104 0.431640625 0.5958188153310104
0 0.40234375 0.20905923344947736 0.40625 0.20905923344947736 0.41015625 0.21602787456445993 0.41015625 0.22996515679442509 0.412109375 0.23344947735191637 0.412109375 0.25435540069686413 0.41015625 0.2578397212543554 0.41015625 0.26480836236933797 0.40625 0.27177700348432055 0.40625 0.2787456445993031 0.400390625 0.2857142857142857 0.39453125 0.2857142857142857 0.384765625 0.27177700348432055 0.38671875 0.26480836236933797 0.390625 0.26480836236933797 0.39453125 0.2578397212543554 0.396484375 0.23693379790940766 0.400390625 0.23344947735191637 0.400390625 0.21602787456445993 0.40234375 0.21254355400696864
0 0.37109375 0.6724738675958188 0.376953125 0.6724738675958188 0.376953125 0.6759581881533101 0.380859375 0.6794425087108014 0.3828125 0.686411149825784 0.37890625 0.7142857142857143 0.376953125 0.7177700348432056 0.365234375 0.7177700348432056 0.36328125 0.7212543554006968 0.353515625 0.7212543554006968 0.3515625 0.7177700348432056 0.34765625 0.7177700348432056 0.34765625 0.710801393728223 0.3515625 0.7073170731707317 0.35546875 0.6898954703832753 0.36328125 0.6794425087108014 0.369140625 0.6794425087108014 0.37109375 0.6759581881533101
0 0.966796875 0.6445993031358885 0.96875 0.6480836236933798 0.974609375 0.6480836236933798 0.98046875 0.662020905923345 0.98046875 0.6689895470383276 0.974609375 0.6759581881533101 0.958984375 0.6759581881533101 0.95703125 0.6724738675958188 0.9375 0.6689895470383276 0.93359375 0.6655052264808362 0.931640625 0.6585365853658537 0.9296875 0.6585365853658537 0.9296875 0.6550522648083623 0.9375 0.6480836236933798 0.9453125 0.6480836236933798 0.947265625 0.6445993031358885 0.96484375 0.6445993031358885
0 0 0.041811846689895474 0.0078125 0.041811846689895474 0.01171875 0.04878048780487805 0.01171875 0.0627177700348432 0.0078125 0.07665505226480836 0.0078125 0.08710801393728224 0.00390625 0.08710801393728224 0.001953125 0.09407665505226481 0 0.09407665505226481 0 0.04529616724738676
0 0.7265625 0.4181184668989547 0.7421875 0.4181184668989547 0.7421875 0.4355400696864111 0.734375 0.46689895470383275 0.732421875 0.46689895470383275 0.716796875 0.4912891986062718 0.7109375 0.4912891986062718 0.708984375 0.49477351916376305 0.705078125 0.49477351916376305 0.703125 0.4912891986062718 0.69140625 0.4912891986062718 0.69140625 0.4878048780487805 0.697265625 0.4878048780487805 0.705078125 0.47735191637630664 0.712890625 0.4425087108013937 0.71875 0.43205574912891986 0.71875 0.42857142857142855 0.7265625 0.42160278745644597
0 0.01171875 0.6306620209059234 0.013671875 0.627177700348432 0.015625 0.5993031358885017 0.0234375 0.5749128919860628 0.03515625 0.554006968641115 0.0390625 0.5505226480836237 0.048828125 0.5505226480836237 0.046875 0.578397212543554 0.041015625 0.5958188153310104 0.01953125 0.6306620209059234 0.013671875 0.6341463414634146
0 0.220703125 0.05226480836236934 0.23046875 0.05226480836236934 0.232421875 0.059233449477351915 0.23046875 0.08013937282229965 0.21875 0.08362369337979095 0.19921875 0.10801393728222997 0.1953125 0.11846689895470383 0.189453125 0.11846689895470383 0.1875 0.12195121951219512 0.189453125 0.11846689895470383 0.189453125 0.0975609756097561 0.193359375 0.08362369337979095 0.20703125 0.0627177700348432 0.21875 0.059233449477351915 0.220703125 0.05574912891986063
0 0.908203125 0.9721254355400697 0.912109375 0.9721254355400697 0.9140625 0.9686411149825784 0.931640625 0.9721254355400697 0.93359375 0.9790940766550522 0.943359375 0.9825783972125436 0.9453125 0.9895470383275261 0.943359375 0.9965156794425087 0.890625 0.9965156794425087 0.896484375 0.9895470383275261 0.8984375 0.9825783972125436 0.908203125 0.975609756097561
0 0.59765625 0.4425087108013937 0.615234375 0.4425087108013937 0.6171875 0.44947735191637633 0.623046875 0.4529616724738676 0.626953125 0.45993031358885017 0.626953125 0.47735191637630664 0.619140625 0.4843205574912892 0.61328125 0.4843205574912892 0.611328125 0.4808362369337979 0.607421875 0.4808362369337979 0.59765625 0.46689895470383275 0.591796875 0.46689895470383275 0.587890625 0.4634146341463415 0.58984375 0.4634146341463415 0.59765625 0.44947735191637633 0.59765625 0.445993031358885
0 0.0859375 0.003484320557491289 0.08984375 0 0.103515625 0 0.10546875 0.003484320557491289 0.103515625 0.0627177700348432 0.095703125 0.08013937282229965 0.09375 0.10104529616724739 0.091796875 0.10104529616724739 0.0859375 0.11149825783972125 0.087890625 0.14285714285714285 0.08203125 0.1289198606271777 0.0703125 0.11498257839721254 0.0546875 0.11846689895470383 0.0546875 0.11498257839721254 0.056640625 0.11498257839721254 0.0625 0.10452961672473868 0.06640625 0.10452961672473868 0.0703125 0.0975609756097561 0.072265625 0.09059233449477352 0.072265625 0.05226480836236934 0.07421875 0.04878048780487805 0.07421875 0.03484320557491289 0.078125 0.017421602787456445 0.0859375 0.006968641114982578
0 0.951171875 0 0.98046875 0 0.98046875 0.003484320557491289 0.986328125 0.013937282229965157 0.986328125 0.020905923344947737 0.990234375 0.0313588850174216 0.990234375 0.03832752613240418 0.986328125 0.04529616724738676 0.986328125 0.05226480836236934 0.970703125 0.05226480836236934 0.962890625 0.059233449477351915 0.95703125 0.05226480836236934 0.94140625 0.05226480836236934 0.94140625 0.04529616724738676 0.939453125 0.041811846689895474 0.93359375 0.041811846689895474 0.9296875 0.04529616724738676 0.9296875 0.03832752613240418 0.93359375 0.0313588850174216 0.93359375 0.010452961672473868 0.931640625 0.003484320557491289 0.9375 0.003484320557491289 0.939453125 0.006968641114982578 0.94921875 0.006968641114982578 0.951171875 0.003484320557491289
0 0.79788867578125 0.8093555261324041 0.789639990234375 0.791346306620209 0.7807567890625 0.7828713797909408 0.775680673828125 0.7733370836236934 0.771873587890625 0.7733370836236934 0.76743198828125 0.787108843205575 0.771873587890625 0.8082961602787456 0.78266033203125 0.8316022090592334 0.79408158984375 0.8358396724738676 0.79788867578125 0.8305428432055749 0.79788867578125 0.8093555261324041
0 0.75201584765625 0.7881682090592335 0.74948430078125 0.7924056724738675 0.7387252265625 0.7924056724738675 0.73682656640625 0.7849901114982578 0.732396359375 0.7924056724738675 0.73429501953125 0.7955837700348432 0.732396359375 0.8019399651567944 0.73682656640625 0.8061774285714285 0.7412567734375 0.8019399651567944 0.7615091484375 0.7966431358885018 0.7640406953125 0.7807526480836237 0.7589776015625 0.7754558153310105 0.75518028125 0.7754558153310105 0.74821852734375 0.7828713797909408 0.75201584765625 0.7881682090592335