0 0.623046875 0.43205574912891986 0.623046875 0.47038327526132406 0.619140625 0.47038327526132406 0.6171875 0.4738675958188153 0.61328125 0.45993031358885017 0.609375 0.4564459930313589 0.609375 0.445993031358885 0.611328125 0.445993031358885 0.615234375 0.4355400696864111 0.62109375 0.43205574912891986
0 0.619140625 0.34146341463414637 0.623046875 0.33797909407665505 0.623046875 0.3310104529616725 0.626953125 0.3240418118466899 0.638671875 0.313588850174216 0.646484375 0.313588850174216 0.6484375 0.31010452961672474 0.67578125 0.313588850174216 0.67578125 0.32752613240418116 0.673828125 0.3310104529616725 0.669921875 0.3344947735191638 0.6640625 0.3344947735191638 0.65625 0.34146341463414637 0.64453125 0.34146341463414637 0.642578125 0.34494773519163763 0.625 0.34494773519163763 0.62109375 0.34146341463414637
0 0.537109375 0.06620209059233449 0.548828125 0.06620209059233449 0.55078125 0.06968641114982578 0.55078125 0.07665505226480836 0.546875 0.07665505226480836 0.544921875 0.08013937282229965 0.5390625 0.08013937282229965 0.537109375 0.07665505226480836 0.537109375 0.06968641114982578
0 0.546875 0.5017421602787456 0.55078125 0.5017421602787456 0.552734375 0.5052264808362369 0.57421875 0.5017421602787456 0.580078125 0.5121951219512195 0.580078125 0.5331010452961672 0.576171875 0.5365853658536586 0.5625 0.5261324041811847 0.55859375 0.519163763066202 0.548828125 0.519163763066202 0.548828125 0.5087108013937283 0.546875 0.5052264808362369
0 0.66796875 0.8362369337979094 0.66796875 0.867595818815331 0.6640625 0.8710801393728222 0.65234375 0.867595818815331 0.650390625 0.8641114982578397 0.650390625 0.8536585365853658 0.666015625 0.8362369337979094
0 0.435546875 0.04529616724738676 0.439453125 0.04529616724738676 0.439453125 0.0627177700348432 0.42578125 0.0627177700348432 0.421875 0.059233449477351915 0.421875 0.05574912891986063 0.43359375 0.05226480836236934 0.435546875 0.04878048780487805
0 0.365234375 0.11149825783972125 0.373046875 0.11149825783972125 0.373046875 0.13588850174216027 0.359375 0.13240418118466898 0.359375 0.12195121951219512 0.36328125 0.12195121951219512 0.365234375 0.11498257839721254
0 0.3828125 0.024390243902439025 0.384765625 0.027874564459930314 0.388671875 0.027874564459930314 0.390625 0.03484320557491289 0.380859375 0.041811846689895474 0.373046875 0.03484320557491289 0.373046875 0.027874564459930314 0.375 0.024390243902439025 0.380859375 0.024390243902439025
0 0.6171875 0.3344947735191638 0.6171875 0.33797909407665505 0.625 0.34843205574912894 0.625 0.37282229965156793 0.625 0.36585365853658536 0.623046875 0.3623693379790941 0.619140625 0.3623693379790941 0.611328125 0.3832752613240418 0.609375 0.3832752613240418 0.603515625 0.397212543554007 0.599609375 0.39372822299651566 0.587890625 0.39372822299651566 0.583984375 0.3902439024390244 0.583984375 0.3797909407665505 0.587890625 0.37630662020905925 0.587890625 0.36585365853658536 0.591796875 0.3519163763066202 0.599609375 0.34494773519163763 0.61328125 0.34494773519163763 0.6171875 0.33797909407665505
0 0.353515625 0.05574912891986063 0.357421875 0.05226480836236934 0.37109375 0.05226480836236934 0.37109375 0.0627177700348432 0.365234375 0.0627177700348432 0.36328125 0.06620209059233449 0.361328125 0.0627177700348432 0.353515625 0.0627177700348432 0.353515625 0.059233449477351915
0 0.3828125 0.42160278745644597 0.388671875 0.42160278745644597 0.390625 0.4250871080139373 0.40234375 0.4250871080139373 0.404296875 0.42160278745644597 0.41015625 0.42160278745644597 0.412109375 0.4250871080139373 0.412109375 0.43902439024390244 0.41015625 0.4425087108013937 0.39453125 0.4425087108013937 0.388671875 0.4355400696864111 0.37890625 0.43205574912891986 0.380859375 0.43205574912891986 0.3828125 0.4250871080139373
0 0.48828125 0.662020905923345 0.51953125 0.662020905923345 0.51953125 0.6724738675958188 0.51171875 0.6794425087108014 0.509765625 0.686411149825784 0.501953125 0.6933797909407665 0.49609375 0.6933797909407665 0.490234375 0.7003484320557491 0.466796875 0.7003484320557491 0.466796875 0.6968641114982579 0.470703125 0.6933797909407665 0.4765625 0.6724738675958188 0.48046875 0.6724738675958188 0.48828125 0.6655052264808362
0 0.5859375 0.024390243902439025 0.591796875 0.017421602787456445 0.59765625 0.017421602787456445 0.599609375 0.020905923344947737 0.603515625 0.020905923344947737 0.611328125 0.0313588850174216 0.62109375 0.0313588850174216 0.62109375 0.03832752613240418 0.62890625 0.04878048780487805 0.650390625 0.04878048780487805 0.65234375 0.05574912891986063 0.654296875 0.05574912891986063 0.65625 0.04878048780487805 0.662109375 0.041811846689895474 0.662109375 0.059233449477351915 0.65234375 0.07665505226480836 0.6484375 0.07665505226480836 0.640625 0.08362369337979095 0.626953125 0.08362369337979095 0.625 0.08710801393728224 0.6015625 0.08710801393728224 0.599609375 0.08362369337979095 0.595703125 0.08362369337979095 0.59375 0.0627177700348432 0.591796875 0.059233449477351915 0.591796875 0.041811846689895474 0.58984375 0.03832752613240418 0.58984375 0.0313588850174216 0.5859375 0.027874564459930314
0 0.470703125 0.020905923344947737 0.482421875 0.020905923344947737 0.482421875 0.03832752613240418 0.478515625 0.041811846689895474 0.474609375 0.03832752613240418 0.466796875 0.03832752613240418 0.46484375 0.03484320557491289 0.46484375 0.027874564459930314 0.46875 0.027874564459930314 0.470703125 0.024390243902439025
0 0.546875 0.27177700348432055 0.552734375 0.28222996515679444 0.556640625 0.28222996515679444 0.564453125 0.27526132404181186 0.572265625 0.27526132404181186 0.57421875 0.2787456445993031 0.58203125 0.2787456445993031 0.587890625 0.289198606271777 0.587890625 0.31010452961672474 0.5703125 0.31010452961672474 0.568359375 0.313588850174216 0.564453125 0.313588850174216 0.552734375 0.2961672473867596 0.546875 0.29965156794425085 0.546875 0.27526132404181186
0 0.599609375 0.6515679442508711 0.603515625 0.6515679442508711 0.607421875 0.662020905923345 0.611328125 0.662020905923345 0.61328125 0.6655052264808362 0.626953125 0.6655052264808362 0.626953125 0.6829268292682927 0.62890625 0.686411149825784 0.6328125 0.686411149825784 0.63671875 0.6968641114982579 0.6640625 0.6968641114982579 0.666015625 0.7003484320557491 0.693359375 0.7038327526132404 0.6953125 0.7073170731707317 0.703125 0.7073170731707317 0.70703125 0.710801393728223 0.70703125 0.8257839721254355 0.69921875 0.8257839721254355 0.693359375 0.8153310104529616 0.693359375 0.8083623693379791 0.689453125 0.794425087108014 0.689453125 0.7735191637630662 0.6875 0.7700348432055749 0.662109375 0.7491289198606271 0.642578125 0.7247386759581882 0.638671875 0.7247386759581882 0.6328125 0.7142857142857143 0.61328125 0.7142857142857143 0.611328125 0.710801393728223 0.609375 0.7142857142857143 0.60546875 0.7142857142857143 0.59765625 0.7247386759581882 0.591796875 0.7212543554006968 0.591796875 0.710801393728223 0.595703125 0.7073170731707317 0.59765625 0.6655052264808362 0.599609375 0.662020905923345 0.599609375 0.6550522648083623
0 0.349609375 0.37630662020905925 0.353515625 0.37630662020905925 0.353515625 0.4076655052264808 0.349609375 0.41114982578397213 0.349609375 0.3797909407665505
0 0.423828125 0.1254355400696864 0.435546875 0.11498257839721254 0.44140625 0.11498257839721254 0.44140625 0.1254355400696864 0.439453125 0.1289198606271777 0.42578125 0.1254355400696864
0 0.701171875 0.40069686411149824 0.70703125 0.40069686411149824 0.70703125 0.45993031358885017 0.705078125 0.4564459930313589 0.6953125 0.4529616724738676 0.685546875 0.4425087108013937 0.685546875 0.43205574912891986 0.689453125 0.42857142857142855 0.6953125 0.41114982578397213 0.701171875 0.40418118466898956
0 0.5625 0.36585365853658536 0.564453125 0.36585365853658536 0.564453125 0.3832752613240418 0.560546875 0.3902439024390244 0.548828125 0.3902439024390244 0.546875 0.39372822299651566 0.54296875 0.3902439024390244 0.54296875 0.3797909407665505 0.544921875 0.37630662020905925 0.560546875 0.37282229965156793 0.5625 0.3693379790940767
0 0.55078125 0.041811846689895474 0.552734375 0.041811846689895474 0.556640625 0.05226480836236934 0.568359375 0.059233449477351915 0.568359375 0.08013937282229965 0.56640625 0.08362369337979095 0.560546875 0.08362369337979095 0.556640625 0.08013937282229965 0.5546875 0.06968641114982578 0.55078125 0.06620209059233449 0.548828125 0.059233449477351915 0.546875 0.059233449477351915 0.546875 0.05574912891986063 0.55078125 0.05226480836236934 0.55078125 0.04529616724738676
0 0.5234375 0.5574912891986062 0.529296875 0.5574912891986062 0.53125 0.5505226480836237 0.537109375 0.5505226480836237 0.537109375 0.554006968641115 0.541015625 0.5574912891986062 0.541015625 0.5679442508710801 0.5234375 0.5679442508710801 0.5234375 0.5609756097560976