0 0.609375 0.6145833333333334 0.615234375 0.6145833333333334 0.61328125 0.6180555555555556 0.61328125 0.6319444444444444 0.6171875 0.6458333333333334 0.6171875 0.6666666666666666 0.615234375 0.6736111111111112 0.609375 0.6805555555555556 0.60546875 0.6736111111111112 0.603515625 0.6666666666666666 0.603515625 0.6493055555555556 0.609375 0.6319444444444444 0.609375 0.6180555555555556
0 0.48046875 0.4375 0.484375 0.4375 0.486328125 0.4444444444444444 0.486328125 0.4548611111111111 0.48828125 0.4618055555555556 0.484375 0.4618055555555556 0.482421875 0.4409722222222222
0 0.546875 0.4270833333333333 0.55078125 0.4375 0.55078125 0.4722222222222222 0.546875 0.4756944444444444 0.546875 0.4375 0.544921875 0.4305555555555556
0 0.486328125 0.7881944444444444 0.48828125 0.7881944444444444 0.48828125 0.7951388888888888 0.490234375 0.7986111111111112 0.490234375 0.8055555555555556 0.486328125 0.7916666666666666
0 0.5546875 0.10416666666666667 0.556640625 0.11805555555555555 0.5546875 0.11458333333333333 0.53125 0.11458333333333333 0.5234375 0.1076388888888889 0.5234375 0.09722222222222222 0.52734375 0.09027777777777778 0.54296875 0.09375 0.544921875 0.09722222222222222 0.548828125 0.09722222222222222 0.552734375 0.10416666666666667
0 0.51953125 0.4791666666666667 0.521484375 0.4791666666666667 0.525390625 0.4895833333333333 0.525390625 0.5034722222222222 0.5234375 0.5069444444444444 0.521484375 0.5 0.521484375 0.4861111111111111 0.51953125 0.4826388888888889
0 0.453125 0.034722222222222224 0.453125 0.024305555555555556 0.45703125 0.017361111111111112 0.458984375 0.017361111111111112 0.458984375 0.03125 0.455078125 0.034722222222222224
0 0.48046875 0.1284722222222222 0.48828125 0.13541666666666666 0.498046875 0.13541666666666666 0.490234375 0.14583333333333334 0.490234375 0.1597222222222222 0.4921875 0.16319444444444445 0.4921875 0.17708333333333334 0.494140625 0.18055555555555555 0.4921875 0.19791666666666666 0.486328125 0.21875 0.482421875 0.22569444444444445 0.474609375 0.22916666666666666 0.470703125 0.21875 0.470703125 0.19444444444444445 0.46875 0.1875 0.474609375 0.17708333333333334 0.4765625 0.16666666666666666 0.484375 0.14930555555555555 0.484375 0.1423611111111111 0.48046875 0.13194444444444445
0 0.654296875 0.20833333333333334 0.654296875 0.2152777777777778 0.658203125 0.2222222222222222 0.65625 0.22569444444444445 0.65625 0.2604166666666667 0.654296875 0.2604166666666667 0.654296875 0.2361111111111111 0.650390625 0.22569444444444445 0.654296875 0.21180555555555555
0 0.5703125 0.65625 0.57421875 0.6597222222222222 0.57421875 0.6631944444444444 0.56640625 0.6631944444444444 0.564453125 0.6666666666666666 0.55078125 0.6666666666666666 0.548828125 0.6597222222222222 0.568359375 0.65625
0 0.34479166666666666 0.9648148148148148 0.00625 0.012962962962962963
0 0.49166666666666664 0.4083333333333333 0.007291666666666667 0.014814814814814815
0 0.49609375 0.3541666666666667 0.49609375 0.3576388888888889 0.501953125 0.3680555555555556 0.501953125 0.3819444444444444 0.5 0.3819444444444444 0.49609375 0.3715277777777778 0.494140625 0.3576388888888889
0 0.58203125 0.5625 0.583984375 0.5763888888888888 0.591796875 0.6041666666666666 0.591796875 0.6388888888888888 0.58984375 0.6423611111111112 0.591796875 0.65625 0.58203125 0.65625 0.5859375 0.6458333333333334 0.58203125 0.6354166666666666 0.58203125 0.6215277777777778 0.576171875 0.6006944444444444 0.578125 0.59375 0.578125 0.5868055555555556 0.576171875 0.5833333333333334 0.576171875 0.5659722222222222 0.580078125 0.5625
0 0.560546875 0.8888888888888888 0.5625 0.8888888888888888 0.56640625 0.8993055555555556 0.56640625 0.9340277777777778 0.564453125 0.9375 0.564453125 0.9548611111111112 0.5625 0.9513888888888888 0.5625 0.9305555555555556 0.560546875 0.9270833333333334 0.560546875 0.8923611111111112
0 0.48828125 0.4409722222222222 0.4921875 0.4444444444444444 0.498046875 0.4618055555555556 0.498046875 0.4652777777777778 0.49609375 0.4652777777777778 0.48828125 0.4444444444444444
0 0.6346354166666667 0.911111111111111 0.008854166666666666 0.027777777777777776
0 0.48046875 0.4722222222222222 0.482421875 0.4722222222222222 0.48828125 0.4930555555555556 0.484375 0.4930555555555556 0.48046875 0.4826388888888889 0.48046875 0.4756944444444444
0 0.49609375 0.7743055555555556 0.498046875 0.7743055555555556 0.50390625 0.7916666666666666 0.5 0.7951388888888888 0.49609375 0.7847222222222222 0.49609375 0.7777777777777778
0 0.544921875 0.84375 0.55078125 0.8611111111111112 0.55078125 0.8715277777777778 0.552734375 0.875 0.55078125 0.8888888888888888 0.546875 0.8819444444444444 0.546875 0.875 0.544921875 0.8715277777777778 0.544921875 0.8506944444444444 0.54296875 0.8472222222222222
0 0.52734375 0.875 0.529296875 0.875 0.529296875 0.8784722222222222 0.53515625 0.8888888888888888 0.5390625 0.90625 0.5390625 0.9201388888888888 0.537109375 0.9236111111111112 0.533203125 0.9166666666666666 0.529296875 0.8993055555555556 0.529296875 0.8854166666666666 0.52734375 0.8784722222222222
0 0.6484375 0.8159722222222222 0.654296875 0.8159722222222222 0.654296875 0.8298611111111112 0.658203125 0.8402777777777778 0.658203125 0.90625 0.65625 0.9097222222222222 0.654296875 0.90625 0.654296875 0.8993055555555556 0.650390625 0.8854166666666666 0.650390625 0.8263888888888888 0.6484375 0.8194444444444444
0 0.4765625 0.4131944444444444 0.48046875 0.4131944444444444 0.486328125 0.4236111111111111 0.48828125 0.4375 0.482421875 0.4305555555555556 0.482421875 0.4236111111111111 0.478515625 0.4166666666666667
0 0.591796875 0.7118055555555556 0.595703125 0.7118055555555556 0.59765625 0.7152777777777778 0.599609375 0.7430555555555556 0.6015625 0.7465277777777778 0.6015625 0.7708333333333334 0.599609375 0.7777777777777778 0.58984375 0.7916666666666666 0.5859375 0.7881944444444444 0.583984375 0.78125 0.583984375 0.7673611111111112 0.591796875 0.7361111111111112 0.591796875 0.7152777777777778
0 0.498046875 0.3472222222222222 0.50390625 0.3472222222222222 0.505859375 0.3506944444444444 0.505859375 0.3576388888888889 0.5 0.3506944444444444
0 0.521484375 0.4409722222222222 0.529296875 0.4618055555555556 0.529296875 0.4756944444444444 0.51953125 0.4444444444444444
0 0.50390625 0.7673611111111112 0.51171875 0.7673611111111112 0.513671875 0.7743055555555556 0.51171875 0.7881944444444444 0.5078125 0.7847222222222222 0.5078125 0.7777777777777778 0.50390625 0.7708333333333334
0 0.609375 0.20833333333333334 0.611328125 0.20833333333333334 0.611328125 0.2534722222222222 0.607421875 0.2569444444444444 0.607421875 0.25 0.60546875 0.2465277777777778 0.60546875 0.22916666666666666 0.609375 0.21180555555555555
0 0.50390625 0.4236111111111111 0.505859375 0.4236111111111111 0.515625 0.4444444444444444 0.513671875 0.4479166666666667 0.50390625 0.4270833333333333
0 0.6484375 0.04513888888888889 0.650390625 0.04513888888888889 0.65625 0.06597222222222222 0.65625 0.10069444444444445 0.654296875 0.10069444444444445 0.654296875 0.08680555555555555 0.6484375 0.06944444444444445 0.6484375 0.04861111111111111
0 0.349609375 0.2534722222222222 0.353515625 0.2534722222222222 0.353515625 0.2638888888888889 0.345703125 0.2881944444444444 0.345703125 0.2986111111111111 0.34375 0.2951388888888889 0.34375 0.2673611111111111 0.349609375 0.2569444444444444
0 0.51171875 0.7638888888888888 0.517578125 0.7777777777777778 0.515625 0.78125 0.509765625 0.7673611111111112