0 0.58984375 0.8571428571428571 0.59375 0.8571428571428571 0.595703125 0.8606271777003485 0.595703125 0.8989547038327527 0.583984375 0.8989547038327527 0.580078125 0.8954703832752613 0.578125 0.8885017421602788 0.578125 0.8780487804878049 0.587890625 0.867595818815331 0.58984375 0.8606271777003485
0 0.61328125 0.49477351916376305 0.625 0.49477351916376305 0.625 0.5296167247386759 0.599609375 0.5261324041811847 0.595703125 0.519163763066202 0.599609375 0.5087108013937283 0.603515625 0.5087108013937283 0.607421875 0.5017421602787456 0.611328125 0.5017421602787456 0.61328125 0.49825783972125437
0 0.4609375 0.06620209059233449 0.462890625 0.07317073170731707 0.466796875 0.07317073170731707 0.466796875 0.08362369337979095 0.462890625 0.08710801393728224 0.44921875 0.08362369337979095 0.44921875 0.07665505226480836 0.451171875 0.07317073170731707 0.458984375 0.07317073170731707 0.4609375 0.06968641114982578
0 0.345703125 0.42857142857142855 0.34765625 0.43205574912891986 0.3515625 0.43205574912891986 0.35546875 0.43902439024390244 0.35546875 0.4564459930313589 0.3515625 0.4634146341463415 0.34765625 0.46689895470383275 0.345703125 0.4634146341463415 0.3203125 0.4634146341463415 0.318359375 0.45993031358885017 0.306640625 0.4564459930313589 0.30078125 0.47038327526132406 0.296875 0.46689895470383275 0.296875 0.44947735191637633 0.2890625 0.4355400696864111 0.287109375 0.4355400696864111 0.287109375 0.43205574912891986 0.291015625 0.43205574912891986 0.294921875 0.43902439024390244 0.298828125 0.43902439024390244 0.306640625 0.445993031358885 0.326171875 0.42857142857142855 0.34375 0.42857142857142855
0 0.490234375 0.10104529616724739 0.494140625 0.10801393728222997 0.515625 0.10801393728222997 0.5234375 0.11498257839721254 0.5234375 0.11846689895470383 0.517578125 0.1254355400696864 0.505859375 0.1254355400696864 0.498046875 0.11846689895470383 0.482421875 0.11846689895470383 0.474609375 0.11149825783972125 0.48828125 0.10104529616724739
0 0.5 0.8815331010452961 0.5078125 0.8815331010452961 0.5078125 0.9128919860627178 0.486328125 0.9128919860627178 0.486328125 0.9094076655052264 0.494140625 0.9024390243902439 0.49609375 0.8885017421602788 0.5 0.8850174216027874
0 0.2734375 0.710801393728223 0.291015625 0.710801393728223 0.291015625 0.7282229965156795 0.275390625 0.7282229965156795 0.2734375 0.7247386759581882 0.2734375 0.7142857142857143
0 0.533203125 0.9581881533101045 0.537109375 0.9581881533101045 0.537109375 0.9651567944250871 0.541015625 0.9686411149825784 0.54296875 0.975609756097561 0.546875 0.975609756097561 0.552734375 0.9965156794425087 0.515625 0.9965156794425087 0.517578125 0.9965156794425087 0.51953125 0.9895470383275261 0.5234375 0.9860627177700348 0.525390625 0.975609756097561 0.53125 0.975609756097561 0.533203125 0.9721254355400697 0.533203125 0.9616724738675958
0 0.423828125 0.4076655052264808 0.42578125 0.4076655052264808 0.42578125 0.4181184668989547 0.43359375 0.4250871080139373 0.43359375 0.4425087108013937 0.427734375 0.4425087108013937 0.419921875 0.4355400696864111 0.419921875 0.42160278745644597 0.416015625 0.4181184668989547 0.416015625 0.4146341463414634 0.421875 0.4146341463414634 0.423828125 0.41114982578397213
0 0.52734375 0.6794425087108014 0.53125 0.6794425087108014 0.533203125 0.686411149825784 0.537109375 0.686411149825784 0.5390625 0.6898954703832753 0.5546875 0.6898954703832753 0.55859375 0.6933797909407665 0.55859375 0.7003484320557491 0.5546875 0.7038327526132404 0.5625 0.710801393728223 0.5625 0.7177700348432056 0.568359375 0.7247386759581882 0.568359375 0.7282229965156795 0.560546875 0.7386759581881533 0.53515625 0.7386759581881533 0.53125 0.7456445993031359 0.51953125 0.7456445993031359 0.51953125 0.7386759581881533 0.521484375 0.735191637630662 0.521484375 0.710801393728223 0.5234375 0.7073170731707317 0.5234375 0.686411149825784 0.52734375 0.6829268292682927
0 0.466796875 0.578397212543554 0.478515625 0.578397212543554 0.478515625 0.5818815331010453 0.484375 0.5888501742160279 0.490234375 0.5888501742160279 0.494140625 0.5853658536585366 0.498046875 0.5888501742160279 0.5 0.5958188153310104 0.5 0.6062717770034843 0.494140625 0.6062717770034843 0.4921875 0.6097560975609756 0.478515625 0.6097560975609756 0.4765625 0.6027874564459931 0.47265625 0.5993031358885017 0.47265625 0.5923344947735192 0.466796875 0.5853658536585366 0.466796875 0.5818815331010453
0 0.611328125 0.2857142857142857 0.623046875 0.2857142857142857 0.625 0.2926829268292683 0.625 0.3344947735191638 0.623046875 0.3344947735191638 0.625 0.3310104529616725 0.625 0.3240418118466899 0.62109375 0.3205574912891986 0.62109375 0.313588850174216 0.6171875 0.31010452961672474 0.615234375 0.29965156794425085 0.611328125 0.2961672473867596 0.611328125 0.289198606271777
0 0.3984375 0.10104529616724739 0.40625 0.10104529616724739 0.40625 0.10452961672473868 0.41015625 0.10801393728222997 0.41015625 0.11846689895470383 0.392578125 0.11846689895470383 0.392578125 0.11149825783972125 0.3984375 0.10452961672473868
0 0.62109375 0.42857142857142855 0.625 0.42857142857142855 0.625 0.47735191637630664 0.623046875 0.4738675958188153 0.615234375 0.4738675958188153 0.611328125 0.46689895470383275 0.607421875 0.46689895470383275 0.607421875 0.45993031358885017 0.61328125 0.4529616724738676 0.615234375 0.43902439024390244 0.62109375 0.43205574912891986
0 0.462890625 0.30662020905923343 0.47265625 0.30662020905923343 0.47265625 0.3310104529616725 0.458984375 0.3310104529616725 0.458984375 0.313588850174216 0.462890625 0.31010452961672474
0 0.4375 0.12195121951219512 0.455078125 0.11846689895470383 0.455078125 0.1289198606271777 0.451171875 0.1289198606271777 0.44921875 0.13240418118466898 0.4453125 0.1289198606271777 0.4375 0.1289198606271777 0.4375 0.1254355400696864
0 0.302734375 0.4564459930313589 0.31640625 0.4564459930313589 0.31640625 0.45993031358885017 0.322265625 0.46689895470383275 0.330078125 0.46689895470383275 0.330078125 0.47735191637630664 0.326171875 0.47735191637630664 0.32421875 0.4808362369337979 0.298828125 0.4808362369337979 0.296875 0.47735191637630664 0.296875 0.47038327526132406 0.302734375 0.45993031358885017
0 0.330078125 0.1916376306620209 0.330078125 0.20209059233449478 0.31640625 0.20209059233449478 0.314453125 0.20557491289198607 0.3125 0.20209059233449478 0.3046875 0.20209059233449478 0.30859375 0.1951219512195122 0.3125 0.1951219512195122 0.314453125 0.1916376306620209 0.328125 0.1916376306620209
0 0.31640625 0.05226480836236934 0.3203125 0.05574912891986063 0.3203125 0.0627177700348432 0.318359375 0.06620209059233449 0.298828125 0.0627177700348432 0.298828125 0.059233449477351915 0.302734375 0.05574912891986063 0.314453125 0.05574912891986063
0 0.595703125 0.7247386759581882 0.59765625 0.7282229965156795 0.625 0.7317073170731707 0.625 0.8466898954703833 0.623046875 0.8466898954703833 0.6171875 0.8257839721254355 0.615234375 0.8048780487804879 0.611328125 0.794425087108014 0.607421875 0.794425087108014 0.595703125 0.7804878048780488 0.591796875 0.7804878048780488 0.5703125 0.7526132404181185 0.5625 0.7491289198606271 0.556640625 0.7386759581881533 0.564453125 0.7247386759581882 0.59375 0.7247386759581882
0 0.419921875 0.5052264808362369 0.431640625 0.5052264808362369 0.431640625 0.5087108013937283 0.435546875 0.5121951219512195 0.435546875 0.5296167247386759 0.4140625 0.5296167247386759 0.4140625 0.5156794425087108 0.419921875 0.5087108013937283
0 0.265625 0.49825783972125437 0.2734375 0.49825783972125437 0.2734375 0.5052264808362369 0.275390625 0.5087108013937283 0.279296875 0.5087108013937283 0.279296875 0.5296167247386759 0.275390625 0.5331010452961672 0.267578125 0.5331010452961672 0.265625 0.5296167247386759 0.265625 0.5017421602787456
0 0.576171875 0.289198606271777 0.595703125 0.289198606271777 0.599609375 0.29965156794425085 0.599609375 0.313588850174216 0.591796875 0.32752613240418116 0.5625 0.32752613240418116 0.55859375 0.3170731707317073 0.560546875 0.3170731707317073 0.5625 0.31010452961672474 0.568359375 0.30662020905923343 0.5703125 0.29965156794425085 0.576171875 0.2926829268292683
0 0.4140625 0.3588850174216028 0.416015625 0.3588850174216028 0.41796875 0.36585365853658536 0.423828125 0.36585365853658536 0.423828125 0.3902439024390244 0.41796875 0.39372822299651566 0.4140625 0.3902439024390244 0.4140625 0.3623693379790941
0 0.3046875 0.17073170731707318 0.30859375 0.1672473867595819 0.314453125 0.1672473867595819 0.314453125 0.17770034843205576 0.3046875 0.17770034843205576 0.3046875 0.17421602787456447
0 0.6171875 0.041811846689895474 0.6171875 0.05226480836236934 0.61328125 0.0627177700348432 0.603515625 0.07317073170731707 0.595703125 0.07317073170731707 0.59375 0.07665505226480836 0.578125 0.07665505226480836 0.5703125 0.06620209059233449 0.556640625 0.0627177700348432 0.5546875 0.05574912891986063 0.59375 0.05574912891986063 0.595703125 0.059233449477351915 0.607421875 0.059233449477351915 0.6171875 0.04529616724738676
0 0.287109375 0.3240418118466899 0.287109375 0.32752613240418116 0.29296875 0.3344947735191638 0.294921875 0.34146341463414637 0.306640625 0.34494773519163763 0.30859375 0.3519163763066202 0.31640625 0.3519163763066202 0.31640625 0.3693379790940767 0.296875 0.3693379790940767 0.294921875 0.37282229965156793 0.291015625 0.3693379790940767 0.263671875 0.3693379790940767 0.263671875 0.34146341463414637 0.267578125 0.34146341463414637 0.2734375 0.3310104529616725 0.275390625 0.3310104529616725 0.28125 0.3205574912891986 0.28125 0.3170731707317073 0.283203125 0.3170731707317073 0.28515625 0.3240418118466899
0 0.349609375 0.7247386759581882 0.369140625 0.7247386759581882 0.373046875 0.735191637630662 0.37890625 0.735191637630662 0.37890625 0.7526132404181185 0.373046875 0.7526132404181185 0.37109375 0.7560975609756098 0.34375 0.7560975609756098 0.341796875 0.7526132404181185 0.337890625 0.7526132404181185 0.337890625 0.7386759581881533 0.341796875 0.7386759581881533 0.349609375 0.7282229965156795