0 0.306640625 0.11805555555555555 0.3203125 0.11805555555555555 0.322265625 0.12152777777777778 0.349609375 0.12152777777777778 0.373046875 0.14583333333333334 0.388671875 0.14583333333333334 0.388671875 0.14930555555555555 0.37890625 0.15625 0.373046875 0.15625 0.35546875 0.17708333333333334 0.345703125 0.1840277777777778 0.322265625 0.1875 0.318359375 0.1840277777777778 0.314453125 0.1736111111111111 0.310546875 0.1701388888888889 0.3046875 0.1701388888888889 0.30078125 0.1875 0.296875 0.1909722222222222 0.29296875 0.1840277777777778 0.291015625 0.16666666666666666 0.287109375 0.15625 0.2890625 0.1527777777777778 0.30078125 0.1527777777777778 0.314453125 0.1284722222222222 0.30859375 0.12152777777777778
0 0.44140625 0.9270833333333334 0.443359375 0.9270833333333334 0.44140625 0.9340277777777778 0.447265625 0.9618055555555556 0.447265625 0.9826388888888888 0.44921875 0.9861111111111112 0.44921875 0.9965277777777778 0.43359375 0.9965277777777778 0.43359375 0.9861111111111112 0.435546875 0.9826388888888888 0.435546875 0.9722222222222222 0.439453125 0.9548611111111112 0.439453125 0.9340277777777778 0.44140625 0.9305555555555556
0 0.380859375 0 0.453125 0 0.470703125 0.04861111111111111 0.478515625 0.0625 0.494140625 0.0798611111111111 0.494140625 0.08333333333333333 0.4921875 0.08333333333333333 0.48828125 0.0763888888888889 0.484375 0.0763888888888889 0.4765625 0.06597222222222222 0.462890625 0.0625 0.4609375 0.059027777777777776 0.453125 0.059027777777777776 0.44140625 0.04861111111111111 0.4375 0.04861111111111111 0.4140625 0.024305555555555556 0.4140625 0.020833333333333332 0.40625 0.006944444444444444 0.3984375 0 0.392578125 0 0.38671875 0.006944444444444444 0.380859375 0.006944444444444444 0.380859375 0.003472222222222222
0 0.07265625 0.15694444444444444 0.04010416666666666 0.08240740740740742
0 0.7265625 0.8645833333333334 0.73046875 0.8680555555555556 0.73828125 0.8923611111111112 0.740234375 0.9236111111111112 0.736328125 0.9305555555555556 0.73046875 0.9305555555555556 0.7265625 0.9236111111111112 0.716796875 0.8923611111111112 0.7109375 0.8819444444444444 0.7109375 0.875 0.712890625 0.8715277777777778 0.724609375 0.8645833333333334
0 0.359375 0.010416666666666666 0.3671875 0.020833333333333332 0.373046875 0.020833333333333332 0.375 0.017361111111111112 0.37890625 0.017361111111111112 0.380859375 0.020833333333333332 0.390625 0.020833333333333332 0.392578125 0.017361111111111112 0.396484375 0.020833333333333332 0.408203125 0.020833333333333332 0.4140625 0.03125 0.423828125 0.03819444444444445 0.427734375 0.04513888888888889 0.435546875 0.04861111111111111 0.44140625 0.05555555555555555 0.4453125 0.05555555555555555 0.44921875 0.0625 0.453125 0.0625 0.462890625 0.08680555555555555 0.47265625 0.10416666666666667 0.4921875 0.12152777777777778 0.4921875 0.1284722222222222 0.486328125 0.1284722222222222 0.47265625 0.11458333333333333 0.458984375 0.1111111111111111 0.45703125 0.1076388888888889 0.423828125 0.10416666666666667 0.4140625 0.11458333333333333 0.4140625 0.1111111111111111 0.419921875 0.10416666666666667 0.4140625 0.09375 0.3984375 0.08333333333333333 0.373046875 0.04861111111111111 0.369140625 0.04861111111111111 0.365234375 0.04513888888888889 0.36328125 0.03819444444444445 0.35546875 0.034722222222222224 0.35546875 0.027777777777777776 0.349609375 0.020833333333333332 0.349609375 0.013888888888888888 0.3515625 0.010416666666666666 0.357421875 0.010416666666666666
0 0.697265625 0.9444444444444444 0.703125 0.9583333333333334 0.703125 0.9652777777777778 0.70703125 0.9756944444444444 0.70703125 0.9965277777777778 0.697265625 0.9965277777777778 0.693359375 0.9895833333333334 0.693359375 0.9826388888888888 0.689453125 0.9722222222222222 0.689453125 0.9548611111111112 0.69140625 0.9479166666666666 0.6953125 0.9444444444444444
0 0.7578125 0.04513888888888889 0.79296875 0.041666666666666664 0.798828125 0.04861111111111111 0.806640625 0.0625 0.80859375 0.07291666666666667 0.814453125 0.08333333333333333 0.814453125 0.08680555555555555 0.826171875 0.10069444444444445 0.8203125 0.10069444444444445 0.8125 0.09027777777777778 0.783203125 0.0763888888888889 0.765625 0.059027777777777776 0.759765625 0.04861111111111111
0 0.59765625 0.020833333333333332 0.59375 0.034722222222222224 0.59375 0.04513888888888889 0.591796875 0.052083333333333336 0.583984375 0.059027777777777776 0.57421875 0.08680555555555555 0.556640625 0.11458333333333333 0.529296875 0.1388888888888889 0.5234375 0.1388888888888889 0.521484375 0.1423611111111111 0.505859375 0.1423611111111111 0.50390625 0.14583333333333334 0.490234375 0.14930555555555555 0.474609375 0.16319444444444445 0.46875 0.16319444444444445 0.46875 0.1597222222222222 0.474609375 0.1527777777777778 0.478515625 0.1527777777777778 0.486328125 0.14583333333333334 0.521484375 0.0763888888888889 0.5234375 0.0763888888888889 0.54296875 0.04861111111111111 0.560546875 0.034722222222222224 0.564453125 0.027777777777777776 0.568359375 0.027777777777777776 0.56640625 0.034722222222222224 0.568359375 0.041666666666666664 0.576171875 0.041666666666666664 0.578125 0.04513888888888889 0.587890625 0.03819444444444445 0.59375 0.024305555555555556 0.595703125 0.024305555555555556
0 0.177734375 0 0.208984375 0 0.216796875 0.034722222222222224 0.21484375 0.03819444444444445 0.2109375 0.03819444444444445 0.208984375 0.034722222222222224 0.1953125 0.03125 0.181640625 0.017361111111111112 0.177734375 0.010416666666666666 0.177734375 0.003472222222222222
0 0.869140625 0.13194444444444445 0.873046875 0.13194444444444445 0.8984375 0.17708333333333334 0.904296875 0.18055555555555555 0.91015625 0.1909722222222222 0.912109375 0.1909722222222222 0.935546875 0.2326388888888889 0.939453125 0.2465277777777778 0.96484375 0.2986111111111111 0.9765625 0.3125 0.990234375 0.3194444444444444 0.994140625 0.3263888888888889 0.994140625 0.3298611111111111 0.990234375 0.3333333333333333 0.966796875 0.3125 0.962890625 0.3125 0.94921875 0.3020833333333333 0.919921875 0.2951388888888889 0.91796875 0.2916666666666667 0.90234375 0.2847222222222222 0.896484375 0.2743055555555556 0.88671875 0.2673611111111111 0.875 0.2534722222222222 0.8671875 0.23958333333333334 0.865234375 0.23958333333333334 0.8515625 0.21180555555555555 0.84375 0.1875 0.837890625 0.17708333333333334 0.828125 0.1701388888888889 0.826171875 0.16666666666666666 0.826171875 0.1597222222222222 0.828125 0.1527777777777778 0.833984375 0.1527777777777778 0.83984375 0.1597222222222222 0.845703125 0.1597222222222222 0.84765625 0.16319444444444445 0.8515625 0.16319444444444445 0.853515625 0.1597222222222222 0.869140625 0.1597222222222222 0.87109375 0.16319444444444445 0.876953125 0.16319444444444445 0.87890625 0.1597222222222222 0.87890625 0.1527777777777778 0.869140625 0.13541666666666666
0 0.7466145833333333 0.9689814814814814 0.028645833333333332 0.062037037037037036
0 0 0 0.041015625 0 0.05078125 0.010416666666666666 0.05078125 0.020833333333333332 0.052734375 0.027777777777777776 0.0625 0.04513888888888889 0.07421875 0.05555555555555555 0.078125 0.0625 0.072265625 0.0625 0.05859375 0.052083333333333336 0.052734375 0.052083333333333336 0.05078125 0.04861111111111111 0.0390625 0.04861111111111111 0.037109375 0.04513888888888889 0.033203125 0.04513888888888889 0.017578125 0.03125 0.005859375 0.013888888888888888 0 0.010416666666666666 0 0.003472222222222222