0 0.6015625 0.554006968641115 0.60546875 0.5609756097560976 0.60546875 0.578397212543554 0.607421875 0.5818815331010453 0.60546875 0.6202090592334495 0.603515625 0.6202090592334495 0.6015625 0.627177700348432 0.59765625 0.6306620209059234 0.591796875 0.6306620209059234 0.587890625 0.627177700348432 0.587890625 0.6202090592334495 0.591796875 0.6167247386759582 0.591796875 0.5923344947735192 0.595703125 0.578397212543554 0.59765625 0.5574912891986062 0.599609375 0.5574912891986062
0 0.55078125 0.6376306620209059 0.55078125 0.6794425087108014 0.548828125 0.6829268292682927 0.548828125 0.6968641114982579 0.54296875 0.6898954703832753 0.54296875 0.6759581881533101 0.546875 0.6724738675958188 0.546875 0.6411149825783972 0.548828125 0.6411149825783972
0 0.447265625 0.23344947735191637 0.451171875 0.23344947735191637 0.453125 0.23693379790940766 0.455078125 0.24390243902439024 0.453125 0.2508710801393728 0.44921875 0.23344947735191637
0 0.4765625 0.3554006968641115 0.482421875 0.3554006968641115 0.48828125 0.37630662020905925 0.48828125 0.3832752613240418 0.486328125 0.3832752613240418 0.484375 0.37282229965156793 0.478515625 0.3623693379790941 0.4765625 0.3623693379790941 0.4765625 0.3588850174216028
0 0.626953125 0.8954703832752613 0.6328125 0.8954703832752613 0.6328125 0.9059233449477352 0.634765625 0.9094076655052264 0.634765625 0.9233449477351916 0.630859375 0.926829268292683 0.626953125 0.9198606271777003 0.626953125 0.8989547038327527
0 0.546875 0.6724738675958188 0.55078125 0.6724738675958188 0.548828125 0.6968641114982579 0.54296875 0.6933797909407665 0.54296875 0.6794425087108014 0.546875 0.6759581881533101
0 0.546875 0.0313588850174216 0.55078125 0.0313588850174216 0.5546875 0.041811846689895474 0.5625 0.04529616724738676 0.57421875 0.06620209059233449 0.576171875 0.07317073170731707 0.576171875 0.08362369337979095 0.578125 0.08710801393728224 0.576171875 0.09407665505226481 0.576171875 0.11149825783972125 0.57421875 0.11498257839721254 0.57421875 0.17073170731707318 0.560546875 0.1672473867595819 0.568359375 0.14634146341463414 0.568359375 0.13240418118466898 0.556640625 0.0975609756097561 0.556640625 0.08710801393728224 0.5546875 0.08362369337979095 0.546875 0.08362369337979095 0.548828125 0.07665505226480836 0.548828125 0.0627177700348432 0.544921875 0.05226480836236934 0.544921875 0.03832752613240418 0.546875 0.03484320557491289
0 0.29631828978622327 0.9486621367740655 0.006703718824228029 0.013771756312744668
0 0.42578125 0.3205574912891986 0.431640625 0.3205574912891986 0.431640625 0.32752613240418116 0.43359375 0.3310104529616725 0.43359375 0.33797909407665505 0.43359375 0.3344947735191638 0.42578125 0.3240418118466899
0 0.59765625 0.47735191637630664 0.609375 0.47735191637630664 0.609375 0.49477351916376305 0.611328125 0.49825783972125437 0.611328125 0.5365853658536586 0.607421875 0.5435540069686411 0.599609375 0.5470383275261324 0.59765625 0.5435540069686411 0.59765625 0.5365853658536586 0.59375 0.5331010452961672 0.59375 0.5121951219512195 0.59765625 0.5087108013937283 0.59765625 0.49477351916376305 0.599609375 0.4912891986062718 0.59765625 0.4808362369337979
0 0.42578125 0.27177700348432055 0.427734375 0.27177700348432055 0.427734375 0.2787456445993031 0.43359375 0.289198606271777 0.43359375 0.2926829268292683 0.4296875 0.2926829268292683 0.42578125 0.28222996515679444 0.42578125 0.27526132404181186
0 0.455078125 0 0.48046875 0 0.48046875 0.010452961672473868 0.474609375 0.027874564459930314 0.474609375 0.03832752613240418 0.470703125 0.05226480836236934 0.466796875 0.05226480836236934 0.46484375 0.05574912891986063 0.455078125 0.05574912891986063 0.455078125 0.003484320557491289
0 0.427734375 0.23344947735191637 0.431640625 0.23344947735191637 0.431640625 0.23693379790940766 0.4375 0.24390243902439024 0.4375 0.26480836236933797 0.43359375 0.2578397212543554 0.431640625 0.24041811846689895 0.427734375 0.23693379790940766
0 0.4921875 0.627177700348432 0.498046875 0.627177700348432 0.498046875 0.6341463414634146 0.501953125 0.6376306620209059 0.505859375 0.6480836236933798 0.505859375 0.6829268292682927 0.50390625 0.6829268292682927 0.50390625 0.6794425087108014 0.5 0.6759581881533101 0.498046875 0.6480836236933798 0.49609375 0.6411149825783972 0.4921875 0.6376306620209059 0.4921875 0.6306620209059234
0 0.650390625 0.010452961672473868 0.65234375 0.010452961672473868 0.654296875 0.017421602787456445 0.654296875 0.04529616724738676 0.65234375 0.04529616724738676 0.650390625 0.013937282229965157
0 0.44921875 0.6689895470383276 0.451171875 0.6724738675958188 0.455078125 0.6724738675958188 0.455078125 0.6933797909407665 0.45703125 0.7003484320557491 0.4453125 0.6898954703832753 0.4453125 0.6724738675958188 0.447265625 0.6724738675958188
0 0.583984375 0.6515679442508711 0.591796875 0.6515679442508711 0.59375 0.6585365853658537 0.59375 0.6689895470383276 0.595703125 0.6724738675958188 0.595703125 0.6829268292682927 0.591796875 0.6898954703832753 0.58203125 0.6898954703832753 0.580078125 0.6759581881533101 0.58203125 0.6724738675958188 0.58203125 0.6585365853658537 0.583984375 0.6550522648083623
0 0.619140625 0.5261324041811847 0.630859375 0.5261324041811847 0.62890625 0.5296167247386759 0.630859375 0.5853658536585366 0.62890625 0.5888501742160279 0.62890625 0.6097560975609756 0.625 0.6132404181184669 0.62109375 0.6132404181184669 0.619140625 0.5714285714285714 0.615234375 0.5679442508710801 0.615234375 0.5574912891986062 0.619140625 0.554006968641115 0.619140625 0.5400696864111498 0.62109375 0.5365853658536586 0.619140625 0.5296167247386759
0 0.4375 0.6515679442508711 0.44140625 0.6480836236933798 0.447265625 0.6480836236933798 0.447265625 0.6550522648083623 0.44921875 0.6585365853658537 0.447265625 0.6724738675958188 0.44140625 0.6724738675958188 0.44140625 0.6655052264808362 0.4375 0.662020905923345 0.4375 0.6550522648083623
0 0.4375 0.2926829268292683 0.443359375 0.2926829268292683 0.4453125 0.29965156794425085 0.4453125 0.3170731707317073 0.44140625 0.313588850174216 0.44140625 0.2961672473867596 0.439453125 0.2926829268292683
0 0.505859375 0.2613240418118467 0.515625 0.2613240418118467 0.515625 0.30662020905923343 0.513671875 0.31010452961672474 0.509765625 0.30662020905923343 0.509765625 0.27177700348432055 0.505859375 0.2682926829268293 0.505859375 0.26480836236933797
0 0.451171875 0.30662020905923343 0.455078125 0.31010452961672474 0.455078125 0.3205574912891986 0.453125 0.3205574912891986 0.451171875 0.31010452961672474
0 0.64453125 0.9337979094076655 0.646484375 0.9337979094076655 0.646484375 0.9407665505226481 0.6484375 0.9442508710801394 0.6484375 0.9895470383275261 0.64453125 0.9895470383275261 0.64453125 0.9651567944250871 0.640625 0.9616724738675958 0.640625 0.9477351916376306 0.64453125 0.9442508710801394 0.64453125 0.9372822299651568
0 0.453125 0.6376306620209059 0.45703125 0.6376306620209059 0.458984375 0.6445993031358885 0.458984375 0.6550522648083623 0.45703125 0.662020905923345 0.453125 0.662020905923345 0.451171875 0.6550522648083623 0.451171875 0.6445993031358885 0.453125 0.6411149825783972
0 0.470703125 0.31010452961672474 0.474609375 0.31010452961672474 0.48046875 0.32752613240418116 0.48046875 0.3310104529616725 0.478515625 0.3310104529616725 0.4765625 0.3240418118466899 0.470703125 0.3170731707317073 0.470703125 0.313588850174216
0 0.52734375 0.34146341463414637 0.548828125 0.34146341463414637 0.55078125 0.34494773519163763 0.55078125 0.34843205574912894 0.53125 0.34843205574912894 0.529296875 0.3519163763066202 0.525390625 0.3519163763066202 0.52734375 0.34494773519163763
0 0.462890625 0.22996515679442509 0.46484375 0.23344947735191637 0.46484375 0.2613240418118467 0.4609375 0.2613240418118467 0.462890625 0.2578397212543554 0.462890625 0.23344947735191637
0 0.474609375 0.2508710801393728 0.474609375 0.289198606271777 0.470703125 0.2926829268292683 0.470703125 0.2857142857142857 0.474609375 0.28222996515679444 0.474609375 0.25435540069686413
0 0.4691211401425178 0.29715212659422147 0.009079015736342042 0.011653024572322411
0 0.537109375 0.6202090592334495 0.560546875 0.6202090592334495 0.560546875 0.627177700348432 0.533203125 0.627177700348432 0.537109375 0.6236933797909407
0 0.48046875 0.6445993031358885 0.486328125 0.6445993031358885 0.486328125 0.662020905923345 0.490234375 0.6759581881533101 0.490234375 0.7177700348432056 0.4921875 0.7212543554006968 0.490234375 0.7386759581881533 0.48828125 0.7386759581881533 0.48828125 0.7177700348432056 0.484375 0.7142857142857143 0.48046875 0.6968641114982579 0.48046875 0.6480836236933798
0 0.53515625 0.6445993031358885 0.533203125 0.662020905923345 0.53125 0.6655052264808362 0.52734375 0.662020905923345 0.52734375 0.6585365853658537 0.529296875 0.6585365853658537 0.53125 0.6515679442508711 0.53515625 0.6480836236933798