0 0.693359375 0.9059233449477352 0.697265625 0.9024390243902439 0.69921875 0.9059233449477352 0.69921875 0.9198606271777003 0.701171875 0.9233449477351916 0.701171875 0.9337979094076655 0.6953125 0.9337979094076655 0.689453125 0.926829268292683 0.689453125 0.9128919860627178 0.693359375 0.9094076655052264
0 0.70703125 0.30313588850174217 0.70703125 0.3205574912891986 0.705078125 0.3240418118466899 0.701171875 0.3205574912891986 0.701171875 0.313588850174216 0.70703125 0.30662020905923343
0 0.51953125 0 0.546875 0 0.544921875 0.017421602787456445 0.54296875 0.020905923344947737 0.54296875 0.0313588850174216 0.5390625 0.03484320557491289 0.537109375 0.04878048780487805 0.53125 0.04878048780487805 0.529296875 0.05226480836236934 0.521484375 0.04878048780487805 0.521484375 0.03484320557491289 0.51953125 0.0313588850174216 0.51953125 0.003484320557491289
0 0.529296875 0.2926829268292683 0.533203125 0.2926829268292683 0.533203125 0.29965156794425085 0.537109375 0.30313588850174217 0.541015625 0.313588850174216 0.54296875 0.313588850174216 0.54296875 0.32752613240418116 0.541015625 0.32752613240418116 0.541015625 0.3240418118466899 0.53515625 0.3170731707317073 0.53125 0.30662020905923343 0.529296875 0.30662020905923343 0.529296875 0.2961672473867596
0 0.654296875 0.6724738675958188 0.6640625 0.6724738675958188 0.6640625 0.6968641114982579 0.66015625 0.7003484320557491 0.646484375 0.7003484320557491 0.6484375 0.6968641114982579 0.6484375 0.6898954703832753 0.642578125 0.6829268292682927 0.642578125 0.6794425087108014 0.65234375 0.6794425087108014 0.654296875 0.6759581881533101
0 0.6796875 0.5052264808362369 0.693359375 0.5052264808362369 0.69140625 0.5156794425087108 0.693359375 0.519163763066202 0.693359375 0.5331010452961672 0.6953125 0.5365853658536586 0.693359375 0.5818815331010453 0.685546875 0.5853658536585366 0.685546875 0.578397212543554 0.681640625 0.5749128919860628 0.6796875 0.5087108013937283
0 0.623046875 0.05226480836236934 0.626953125 0.059233449477351915 0.630859375 0.059233449477351915 0.642578125 0.07317073170731707 0.650390625 0.09407665505226481 0.650390625 0.156794425087108 0.6484375 0.1602787456445993 0.6484375 0.18466898954703834 0.650390625 0.18815331010452963 0.650390625 0.20209059233449478 0.65234375 0.20905923344947736 0.65234375 0.20557491289198607 0.64453125 0.1951219512195122 0.638671875 0.1951219512195122 0.634765625 0.1986062717770035 0.634765625 0.18815331010452963 0.640625 0.17770034843205576 0.640625 0.17073170731707318 0.630859375 0.14285714285714285 0.626953125 0.13937282229965156 0.623046875 0.11498257839721254 0.62109375 0.11149825783972125 0.6171875 0.11149825783972125 0.6171875 0.10452961672473868 0.619140625 0.10104529616724739 0.619140625 0.09059233449477352 0.6171875 0.08710801393728224 0.6171875 0.05574912891986063 0.62109375 0.05226480836236934
0 0.51171875 0.2229965156794425 0.517578125 0.2229965156794425 0.517578125 0.23344947735191637 0.51953125 0.23693379790940766 0.51953125 0.24390243902439024 0.515625 0.24738675958188153 0.517578125 0.24390243902439024 0.517578125 0.22996515679442509 0.515625 0.2264808362369338 0.51171875 0.2264808362369338
0 0.666015625 0.47038327526132406 0.67578125 0.47038327526132406 0.67578125 0.4808362369337979 0.673828125 0.4843205574912892 0.673828125 0.4912891986062718 0.67578125 0.49477351916376305 0.67578125 0.5365853658536586 0.671875 0.5365853658536586 0.669921875 0.5400696864111498 0.666015625 0.5400696864111498 0.662109375 0.5331010452961672 0.662109375 0.5121951219512195 0.6640625 0.5087108013937283 0.6640625 0.49477351916376305 0.666015625 0.4912891986062718 0.666015625 0.4738675958188153
0 0.490234375 0.31010452961672474 0.494140625 0.31010452961672474 0.494140625 0.3170731707317073 0.49609375 0.3205574912891986 0.49609375 0.3310104529616725 0.49609375 0.32752613240418116 0.4921875 0.3240418118466899 0.490234375 0.313588850174216
0 0.50390625 0.2926829268292683 0.51171875 0.2926829268292683 0.51171875 0.313588850174216 0.50390625 0.31010452961672474 0.50390625 0.2961672473867596
0 0.484375 0.2787456445993031 0.486328125 0.27177700348432055 0.494140625 0.27526132404181186 0.49609375 0.28222996515679444 0.49609375 0.289198606271777 0.494140625 0.2926829268292683 0.49609375 0.2857142857142857 0.486328125 0.2787456445993031
0 0.53515625 0.24738675958188153 0.541015625 0.24738675958188153 0.541015625 0.2613240418118467 0.54296875 0.26480836236933797 0.54296875 0.27526132404181186 0.541015625 0.28222996515679444 0.537109375 0.28222996515679444 0.541015625 0.2787456445993031 0.5390625 0.27526132404181186 0.53515625 0.27526132404181186 0.53515625 0.2508710801393728
0 0.60546875 0.627177700348432 0.625 0.627177700348432 0.626953125 0.6341463414634146 0.626953125 0.6411149825783972 0.623046875 0.6411149825783972 0.62109375 0.6445993031358885 0.62109375 0.6515679442508711 0.6171875 0.6550522648083623 0.61328125 0.6550522648083623 0.607421875 0.6445993031358885 0.59765625 0.6550522648083623 0.599609375 0.6341463414634146 0.603515625 0.6341463414634146 0.60546875 0.6306620209059234
0 0.552734375 0.6062717770034843 0.556640625 0.6097560975609756 0.55859375 0.6202090592334495 0.5625 0.6236933797909407 0.5625 0.6306620209059234 0.564453125 0.6341463414634146 0.564453125 0.6585365853658537 0.5625 0.6585365853658537 0.564453125 0.6515679442508711 0.560546875 0.6480836236933798 0.55859375 0.627177700348432 0.5546875 0.6236933797909407 0.55078125 0.6132404181184669 0.548828125 0.6132404181184669 0.548828125 0.6097560975609756 0.55078125 0.6097560975609756
0 0.513671875 0.2926829268292683 0.517578125 0.2926829268292683 0.51953125 0.29965156794425085 0.51953125 0.3205574912891986 0.517578125 0.3205574912891986 0.51953125 0.3170731707317073 0.515625 0.313588850174216 0.513671875 0.30662020905923343 0.513671875 0.2961672473867596
0 0.494140625 0.21602787456445993 0.5 0.21602787456445993 0.5 0.23693379790940766 0.501953125 0.24041811846689895 0.501953125 0.25435540069686413 0.5 0.25435540069686413 0.501953125 0.2508710801393728 0.5 0.24738675958188153 0.5 0.23693379790940766 0.498046875 0.23344947735191637 0.494140625 0.23344947735191637 0.494140625 0.21951219512195122
0 0.66796875 0.5470383275261324 0.673828125 0.5470383275261324 0.673828125 0.5714285714285714 0.67578125 0.5749128919860628 0.673828125 0.6132404181184669 0.669921875 0.6202090592334495 0.666015625 0.6202090592334495 0.6640625 0.6236933797909407 0.66015625 0.6236933797909407 0.65625 0.6167247386759582 0.65625 0.5853658536585366 0.66015625 0.5749128919860628 0.6640625 0.5714285714285714 0.6640625 0.5644599303135889 0.66796875 0.5505226480836237
0 0.529296875 0.2229965156794425 0.529296875 0.23344947735191637 0.53125 0.23693379790940766 0.53125 0.2508710801393728 0.529296875 0.2264808362369338
0 0.599609375 0.6306620209059234 0.603515625 0.627177700348432 0.625 0.627177700348432 0.626953125 0.6341463414634146 0.62109375 0.6341463414634146 0.619140625 0.6376306620209059 0.599609375 0.6376306620209059 0.599609375 0.6341463414634146
0 0.712890625 0.49825783972125437 0.71484375 0.5017421602787456 0.71875 0.5017421602787456 0.720703125 0.5087108013937283 0.720703125 0.5644599303135889 0.71484375 0.5574912891986062 0.71484375 0.519163763066202 0.708984375 0.5087108013937283 0.70703125 0.5087108013937283 0.708984375 0.5087108013937283 0.7109375 0.5017421602787456
0 0.708984375 0.926829268292683 0.71484375 0.9233449477351916 0.71484375 0.9547038327526133 0.716796875 0.9581881533101045 0.716796875 0.9790940766550522 0.71484375 0.9860627177700348 0.708984375 0.9825783972125436 0.708984375 0.9581881533101045 0.705078125 0.9547038327526133 0.705078125 0.9442508710801394 0.708984375 0.9407665505226481 0.708984375 0.9303135888501742
0 0.712890625 0.0313588850174216 0.71875 0.0313588850174216 0.720703125 0.03484320557491289 0.720703125 0.0627177700348432 0.71875 0.059233449477351915 0.71875 0.05226480836236934 0.716796875 0.04878048780487805 0.712890625 0.04878048780487805 0.712890625 0.03484320557491289
0 0.59375 0.34843205574912894 0.6171875 0.34843205574912894 0.6171875 0.3554006968641115 0.591796875 0.3554006968641115 0.59375 0.3519163763066202
0 0.572265625 0.2508710801393728 0.578125 0.2508710801393728 0.578125 0.30313588850174217 0.57421875 0.29965156794425085 0.57421875 0.2613240418118467 0.572265625 0.25435540069686413
0 0.54296875 0.6306620209059234 0.546875 0.6306620209059234 0.55078125 0.6445993031358885 0.55078125 0.7177700348432056 0.548828125 0.7038327526132404 0.544921875 0.7003484320557491 0.54296875 0.6341463414634146
0 0.5390625 0.34494773519163763 0.544921875 0.34494773519163763 0.544921875 0.3554006968641115 0.55078125 0.37630662020905925 0.546875 0.3797909407665505 0.546875 0.37282229965156793 0.54296875 0.3693379790940767 0.54296875 0.3623693379790941 0.5390625 0.3554006968641115 0.5390625 0.34843205574912894