0 0.4794050343249428 -0.01786013283473796 0.047996817791762014 0.041245744265222976
0 0.546875 0.059233449477351915 0.587890625 0.059233449477351915 0.58984375 0.06620209059233449 0.603515625 0.06620209059233449 0.603515625 0.07317073170731707 0.6015625 0.07317073170731707 0.595703125 0.08710801393728224 0.591796875 0.08710801393728224 0.5859375 0.09407665505226481 0.578125 0.09407665505226481 0.576171875 0.0975609756097561 0.53515625 0.0975609756097561 0.529296875 0.09059233449477352 0.529296875 0.08013937282229965 0.525390625 0.07317073170731707 0.525390625 0.06620209059233449 0.544921875 0.06620209059233449 0.546875 0.0627177700348432
0 0.322265625 0.37282229965156793 0.328125 0.37630662020905925 0.328125 0.3832752613240418 0.33203125 0.3867595818815331 0.333984375 0.39372822299651566 0.333984375 0.40418118466898956 0.328125 0.40418118466898956 0.326171875 0.4076655052264808 0.318359375 0.40418118466898956 0.318359375 0.3797909407665505 0.322265625 0.37630662020905925
0 0.486328125 0.03832752613240418 0.48828125 0.03832752613240418 0.48828125 0.041811846689895474 0.4921875 0.04529616724738676 0.494140625 0.05226480836236934 0.501953125 0.059233449477351915 0.5078125 0.059233449477351915 0.51171875 0.0627177700348432 0.51171875 0.08362369337979095 0.498046875 0.08362369337979095 0.48828125 0.07317073170731707 0.482421875 0.07317073170731707 0.482421875 0.06968641114982578 0.484375 0.06968641114982578 0.486328125 0.0627177700348432 0.490234375 0.059233449477351915 0.490234375 0.05574912891986063 0.486328125 0.05226480836236934 0.486328125 0.041811846689895474
0 0.48828125 0.4912891986062718 0.4921875 0.4912891986062718 0.494140625 0.49477351916376305 0.509765625 0.49477351916376305 0.513671875 0.5017421602787456 0.51953125 0.5017421602787456 0.521484375 0.5087108013937283 0.521484375 0.5226480836236934 0.5078125 0.5226480836236934 0.498046875 0.5121951219512195 0.498046875 0.5052264808362369 0.49609375 0.5017421602787456 0.48828125 0.49477351916376305
0 0.498046875 0.5505226480836237 0.5 0.5505226480836237 0.501953125 0.5574912891986062 0.509765625 0.5574912891986062 0.509765625 0.5609756097560976 0.5 0.5609756097560976 0.498046875 0.5644599303135889 0.486328125 0.5644599303135889 0.484375 0.5609756097560976 0.48046875 0.5609756097560976 0.48046875 0.5574912891986062 0.49609375 0.5574912891986062 0.498046875 0.554006968641115
0 0.5 0.2787456445993031 0.513671875 0.2787456445993031 0.513671875 0.28222996515679444 0.521484375 0.2926829268292683 0.521484375 0.30662020905923343 0.515625 0.30662020905923343 0.51171875 0.31010452961672474 0.5078125 0.3170731707317073 0.5078125 0.3240418118466899 0.50390625 0.32752613240418116 0.5 0.32752613240418116 0.49609375 0.3205574912891986 0.486328125 0.3205574912891986 0.484375 0.3170731707317073 0.48046875 0.3170731707317073 0.48046875 0.313588850174216 0.4765625 0.31010452961672474 0.4765625 0.29965156794425085 0.486328125 0.29965156794425085 0.48828125 0.2926829268292683 0.4921875 0.2926829268292683 0.5 0.28222996515679444
0 0.541015625 0.6445993031358885 0.55078125 0.6445993031358885 0.55078125 0.6480836236933798 0.556640625 0.6550522648083623 0.57421875 0.6550522648083623 0.578125 0.6585365853658537 0.57421875 0.6689895470383276 0.576171875 0.6724738675958188 0.58203125 0.6724738675958188 0.58203125 0.6968641114982579 0.578125 0.7038327526132404 0.5703125 0.7038327526132404 0.568359375 0.7073170731707317 0.56640625 0.7038327526132404 0.548828125 0.7038327526132404 0.544921875 0.710801393728223 0.529296875 0.710801393728223 0.533203125 0.7073170731707317 0.53515625 0.662020905923345 0.5390625 0.6585365853658537 0.541015625 0.6480836236933798
0 0.390625 0.020905923344947737 0.400390625 0.020905923344947737 0.40234375 0.024390243902439025 0.40625 0.020905923344947737 0.416015625 0.020905923344947737 0.419921875 0.024390243902439025 0.419921875 0.03832752613240418 0.412109375 0.03832752613240418 0.41015625 0.041811846689895474 0.40234375 0.03832752613240418 0.390625 0.024390243902439025
0 0.52734375 0.3623693379790941 0.529296875 0.36585365853658536 0.533203125 0.36585365853658536 0.533203125 0.3693379790940767 0.529296875 0.37282229965156793 0.5 0.3693379790940767 0.5 0.36585365853658536 0.505859375 0.3588850174216028 0.5234375 0.3588850174216028 0.525390625 0.3623693379790941
0 0.599609375 0.34146341463414637 0.599609375 0.3519163763066202 0.59375 0.3588850174216028 0.591796875 0.37630662020905925 0.587890625 0.3797909407665505 0.587890625 0.3867595818815331 0.5859375 0.3902439024390244 0.58203125 0.3832752613240418 0.578125 0.3832752613240418 0.576171875 0.3867595818815331 0.55859375 0.3867595818815331 0.552734375 0.397212543554007 0.544921875 0.397212543554007 0.54296875 0.3902439024390244 0.533203125 0.3902439024390244 0.53125 0.39372822299651566 0.533203125 0.40069686411149824 0.529296875 0.397212543554007 0.5234375 0.397212543554007 0.5234375 0.3867595818815331 0.51953125 0.3832752613240418 0.533203125 0.37630662020905925 0.5390625 0.3554006968641115 0.546875 0.3519163763066202 0.556640625 0.34146341463414637 0.564453125 0.34146341463414637 0.56640625 0.33797909407665505 0.595703125 0.33797909407665505 0.59765625 0.34146341463414637
0 0.5078125 0.07665505226480836 0.51953125 0.07665505226480836 0.51953125 0.08710801393728224 0.515625 0.08710801393728224 0.513671875 0.09059233449477352 0.5078125 0.08710801393728224 0.5078125 0.08013937282229965
0 0.607421875 0.818815331010453 0.609375 0.818815331010453 0.609375 0.8571428571428571 0.591796875 0.8571428571428571 0.587890625 0.8536585365853658 0.587890625 0.8362369337979094 0.59375 0.8362369337979094 0.607421875 0.8222996515679443
0 0.330078125 0.16376306620209058 0.341796875 0.16376306620209058 0.341796875 0.17421602787456447 0.337890625 0.17770034843205576 0.333984375 0.17770034843205576 0.326171875 0.17073170731707318 0.330078125 0.1672473867595819
0 0.353515625 0.041811846689895474 0.353515625 0.05226480836236934 0.34765625 0.05226480836236934 0.345703125 0.05574912891986063 0.328125 0.05226480836236934 0.328125 0.04529616724738676 0.33203125 0.04529616724738676 0.333984375 0.041811846689895474 0.3515625 0.041811846689895474
0 0.521484375 0.24390243902439024 0.521484375 0.2682926829268293 0.513671875 0.2682926829268293 0.51171875 0.27177700348432055 0.509765625 0.2682926829268293 0.509765625 0.25435540069686413 0.513671875 0.25435540069686413 0.521484375 0.24738675958188153
0 0.376953125 0.12195121951219512 0.3828125 0.12195121951219512 0.3828125 0.13240418118466898 0.37890625 0.13588850174216027 0.37109375 0.13240418118466898 0.37109375 0.1289198606271777 0.375 0.1289198606271777 0.376953125 0.1254355400696864
0 0.53515625 0.8536585365853658 0.53515625 0.8710801393728222 0.533203125 0.8780487804878049 0.529296875 0.8815331010452961 0.529296875 0.8850174216027874 0.525390625 0.8850174216027874 0.5234375 0.8885017421602788 0.513671875 0.8885017421602788 0.51171875 0.89198606271777 0.498046875 0.8885017421602788 0.498046875 0.8745644599303136 0.5 0.8745644599303136 0.50390625 0.8641114982578397 0.529296875 0.8641114982578397 0.53515625 0.8571428571428571
0 0.654296875 0.4076655052264808 0.654296875 0.46689895470383275 0.64453125 0.4564459930313589 0.63671875 0.4564459930313589 0.630859375 0.44947735191637633 0.625 0.44947735191637633 0.62109375 0.445993031358885 0.62109375 0.43205574912891986 0.626953125 0.42857142857142855 0.62890625 0.42160278745644597 0.634765625 0.4181184668989547 0.642578125 0.4076655052264808 0.65234375 0.4076655052264808
0 0.345703125 0.03832752613240418 0.349609375 0.03484320557491289 0.35546875 0.03484320557491289 0.357421875 0.03832752613240418 0.36328125 0.03832752613240418 0.3671875 0.041811846689895474 0.3671875 0.04529616724738676 0.359375 0.04529616724738676 0.357421875 0.04878048780487805 0.349609375 0.04878048780487805 0.345703125 0.04529616724738676 0.345703125 0.041811846689895474
0 0.4921875 0.397212543554007 0.498046875 0.397212543554007 0.498046875 0.42857142857142855 0.490234375 0.42857142857142855 0.48828125 0.43205574912891986 0.486328125 0.42857142857142855 0.490234375 0.42857142857142855 0.4921875 0.4250871080139373 0.4921875 0.40069686411149824
0 0.3515446224256293 -0.00918521117215095 0.029118099256292905 0.023895900940048957
0 0.59765625 0.3797909407665505 0.599609375 0.3797909407665505 0.599609375 0.4146341463414634 0.595703125 0.4181184668989547 0.59375 0.4529616724738676 0.580078125 0.4529616724738676 0.578125 0.4564459930313589 0.57421875 0.4529616724738676 0.56640625 0.4529616724738676 0.56640625 0.4425087108013937 0.5625 0.43902439024390244 0.5625 0.42857142857142855 0.56640625 0.4250871080139373 0.568359375 0.41114982578397213 0.576171875 0.41114982578397213 0.578125 0.4076655052264808 0.587890625 0.40418118466898956 0.591796875 0.39372822299651566 0.591796875 0.3867595818815331 0.595703125 0.3867595818815331 0.59765625 0.3832752613240418
0 0.4921875 0.6376306620209059 0.4921875 0.6515679442508711 0.478515625 0.6585365853658537 0.47265625 0.6655052264808362 0.466796875 0.6655052264808362 0.46484375 0.6689895470383276 0.439453125 0.6689895470383276 0.439453125 0.6655052264808362 0.4453125 0.6585365853658537 0.447265625 0.6515679442508711 0.4609375 0.6411149825783972 0.482421875 0.6411149825783972 0.484375 0.6445993031358885 0.48828125 0.6445993031358885 0.490234375 0.6411149825783972
0 0.57421875 0.03832752613240418 0.5859375 0.03484320557491289 0.5859375 0.03832752613240418 0.580078125 0.04529616724738676 0.576171875 0.04529616724738676 0.576171875 0.041811846689895474
0 0.6484375 0.2926829268292683 0.65234375 0.2961672473867596 0.65234375 0.3170731707317073 0.64453125 0.3170731707317073 0.638671875 0.3240418118466899 0.634765625 0.3240418118466899 0.630859375 0.3310104529616725 0.6328125 0.33797909407665505 0.62890625 0.34146341463414637 0.625 0.33797909407665505 0.591796875 0.33797909407665505 0.587890625 0.3344947735191638 0.591796875 0.3310104529616725 0.59375 0.313588850174216 0.6015625 0.30313588850174217 0.60546875 0.30313588850174217 0.609375 0.2961672473867596 0.615234375 0.2961672473867596 0.6171875 0.2926829268292683 0.646484375 0.2926829268292683