0 0.193359375 0.4444444444444444 0.212890625 0.4270833333333333 0.220703125 0.4270833333333333 0.22265625 0.4236111111111111 0.240234375 0.4236111111111111 0.240234375 0.4305555555555556 0.23828125 0.4340277777777778 0.228515625 0.4409722222222222 0.1953125 0.4479166666666667
0 0.728515625 0.375 0.734375 0.3819444444444444 0.724609375 0.3958333333333333 0.693359375 0.3923611111111111 0.69140625 0.3888888888888889 0.69140625 0.3819444444444444 0.701171875 0.375 0.7265625 0.375
0 0.208984375 0.4270833333333333 0.203125 0.4340277777777778 0.19921875 0.4340277777777778 0.19140625 0.4409722222222222 0.17578125 0.4444444444444444 0.173828125 0.4479166666666667 0.16015625 0.4479166666666667 0.158203125 0.4513888888888889 0.140625 0.4479166666666667 0.138671875 0.4444444444444444 0.140625 0.4375 0.14453125 0.4375 0.15234375 0.4305555555555556 0.16015625 0.4305555555555556 0.162109375 0.4270833333333333 0.20703125 0.4270833333333333
0 0.57265625 0.19444444444444445 0.06197916666666667 0.03333333333333333
0 0.75 0.3854166666666667 0.75390625 0.3888888888888889 0.755859375 0.3958333333333333 0.75390625 0.4236111111111111 0.75 0.4236111111111111 0.748046875 0.4201388888888889 0.744140625 0.4236111111111111 0.736328125 0.4236111111111111 0.724609375 0.4097222222222222 0.724609375 0.3993055555555556 0.73046875 0.3888888888888889 0.734375 0.3854166666666667 0.748046875 0.3854166666666667
0 0.564453125 0.6145833333333334 0.58203125 0.6319444444444444 0.58984375 0.6458333333333334 0.603515625 0.6597222222222222 0.61328125 0.6770833333333334 0.625 0.6805555555555556 0.626953125 0.6840277777777778 0.626953125 0.6909722222222222 0.6171875 0.6909722222222222 0.607421875 0.6840277777777778 0.599609375 0.6840277777777778 0.580078125 0.6666666666666666 0.57421875 0.65625 0.564453125 0.6458333333333334 0.556640625 0.6284722222222222 0.5546875 0.6180555555555556 0.556640625 0.6145833333333334 0.5625 0.6145833333333334
0 0.568359375 0.4166666666666667 0.568359375 0.4236111111111111 0.5703125 0.4270833333333333 0.564453125 0.4340277777777778 0.5390625 0.4340277777777778 0.537109375 0.4305555555555556 0.53125 0.4305555555555556 0.529296875 0.4236111111111111 0.533203125 0.4166666666666667 0.537109375 0.4166666666666667 0.5390625 0.4131944444444444 0.560546875 0.4131944444444444 0.5625 0.4166666666666667 0.56640625 0.4166666666666667
0 0.31640625 0.19791666666666666 0.318359375 0.2013888888888889 0.31640625 0.2048611111111111 0.294921875 0.2222222222222222 0.26171875 0.2222222222222222 0.2578125 0.21875 0.2578125 0.21180555555555555 0.27734375 0.19791666666666666 0.314453125 0.19791666666666666
0 0.998046875 0.3472222222222222 0.998046875 0.3680555555555556 0.990234375 0.3680555555555556 0.98828125 0.3715277777777778 0.97265625 0.3715277777777778 0.970703125 0.375 0.95703125 0.375 0.953125 0.3715277777777778 0.953125 0.3645833333333333 0.955078125 0.3611111111111111 0.958984375 0.3576388888888889 0.96484375 0.3576388888888889 0.966796875 0.3541666666666667 0.97265625 0.3541666666666667 0.974609375 0.3506944444444444 0.98046875 0.3506944444444444 0.982421875 0.3472222222222222 0.99609375 0.3472222222222222
0 0.341796875 0.2916666666666667 0.341796875 0.2708333333333333 0.345703125 0.2638888888888889 0.349609375 0.2638888888888889 0.357421875 0.2569444444444444 0.36328125 0.2638888888888889 0.36328125 0.2881944444444444 0.361328125 0.2916666666666667 0.34375 0.2916666666666667
0 0.59765625 0.3819444444444444 0.603515625 0.3819444444444444 0.60546875 0.3784722222222222 0.626953125 0.3784722222222222 0.62890625 0.3819444444444444 0.638671875 0.3819444444444444 0.640625 0.3888888888888889 0.640625 0.3923611111111111 0.625 0.3923611111111111 0.615234375 0.3993055555555556 0.599609375 0.3993055555555556 0.59765625 0.3958333333333333 0.59765625 0.3854166666666667
0 0.623046875 0.2534722222222222 0.6328125 0.2604166666666667 0.64453125 0.2604166666666667 0.640625 0.2673611111111111 0.6328125 0.2673611111111111 0.630859375 0.2708333333333333 0.6015625 0.2708333333333333 0.599609375 0.2638888888888889 0.603515625 0.2569444444444444 0.607421875 0.2534722222222222 0.62109375 0.2534722222222222
0 0.15625 0.3703703703703704 0.08020833333333333 0.03148148148148148
0 0.43359375 0.21875 0.4375 0.2152777777777778 0.44921875 0.2152777777777778 0.4453125 0.2326388888888889 0.44140625 0.23958333333333334 0.4375 0.23958333333333334 0.435546875 0.24305555555555555 0.43359375 0.23958333333333334 0.43359375 0.2222222222222222
0 0.5752604166666666 0.1574074074074074 0.0546875 0.044444444444444446
0 0.908203125 0.5625 0.91015625 0.5659722222222222 0.916015625 0.5659722222222222 0.92578125 0.5729166666666666 0.947265625 0.5729166666666666 0.94921875 0.5763888888888888 0.953125 0.5763888888888888 0.95703125 0.5833333333333334 0.955078125 0.5868055555555556 0.94140625 0.5868055555555556 0.939453125 0.5902777777777778 0.9375 0.5868055555555556 0.93359375 0.5902777777777778 0.921875 0.5902777777777778 0.919921875 0.59375 0.9140625 0.59375 0.908203125 0.6006944444444444 0.8828125 0.6006944444444444 0.87890625 0.59375 0.87890625 0.5729166666666666 0.880859375 0.5694444444444444 0.884765625 0.5694444444444444 0.892578125 0.5625 0.90625 0.5625
0 0.66953125 0.4236111111111111 0.06927083333333334 0.03796296296296296
0 0.55078125 0.22569444444444445 0.548828125 0.21875 0.55078125 0.21180555555555555 0.587890625 0.21180555555555555 0.58984375 0.20833333333333334 0.599609375 0.20833333333333334 0.6015625 0.21180555555555555 0.6015625 0.2152777777777778 0.59375 0.22569444444444445 0.58203125 0.22569444444444445 0.580078125 0.22916666666666666 0.5546875 0.22916666666666666 0.552734375 0.22569444444444445
0 0.5625 0.125 0.58203125 0.1111111111111111 0.595703125 0.1111111111111111 0.59765625 0.11805555555555555 0.59765625 0.13194444444444445 0.595703125 0.13541666666666666 0.58984375 0.13541666666666666 0.580078125 0.1423611111111111 0.5703125 0.1423611111111111 0.568359375 0.1388888888888889 0.564453125 0.1388888888888889 0.5625 0.13541666666666666 0.5625 0.1284722222222222
0 0.361328125 0.3263888888888889 0.361328125 0.3402777777777778 0.357421875 0.3472222222222222 0.34765625 0.3541666666666667 0.341796875 0.3541666666666667 0.333984375 0.3611111111111111 0.31640625 0.3611111111111111 0.31640625 0.3541666666666667 0.3203125 0.3472222222222222 0.333984375 0.3402777777777778 0.33984375 0.3333333333333333 0.345703125 0.3333333333333333 0.353515625 0.3263888888888889 0.359375 0.3263888888888889
0 0.255859375 0.3645833333333333 0.2578125 0.3680555555555556 0.275390625 0.3680555555555556 0.275390625 0.3784722222222222 0.265625 0.3784722222222222 0.251953125 0.3888888888888889 0.24609375 0.3888888888888889 0.244140625 0.3923611111111111 0.23828125 0.3923611111111111 0.228515625 0.3993055555555556 0.21875 0.3993055555555556 0.216796875 0.4027777777777778 0.203125 0.4027777777777778 0.201171875 0.3993055555555556 0.17578125 0.3993055555555556 0.171875 0.3958333333333333 0.171875 0.3888888888888889 0.185546875 0.3819444444444444 0.19140625 0.375 0.19921875 0.375 0.201171875 0.3715277777777778 0.216796875 0.3715277777777778 0.21875 0.3680555555555556 0.25 0.3680555555555556 0.25390625 0.3645833333333333
0 0.2453125 0.3189814814814815 0.08541666666666667 0.045370370370370366
0 0.30078125 0.3854166666666667 0.310546875 0.3784722222222222 0.328125 0.3784722222222222 0.330078125 0.3819444444444444 0.32421875 0.3923611111111111 0.30859375 0.4027777777777778 0.298828125 0.3993055555555556 0.298828125 0.3923611111111111 0.30078125 0.3888888888888889
0 0.51953125 0.3055555555555556 0.525390625 0.3194444444444444 0.525390625 0.3263888888888889 0.521484375 0.3298611111111111 0.513671875 0.3298611111111111 0.51171875 0.3333333333333333 0.5 0.3333333333333333 0.49609375 0.3263888888888889 0.49609375 0.3159722222222222 0.51171875 0.3055555555555556 0.517578125 0.3055555555555556
0 0.3208333333333333 0.3226851851851852 0.04583333333333333 0.03796296296296296
0 0.302734375 0.2361111111111111 0.3046875 0.23958333333333334 0.302734375 0.2465277777777778 0.279296875 0.2465277777777778 0.27734375 0.25 0.25390625 0.25 0.251953125 0.2465277777777778 0.244140625 0.2465277777777778 0.23828125 0.23958333333333334 0.2421875 0.2326388888888889 0.2578125 0.2326388888888889 0.259765625 0.22916666666666666 0.28515625 0.22916666666666666 0.287109375 0.2326388888888889 0.298828125 0.2326388888888889 0.30078125 0.2361111111111111
0 0.150390625 0.4270833333333333 0.13671875 0.4409722222222222 0.1328125 0.4409722222222222 0.125 0.4479166666666667 0.119140625 0.4479166666666667 0.1171875 0.4513888888888889 0.111328125 0.4513888888888889 0.109375 0.4548611111111111 0.103515625 0.4548611111111111 0.095703125 0.4618055555555556 0.08203125 0.4618055555555556 0.078125 0.4548611111111111 0.078125 0.4444444444444444 0.080078125 0.4409722222222222 0.091796875 0.4375 0.09375 0.4340277777777778 0.099609375 0.4340277777777778 0.1015625 0.4305555555555556 0.1328125 0.4305555555555556 0.134765625 0.4270833333333333 0.1484375 0.4270833333333333
0 0.814453125 0.4375 0.818359375 0.4305555555555556 0.828125 0.4305555555555556 0.830078125 0.4270833333333333 0.87109375 0.4270833333333333 0.873046875 0.4305555555555556 0.892578125 0.4305555555555556 0.89453125 0.4340277777777778 0.8984375 0.4340277777777778 0.8984375 0.4409722222222222 0.8828125 0.4409722222222222 0.880859375 0.4444444444444444 0.8671875 0.4444444444444444 0.865234375 0.4479166666666667 0.828125 0.4479166666666667 0.826171875 0.4444444444444444 0.8203125 0.4444444444444444 0.81640625 0.4409722222222222
0 0.423828125 0.4131944444444444 0.421875 0.3993055555555556 0.431640625 0.3923611111111111 0.44140625 0.3923611111111111 0.44140625 0.3993055555555556 0.431640625 0.4131944444444444 0.42578125 0.4131944444444444
0 0.994140625 0.4444444444444444 0.998046875 0.4479166666666667 0.998046875 0.4791666666666667 0.99609375 0.4756944444444444 0.990234375 0.4756944444444444 0.978515625 0.4583333333333333 0.978515625 0.4479166666666667 0.982421875 0.4444444444444444 0.9921875 0.4444444444444444
0 0.2734375 0.3229166666666667 0.275390625 0.3229166666666667 0.271484375 0.3263888888888889 0.2578125 0.3298611111111111 0.25390625 0.3368055555555556 0.224609375 0.34375 0.22265625 0.3472222222222222 0.208984375 0.3506944444444444 0.20703125 0.3541666666666667 0.189453125 0.3541666666666667 0.185546875 0.3506944444444444 0.185546875 0.3472222222222222 0.19921875 0.34375 0.203125 0.3368055555555556 0.2109375 0.3368055555555556 0.216796875 0.3298611111111111 0.220703125 0.3298611111111111 0.228515625 0.3229166666666667 0.271484375 0.3194444444444444
0 0.470703125 0.14583333333333334 0.47265625 0.14930555555555555 0.482421875 0.14930555555555555 0.494140625 0.1597222222222222 0.494140625 0.16666666666666666 0.49609375 0.1701388888888889 0.494140625 0.1736111111111111 0.494140625 0.18055555555555555 0.48828125 0.1875 0.47265625 0.17708333333333334 0.466796875 0.17708333333333334 0.4609375 0.1701388888888889 0.458984375 0.1597222222222222 0.455078125 0.15625 0.455078125 0.1527777777777778 0.46875 0.14583333333333334
0 0.830078125 0.5104166666666666 0.83203125 0.5138888888888888 0.857421875 0.5138888888888888 0.859375 0.5173611111111112 0.87109375 0.5208333333333334 0.87890625 0.5277777777777778 0.890625 0.5277777777777778 0.89453125 0.5347222222222222 0.892578125 0.5416666666666666 0.865234375 0.5416666666666666 0.86328125 0.5451388888888888 0.83984375 0.5451388888888888 0.837890625 0.5416666666666666 0.81640625 0.5381944444444444 0.806640625 0.53125 0.802734375 0.5243055555555556 0.802734375 0.5173611111111112 0.8046875 0.5138888888888888 0.828125 0.5104166666666666
0 0.365234375 0.3958333333333333 0.369140625 0.4027777777777778 0.369140625 0.4166666666666667 0.3671875 0.4201388888888889 0.353515625 0.4201388888888889 0.3515625 0.4166666666666667 0.345703125 0.4166666666666667 0.33984375 0.4097222222222222 0.34375 0.3993055555555556 0.36328125 0.3958333333333333
0 0.208984375 0.21875 0.224609375 0.2048611111111111 0.23046875 0.2048611111111111 0.24609375 0.19444444444444445 0.255859375 0.19444444444444445 0.2578125 0.1909722222222222 0.279296875 0.1909722222222222 0.27734375 0.19791666666666666 0.263671875 0.2048611111111111 0.255859375 0.21875 0.24609375 0.22569444444444445 0.2109375 0.2326388888888889 0.20703125 0.22569444444444445 0.208984375 0.2222222222222222
0 0.171875 0.3263888888888889 0.173828125 0.3333333333333333 0.15234375 0.34375 0.1484375 0.3506944444444444 0.134765625 0.3541666666666667 0.1328125 0.3576388888888889 0.123046875 0.3576388888888889 0.1171875 0.3645833333333333 0.103515625 0.3645833333333333 0.1015625 0.3680555555555556 0.091796875 0.3611111111111111 0.091796875 0.3576388888888889 0.099609375 0.3472222222222222 0.10546875 0.3472222222222222 0.115234375 0.3402777777777778 0.123046875 0.3402777777777778 0.125 0.3368055555555556 0.1328125 0.3368055555555556 0.134765625 0.3333333333333333 0.15234375 0.3333333333333333 0.154296875 0.3298611111111111 0.169921875 0.3263888888888889
0 0.216796875 0.3159722222222222 0.220703125 0.3159722222222222 0.234375 0.3055555555555556 0.2421875 0.3055555555555556 0.244140625 0.3020833333333333 0.259765625 0.3020833333333333 0.26171875 0.2986111111111111 0.287109375 0.2986111111111111 0.287109375 0.3020833333333333 0.275390625 0.3159722222222222 0.248046875 0.3159722222222222 0.24609375 0.3194444444444444 0.2265625 0.3194444444444444 0.224609375 0.3229166666666667 0.21875 0.3159722222222222
0 0.130859375 0.2673611111111111 0.1328125 0.2708333333333333 0.1484375 0.2777777777777778 0.1484375 0.2881944444444444 0.14453125 0.2881944444444444 0.142578125 0.2847222222222222 0.12890625 0.2847222222222222 0.123046875 0.2916666666666667 0.123046875 0.2986111111111111 0.119140625 0.3055555555555556 0.111328125 0.3020833333333333 0.099609375 0.2881944444444444 0.08203125 0.2881944444444444 0.080078125 0.2847222222222222 0.072265625 0.2847222222222222 0.068359375 0.2777777777777778 0.068359375 0.2708333333333333 0.07421875 0.2638888888888889 0.123046875 0.2638888888888889 0.125 0.2673611111111111 0.12890625 0.2673611111111111
0 0.359375 0.5729166666666666 0.36328125 0.5763888888888888 0.36328125 0.59375 0.35546875 0.6180555555555556 0.357421875 0.6597222222222222 0.3515625 0.6701388888888888 0.345703125 0.6701388888888888 0.337890625 0.6770833333333334 0.333984375 0.6770833333333334 0.33203125 0.6736111111111112 0.322265625 0.6736111111111112 0.3203125 0.6701388888888888 0.30078125 0.6701388888888888 0.298828125 0.6736111111111112 0.2890625 0.6736111111111112 0.287109375 0.6701388888888888 0.287109375 0.6597222222222222 0.275390625 0.6319444444444444 0.2734375 0.6180555555555556 0.28125 0.6180555555555556 0.296875 0.6319444444444444 0.30859375 0.6354166666666666 0.3203125 0.6145833333333334 0.3203125 0.6111111111111112 0.328125 0.6041666666666666 0.333984375 0.59375 0.353515625 0.5763888888888888 0.357421875 0.5763888888888888
0 0.64453125 0.1840277777777778 0.6484375 0.1909722222222222 0.6640625 0.2048611111111111 0.669921875 0.2152777777777778 0.65625 0.2326388888888889 0.63671875 0.2326388888888889 0.634765625 0.22916666666666666 0.62890625 0.22916666666666666 0.6171875 0.2152777777777778 0.609375 0.21180555555555555 0.609375 0.2048611111111111 0.615234375 0.19791666666666666 0.623046875 0.19791666666666666 0.63671875 0.1840277777777778 0.642578125 0.1840277777777778
0 0.365234375 0.3958333333333333 0.369140625 0.4027777777777778 0.369140625 0.4166666666666667 0.3671875 0.4201388888888889 0.353515625 0.4201388888888889 0.3515625 0.4166666666666667 0.345703125 0.4166666666666667 0.33984375 0.4097222222222222 0.34375 0.3993055555555556 0.36328125 0.3958333333333333
0 0.779296875 0.3298611111111111 0.78125 0.3333333333333333 0.79296875 0.3333333333333333 0.794921875 0.3368055555555556 0.80859375 0.3368055555555556 0.810546875 0.34375 0.798828125 0.3576388888888889 0.79296875 0.3576388888888889 0.791015625 0.3541666666666667 0.7734375 0.3541666666666667 0.771484375 0.3576388888888889 0.744140625 0.3576388888888889 0.7421875 0.3541666666666667 0.734375 0.3541666666666667 0.732421875 0.3506944444444444 0.732421875 0.34375 0.734375 0.3368055555555556 0.73828125 0.3368055555555556 0.740234375 0.3333333333333333 0.75 0.3333333333333333 0.751953125 0.3298611111111111 0.77734375 0.3298611111111111
0 0.193359375 0.5625 0.1953125 0.5659722222222222 0.20703125 0.5694444444444444 0.224609375 0.5902777777777778 0.240234375 0.6006944444444444 0.2421875 0.6076388888888888 0.23046875 0.6215277777777778 0.21484375 0.6215277777777778 0.2109375 0.6180555555555556 0.20703125 0.6076388888888888 0.19921875 0.6041666666666666 0.19140625 0.59375 0.1796875 0.5902777777777778 0.177734375 0.5868055555555556 0.171875 0.5868055555555556 0.171875 0.5798611111111112 0.1796875 0.5659722222222222 0.19140625 0.5625