0 0.462890625 0.3554006968641115 0.46875 0.3554006968641115 0.46875 0.36585365853658536 0.466796875 0.3693379790940767 0.462890625 0.36585365853658536 0.462890625 0.3588850174216028
0 0.595703125 0.6097560975609756 0.603515625 0.6097560975609756 0.60546875 0.6167247386759582 0.60546875 0.6759581881533101 0.59765625 0.6759581881533101 0.59375 0.6794425087108014 0.587890625 0.6724738675958188 0.587890625 0.6480836236933798 0.595703125 0.6306620209059234 0.595703125 0.6132404181184669
0 0.46484375 0.8222996515679443 0.474609375 0.8222996515679443 0.474609375 0.8432055749128919 0.470703125 0.8466898954703833 0.47265625 0.8432055749128919 0.46484375 0.8362369337979094 0.46484375 0.8257839721254355
0 0.546875 0.9721254355400697 0.546875 0.9825783972125436 0.55078125 0.9860627177700348 0.552734375 0.9930313588850174 0.5546875 0.9930313588850174 0.5546875 0.9965156794425087 0.54296875 0.9965156794425087 0.54296875 0.9790940766550522 0.546875 0.975609756097561
0 0.490234375 0.4808362369337979 0.49609375 0.4808362369337979 0.49609375 0.4843205574912892 0.5 0.4878048780487805 0.5 0.5052264808362369 0.498046875 0.5087108013937283 0.498046875 0.5052264808362369 0.494140625 0.5017421602787456 0.494140625 0.4878048780487805 0.490234375 0.4843205574912892
0 0.435546875 0.006968641114982578 0.435546875 0.024390243902439025 0.43359375 0.027874564459930314 0.4296875 0.0313588850174216 0.421875 0.027874564459930314 0.421875 0.024390243902439025 0.42578125 0.024390243902439025 0.427734375 0.020905923344947737 0.427734375 0.013937282229965157 0.43359375 0.010452961672473868
0 0.4609375 0.09059233449477352 0.466796875 0.09059233449477352 0.46875 0.09407665505226481 0.474609375 0.09407665505226481 0.478515625 0.0975609756097561 0.478515625 0.10452961672473868 0.474609375 0.11149825783972125 0.4765625 0.13240418118466898 0.478515625 0.13588850174216027 0.478515625 0.17073170731707318 0.474609375 0.18466898954703834 0.47265625 0.18466898954703834 0.466796875 0.1951219512195122 0.458984375 0.20209059233449478 0.451171875 0.20209059233449478 0.447265625 0.1951219512195122 0.447265625 0.1672473867595819 0.4453125 0.1602787456445993 0.44140625 0.156794425087108 0.451171875 0.15331010452961671 0.45703125 0.1289198606271777 0.458984375 0.1289198606271777 0.4609375 0.12195121951219512 0.46875 0.11149825783972125 0.46875 0.10801393728222997 0.46484375 0.10452961672473868 0.462890625 0.09407665505226481
0 0.533203125 0.6933797909407665 0.560546875 0.6933797909407665 0.55859375 0.7003484320557491 0.544921875 0.7003484320557491 0.54296875 0.7038327526132404 0.53125 0.7038327526132404 0.529296875 0.7003484320557491 0.533203125 0.6968641114982579
0 0.4375 0.4076655052264808 0.451171875 0.4076655052264808 0.451171875 0.42160278745644597 0.44140625 0.4181184668989547 0.4375 0.4146341463414634 0.4375 0.41114982578397213
0 0.48046875 0.7735191637630662 0.482421875 0.7735191637630662 0.482421875 0.794425087108014 0.48046875 0.794425087108014 0.48046875 0.7770034843205574
0 0.619140625 0.9547038327526133 0.623046875 0.9547038327526133 0.623046875 0.9616724738675958 0.626953125 0.9651567944250871 0.62890625 0.9721254355400697 0.62890625 0.9895470383275261 0.630859375 0.9930313588850174 0.634765625 0.9930313588850174 0.634765625 0.9965156794425087 0.619140625 0.9965156794425087 0.6171875 0.9790940766550522 0.61328125 0.975609756097561 0.61328125 0.9721254355400697 0.6171875 0.9686411149825784 0.6171875 0.9616724738675958 0.619140625 0.9581881533101045
0 0.45875706214689266 0.4374259335813697 0.022501765536723166 0.03225260339770468
0 0.576171875 0.6445993031358885 0.576171875 0.6480836236933798 0.58203125 0.6550522648083623 0.58203125 0.7386759581881533 0.580078125 0.7421602787456446 0.576171875 0.7421602787456446 0.57421875 0.7386759581881533 0.57421875 0.7212543554006968 0.5703125 0.7177700348432056 0.5703125 0.7003484320557491 0.568359375 0.6968641114982579 0.568359375 0.6898954703832753 0.560546875 0.6829268292682927 0.560546875 0.6759581881533101 0.564453125 0.6724738675958188 0.564453125 0.6480836236933798 0.568359375 0.6445993031358885 0.57421875 0.6445993031358885
0 0.515625 0.4146341463414634 0.52734375 0.4146341463414634 0.52734375 0.42857142857142855 0.529296875 0.43205574912891986 0.529296875 0.45993031358885017 0.521484375 0.4634146341463415 0.51953125 0.45993031358885017 0.51953125 0.44947735191637633 0.515625 0.445993031358885 0.51953125 0.4425087108013937 0.51953125 0.4250871080139373 0.515625 0.42160278745644597 0.515625 0.4181184668989547
0 0.439453125 0.4634146341463415 0.4453125 0.4634146341463415 0.453125 0.47038327526132406 0.453125 0.47735191637630664 0.451171875 0.4808362369337979 0.44921875 0.4808362369337979 0.451171875 0.47735191637630664 0.443359375 0.47038327526132406 0.44140625 0.4634146341463415
0 0.515625 0.08362369337979095 0.517578125 0.08362369337979095 0.51953125 0.09059233449477352 0.53125 0.09407665505226481 0.537109375 0.10452961672473868 0.54296875 0.10452961672473868 0.5546875 0.11846689895470383 0.5546875 0.13937282229965156 0.552734375 0.14285714285714285 0.54296875 0.13937282229965156 0.546875 0.13588850174216027 0.544921875 0.1289198606271777 0.537109375 0.1254355400696864 0.53125 0.11846689895470383 0.51953125 0.11846689895470383 0.515625 0.10801393728222997 0.509765625 0.10104529616724739 0.509765625 0.09407665505226481 0.515625 0.08710801393728224
0 0.458984375 0.7839721254355401 0.46875 0.794425087108014 0.46875 0.8083623693379791 0.466796875 0.8118466898954704 0.4609375 0.8048780487804879 0.458984375 0.7979094076655052 0.455078125 0.794425087108014 0.455078125 0.7874564459930313 0.45703125 0.7874564459930313
0 0.46875 0.7839721254355401 0.474609375 0.7839721254355401 0.4765625 0.7874564459930313 0.4765625 0.7979094076655052 0.474609375 0.8013937282229965 0.46875 0.794425087108014 0.46875 0.7874564459930313
0 0.568359375 0.7456445993031359 0.58203125 0.7456445993031359 0.58203125 0.7839721254355401 0.578125 0.7839721254355401 0.576171875 0.7874564459930313 0.57421875 0.7874564459930313 0.57421875 0.7804878048780488 0.572265625 0.7770034843205574 0.568359375 0.7770034843205574 0.568359375 0.7491289198606271
0 0.5078125 0.8257839721254355 0.517578125 0.8257839721254355 0.517578125 0.8362369337979094 0.525390625 0.8432055749128919 0.525390625 0.8780487804878049 0.5234375 0.8850174216027874 0.521484375 0.8815331010452961 0.5234375 0.8780487804878049 0.51953125 0.8745644599303136 0.51953125 0.867595818815331 0.515625 0.8641114982578397 0.515625 0.8501742160278746 0.51171875 0.8466898954703833 0.51171875 0.8362369337979094 0.5078125 0.8327526132404182 0.5078125 0.8292682926829268
0 0.30859375 0.27177700348432055 0.314453125 0.27177700348432055 0.314453125 0.2926829268292683 0.30859375 0.2961672473867596 0.3046875 0.30313588850174217 0.3046875 0.29965156794425085 0.30078125 0.2961672473867596 0.30078125 0.28222996515679444 0.30859375 0.27526132404181186
0 0.59375 0.710801393728223 0.591796875 0.7142857142857143 0.591796875 0.7212543554006968 0.59375 0.7247386759581882 0.59375 0.7700348432055749 0.583984375 0.7804878048780488 0.580078125 0.7770034843205574 0.580078125 0.7560975609756098 0.583984375 0.7526132404181185 0.580078125 0.7491289198606271 0.580078125 0.7247386759581882 0.58203125 0.7247386759581882 0.5859375 0.7142857142857143 0.591796875 0.710801393728223
0 0.466796875 0.4076655052264808 0.474609375 0.4076655052264808 0.48046875 0.4146341463414634 0.48046875 0.4250871080139373 0.478515625 0.42857142857142855 0.48046875 0.4250871080139373 0.478515625 0.42160278745644597 0.47265625 0.4181184668989547 0.470703125 0.41114982578397213 0.466796875 0.41114982578397213
0 0.623046875 0.9547038327526133 0.626953125 0.9547038327526133 0.626953125 0.9825783972125436 0.623046875 0.9860627177700348 0.6171875 0.975609756097561 0.61328125 0.975609756097561 0.61328125 0.9686411149825784 0.6171875 0.9686411149825784 0.619140625 0.9616724738675958 0.623046875 0.9581881533101045
0 0.62890625 0.794425087108014 0.63671875 0.794425087108014 0.638671875 0.8013937282229965 0.642578125 0.8013937282229965 0.642578125 0.8536585365853658 0.6328125 0.8571428571428571 0.62890625 0.8536585365853658 0.62890625 0.8466898954703833 0.625 0.8432055749128919 0.625 0.8362369337979094 0.62109375 0.8327526132404182 0.62109375 0.8048780487804879 0.62890625 0.7979094076655052
0 0.4453125 0.4250871080139373 0.451171875 0.4250871080139373 0.455078125 0.42857142857142855 0.455078125 0.4425087108013937 0.451171875 0.445993031358885 0.44921875 0.43902439024390244 0.4453125 0.4355400696864111 0.4453125 0.42857142857142855
0 0.44921875 0.8013937282229965 0.455078125 0.8013937282229965 0.458984375 0.7979094076655052 0.458984375 0.8118466898954704 0.45703125 0.8153310104529616 0.455078125 0.8153310104529616 0.45703125 0.8118466898954704 0.455078125 0.8083623693379791 0.44921875 0.8083623693379791 0.44921875 0.8048780487804879
0 0.439453125 0.39372822299651566 0.455078125 0.39372822299651566 0.45703125 0.40069686411149824 0.455078125 0.4076655052264808 0.453125 0.4076655052264808 0.44921875 0.397212543554007 0.44140625 0.39372822299651566
0 0.4765625 0.42857142857142855 0.484375 0.42857142857142855 0.498046875 0.4425087108013937 0.498046875 0.4564459930313589 0.49609375 0.4564459930313589 0.494140625 0.44947735191637633 0.490234375 0.44947735191637633 0.48828125 0.4425087108013937 0.482421875 0.4355400696864111 0.4765625 0.4355400696864111 0.4765625 0.43205574912891986
0 0.490234375 0.8571428571428571 0.494140625 0.8571428571428571 0.494140625 0.867595818815331 0.50390625 0.8780487804878049 0.505859375 0.8850174216027874 0.505859375 0.9094076655052264 0.50390625 0.9128919860627178 0.49609375 0.9094076655052264 0.49609375 0.9024390243902439 0.494140625 0.8989547038327527 0.494140625 0.8745644599303136 0.490234375 0.8710801393728222 0.48828125 0.8641114982578397 0.490234375 0.8606271777003485
0 0.607421875 0.0975609756097561 0.607421875 0.14285714285714285 0.599609375 0.14634146341463414 0.599609375 0.11846689895470383 0.6015625 0.11846689895470383 0.603515625 0.11149825783972125 0.607421875 0.10801393728222997 0.607421875 0.10104529616724739
0 0.638671875 0.0627177700348432 0.64453125 0.0627177700348432 0.646484375 0.06968641114982578 0.646484375 0.0975609756097561 0.646484375 0.09059233449477352 0.642578125 0.08710801393728224 0.640625 0.08013937282229965 0.638671875 0.08013937282229965 0.638671875 0.06620209059233449