0 0.533203125 0.20833333333333334 0.537109375 0.21180555555555555 0.537109375 0.21875 0.533203125 0.22569444444444445 0.517578125 0.23958333333333334 0.50390625 0.24305555555555555 0.501953125 0.2465277777777778 0.494140625 0.2465277777777778 0.4921875 0.25 0.482421875 0.23958333333333334 0.490234375 0.2361111111111111 0.501953125 0.2152777777777778 0.515625 0.2048611111111111 0.529296875 0.2048611111111111 0.53125 0.20833333333333334
0 0.033203125 0.052083333333333336 0.03515625 0.052083333333333336 0.044921875 0.06944444444444445 0.05078125 0.06944444444444445 0.052734375 0.06597222222222222 0.068359375 0.06597222222222222 0.0703125 0.06944444444444445 0.076171875 0.06944444444444445 0.080078125 0.0763888888888889 0.08984375 0.08333333333333333 0.103515625 0.1111111111111111 0.103515625 0.12152777777777778 0.078125 0.12152777777777778 0.076171875 0.11805555555555555 0.072265625 0.11805555555555555 0.064453125 0.1076388888888889 0.05078125 0.10069444444444445 0.048828125 0.09375 0.044921875 0.09375 0.04296875 0.09027777777777778 0.033203125 0.09027777777777778 0.037109375 0.08333333333333333 0.037109375 0.06944444444444445 0.033203125 0.05555555555555555
0 0.399479166015625 0.32592592708333334 0.388020833984375 0.3277777777777778 0.388541666015625 0.33055555555555555 0.406770833984375 0.33888888888888885 0.409895833984375 0.3435185173611111 0.413020833984375 0.3564814826388889 0.432291666015625 0.38703703819444446 0.446875 0.4 0.45625 0.3990740729166667 0.4578125 0.38703703819444446 0.456770833984375 0.37777777777777777 0.448958333984375 0.34907407291666664 0.444270833984375 0.3407407395833333 0.429166666015625 0.32592592708333334 0.4140625 0.31851851736111114 0.404166666015625 0.29907407291666666 0.404166666015625 0.2972222222222222 0.399479166015625 0.29907407291666666 0.403645833984375 0.30740740625 0.403645833984375 0.32037037152777775 0.399479166015625 0.32592592708333334
0 0.40234375 0.2986111111111111 0.404296875 0.2986111111111111 0.4140625 0.3194444444444444 0.41796875 0.3229166666666667 0.423828125 0.3229166666666667 0.443359375 0.3402777777777778 0.44921875 0.3506944444444444 0.45703125 0.3784722222222222 0.45703125 0.3958333333333333 0.455078125 0.3993055555555556 0.44140625 0.3958333333333333 0.43359375 0.3854166666666667 0.427734375 0.3819444444444444 0.42578125 0.375 0.412109375 0.3541666666666667 0.412109375 0.3472222222222222 0.40625 0.3368055555555556 0.388671875 0.3298611111111111 0.396484375 0.3298611111111111 0.404296875 0.3194444444444444 0.404296875 0.3055555555555556 0.40234375 0.3020833333333333
0 0.1421875 0.5851851840277777 0.150520833984375 0.5981481493055556 0.1578125 0.5990740729166667 0.165625 0.5944444444444444 0.172395833984375 0.5842592604166668 0.182291666015625 0.5611111111111111 0.1796875 0.55 0.175520833984375 0.5481481493055556 0.175 0.5472222222222222 0.158333333984375 0.5509259270833333 0.15 0.5638888888888889 0.1484375 0.5777777777777778 0.1421875 0.5851851840277777
0 0.1796875 0.5520833333333334 0.181640625 0.5555555555555556 0.181640625 0.5659722222222222 0.1796875 0.5659722222222222 0.177734375 0.5729166666666666 0.162109375 0.5972222222222222 0.150390625 0.5972222222222222 0.14453125 0.5868055555555556 0.14453125 0.5833333333333334 0.1484375 0.5798611111111112 0.150390625 0.5659722222222222 0.154296875 0.5555555555555556 0.158203125 0.5520833333333334 0.1640625 0.5520833333333334 0.166015625 0.5486111111111112 0.17578125 0.5486111111111112 0.177734375 0.5520833333333334
0 0.412109375 0.2465277777777778 0.416015625 0.25 0.416015625 0.2604166666666667 0.4140625 0.2673611111111111 0.41015625 0.2777777777777778 0.400390625 0.2916666666666667 0.400390625 0.2986111111111111 0.39453125 0.3055555555555556 0.390625 0.3020833333333333 0.390625 0.2743055555555556 0.3984375 0.2534722222222222 0.404296875 0.2465277777777778 0.41015625 0.2465277777777778
0 0.294921875 0.2673611111111111 0.3046875 0.2604166666666667 0.30859375 0.2534722222222222 0.310546875 0.23958333333333334 0.326171875 0.2152777777777778 0.337890625 0.21180555555555555 0.33984375 0.20833333333333334 0.345703125 0.20833333333333334 0.35546875 0.2152777777777778 0.353515625 0.22569444444444445 0.337890625 0.2534722222222222 0.326171875 0.2638888888888889 0.322265625 0.2708333333333333 0.314453125 0.2743055555555556 0.306640625 0.2951388888888889 0.302734375 0.2986111111111111 0.3046875 0.2743055555555556 0.302734375 0.2708333333333333 0.296875 0.2708333333333333
0 0.274479166015625 0.625 0.272916666015625 0.6259259270833334 0.272916666015625 0.6296296284722223 0.2890625 0.6361111111111111 0.291145833984375 0.6435185173611111 0.290625 0.6509259270833333 0.29375 0.6509259270833333 0.299479166015625 0.6444444444444444 0.306770833984375 0.6435185173611111 0.3078125 0.6407407395833333 0.320833333984375 0.6361111111111111 0.324479166015625 0.6333333333333333 0.338541666015625 0.6064814826388889 0.338020833984375 0.5990740729166667 0.330208333984375 0.5907407395833333 0.3271875 0.5907407395833333 0.311458333984375 0.59259259375 0.301041666015625 0.6037037048611111 0.291145833984375 0.6240740729166666 0.274479166015625 0.625
0 0.3359375 0.5972222222222222 0.337890625 0.6006944444444444 0.337890625 0.6076388888888888 0.322265625 0.6354166666666666 0.31640625 0.6354166666666666 0.310546875 0.6423611111111112 0.30078125 0.6423611111111112 0.29296875 0.6527777777777778 0.291015625 0.6527777777777778 0.291015625 0.6388888888888888 0.2890625 0.6354166666666666 0.279296875 0.6284722222222222 0.2734375 0.6284722222222222 0.2734375 0.625 0.29296875 0.625 0.296875 0.6145833333333334 0.310546875 0.59375 0.33203125 0.59375 0.333984375 0.5972222222222222
0 0.810546875 0.09722222222222222 0.810546875 0.06597222222222222 0.830078125 0.04513888888888889 0.8359375 0.04513888888888889 0.83984375 0.052083333333333336 0.83984375 0.0625 0.8359375 0.0763888888888889 0.818359375 0.10069444444444445 0.8125 0.09722222222222222
0 0.165625 0.7259259270833334 0.164583333984375 0.7407407395833334 0.171354166015625 0.7250000000000001 0.179166666015625 0.7250000000000001 0.1921875 0.7166666666666667 0.1953125 0.7083333333333334 0.198958333984375 0.70740740625 0.203645833984375 0.7009259270833333 0.2109375 0.6851851840277778 0.2109375 0.6787037048611111 0.206770833984375 0.6731481493055556 0.190104166015625 0.6712962951388889 0.1890625 0.6712962951388889 0.175 0.6842592604166666 0.165625 0.7064814826388889 0.161458333984375 0.7101851840277777 0.165625 0.7259259270833334
0 0.177734375 0.6805555555555556 0.185546875 0.6736111111111112 0.20703125 0.6736111111111112 0.2109375 0.6805555555555556 0.2109375 0.6875 0.201171875 0.7048611111111112 0.185546875 0.71875 0.181640625 0.7256944444444444 0.173828125 0.7222222222222222 0.16796875 0.7326388888888888 0.166015625 0.7430555555555556 0.1640625 0.7430555555555556 0.166015625 0.7222222222222222 0.162109375 0.7083333333333334 0.166015625 0.7083333333333334 0.169921875 0.6944444444444444 0.177734375 0.6840277777777778
0 0.5640625 0.4555555555555555 0.5671875 0.46481481597222224 0.576041666015625 0.4666666666666667 0.578125 0.46388888888888885 0.580729166015625 0.4685185173611111 0.584895833984375 0.4694444444444444 0.590625 0.4685185173611111 0.591666666015625 0.46481481597222224 0.593229166015625 0.46759259374999995 0.602604166015625 0.4666666666666667 0.610416666015625 0.46018518402777775 0.611458333984375 0.4555555555555555 0.609375 0.45092592708333334 0.602604166015625 0.44259259375 0.5953125 0.43796296180555555 0.591666666015625 0.43796296180555555 0.584375 0.4398148159722222 0.577604166015625 0.4462962951388889 0.565104166015625 0.45185185069444445 0.5640625 0.4555555555555555
0 0.564453125 0.4548611111111111 0.572265625 0.4513888888888889 0.576171875 0.4444444444444444 0.580078125 0.4444444444444444 0.58203125 0.4409722222222222 0.599609375 0.4409722222222222 0.6015625 0.4444444444444444 0.60546875 0.4444444444444444 0.611328125 0.4548611111111111 0.611328125 0.4618055555555556 0.607421875 0.4652777777777778 0.6015625 0.4652777777777778 0.599609375 0.46875 0.576171875 0.46875 0.57421875 0.4652777777777778 0.568359375 0.4652777777777778 0.56640625 0.4583333333333333
0 0.228515625 0 0.294921875 0 0.294921875 0.003472222222222222 0.283203125 0.024305555555555556 0.28125 0.024305555555555556 0.265625 0.04861111111111111 0.26171875 0.04861111111111111 0.25 0.059027777777777776 0.24609375 0.06597222222222222 0.236328125 0.07291666666666667 0.23046875 0.07291666666666667 0.2265625 0.06944444444444445 0.22265625 0.0763888888888889 0.220703125 0.09027777777777778 0.216796875 0.09722222222222222 0.216796875 0.10416666666666667 0.208984375 0.12152777777777778 0.20703125 0.12152777777777778 0.20703125 0.11805555555555555 0.2109375 0.1076388888888889 0.2109375 0.0763888888888889 0.208984375 0.07291666666666667 0.1953125 0.07291666666666667 0.193359375 0.06944444444444445 0.185546875 0.07291666666666667 0.181640625 0.0625 0.1953125 0.052083333333333336 0.20703125 0.052083333333333336 0.208984375 0.04861111111111111 0.212890625 0.04861111111111111 0.21875 0.034722222222222224 0.216796875 0.03125 0.216796875 0.024305555555555556 0.21875 0.027777777777777776 0.22265625 0.024305555555555556 0.21875 0.013888888888888888 0.22265625 0.013888888888888888 0.228515625 0.003472222222222222
0 0.025390625 0.5902777777777778 0.033203125 0.5659722222222222 0.041015625 0.5520833333333334 0.05078125 0.5451388888888888 0.056640625 0.5451388888888888 0.060546875 0.5555555555555556 0.04296875 0.5902777777777778 0.033203125 0.6006944444444444 0.029296875 0.6006944444444444 0.02734375 0.59375
0 0.5546875 0.4097222222222222 0.564453125 0.4166666666666667 0.568359375 0.4236111111111111 0.568359375 0.4305555555555556 0.564453125 0.4340277777777778 0.556640625 0.4340277777777778 0.548828125 0.4444444444444444 0.533203125 0.4444444444444444 0.53125 0.4409722222222222 0.52734375 0.4409722222222222 0.525390625 0.4340277777777778 0.53515625 0.4166666666666667 0.5390625 0.4131944444444444 0.544921875 0.4131944444444444 0.546875 0.4097222222222222 0.552734375 0.4097222222222222
0 0.837890625 0.1597222222222222 0.84375 0.1597222222222222 0.86328125 0.12152777777777778 0.869140625 0.11805555555555555 0.873046875 0.1111111111111111 0.884765625 0.1076388888888889 0.88671875 0.10416666666666667 0.904296875 0.10416666666666667 0.908203125 0.1111111111111111 0.908203125 0.11458333333333333 0.892578125 0.1423611111111111 0.87109375 0.16319444444444445 0.859375 0.16666666666666666 0.8515625 0.1736111111111111 0.845703125 0.1840277777777778 0.841796875 0.1840277777777778 0.84375 0.1736111111111111 0.841796875 0.16666666666666666 0.837890625 0.16319444444444445
0 0.752604166015625 0.4027777777777778 0.755208333984375 0.40092592708333336 0.75625 0.38981481597222223 0.750520833984375 0.37222222222222223 0.747916666015625 0.35740740625 0.746354166015625 0.3564814826388889 0.74375 0.3564814826388889 0.740625 0.36203703819444444 0.739583333984375 0.3842592604166667 0.7484375 0.4027777777777778 0.752604166015625 0.4027777777777778
0 0.4546875 0.7648148159722222 0.45625 0.7583333333333333 0.452604166015625 0.7407407395833334 0.447916666015625 0.7305555555555556 0.438541666015625 0.7212962951388888 0.434895833984375 0.7212962951388888 0.432291666015625 0.7268518506944445 0.441666666015625 0.7592592604166666 0.446354166015625 0.7657407395833333 0.4546875 0.7648148159722222
0 0.744270833984375 0.6916666666666667 0.75 0.6898148159722222 0.7515625 0.6805555555555556 0.747916666015625 0.6694444444444445 0.7421875 0.6592592604166667 0.733854166015625 0.6537037048611112 0.73125 0.6537037048611112 0.7171875 0.6546296284722222 0.717708333984375 0.66759259375 0.734375 0.6888888888888889 0.744270833984375 0.6916666666666667
0 0.76875 0.9592592604166666 0.779166666015625 0.963888888888889 0.789583333984375 0.963888888888889 0.809375 0.9527777777777777 0.808333333984375 0.9472222222222223 0.803645833984375 0.9398148159722223 0.7984375 0.9407407395833334 0.790625 0.9351851840277777 0.780208333984375 0.9342592604166666 0.779166666015625 0.9342592604166666 0.768229166015625 0.9388888888888888 0.765104166015625 0.9453703715277777 0.765104166015625 0.9527777777777777 0.76875 0.9592592604166666
0 0.89375 0.7759259270833333 0.9046875 0.7833333333333333 0.9078125 0.7777777777777778 0.908333333984375 0.7712962951388889 0.9015625 0.7453703715277777 0.891145833984375 0.7342592604166667 0.878125 0.7305555555555556 0.876041666015625 0.7305555555555556 0.872395833984375 0.7379629618055555 0.871875 0.7444444444444445 0.877604166015625 0.7472222222222222 0.89375 0.7759259270833333
0 0.375 0.6879629618055555 0.3671875 0.6972222222222223 0.366666666015625 0.7027777777777778 0.372916666015625 0.7083333333333334 0.396875 0.6861111111111111 0.402083333984375 0.675 0.403125 0.6685185173611111 0.408333333984375 0.6620370381944444 0.40625 0.6537037048611112 0.402083333984375 0.6518518506944444 0.400520833984375 0.6518518506944444 0.39375 0.6537037048611112 0.384375 0.6629629618055556 0.377083333984375 0.675 0.375 0.6879629618055555
0 0.327083333984375 0.8212962951388889 0.33125 0.8296296284722222 0.335416666015625 0.8296296284722222 0.345833333984375 0.818518517361111 0.359375 0.7935185173611111 0.359375 0.7833333333333333 0.347916666015625 0.7787037048611112 0.34375 0.7787037048611112 0.334895833984375 0.7851851840277777 0.331770833984375 0.7916666666666666 0.3265625 0.7962962951388889 0.327083333984375 0.8212962951388889
0 0.319791666015625 0.24259259375000003 0.322395833984375 0.24444444444444446 0.320833333984375 0.24814814930555557 0.325 0.2462962951388889 0.325520833984375 0.24907407291666667 0.323958333984375 0.25092592708333333 0.3296875 0.25092592708333333 0.326041666015625 0.25740740624999997 0.322395833984375 0.25740740624999997 0.321354166015625 0.2546296284722222 0.316666666015625 0.2564814826388889 0.310416666015625 0.24907407291666667 0.309375 0.25277777777777777 0.3109375 0.25555555555555554 0.307291666015625 0.2564814826388889 0.303645833984375 0.26203703819444446 0.294791666015625 0.26481481597222223 0.294791666015625 0.2685185173611111 0.310416666015625 0.2731481493055556 0.309375 0.2685185173611111 0.3140625 0.26296296180555556 0.3265625 0.2611111111111111 0.327083333984375 0.2564814826388889 0.33125 0.25833333333333336 0.330729166015625 0.2537037048611111 0.3390625 0.24722222222222223 0.3453125 0.23703703819444444 0.344791666015625 0.23333333333333334 0.353645833984375 0.2222222222222222 0.354166666015625 0.2148148159722222 0.352604166015625 0.21203703819444444 0.345833333984375 0.20925926041666665 0.3453125 0.20833333333333334 0.328125 0.2138888888888889 0.3171875 0.23055555555555557 0.320833333984375 0.23703703819444444 0.319791666015625 0.24259259375000003
0 0.563020833984375 0.8194444444444444 0.5640625 0.8379629618055556 0.569270833984375 0.8342592604166668 0.574479166015625 0.8231481493055556 0.5953125 0.8138888888888889 0.603125 0.8055555555555556 0.6109375 0.7898148159722223 0.609895833984375 0.7833333333333333 0.596875 0.7796296284722222 0.592708333984375 0.7796296284722222 0.580729166015625 0.7861111111111111 0.571354166015625 0.8 0.56875 0.8092592604166666 0.563020833984375 0.8194444444444444
0 0.6703125 0.911111111111111 0.678645833984375 0.9240740729166667 0.686458333984375 0.928703704861111 0.690625 0.9407407395833334 0.720833333984375 0.9435185173611111 0.727083333984375 0.9407407395833334 0.730208333984375 0.9351851840277777 0.730729166015625 0.928703704861111 0.720833333984375 0.9185185173611112 0.7125 0.9175925937499999 0.694270833984375 0.9240740729166667 0.6921875 0.9212962951388888 0.692708333984375 0.9166666666666666 0.688541666015625 0.9092592604166667 0.684375 0.9074074062499999 0.6859375 0.9046296284722223 0.683333333984375 0.8999999999999999 0.675520833984375 0.89259259375 0.669791666015625 0.8907407395833334 0.668229166015625 0.8907407395833334 0.6640625 0.8962962951388889 0.664583333984375 0.8999999999999999 0.6703125 0.9064814826388888 0.6703125 0.911111111111111
0 0.6078125 0.5046296284722223 0.611979166015625 0.5194444444444444 0.6203125 0.5203703715277778 0.6359375 0.5296296284722222 0.6578125 0.5287037048611112 0.666145833984375 0.5240740729166666 0.666666666015625 0.5157407395833333 0.6640625 0.5083333333333333 0.652604166015625 0.49444444444444446 0.643229166015625 0.48888888888888893 0.640104166015625 0.48888888888888893 0.6265625 0.49259259375000003 0.619270833984375 0.5009259270833334 0.6015625 0.49814814930555557 0.6078125 0.5046296284722223
0 0.659895833984375 0.5768518506944444 0.6375 0.58240740625 0.634895833984375 0.5861111111111111 0.634895833984375 0.59259259375 0.644270833984375 0.6046296284722222 0.654166666015625 0.6111111111111112 0.675 0.6111111111111112 0.684895833984375 0.6046296284722222 0.704166666015625 0.5740740729166667 0.706770833984375 0.5657407395833334 0.706770833984375 0.556481482638889 0.704166666015625 0.5527777777777777 0.7013890625 0.5527777777777777 0.695833333984375 0.5527777777777777 0.688020833984375 0.5601851840277778 0.676041666015625 0.5814814826388889 0.659895833984375 0.5768518506944444
0 0.728125 0.9083333333333334 0.733854166015625 0.9166666666666666 0.7359375 0.9138888888888889 0.7390625 0.8935185173611111 0.744270833984375 0.8870370381944445 0.7546875 0.8833333333333333 0.7625 0.8694444444444445 0.765104166015625 0.8592592604166667 0.768229166015625 0.8435185173611112 0.767708333984375 0.8351851840277777 0.763020833984375 0.8268518506944444 0.753125 0.8240740729166667 0.7501734375 0.8240740729166667 0.738541666015625 0.8277777777777778 0.725520833984375 0.8555555555555556 0.723958333984375 0.8907407395833334 0.728125 0.9083333333333334
0 0.238541666015625 0.7342592604166667 0.230208333984375 0.75 0.226041666015625 0.7518518506944445 0.216145833984375 0.7472222222222222 0.217708333984375 0.7685185173611111 0.211979166015625 0.7861111111111111 0.2125 0.79259259375 0.2375 0.7907407395833332 0.24375 0.7935185173611111 0.247916666015625 0.8046296284722222 0.257291666015625 0.806481482638889 0.261979166015625 0.8046296284722222 0.272916666015625 0.79259259375 0.284375 0.7888888888888889 0.288541666015625 0.7916666666666666 0.296875 0.806481482638889 0.304166666015625 0.8092592604166666 0.320833333984375 0.7898148159722223 0.327604166015625 0.7712962951388889 0.3390625 0.7638888888888888 0.353125 0.7361111111111112 0.357291666015625 0.7212962951388888 0.3578125 0.7129629618055556 0.354166666015625 0.70740740625 0.333333333984375 0.7055555555555555 0.3296875 0.6916666666666667 0.324479166015625 0.68240740625 0.321354166015625 0.68240740625 0.311458333984375 0.6870370381944445 0.268229166015625 0.6953703715277778 0.261979166015625 0.70740740625 0.238541666015625 0.7342592604166667
0 0.347395833984375 0.8555555555555556 0.353645833984375 0.8601851840277778 0.358854166015625 0.8601851840277778 0.364583333984375 0.8546296284722222 0.366145833984375 0.8462962951388888 0.363020833984375 0.8407407395833333 0.356770833984375 0.8370370381944444 0.353645833984375 0.8370370381944444 0.346354166015625 0.8379629618055556 0.3453125 0.8416666666666667 0.346875 0.8444444444444444 0.347395833984375 0.8555555555555556