0 0.412109375 0.7142857142857143 0.4140625 0.7177700348432056 0.419921875 0.7177700348432056 0.419921875 0.7212543554006968 0.423828125 0.7247386759581882 0.423828125 0.7421602787456446 0.40625 0.7421602787456446 0.404296875 0.7456445993031359 0.390625 0.7456445993031359 0.38671875 0.7421602787456446 0.38671875 0.7386759581881533 0.396484375 0.7212543554006968 0.396484375 0.7177700348432056 0.400390625 0.7142857142857143 0.41015625 0.7142857142857143
0 0.572265625 0.32752613240418116 0.576171875 0.3344947735191638 0.576171875 0.34843205574912894 0.5703125 0.3519163763066202 0.568359375 0.3588850174216028 0.5625 0.3588850174216028 0.55859375 0.3519163763066202 0.55078125 0.3519163763066202 0.544921875 0.3588850174216028 0.5390625 0.3519163763066202 0.5390625 0.3344947735191638 0.552734375 0.33797909407665505 0.5546875 0.3344947735191638 0.564453125 0.3344947735191638 0.5703125 0.32752613240418116
0 0.505859375 0.08362369337979095 0.509765625 0.08362369337979095 0.51171875 0.09059233449477352 0.51953125 0.09059233449477352 0.521484375 0.09407665505226481 0.529296875 0.09407665505226481 0.533203125 0.09059233449477352 0.533203125 0.11498257839721254 0.53125 0.11846689895470383 0.521484375 0.11846689895470383 0.517578125 0.10801393728222997 0.5 0.10104529616724739 0.505859375 0.09407665505226481 0.505859375 0.08710801393728224
0 0.474609375 0.09059233449477352 0.474609375 0.10801393728222997 0.470703125 0.10801393728222997 0.46875 0.11149825783972125 0.46484375 0.11149825783972125 0.4609375 0.10452961672473868 0.4609375 0.0975609756097561 0.466796875 0.09059233449477352 0.47265625 0.09059233449477352
0 0.5234375 0.4146341463414634 0.5234375 0.4181184668989547 0.529296875 0.42857142857142855 0.529296875 0.445993031358885 0.525390625 0.43902439024390244 0.5078125 0.4355400696864111 0.50390625 0.4250871080139373 0.50390625 0.4181184668989547 0.5078125 0.4076655052264808 0.517578125 0.4076655052264808 0.521484375 0.4146341463414634
0 0.533203125 0.5470383275261324 0.53515625 0.554006968641115 0.53515625 0.5888501742160279 0.53125 0.5923344947735192 0.521484375 0.5923344947735192 0.51953125 0.5958188153310104 0.513671875 0.5923344947735192 0.513671875 0.5714285714285714 0.515625 0.5644599303135889 0.533203125 0.5505226480836237
0 0.46484375 0.5644599303135889 0.46875 0.5679442508710801 0.470703125 0.5818815331010453 0.462890625 0.5818815331010453 0.458984375 0.578397212543554 0.458984375 0.5679442508710801 0.462890625 0.5644599303135889
0 0.484375 0.43205574912891986 0.484375 0.445993031358885 0.48046875 0.44947735191637633 0.474609375 0.44947735191637633 0.466796875 0.4425087108013937 0.466796875 0.43902439024390244 0.4765625 0.43205574912891986 0.482421875 0.43205574912891986
0 0.62109375 0.8536585365853658 0.62109375 0.89198606271777 0.619140625 0.8954703832752613 0.61328125 0.8954703832752613 0.61328125 0.89198606271777 0.607421875 0.8850174216027874 0.607421875 0.8710801393728222 0.619140625 0.8571428571428571
0 0.537109375 0.4529616724738676 0.54296875 0.4529616724738676 0.546875 0.4564459930313589 0.548828125 0.4634146341463415 0.5546875 0.4634146341463415 0.5546875 0.4808362369337979 0.548828125 0.4808362369337979 0.546875 0.47735191637630664 0.537109375 0.4738675958188153 0.537109375 0.4564459930313589
0 0.55078125 0.03484320557491289 0.552734375 0.03484320557491289 0.5625 0.05574912891986063 0.576171875 0.06620209059233449 0.611328125 0.06620209059233449 0.61328125 0.06968641114982578 0.615234375 0.06968641114982578 0.623046875 0.05574912891986063 0.626953125 0.041811846689895474 0.630859375 0.03832752613240418 0.630859375 0.06620209059233449 0.62890625 0.06968641114982578 0.623046875 0.07665505226480836 0.6171875 0.07665505226480836 0.607421875 0.09407665505226481 0.6015625 0.0975609756097561 0.59765625 0.10452961672473868 0.59375 0.10801393728222997 0.5859375 0.10801393728222997 0.583984375 0.11149825783972125 0.572265625 0.11149825783972125 0.5625 0.10452961672473868 0.55859375 0.0975609756097561 0.556640625 0.09059233449477352 0.556640625 0.05574912891986063 0.55078125 0.04529616724738676 0.55078125 0.03832752613240418
0 0.453125 0.1254355400696864 0.44921875 0.13588850174216027 0.4453125 0.13588850174216027 0.443359375 0.1289198606271777 0.4453125 0.1254355400696864 0.451171875 0.1254355400696864
0 0.37109375 0.4564459930313589 0.3828125 0.4564459930313589 0.384765625 0.4634146341463415 0.3828125 0.4738675958188153 0.37890625 0.47735191637630664 0.369140625 0.47735191637630664 0.369140625 0.46689895470383275 0.37109375 0.45993031358885017
0 0.654296875 0.289198606271777 0.654296875 0.33797909407665505 0.650390625 0.34494773519163763 0.6328125 0.34843205574912894 0.625 0.3554006968641115 0.6171875 0.34843205574912894 0.615234375 0.3519163763066202 0.609375 0.3519163763066202 0.60546875 0.3588850174216028 0.60546875 0.36585365853658536 0.603515625 0.3693379790940767 0.6015625 0.36585365853658536 0.6015625 0.34843205574912894 0.595703125 0.33797909407665505 0.595703125 0.3310104529616725 0.603515625 0.3310104529616725 0.607421875 0.3344947735191638 0.61328125 0.3240418118466899 0.61328125 0.3205574912891986 0.625 0.31010452961672474 0.62890625 0.30313588850174217 0.65234375 0.289198606271777
0 0.33203125 0.47038327526132406 0.33203125 0.5052264808362369 0.330078125 0.5087108013937283 0.322265625 0.5087108013937283 0.3125 0.5156794425087108 0.30859375 0.5156794425087108 0.306640625 0.5121951219512195 0.306640625 0.49825783972125437 0.310546875 0.4878048780487805 0.328125 0.4843205574912892 0.33203125 0.4738675958188153
0 0.3046875 0.03484320557491289 0.31640625 0.03484320557491289 0.31640625 0.05226480836236934 0.3125 0.05574912891986063 0.30859375 0.05574912891986063 0.298828125 0.04529616724738676 0.298828125 0.041811846689895474 0.302734375 0.041811846689895474 0.3046875 0.03832752613240418
0 0.337890625 0.18815331010452963 0.341796875 0.1916376306620209 0.341796875 0.20209059233449478 0.33984375 0.20557491289198607 0.322265625 0.20557491289198607 0.3125 0.1986062717770035 0.3125 0.1951219512195122 0.31640625 0.1951219512195122 0.318359375 0.1916376306620209 0.3359375 0.18815331010452963
0 0.650390625 0.4250871080139373 0.654296875 0.4250871080139373 0.654296875 0.4738675958188153 0.642578125 0.47038327526132406 0.63671875 0.4634146341463415 0.638671875 0.445993031358885 0.646484375 0.43902439024390244 0.650390625 0.42857142857142855
0 0.3359375 0.15331010452961671 0.33984375 0.15331010452961671 0.341796875 0.1602787456445993 0.341796875 0.17073170731707318 0.33984375 0.17421602787456447 0.33203125 0.17421602787456447 0.328125 0.1672473867595819 0.32421875 0.1672473867595819 0.32421875 0.1602787456445993 0.333984375 0.1602787456445993 0.3359375 0.156794425087108
0 0.462890625 0.059233449477351915 0.462890625 0.06968641114982578 0.45703125 0.06968641114982578 0.453125 0.0627177700348432 0.455078125 0.059233449477351915 0.4609375 0.059233449477351915
0 0.4765625 0.5017421602787456 0.4765625 0.519163763066202 0.47265625 0.519163763066202 0.46875 0.5261324041811847 0.46484375 0.5261324041811847 0.462890625 0.5226480836236934 0.462890625 0.5156794425087108 0.46484375 0.5121951219512195 0.46875 0.5087108013937283 0.474609375 0.5087108013937283 0.4765625 0.5052264808362369
0 0.314453125 0.313588850174216 0.322265625 0.3240418118466899 0.32421875 0.3344947735191638 0.330078125 0.34494773519163763 0.337890625 0.34494773519163763 0.341796875 0.34843205574912894 0.341796875 0.3588850174216028 0.322265625 0.3588850174216028 0.3203125 0.3623693379790941 0.30859375 0.3623693379790941 0.306640625 0.3588850174216028 0.302734375 0.3588850174216028 0.30078125 0.3623693379790941 0.29296875 0.3554006968641115 0.29296875 0.3344947735191638 0.298828125 0.3310104529616725 0.302734375 0.3205574912891986 0.306640625 0.3205574912891986 0.3125 0.313588850174216
0 0.298828125 0.43902439024390244 0.318359375 0.43902439024390244 0.3203125 0.445993031358885 0.326171875 0.445993031358885 0.33203125 0.4529616724738676 0.330078125 0.45993031358885017 0.330078125 0.47038327526132406 0.318359375 0.47038327526132406 0.310546875 0.47735191637630664 0.298828125 0.47735191637630664 0.296875 0.4738675958188153 0.296875 0.445993031358885 0.298828125 0.4425087108013937
0 0.50390625 0.2926829268292683 0.51171875 0.2926829268292683 0.51171875 0.30662020905923343 0.498046875 0.30662020905923343 0.498046875 0.30313588850174217 0.50390625 0.2961672473867596
0 0.5546875 0.6724738675958188 0.556640625 0.6794425087108014 0.5625 0.686411149825784 0.578125 0.686411149825784 0.58203125 0.6933797909407665 0.580078125 0.6968641114982579 0.580078125 0.7038327526132404 0.591796875 0.7212543554006968 0.595703125 0.7212543554006968 0.59765625 0.7177700348432056 0.61328125 0.7177700348432056 0.615234375 0.7212543554006968 0.625 0.7212543554006968 0.626953125 0.7247386759581882 0.634765625 0.7247386759581882 0.63671875 0.7282229965156795 0.65234375 0.7282229965156795 0.654296875 0.7317073170731707 0.654296875 0.8501742160278746 0.64453125 0.8362369337979094 0.642578125 0.8153310104529616 0.640625 0.8118466898954704 0.640625 0.7979094076655052 0.62890625 0.7804878048780488 0.623046875 0.7804878048780488 0.619140625 0.7770034843205574 0.615234375 0.7700348432055749 0.59765625 0.7560975609756098 0.5859375 0.7386759581881533 0.568359375 0.7386759581881533 0.56640625 0.735191637630662 0.560546875 0.735191637630662 0.552734375 0.7456445993031359 0.546875 0.7456445993031359 0.546875 0.7386759581881533 0.548828125 0.735191637630662 0.55078125 0.6759581881533101 0.552734375 0.6759581881533101
0 0.560546875 0.2682926829268293 0.560546875 0.2926829268292683 0.546875 0.2926829268292683 0.5546875 0.2857142857142857 0.556640625 0.28222996515679444 0.556640625 0.27177700348432055 0.55859375 0.27177700348432055