0 0.60546875 0.5609756097560976 0.607421875 0.5609756097560976 0.60546875 0.5609756097560976 0.603515625 0.5679442508710801 0.607421875 0.5714285714285714 0.607421875 0.6341463414634146 0.595703125 0.6376306620209059 0.59375 0.6306620209059234 0.59375 0.6132404181184669 0.58984375 0.6097560975609756 0.58984375 0.5749128919860628 0.59375 0.5749128919860628 0.595703125 0.5714285714285714 0.59375 0.5644599303135889 0.595703125 0.554006968641115 0.603515625 0.554006968641115 0.603515625 0.5574912891986062
0 0.5546875 0.7317073170731707 0.580078125 0.7317073170731707 0.580078125 0.7560975609756098 0.55859375 0.7560975609756098 0.5625 0.7526132404181185 0.5625 0.7421602787456446 0.5546875 0.735191637630662
0 0.380859375 0 0.3828125 0 0.3828125 0.013937282229965157 0.38671875 0.017421602787456445 0.384765625 0.020905923344947737 0.380859375 0.010452961672473868 0.380859375 0.003484320557491289
0 0.603515625 0.9512195121951219 0.615234375 0.9512195121951219 0.615234375 0.9825783972125436 0.607421875 0.9825783972125436 0.603515625 0.9790940766550522 0.6015625 0.9721254355400697 0.59765625 0.9721254355400697 0.59765625 0.9581881533101045 0.6015625 0.9581881533101045 0.603515625 0.9547038327526133
0 0.53125 0.7038327526132404 0.53515625 0.7038327526132404 0.53515625 0.7386759581881533 0.533203125 0.7421602787456446 0.52734375 0.7421602787456446 0.52734375 0.7212543554006968 0.53125 0.7177700348432056 0.53125 0.7073170731707317
0 0.619140625 0.11498257839721254 0.6328125 0.11498257839721254 0.6328125 0.14982578397212543 0.626953125 0.14982578397212543 0.626953125 0.13240418118466898 0.625 0.1289198606271777 0.619140625 0.1289198606271777 0.619140625 0.11846689895470383
0 0.53125 0.15331010452961671 0.541015625 0.15331010452961671 0.548828125 0.16376306620209058 0.556640625 0.16376306620209058 0.556640625 0.1672473867595819 0.5625 0.17770034843205576 0.564453125 0.17770034843205576 0.568359375 0.1951219512195122 0.568359375 0.25435540069686413 0.56640625 0.2578397212543554 0.568359375 0.2961672473867596 0.56640625 0.29965156794425085 0.568359375 0.2961672473867596 0.560546875 0.289198606271777 0.55078125 0.2926829268292683 0.55078125 0.2857142857142857 0.55859375 0.27526132404181186 0.55859375 0.2578397212543554 0.556640625 0.25435540069686413 0.552734375 0.25435540069686413 0.552734375 0.2508710801393728 0.548828125 0.24738675958188153 0.546875 0.24041811846689895 0.544921875 0.24041811846689895 0.541015625 0.21602787456445993 0.537109375 0.20905923344947736 0.53125 0.21254355400696864 0.53125 0.20557491289198607 0.533203125 0.20209059233449478 0.53125 0.156794425087108
0 0.427734375 0.30313588850174217 0.44140625 0.30313588850174217 0.44140625 0.3205574912891986 0.4375 0.3240418118466899 0.435546875 0.3205574912891986 0.435546875 0.313588850174216 0.43359375 0.31010452961672474 0.427734375 0.31010452961672474 0.427734375 0.30662020905923343
0 0.62109375 0.9651567944250871 0.62890625 0.9651567944250871 0.62890625 0.9965156794425087 0.6171875 0.9965156794425087 0.6171875 0.975609756097561 0.619140625 0.975609756097561 0.62109375 0.9686411149825784
0 0.58203125 0.5331010452961672 0.58984375 0.5331010452961672 0.58984375 0.5993031358885017 0.583984375 0.5993031358885017 0.580078125 0.6027874564459931 0.576171875 0.5923344947735192 0.572265625 0.5888501742160279 0.572265625 0.5749128919860628 0.576171875 0.5714285714285714 0.578125 0.554006968641115 0.58203125 0.5505226480836237 0.58203125 0.5365853658536586
0 0.404296875 0.34494773519163763 0.41015625 0.34494773519163763 0.412109375 0.3519163763066202 0.41796875 0.3554006968641115 0.41796875 0.3623693379790941 0.4140625 0.36585365853658536 0.41015625 0.3554006968641115 0.404296875 0.3554006968641115 0.404296875 0.34843205574912894
0 0.45703125 0.059233449477351915 0.4609375 0.059233449477351915 0.466796875 0.06620209059233449 0.47265625 0.06620209059233449 0.474609375 0.0627177700348432 0.474609375 0.06620209059233449 0.470703125 0.06968641114982578 0.470703125 0.07665505226480836 0.47265625 0.08013937282229965 0.47265625 0.10452961672473868 0.470703125 0.11149825783972125 0.466796875 0.11498257839721254 0.462890625 0.1289198606271777 0.458984375 0.1289198606271777 0.451171875 0.13588850174216027 0.443359375 0.13588850174216027 0.439453125 0.13240418118466898 0.439453125 0.10801393728222997 0.4375 0.10104529616724739 0.43359375 0.0975609756097561 0.43359375 0.09059233449477352 0.4375 0.09059233449477352 0.439453125 0.09407665505226481 0.44140625 0.09059233449477352 0.4453125 0.09059233449477352 0.44921875 0.07665505226480836 0.451171875 0.07317073170731707 0.455078125 0.07317073170731707 0.458984375 0.0627177700348432
0 0.45703125 0.3170731707317073 0.462890625 0.3170731707317073 0.462890625 0.3554006968641115 0.45703125 0.3554006968641115 0.45703125 0.3205574912891986
0 0.52734375 0.686411149825784 0.544921875 0.686411149825784 0.544921875 0.7003484320557491 0.51953125 0.7038327526132404 0.517578125 0.710801393728223 0.513671875 0.7142857142857143 0.51171875 0.710801393728223 0.51171875 0.6968641114982579 0.513671875 0.6933797909407665 0.525390625 0.6933797909407665 0.52734375 0.6898954703832753
0 0.4609375 0.6550522648083623 0.470703125 0.6550522648083623 0.470703125 0.6585365853658537 0.474609375 0.662020905923345 0.4765625 0.6689895470383276 0.482421875 0.6724738675958188 0.482421875 0.7073170731707317 0.48046875 0.7073170731707317 0.48046875 0.7038327526132404 0.4765625 0.7003484320557491 0.4765625 0.6794425087108014 0.47265625 0.6759581881533101 0.470703125 0.6689895470383276 0.4609375 0.662020905923345 0.4609375 0.6585365853658537
0 0.6015625 0 0.603515625 0 0.603515625 0.020905923344947737 0.6015625 0.027874564459930314 0.59765625 0.024390243902439025 0.6015625 0.024390243902439025 0.603515625 0.020905923344947737 0.6015625 0.013937282229965157 0.6015625 0.003484320557491289
0 0.431640625 0.6933797909407665 0.439453125 0.6933797909407665 0.439453125 0.7456445993031359 0.4375 0.7456445993031359 0.435546875 0.7386759581881533 0.427734375 0.735191637630662 0.427734375 0.7177700348432056 0.42578125 0.7142857142857143 0.421875 0.7142857142857143 0.421875 0.7073170731707317 0.42578125 0.7073170731707317 0.427734375 0.7003484320557491 0.431640625 0.6968641114982579
0 0.43359375 0.3623693379790941 0.435546875 0.3623693379790941 0.435546875 0.36585365853658536 0.44140625 0.37282229965156793 0.44140625 0.39372822299651566 0.4375 0.3902439024390244 0.435546875 0.3832752613240418 0.43359375 0.3832752613240418 0.43359375 0.36585365853658536
0 0.41796875 0.2961672473867596 0.423828125 0.2961672473867596 0.423828125 0.30662020905923343 0.41796875 0.30662020905923343 0.41796875 0.29965156794425085
0 0.611328125 0.6202090592334495 0.615234375 0.6167247386759582 0.625 0.6167247386759582 0.625 0.662020905923345 0.611328125 0.662020905923345 0.611328125 0.6550522648083623 0.607421875 0.6515679442508711 0.607421875 0.6341463414634146 0.611328125 0.6306620209059234 0.611328125 0.6236933797909407
0 0.44921875 0.2926829268292683 0.451171875 0.2926829268292683 0.451171875 0.3240418118466899 0.44921875 0.32752613240418116 0.44921875 0.2961672473867596
0 0.44921875 0.37282229965156793 0.455078125 0.37282229965156793 0.455078125 0.3797909407665505 0.462890625 0.3867595818815331 0.462890625 0.397212543554007 0.4609375 0.40069686411149824 0.4609375 0.397212543554007 0.45703125 0.39372822299651566 0.455078125 0.3867595818815331 0.44921875 0.3832752613240418 0.44921875 0.37630662020905925
0 0.427734375 0.3623693379790941 0.43359375 0.3623693379790941 0.43359375 0.3797909407665505 0.4296875 0.3832752613240418 0.427734375 0.3797909407665505 0.427734375 0.36585365853658536
0 0.490234375 0.3170731707317073 0.498046875 0.3170731707317073 0.498046875 0.37630662020905925 0.494140625 0.37630662020905925 0.494140625 0.36585365853658536 0.490234375 0.3623693379790941 0.490234375 0.3205574912891986
0 0.462890625 0.7282229965156795 0.470703125 0.7282229965156795 0.470703125 0.7665505226480837 0.466796875 0.7630662020905923 0.466796875 0.7560975609756098 0.462890625 0.7526132404181185 0.462890625 0.7317073170731707
0 0.62890625 0.554006968641115 0.6328125 0.554006968641115 0.6328125 0.6132404181184669 0.625 0.6097560975609756 0.625 0.5993031358885017 0.623046875 0.5958188153310104 0.619140625 0.5958188153310104 0.619140625 0.5609756097560976 0.626953125 0.5609756097560976 0.62890625 0.5574912891986062
0 0.58203125 0.6062717770034843 0.58984375 0.6062717770034843 0.58984375 0.6689895470383276 0.580078125 0.6794425087108014 0.5703125 0.6794425087108014 0.568359375 0.6759581881533101 0.568359375 0.6445993031358885 0.57421875 0.6376306620209059 0.57421875 0.6306620209059234 0.576171875 0.6236933797909407 0.580078125 0.6202090592334495 0.580078125 0.6132404181184669 0.58203125 0.6097560975609756
0 0.505859375 0.42857142857142855 0.5078125 0.4181184668989547 0.53125 0.4181184668989547 0.53125 0.42857142857142855 0.51953125 0.42857142857142855 0.517578125 0.43205574912891986 0.509765625 0.43205574912891986 0.5078125 0.42857142857142855
0 0.462890625 0.6689895470383276 0.46875 0.6689895470383276 0.46875 0.7282229965156795 0.46484375 0.7317073170731707 0.466796875 0.7247386759581882 0.462890625 0.7212543554006968 0.462890625 0.6829268292682927 0.455078125 0.6759581881533101 0.4609375 0.6759581881533101 0.462890625 0.6724738675958188
0 0.412109375 0.3867595818815331 0.41796875 0.3867595818815331 0.419921875 0.3902439024390244 0.419921875 0.397212543554007 0.41796875 0.40069686411149824 0.416015625 0.40069686411149824 0.412109375 0.3902439024390244
0 0.451171875 0.42160278745644597 0.46484375 0.42160278745644597 0.46484375 0.4250871080139373 0.46875 0.42857142857142855 0.46875 0.445993031358885 0.466796875 0.44947735191637633 0.46484375 0.44947735191637633 0.466796875 0.4425087108013937 0.46484375 0.43902439024390244 0.4609375 0.43902439024390244 0.4609375 0.43205574912891986 0.45703125 0.42857142857142855 0.455078125 0.42160278745644597 0.453125 0.42160278745644597