0 0.87890625 0.11888111888111888 0.87890625 0.11188811188811189 0.88671875 0.0979020979020979 0.890625 0.0979020979020979 0.892578125 0.0944055944055944 0.90234375 0.0944055944055944 0.904296875 0.10139860139860139 0.90234375 0.10139860139860139 0.89453125 0.11538461538461539 0.880859375 0.11888111888111888
0 0.9296875 0.3006993006993007 0.93359375 0.3041958041958042 0.931640625 0.3111888111888112 0.92578125 0.3111888111888112 0.92578125 0.3076923076923077 0.9296875 0.3041958041958042
0 0.849609375 0.34265734265734266 0.8515625 0.34265734265734266 0.853515625 0.34965034965034963 0.880859375 0.34965034965034963 0.8828125 0.3531468531468531 0.888671875 0.3531468531468531 0.884765625 0.36363636363636365 0.85546875 0.36363636363636365 0.853515625 0.36013986013986016 0.8359375 0.36013986013986016 0.8359375 0.3531468531468531 0.837890625 0.34965034965034963 0.84765625 0.34965034965034963 0.849609375 0.34615384615384615
0 0.84765625 0.26223776223776224 0.859375 0.26223776223776224 0.861328125 0.26573426573426573 0.8671875 0.26573426573426573 0.8828125 0.28321678321678323 0.8828125 0.2937062937062937 0.8671875 0.2937062937062937 0.859375 0.27972027972027974 0.84765625 0.2692307692307692 0.84765625 0.26573426573426573
0 0.9632867132867133 0.2472492542422612 0.024475524475524476 0.02503789916377329
0 0.927734375 0.4090909090909091 0.92578125 0.43006993006993005 0.916015625 0.44405594405594406 0.90234375 0.44755244755244755 0.900390625 0.45104895104895104 0.896484375 0.44755244755244755 0.8984375 0.44755244755244755 0.90625 0.43006993006993005 0.916015625 0.4230769230769231 0.919921875 0.4160839160839161 0.92578125 0.4160839160839161 0.927734375 0.4125874125874126
0 0.134765625 0.2937062937062937 0.13671875 0.2972027972027972 0.142578125 0.2972027972027972 0.14453125 0.3181818181818182 0.146484375 0.32167832167832167 0.142578125 0.32867132867132864 0.142578125 0.3356643356643357 0.12890625 0.34615384615384615 0.119140625 0.34615384615384615 0.119140625 0.34265734265734266 0.11328125 0.3356643356643357 0.11328125 0.3146853146853147 0.1171875 0.3111888111888112 0.119140625 0.3006993006993007 0.123046875 0.2972027972027972 0.1328125 0.2972027972027972
0 0.9921875 0.2727272727272727 0.99609375 0.27972027972027974 0.99609375 0.2867132867132867 0.9921875 0.2902097902097902 0.978515625 0.2902097902097902 0.9765625 0.2937062937062937 0.96875 0.2937062937062937 0.966796875 0.2902097902097902 0.966796875 0.28321678321678323 0.9765625 0.2727272727272727 0.990234375 0.2727272727272727
0 0.953125 0.33916083916083917 0.9609375 0.33916083916083917 0.962890625 0.3356643356643357 0.978515625 0.33916083916083917 0.974609375 0.34965034965034963 0.96484375 0.34965034965034963 0.962890625 0.3531468531468531 0.958984375 0.34965034965034963 0.953125 0.34965034965034963 0.953125 0.34265734265734266
0 0.76171875 0.17832167832167833 0.763671875 0.18181818181818182 0.767578125 0.18181818181818182 0.767578125 0.1853146853146853 0.775390625 0.1958041958041958 0.779296875 0.2062937062937063 0.77734375 0.21678321678321677 0.771484375 0.21678321678321677 0.767578125 0.2062937062937063 0.755859375 0.20279720279720279 0.748046875 0.1958041958041958 0.74609375 0.1888111888111888 0.7421875 0.1853146853146853 0.7421875 0.18181818181818182 0.74609375 0.17832167832167833 0.759765625 0.17832167832167833
0 0.9140625 0.02097902097902098 0.91796875 0.017482517482517484 0.923828125 0.017482517482517484 0.935546875 0.03146853146853147 0.943359375 0.03496503496503497 0.95703125 0.055944055944055944 0.962890625 0.05944055944055944 0.982421875 0.10139860139860139 0.982421875 0.11538461538461539 0.984375 0.11888111888111888 0.984375 0.1258741258741259 0.98046875 0.1258741258741259 0.9765625 0.11888111888111888 0.96875 0.11538461538461539 0.953125 0.08741258741258741 0.9453125 0.08391608391608392 0.939453125 0.07342657342657342 0.935546875 0.05944055944055944 0.931640625 0.055944055944055944 0.916015625 0.024475524475524476 0.9140625 0.024475524475524476