0 0.814453125 0.4340277777777778 0.8203125 0.4409722222222222 0.828125 0.4444444444444444 0.830078125 0.4479166666666667 0.830078125 0.4548611111111111 0.8046875 0.4548611111111111 0.796875 0.4479166666666667 0.79296875 0.4409722222222222 0.794921875 0.4340277777777778 0.798828125 0.4340277777777778 0.80078125 0.4305555555555556 0.8046875 0.4340277777777778 0.8125 0.4340277777777778
0 0.28515625 0.5868055555555556 0.287109375 0.5902777777777778 0.29296875 0.5902777777777778 0.3046875 0.6041666666666666 0.3046875 0.6180555555555556 0.302734375 0.6215277777777778 0.29296875 0.6319444444444444 0.28125 0.6354166666666666 0.279296875 0.6388888888888888 0.2578125 0.6423611111111112 0.255859375 0.6458333333333334 0.244140625 0.6458333333333334 0.240234375 0.6493055555555556 0.23828125 0.65625 0.232421875 0.65625 0.23046875 0.6527777777777778 0.22265625 0.6527777777777778 0.220703125 0.65625 0.181640625 0.65625 0.177734375 0.6493055555555556 0.177734375 0.6180555555555556 0.18359375 0.6041666666666666 0.1953125 0.6041666666666666 0.197265625 0.6006944444444444 0.1953125 0.59375 0.201171875 0.5833333333333334 0.21484375 0.5798611111111112 0.22265625 0.5729166666666666 0.259765625 0.5729166666666666 0.26171875 0.5763888888888888 0.26953125 0.5763888888888888 0.283203125 0.5868055555555556
0 0.70703125 0.3923611111111111 0.7109375 0.3958333333333333 0.712890625 0.40625 0.70703125 0.40625 0.705078125 0.4097222222222222 0.693359375 0.4097222222222222 0.69140625 0.4131944444444444 0.66796875 0.4131944444444444 0.6640625 0.4097222222222222 0.66796875 0.3993055555555556 0.673828125 0.3993055555555556 0.68359375 0.3923611111111111 0.705078125 0.3923611111111111
0 0.724609375 0.3645833333333333 0.7265625 0.3680555555555556 0.732421875 0.3680555555555556 0.734375 0.3645833333333333 0.734375 0.375 0.728515625 0.3819444444444444 0.701171875 0.3854166666666667 0.69921875 0.3888888888888889 0.69140625 0.3888888888888889 0.689453125 0.3923611111111111 0.681640625 0.3854166666666667 0.685546875 0.375 0.689453125 0.375 0.697265625 0.3680555555555556 0.70703125 0.3680555555555556 0.708984375 0.3645833333333333 0.72265625 0.3645833333333333
0 0.6015625 0.1909722222222222 0.603515625 0.19444444444444445 0.6015625 0.20833333333333334 0.595703125 0.20833333333333334 0.59375 0.21180555555555555 0.55078125 0.21180555555555555 0.548828125 0.2048611111111111 0.5546875 0.19444444444444445 0.55859375 0.1909722222222222 0.56640625 0.1909722222222222 0.568359375 0.1875 0.59375 0.1875 0.595703125 0.1909722222222222 0.599609375 0.1909722222222222
0 0.58203125 0.6041666666666666 0.595703125 0.6041666666666666 0.6015625 0.6111111111111112 0.60546875 0.6111111111111112 0.609375 0.6180555555555556 0.619140625 0.625 0.63671875 0.6458333333333334 0.64453125 0.6597222222222222 0.654296875 0.6666666666666666 0.654296875 0.6701388888888888 0.64453125 0.6701388888888888 0.638671875 0.6631944444444444 0.6328125 0.6631944444444444 0.626953125 0.65625 0.62109375 0.65625 0.611328125 0.6458333333333334 0.607421875 0.6458333333333334 0.5859375 0.6215277777777778 0.58203125 0.6145833333333334 0.58203125 0.6076388888888888
0 0.6015625 0.21180555555555555 0.603515625 0.2152777777777778 0.6015625 0.22916666666666666 0.595703125 0.2361111111111111 0.58984375 0.2361111111111111 0.587890625 0.23958333333333334 0.57421875 0.23958333333333334 0.572265625 0.2361111111111111 0.560546875 0.2361111111111111 0.55859375 0.2326388888888889 0.552734375 0.2326388888888889 0.55078125 0.22916666666666666 0.55078125 0.21875 0.5546875 0.21875 0.556640625 0.2152777777777778 0.5625 0.2152777777777778 0.564453125 0.21875 0.58984375 0.21875 0.591796875 0.2152777777777778 0.599609375 0.2152777777777778
0 0.033203125 0.3020833333333333 0.033203125 0.2951388888888889 0.0390625 0.2881944444444444 0.04296875 0.2881944444444444 0.044921875 0.2847222222222222 0.0546875 0.2847222222222222 0.064453125 0.2777777777777778 0.078125 0.2777777777777778 0.080078125 0.2743055555555556 0.125 0.2743055555555556 0.12890625 0.2847222222222222 0.11328125 0.2847222222222222 0.111328125 0.2881944444444444 0.10546875 0.2881944444444444 0.091796875 0.2986111111111111 0.0703125 0.3020833333333333 0.068359375 0.3055555555555556 0.037109375 0.3055555555555556 0.03515625 0.3020833333333333
0 0.3567708333333333 0.45879629629629626 0.04479166666666667 0.026851851851851852
0 0.591796875 0.11458333333333333 0.59375 0.11805555555555555 0.59765625 0.11805555555555555 0.599609375 0.125 0.599609375 0.14583333333333334 0.59765625 0.14930555555555555 0.576171875 0.14930555555555555 0.57421875 0.14583333333333334 0.568359375 0.14583333333333334 0.560546875 0.13541666666666666 0.56640625 0.125 0.572265625 0.125 0.58203125 0.11805555555555555 0.58984375 0.11805555555555555
0 0.3203125 0.5729166666666666 0.322265625 0.5763888888888888 0.328125 0.5763888888888888 0.330078125 0.5798611111111112 0.3359375 0.5798611111111112 0.345703125 0.5868055555555556 0.357421875 0.5868055555555556 0.359375 0.5833333333333334 0.369140625 0.5798611111111112 0.369140625 0.5868055555555556 0.365234375 0.5902777777777778 0.36328125 0.5972222222222222 0.353515625 0.6076388888888888 0.349609375 0.6076388888888888 0.345703125 0.6145833333333334 0.345703125 0.6215277777777778 0.330078125 0.6423611111111112 0.32421875 0.6423611111111112 0.322265625 0.6388888888888888 0.328125 0.6215277777777778 0.328125 0.6145833333333334 0.326171875 0.6111111111111112 0.322265625 0.6111111111111112 0.3125 0.5902777777777778 0.3125 0.5763888888888888 0.318359375 0.5729166666666666
0 0.29296875 0.3819444444444444 0.29296875 0.375 0.294921875 0.3715277777777778 0.302734375 0.3680555555555556 0.30859375 0.3611111111111111 0.3203125 0.3576388888888889 0.322265625 0.3541666666666667 0.330078125 0.3541666666666667 0.33984375 0.3472222222222222 0.353515625 0.3472222222222222 0.35546875 0.34375 0.365234375 0.34375 0.3671875 0.3472222222222222 0.37109375 0.3472222222222222 0.375 0.3611111111111111 0.373046875 0.3680555555555556 0.3515625 0.3645833333333333 0.349609375 0.3680555555555556 0.341796875 0.3680555555555556 0.326171875 0.3784722222222222 0.31640625 0.3784722222222222 0.314453125 0.3819444444444444 0.294921875 0.3819444444444444
0 0.94921875 0.3796296296296296 0.043229166666666666 0.0574074074074074
0 0.279296875 0.2222222222222222 0.283203125 0.22916666666666666 0.279296875 0.23958333333333334 0.26953125 0.23958333333333334 0.265625 0.24305555555555555 0.2578125 0.2604166666666667 0.25390625 0.2604166666666667 0.248046875 0.2673611111111111 0.244140625 0.2673611111111111 0.236328125 0.2743055555555556 0.23046875 0.2743055555555556 0.228515625 0.2777777777777778 0.208984375 0.2777777777777778 0.20703125 0.2708333333333333 0.212890625 0.2638888888888889 0.220703125 0.2604166666666667 0.224609375 0.2534722222222222 0.236328125 0.24305555555555555 0.240234375 0.24305555555555555 0.251953125 0.22916666666666666 0.265625 0.22916666666666666 0.271484375 0.2222222222222222 0.27734375 0.2222222222222222
0 0.599609375 0.2638888888888889 0.599609375 0.2743055555555556 0.59765625 0.2777777777777778 0.59765625 0.2881944444444444 0.595703125 0.2951388888888889 0.580078125 0.2951388888888889 0.57421875 0.2881944444444444 0.572265625 0.28125 0.578125 0.2743055555555556 0.59765625 0.2638888888888889
0 0.546875 0.4201388888888889 0.548828125 0.4236111111111111 0.560546875 0.4236111111111111 0.564453125 0.4270833333333333 0.564453125 0.4305555555555556 0.560546875 0.4340277777777778 0.5546875 0.4340277777777778 0.552734375 0.4375 0.537109375 0.4375 0.537109375 0.4236111111111111 0.5390625 0.4201388888888889 0.544921875 0.4201388888888889
0 0.125 0.3611111111111111 0.126953125 0.3645833333333333 0.158203125 0.3645833333333333 0.16796875 0.3715277777777778 0.1796875 0.3715277777777778 0.189453125 0.3645833333333333 0.193359375 0.3715277777777778 0.193359375 0.3819444444444444 0.19140625 0.3854166666666667 0.185546875 0.3854166666666667 0.18359375 0.3819444444444444 0.16015625 0.3819444444444444 0.158203125 0.3854166666666667 0.14453125 0.3854166666666667 0.142578125 0.3888888888888889 0.09765625 0.3888888888888889 0.09375 0.3854166666666667 0.08984375 0.3784722222222222 0.08984375 0.3715277777777778 0.09375 0.3680555555555556 0.09765625 0.3680555555555556 0.099609375 0.3645833333333333 0.111328125 0.3645833333333333 0.11328125 0.3611111111111111 0.123046875 0.3611111111111111
0 0.236328125 0.3020833333333333 0.23828125 0.3055555555555556 0.25390625 0.3055555555555556 0.259765625 0.3125 0.2578125 0.3159722222222222 0.2265625 0.3368055555555556 0.212890625 0.3368055555555556 0.2109375 0.3402777777777778 0.197265625 0.3402777777777778 0.1953125 0.3368055555555556 0.1875 0.3368055555555556 0.185546875 0.3333333333333333 0.17578125 0.3333333333333333 0.171875 0.3263888888888889 0.177734375 0.3159722222222222 0.18359375 0.3159722222222222 0.19921875 0.3055555555555556 0.22265625 0.3055555555555556 0.224609375 0.3020833333333333 0.234375 0.3020833333333333
0 0.5546875 0.1597222222222222 0.55859375 0.1597222222222222 0.560546875 0.15625 0.5703125 0.15625 0.572265625 0.1527777777777778 0.59765625 0.1527777777777778 0.6015625 0.16319444444444445 0.59765625 0.1736111111111111 0.59375 0.1736111111111111 0.5859375 0.18055555555555555 0.556640625 0.18055555555555555 0.5546875 0.17708333333333334 0.5546875 0.16319444444444445
0 0.216796875 0.375 0.21875 0.3784722222222222 0.228515625 0.3819444444444444 0.23828125 0.3993055555555556 0.236328125 0.40625 0.232421875 0.40625 0.224609375 0.3993055555555556 0.21875 0.3993055555555556 0.2109375 0.3923611111111111 0.205078125 0.3819444444444444 0.21484375 0.375
0 0.197265625 0.3541666666666667 0.203125 0.3472222222222222 0.208984375 0.3472222222222222 0.2109375 0.34375 0.232421875 0.34375 0.234375 0.3506944444444444 0.23046875 0.3576388888888889 0.224609375 0.3576388888888889 0.21484375 0.3645833333333333 0.20703125 0.3645833333333333 0.19921875 0.3576388888888889
0 0.705078125 0.3888888888888889 0.708984375 0.3854166666666667 0.7265625 0.3854166666666667 0.732421875 0.3923611111111111 0.7421875 0.3958333333333333 0.75390625 0.4097222222222222 0.759765625 0.4097222222222222 0.759765625 0.4236111111111111 0.7578125 0.4270833333333333 0.751953125 0.4201388888888889 0.732421875 0.4201388888888889 0.720703125 0.4097222222222222 0.716796875 0.4097222222222222 0.70703125 0.3923611111111111 0.705078125 0.3923611111111111
0 0.2578125 0.3784722222222222 0.2578125 0.3715277777777778 0.265625 0.3611111111111111 0.26953125 0.3611111111111111 0.27734375 0.3541666666666667 0.283203125 0.3541666666666667 0.291015625 0.3472222222222222 0.302734375 0.3472222222222222 0.3046875 0.34375 0.314453125 0.34375 0.31640625 0.3472222222222222 0.3125 0.3541666666666667 0.30859375 0.3541666666666667 0.30078125 0.3645833333333333 0.2890625 0.3680555555555556 0.2734375 0.3784722222222222 0.259765625 0.3784722222222222
0 0.26171875 0.4027777777777778 0.263671875 0.40625 0.263671875 0.4166666666666667 0.26171875 0.4201388888888889 0.244140625 0.4201388888888889 0.240234375 0.4270833333333333 0.2421875 0.4305555555555556 0.240234375 0.4340277777777778 0.21875 0.4340277777777778 0.216796875 0.4375 0.205078125 0.4375 0.203125 0.4409722222222222 0.185546875 0.4409722222222222 0.177734375 0.4340277777777778 0.185546875 0.4236111111111111 0.189453125 0.4236111111111111 0.1953125 0.4166666666666667 0.203125 0.4166666666666667 0.205078125 0.4131944444444444 0.212890625 0.4131944444444444 0.21484375 0.4097222222222222 0.228515625 0.4097222222222222 0.23046875 0.40625 0.248046875 0.4097222222222222 0.25 0.40625 0.255859375 0.40625 0.259765625 0.4027777777777778
0 0.994140625 0.3402777777777778 0.994140625 0.3333333333333333 0.99609375 0.3298611111111111 0.998046875 0.3298611111111111 0.998046875 0.34375 0.99609375 0.3402777777777778
0 0.30807291666666664 0.4092592592592592 0.044270833333333336 0.025925925925925925
0 0.17578125 0.4375 0.177734375 0.4409722222222222 0.181640625 0.4409722222222222 0.18359375 0.4479166666666667 0.1796875 0.4479166666666667 0.177734375 0.4513888888888889 0.16796875 0.4513888888888889 0.166015625 0.4548611111111111 0.16015625 0.4548611111111111 0.150390625 0.4618055555555556 0.125 0.4652777777777778 0.123046875 0.46875 0.1171875 0.46875 0.115234375 0.4652777777777778 0.095703125 0.4652777777777778 0.095703125 0.4548611111111111 0.111328125 0.4548611111111111 0.11328125 0.4513888888888889 0.12109375 0.4513888888888889 0.126953125 0.4444444444444444 0.142578125 0.4409722222222222 0.14453125 0.4375 0.173828125 0.4375
0 0.974609375 0.4861111111111111 0.984375 0.4930555555555556 0.998046875 0.4930555555555556 0.998046875 0.5243055555555556 0.974609375 0.5173611111111112 0.958984375 0.5034722222222222 0.955078125 0.4965277777777778 0.958984375 0.4861111111111111 0.97265625 0.4861111111111111
0 0.140625 0.3159722222222222 0.142578125 0.3194444444444444 0.142578125 0.3298611111111111 0.13671875 0.3368055555555556 0.123046875 0.3298611111111111 0.12109375 0.3263888888888889 0.12109375 0.3194444444444444 0.126953125 0.3125 0.13671875 0.3125 0.138671875 0.3159722222222222
0 0.365234375 0.2881944444444444 0.3671875 0.2916666666666667 0.369140625 0.3090277777777778 0.359375 0.3159722222222222 0.353515625 0.3159722222222222 0.349609375 0.3125 0.349609375 0.3090277777777778 0.353515625 0.2916666666666667 0.357421875 0.2881944444444444 0.36328125 0.2881944444444444
0 0.572265625 0.375 0.572265625 0.3923611111111111 0.57421875 0.3993055555555556 0.568359375 0.40625 0.5625 0.40625 0.560546875 0.4097222222222222 0.546875 0.40625 0.5390625 0.3923611111111111 0.5390625 0.3888888888888889 0.546875 0.3784722222222222 0.5703125 0.375
0 0.82421875 0.5104166666666666 0.826171875 0.5138888888888888 0.83203125 0.5138888888888888 0.833984375 0.5173611111111112 0.83984375 0.5173611111111112 0.841796875 0.5208333333333334 0.857421875 0.5277777777777778 0.86328125 0.5347222222222222 0.873046875 0.5347222222222222 0.876953125 0.5381944444444444 0.876953125 0.5486111111111112 0.873046875 0.5520833333333334 0.86328125 0.5451388888888888 0.833984375 0.5451388888888888 0.83203125 0.5416666666666666 0.8203125 0.5416666666666666 0.818359375 0.5381944444444444 0.810546875 0.5381944444444444 0.80859375 0.5347222222222222 0.796875 0.5347222222222222 0.794921875 0.53125 0.7890625 0.53125 0.78125 0.5208333333333334 0.78125 0.5138888888888888 0.78515625 0.5104166666666666 0.7890625 0.5104166666666666 0.791015625 0.5069444444444444 0.822265625 0.5104166666666666
0 0.193359375 0.3854166666666667 0.19921875 0.3923611111111111 0.197265625 0.3958333333333333 0.189453125 0.3993055555555556 0.185546875 0.40625 0.169921875 0.4201388888888889 0.1640625 0.4201388888888889 0.158203125 0.4270833333333333 0.15234375 0.4270833333333333 0.146484375 0.4340277777777778 0.125 0.4340277777777778 0.12109375 0.4305555555555556 0.12109375 0.4236111111111111 0.125 0.4166666666666667 0.140625 0.4097222222222222 0.146484375 0.4027777777777778 0.154296875 0.4027777777777778 0.15625 0.3993055555555556 0.173828125 0.3958333333333333 0.18359375 0.3888888888888889 0.19140625 0.3888888888888889
0 0.12109375 0.3506944444444444 0.123046875 0.3576388888888889 0.119140625 0.3611111111111111 0.10546875 0.3611111111111111 0.103515625 0.3645833333333333 0.095703125 0.3645833333333333 0.09375 0.3680555555555556 0.08203125 0.3680555555555556 0.080078125 0.3611111111111111 0.08984375 0.3611111111111111 0.099609375 0.3541666666666667 0.111328125 0.3541666666666667 0.11328125 0.3506944444444444 0.119140625 0.3506944444444444
0 0.17578125 0.2638888888888889 0.19140625 0.25 0.1953125 0.25 0.220703125 0.2326388888888889 0.232421875 0.2326388888888889 0.234375 0.22916666666666666 0.2421875 0.22916666666666666 0.244140625 0.22569444444444445 0.248046875 0.22916666666666666 0.248046875 0.2326388888888889 0.205078125 0.2708333333333333 0.19921875 0.2708333333333333 0.18359375 0.28125 0.171875 0.28125 0.171875 0.2708333333333333 0.17578125 0.2673611111111111
0 0.333984375 0.4027777777777778 0.353515625 0.4027777777777778 0.3671875 0.4166666666666667 0.376953125 0.4166666666666667 0.376953125 0.4236111111111111 0.373046875 0.4270833333333333 0.3515625 0.4270833333333333 0.3359375 0.4166666666666667 0.333984375 0.4131944444444444 0.333984375 0.40625
0 0.990625 0.3074074074074074 0.01875 0.024074074074074074