0 0.59765625 0.5679442508710801 0.6015625 0.5679442508710801 0.603515625 0.5749128919860628 0.607421875 0.5749128919860628 0.60546875 0.5818815331010453 0.60546875 0.5888501742160279 0.607421875 0.5923344947735192 0.607421875 0.6341463414634146 0.595703125 0.6376306620209059 0.59375 0.6341463414634146 0.59375 0.6236933797909407 0.58984375 0.6202090592334495 0.58984375 0.6167247386759582 0.59375 0.6132404181184669 0.59375 0.6062717770034843 0.59765625 0.5923344947735192 0.59765625 0.5714285714285714
0 0.490234375 0.8118466898954704 0.5 0.8048780487804879 0.5 0.8362369337979094 0.498046875 0.8362369337979094 0.498046875 0.8292682926829268 0.494140625 0.8257839721254355 0.494140625 0.8153310104529616 0.4921875 0.8118466898954704
0 0.45703125 0.41114982578397213 0.45703125 0.40418118466898956 0.451171875 0.397212543554007 0.451171875 0.3867595818815331 0.455078125 0.3832752613240418 0.45703125 0.3902439024390244 0.45703125 0.4076655052264808
0 0.466796875 0.7804878048780488 0.47265625 0.7804878048780488 0.47265625 0.7979094076655052 0.466796875 0.7909407665505227 0.466796875 0.7839721254355401
0 0.548828125 0.9303135888501742 0.5546875 0.9372822299651568 0.55859375 0.9512195121951219 0.55859375 0.9965156794425087 0.552734375 0.9965156794425087 0.55078125 0.9930313588850174 0.55078125 0.9686411149825784 0.548828125 0.9651567944250871 0.548828125 0.9337979094076655
0 0.49609375 0.44947735191637633 0.5 0.44947735191637633 0.501953125 0.4564459930313589 0.501953125 0.4738675958188153 0.498046875 0.46689895470383275 0.49609375 0.4529616724738676
0 0.4375 -0.006442121564072784 0.014461805555555556 0.0208130081300813
0 0.4609375 0.397212543554007 0.466796875 0.397212543554007 0.46875 0.40418118466898956 0.46875 0.4146341463414634 0.466796875 0.4146341463414634 0.46875 0.41114982578397213 0.466796875 0.40418118466898956 0.46484375 0.40069686411149824 0.4609375 0.40069686411149824
0 0.466796875 0.0627177700348432 0.484375 0.06968641114982578 0.482421875 0.07665505226480836 0.478515625 0.08013937282229965 0.478515625 0.09059233449477352 0.482421875 0.10104529616724739 0.482421875 0.13588850174216027 0.48046875 0.13937282229965156 0.48046875 0.14634146341463414 0.474609375 0.1602787456445993 0.46484375 0.17073170731707318 0.458984375 0.17073170731707318 0.455078125 0.1602787456445993 0.455078125 0.13588850174216027 0.453125 0.13240418118466898 0.453125 0.1254355400696864 0.458984375 0.11846689895470383 0.4609375 0.10452961672473868 0.46484375 0.10104529616724739 0.47265625 0.08013937282229965 0.46875 0.06620209059233449
0 0.537109375 0.6585365853658537 0.560546875 0.6585365853658537 0.55859375 0.6655052264808362 0.533203125 0.6655052264808362 0.537109375 0.662020905923345
0 0.517578125 0.37630662020905925 0.521484375 0.37630662020905925 0.521484375 0.3797909407665505 0.525390625 0.3832752613240418 0.525390625 0.3902439024390244 0.529296875 0.39372822299651566 0.533203125 0.40418118466898956 0.546875 0.40418118466898956 0.548828125 0.40069686411149824 0.546875 0.4076655052264808 0.537109375 0.4076655052264808 0.5234375 0.4250871080139373 0.5234375 0.4181184668989547 0.521484375 0.4146341463414634 0.521484375 0.3867595818815331 0.517578125 0.3832752613240418 0.517578125 0.3797909407665505
0 0.443359375 0.4250871080139373 0.453125 0.4250871080139373 0.453125 0.43902439024390244 0.443359375 0.43205574912891986 0.443359375 0.42857142857142855
0 0.458984375 0.3205574912891986 0.46875 0.3205574912891986 0.46875 0.32752613240418116 0.470703125 0.3310104529616725 0.470703125 0.34146341463414637 0.466796875 0.34146341463414637 0.46875 0.34146341463414637 0.470703125 0.3344947735191638 0.458984375 0.3240418118466899
0 0.5234375 0.0627177700348432 0.52734375 0.0627177700348432 0.529296875 0.06968641114982578 0.54296875 0.07665505226480836 0.548828125 0.08362369337979095 0.55859375 0.10452961672473868 0.55859375 0.1254355400696864 0.546875 0.1254355400696864 0.5546875 0.11846689895470383 0.552734375 0.11149825783972125 0.55078125 0.10801393728222997 0.546875 0.10801393728222997 0.54296875 0.10104529616724739 0.537109375 0.10104529616724739 0.53125 0.09407665505226481 0.52734375 0.0975609756097561 0.521484375 0.08013937282229965 0.521484375 0.06968641114982578 0.5234375 0.06620209059233449
0 0.4609375 0.7421602787456446 0.4609375 0.7456445993031359 0.462890625 0.7491289198606271 0.466796875 0.7491289198606271 0.46875 0.7560975609756098 0.46875 0.7630662020905923 0.462890625 0.7630662020905923 0.4609375 0.759581881533101 0.4609375 0.7456445993031359
0 0.443359375 0.36585365853658536 0.44921875 0.36585365853658536 0.44921875 0.3693379790940767 0.453125 0.37282229965156793 0.453125 0.3797909407665505 0.455078125 0.3832752613240418 0.453125 0.3867595818815331 0.455078125 0.3832752613240418 0.453125 0.3797909407665505 0.44921875 0.3797909407665505 0.44921875 0.37630662020905925 0.443359375 0.3693379790940767
0 0.470703125 0.7421602787456446 0.474609375 0.7421602787456446 0.478515625 0.7560975609756098 0.478515625 0.759581881533101 0.4765625 0.759581881533101 0.4765625 0.7560975609756098 0.47265625 0.7526132404181185 0.470703125 0.7456445993031359
0 0.447265625 0.3519163763066202 0.44921875 0.3519163763066202 0.451171875 0.3588850174216028 0.455078125 0.3588850174216028 0.45703125 0.3623693379790941 0.45703125 0.3693379790940767 0.455078125 0.3693379790940767 0.451171875 0.36585365853658536 0.447265625 0.3554006968641115
0 0.576171875 0.7073170731707317 0.583984375 0.7073170731707317 0.58203125 0.7386759581881533 0.580078125 0.7317073170731707 0.576171875 0.7317073170731707 0.576171875 0.710801393728223
0 0.515625 0.7735191637630662 0.521484375 0.7804878048780488 0.521484375 0.7874564459930313 0.525390625 0.8013937282229965 0.525390625 0.8292682926829268 0.5234375 0.8292682926829268 0.5234375 0.818815331010453 0.51953125 0.8153310104529616 0.51953125 0.8083623693379791 0.517578125 0.8048780487804879 0.517578125 0.7874564459930313 0.515625 0.7839721254355401 0.515625 0.7770034843205574
0 0.31640625 0.24738675958188153 0.318359375 0.24738675958188153 0.31640625 0.27526132404181186 0.3125 0.2787456445993031 0.310546875 0.27526132404181186 0.310546875 0.25435540069686413 0.314453125 0.25435540069686413 0.31640625 0.2508710801393728
0 0.587890625 0.6794425087108014 0.595703125 0.6794425087108014 0.595703125 0.6933797909407665 0.59765625 0.6968641114982579 0.595703125 0.7317073170731707 0.58203125 0.7317073170731707 0.58203125 0.7282229965156795 0.5859375 0.7247386759581882 0.5859375 0.7177700348432056 0.587890625 0.7142857142857143 0.5859375 0.710801393728223 0.5859375 0.6898954703832753 0.587890625 0.6829268292682927
0 0.55078125 0.6689895470383276 0.552734375 0.6689895470383276 0.552734375 0.686411149825784 0.546875 0.686411149825784 0.544921875 0.6829268292682927 0.548828125 0.6829268292682927 0.55078125 0.6794425087108014 0.55078125 0.6724738675958188
0 0.482421875 0.39372822299651566 0.490234375 0.39372822299651566 0.490234375 0.397212543554007 0.49609375 0.40418118466898956 0.49609375 0.41114982578397213 0.498046875 0.4146341463414634 0.498046875 0.42160278745644597 0.49609375 0.42160278745644597 0.498046875 0.4181184668989547 0.48828125 0.4076655052264808 0.486328125 0.40069686411149824 0.482421875 0.397212543554007
0 0.623046875 0.9163763066202091 0.62890625 0.9163763066202091 0.62890625 0.9233449477351916 0.630859375 0.926829268292683 0.62890625 0.9407665505226481 0.623046875 0.9407665505226481 0.623046875 0.9372822299651568 0.619140625 0.9337979094076655 0.619140625 0.9233449477351916 0.623046875 0.9198606271777003
0 0.626953125 0.710801393728223 0.6328125 0.710801393728223 0.634765625 0.7212543554006968 0.638671875 0.7247386759581882 0.640625 0.7317073170731707 0.640625 0.794425087108014 0.638671875 0.7979094076655052 0.6328125 0.7979094076655052 0.6328125 0.794425087108014 0.62890625 0.7909407665505227 0.626953125 0.7700348432055749 0.623046875 0.7665505226480837 0.623046875 0.7386759581881533 0.626953125 0.735191637630662 0.626953125 0.7142857142857143
0 0.482421875 0.735191637630662 0.484375 0.735191637630662 0.486328125 0.7421602787456446 0.486328125 0.7491289198606271 0.482421875 0.7526132404181185 0.482421875 0.7386759581881533
0 0.498046875 0.8222996515679443 0.5078125 0.8222996515679443 0.5078125 0.8606271777003485 0.505859375 0.8641114982578397 0.501953125 0.8606271777003485 0.501953125 0.8397212543554007 0.498046875 0.8362369337979094 0.498046875 0.8257839721254355
0 0.642578125 0.9825783972125436 0.642578125 0.9965156794425087 0.63671875 0.9965156794425087 0.63671875 0.9825783972125436 0.638671875 0.9790940766550522 0.640625 0.9825783972125436
0 0.57421875 0.6167247386759582 0.578125 0.6202090592334495 0.578125 0.6236933797909407 0.58203125 0.627177700348432 0.583984375 0.6341463414634146 0.583984375 0.6550522648083623 0.5859375 0.6585365853658537 0.583984375 0.7003484320557491 0.58203125 0.7038327526132404 0.578125 0.7038327526132404 0.576171875 0.6759581881533101 0.572265625 0.6724738675958188 0.568359375 0.662020905923345 0.56640625 0.662020905923345 0.56640625 0.6550522648083623 0.5703125 0.6515679442508711 0.5703125 0.627177700348432 0.572265625 0.6202090592334495
0 0.4765625 0.3693379790940767 0.482421875 0.37630662020905925 0.482421875 0.3867595818815331 0.484375 0.3902439024390244 0.484375 0.39372822299651566 0.48046875 0.39372822299651566 0.4765625 0.3867595818815331 0.4765625 0.37282229965156793
0 0.51953125 0.37630662020905925 0.5234375 0.37630662020905925 0.52734375 0.39372822299651566 0.52734375 0.41114982578397213 0.525390625 0.4146341463414634 0.525390625 0.4250871080139373 0.5234375 0.4250871080139373 0.525390625 0.42160278745644597 0.521484375 0.4181184668989547 0.521484375 0.3867595818815331 0.51953125 0.3797909407665505
0 0.611328125 0.03484320557491289 0.611328125 0.08710801393728224 0.609375 0.08710801393728224 0.607421875 0.09407665505226481 0.6015625 0.08710801393728224 0.6015625 0.08013937282229965 0.60546875 0.07665505226480836 0.607421875 0.05226480836236934 0.611328125 0.04878048780487805 0.611328125 0.03832752613240418
0 0.53515625 0.7282229965156795 0.537109375 0.7317073170731707 0.537109375 0.7456445993031359 0.53515625 0.7456445993031359 0.53515625 0.7317073170731707
0 0.638671875 0.04878048780487805 0.6484375 0.04878048780487805 0.6484375 0.07665505226480836 0.642578125 0.06968641114982578 0.642578125 0.0627177700348432 0.638671875 0.059233449477351915 0.638671875 0.05226480836236934