0 0.451171875 0.059233449477351915 0.455078125 0.059233449477351915 0.462890625 0.06620209059233449 0.46875 0.06620209059233449 0.47265625 0.0627177700348432 0.47265625 0.06968641114982578 0.46875 0.08013937282229965 0.46484375 0.08362369337979095 0.46484375 0.08710801393728224 0.46875 0.09059233449477352 0.47265625 0.10801393728222997 0.470703125 0.1289198606271777 0.46875 0.13588850174216027 0.466796875 0.13588850174216027 0.46484375 0.14285714285714285 0.45703125 0.15331010452961671 0.45703125 0.156794425087108 0.453125 0.156794425087108 0.44921875 0.16376306620209058 0.4375 0.1602787456445993 0.435546875 0.15331010452961671 0.435546875 0.1254355400696864 0.431640625 0.12195121951219512 0.431640625 0.11846689895470383 0.439453125 0.11846689895470383 0.443359375 0.11149825783972125 0.4453125 0.0975609756097561 0.45703125 0.08362369337979095 0.45703125 0.07317073170731707 0.453125 0.06968641114982578 0.451171875 0.0627177700348432
0 0.517578125 0.10452961672473868 0.521484375 0.10452961672473868 0.5234375 0.11149825783972125 0.537109375 0.12195121951219512 0.54296875 0.13240418118466898 0.552734375 0.14285714285714285 0.556640625 0.156794425087108 0.556640625 0.21951219512195122 0.552734375 0.2229965156794425 0.5546875 0.21951219512195122 0.552734375 0.21602787456445993 0.54296875 0.21602787456445993 0.541015625 0.20905923344947736 0.544921875 0.20557491289198607 0.55078125 0.1951219512195122 0.55078125 0.1916376306620209 0.544921875 0.18118466898954705 0.54296875 0.18118466898954705 0.54296875 0.17770034843205576 0.537109375 0.1672473867595819 0.52734375 0.156794425087108 0.525390625 0.14982578397212543 0.51953125 0.14982578397212543 0.517578125 0.15331010452961671 0.51953125 0.14285714285714285 0.517578125 0.13937282229965156 0.515625 0.12195121951219512 0.51171875 0.11846689895470383 0.513671875 0.11846689895470383 0.517578125 0.10801393728222997
0 0.458984375 0.3554006968641115 0.462890625 0.3554006968641115 0.462890625 0.3867595818815331 0.458984375 0.39372822299651566 0.45703125 0.3902439024390244 0.458984375 0.3832752613240418 0.455078125 0.3797909407665505 0.455078125 0.36585365853658536 0.45703125 0.36585365853658536 0.458984375 0.3588850174216028
0 0.58203125 0.6445993031358885 0.587890625 0.6515679442508711 0.587890625 0.7038327526132404 0.58203125 0.7038327526132404 0.578125 0.7073170731707317 0.5703125 0.7003484320557491 0.5703125 0.6933797909407665 0.56640625 0.6898954703832753 0.56640625 0.6724738675958188 0.568359375 0.6724738675958188 0.5703125 0.6655052264808362 0.572265625 0.6655052264808362 0.57421875 0.6585365853658537 0.576171875 0.6585365853658537 0.578125 0.6515679442508711 0.58203125 0.6480836236933798
0 0.5435393258426967 1.0257839721254356 0.022686973314606743 0.061136123399757276
0 0.421875 0.34843205574912894 0.4296875 0.34843205574912894 0.43359375 0.3519163763066202 0.43359375 0.3588850174216028 0.431640625 0.3588850174216028 0.4296875 0.36585365853658536 0.431640625 0.3588850174216028 0.421875 0.3519163763066202
0 0.470703125 0.44947735191637633 0.47265625 0.4529616724738676 0.4765625 0.4529616724738676 0.4765625 0.4564459930313589 0.48046875 0.45993031358885017 0.48046875 0.47038327526132406 0.4765625 0.4738675958188153 0.478515625 0.47038327526132406 0.470703125 0.4634146341463415 0.470703125 0.45993031358885017 0.466796875 0.4564459930313589 0.466796875 0.4529616724738676 0.46875 0.4529616724738676
0 0.607421875 0.9477351916376306 0.611328125 0.9477351916376306 0.611328125 0.9512195121951219 0.615234375 0.9547038327526133 0.6171875 0.9616724738675958 0.6171875 0.9790940766550522 0.62109375 0.9825783972125436 0.619140625 0.9895470383275261 0.609375 0.9895470383275261 0.607421875 0.9686411149825784 0.603515625 0.9651567944250871 0.603515625 0.9547038327526133 0.607421875 0.9512195121951219
0 0.533203125 0.6829268292682927 0.548828125 0.6829268292682927 0.546875 0.6898954703832753 0.51953125 0.6933797909407665 0.517578125 0.6898954703832753 0.53125 0.6898954703832753 0.533203125 0.686411149825784
0 0.619140625 0.34146341463414637 0.623046875 0.34146341463414637 0.623046875 0.37630662020905925 0.615234375 0.3797909407665505 0.615234375 0.3554006968641115 0.619140625 0.3519163763066202 0.619140625 0.34494773519163763
0 0.416015625 0.37630662020905925 0.419921875 0.37282229965156793 0.423828125 0.37630662020905925 0.4296875 0.37630662020905925 0.4296875 0.3867595818815331 0.41796875 0.37630662020905925
0 0.439453125 0.40418118466898956 0.447265625 0.40418118466898956 0.4453125 0.4146341463414634 0.44140625 0.40418118466898956
0 0.419921875 0.42160278745644597 0.427734375 0.42160278745644597 0.427734375 0.43205574912891986 0.423828125 0.43205574912891986 0.427734375 0.42857142857142855 0.421875 0.42160278745644597
0 0.58203125 0.5644599303135889 0.59375 0.5644599303135889 0.59375 0.6236933797909407 0.58984375 0.627177700348432 0.583984375 0.627177700348432 0.58203125 0.6306620209059234 0.576171875 0.6236933797909407 0.576171875 0.5923344947735192 0.578125 0.5923344947735192 0.58203125 0.5818815331010453 0.58203125 0.5679442508710801
0 0.431640625 0.7317073170731707 0.43359375 0.7317073170731707 0.435546875 0.7386759581881533 0.443359375 0.7386759581881533 0.443359375 0.7456445993031359 0.451171875 0.7526132404181185 0.451171875 0.7665505226480837 0.453125 0.7700348432055749 0.453125 0.7770034843205574 0.44921875 0.7804878048780488 0.44140625 0.7770034843205574 0.439453125 0.7665505226480837 0.435546875 0.7630662020905923 0.43359375 0.7560975609756098 0.431640625 0.7560975609756098 0.431640625 0.735191637630662
0 0.4296875 0.39372822299651566 0.435546875 0.39372822299651566 0.435546875 0.40069686411149824 0.4296875 0.40069686411149824 0.4296875 0.397212543554007
0 0.439453125 0.7317073170731707 0.4453125 0.7282229965156795 0.447265625 0.735191637630662 0.447265625 0.7456445993031359 0.4453125 0.7491289198606271 0.443359375 0.7491289198606271 0.443359375 0.735191637630662 0.44140625 0.7317073170731707
0 0.48828125 0.7282229965156795 0.5 0.7282229965156795 0.5 0.7804878048780488 0.498046875 0.7839721254355401 0.494140625 0.7839721254355401 0.498046875 0.7804878048780488 0.49609375 0.7770034843205574 0.4921875 0.7770034843205574 0.4921875 0.7421602787456446 0.48828125 0.7386759581881533 0.48828125 0.7317073170731707
0 0.603515625 0.6411149825783972 0.607421875 0.6445993031358885 0.609375 0.6515679442508711 0.611328125 0.6515679442508711 0.61328125 0.6655052264808362 0.6171875 0.6689895470383276 0.6171875 0.7212543554006968 0.603515625 0.7247386759581882 0.599609375 0.7212543554006968 0.599609375 0.710801393728223 0.595703125 0.7073170731707317 0.595703125 0.6445993031358885 0.6015625 0.6445993031358885
0 0.435546875 0.7317073170731707 0.44140625 0.7317073170731707 0.44140625 0.7491289198606271 0.439453125 0.7491289198606271 0.4375 0.7560975609756098 0.435546875 0.7560975609756098 0.43359375 0.7491289198606271 0.427734375 0.7491289198606271 0.427734375 0.7386759581881533 0.43359375 0.7386759581881533 0.435546875 0.735191637630662
0 0.494140625 0.3554006968641115 0.5 0.3554006968641115 0.501953125 0.3623693379790941 0.501953125 0.41114982578397213 0.498046875 0.4146341463414634 0.494140625 0.41114982578397213 0.494140625 0.39372822299651566 0.490234375 0.3902439024390244 0.490234375 0.3867595818815331 0.494140625 0.3832752613240418 0.494140625 0.37630662020905925 0.490234375 0.37282229965156793 0.490234375 0.3623693379790941 0.494140625 0.3588850174216028
0 0.48046875 0.7909407665505227 0.482421875 0.7909407665505227 0.484375 0.7979094076655052 0.484375 0.8362369337979094 0.484375 0.8292682926829268 0.48046875 0.8257839721254355 0.478515625 0.818815331010453 0.4765625 0.818815331010453 0.4765625 0.8013937282229965 0.478515625 0.8013937282229965 0.48046875 0.794425087108014
0 0.431640625 0.3310104529616725 0.4453125 0.3310104529616725 0.44921875 0.3344947735191638 0.44921875 0.33797909407665505 0.4453125 0.34146341463414637 0.43359375 0.3310104529616725
0 0.443359375 0.7247386759581882 0.45703125 0.7282229965156795 0.45703125 0.7421602787456446 0.451171875 0.7421602787456446 0.451171875 0.735191637630662 0.44921875 0.7317073170731707 0.443359375 0.7317073170731707 0.443359375 0.7282229965156795
0 0.62109375 0.9895470383275261 0.626953125 0.9895470383275261 0.626953125 0.9965156794425087 0.62109375 0.9965156794425087 0.62109375 0.9930313588850174
0 0.458984375 0.4076655052264808 0.46484375 0.4076655052264808 0.47265625 0.4146341463414634 0.470703125 0.42160278745644597 0.466796875 0.42160278745644597 0.462890625 0.4181184668989547 0.4609375 0.41114982578397213 0.458984375 0.41114982578397213
0 0.5625 0.6968641114982579 0.5703125 0.6968641114982579 0.576171875 0.7038327526132404 0.576171875 0.7456445993031359 0.568359375 0.7456445993031359 0.55859375 0.7560975609756098 0.55859375 0.7526132404181185 0.560546875 0.7526132404181185 0.564453125 0.7421602787456446 0.560546875 0.7317073170731707 0.5546875 0.7282229965156795 0.5546875 0.7212543554006968 0.55078125 0.7177700348432056 0.55078125 0.7142857142857143 0.556640625 0.710801393728223 0.55859375 0.7038327526132404 0.5625 0.7003484320557491
0 0.62109375 0.09407665505226481 0.634765625 0.09407665505226481 0.634765625 0.13240418118466898 0.6328125 0.13588850174216027 0.634765625 0.13240418118466898 0.630859375 0.1289198606271777 0.630859375 0.12195121951219512 0.626953125 0.11846689895470383 0.626953125 0.10801393728222997 0.625 0.10452961672473868 0.62109375 0.10452961672473868 0.62109375 0.0975609756097561
0 0.51171875 0.42160278745644597 0.525390625 0.42160278745644597 0.525390625 0.4250871080139373 0.529296875 0.42857142857142855 0.509765625 0.42857142857142855 0.51171875 0.4250871080139373
0 0.44140625 0.34146341463414637 0.455078125 0.34146341463414637 0.455078125 0.3554006968641115 0.453125 0.3588850174216028 0.44921875 0.3588850174216028 0.44921875 0.34843205574912894 0.447265625 0.34494773519163763 0.44140625 0.34494773519163763
0 0.48046875 0.7491289198606271 0.48046875 0.8083623693379791 0.46875 0.794425087108014 0.46875 0.7770034843205574 0.47265625 0.7735191637630662 0.47265625 0.759581881533101 0.466796875 0.7526132404181185 0.462890625 0.7526132404181185 0.478515625 0.7491289198606271
0 0.509765625 0.735191637630662 0.515625 0.735191637630662 0.51953125 0.7317073170731707 0.51953125 0.7421602787456446 0.515625 0.7456445993031359 0.513671875 0.7421602787456446 0.509765625 0.7421602787456446 0.509765625 0.7386759581881533