0 0.587890625 0.6145833333333334 0.591796875 0.6111111111111112 0.6015625 0.6111111111111112 0.6015625 0.6770833333333334 0.591796875 0.6770833333333334 0.58984375 0.6805555555555556 0.5859375 0.6805555555555556 0.583984375 0.6770833333333334 0.580078125 0.6770833333333334 0.580078125 0.6736111111111112 0.576171875 0.6701388888888888 0.576171875 0.65625 0.580078125 0.6527777777777778 0.580078125 0.6388888888888888 0.58203125 0.6388888888888888 0.583984375 0.6319444444444444 0.587890625 0.6284722222222222 0.587890625 0.6180555555555556
0 0.44921875 0.3472222222222222 0.4609375 0.3472222222222222 0.4609375 0.3576388888888889 0.45703125 0.3611111111111111 0.455078125 0.3611111111111111 0.453125 0.3541666666666667 0.44921875 0.3541666666666667 0.44921875 0.3506944444444444
0 0.63671875 0.10069444444444445 0.64453125 0.10069444444444445 0.64453125 0.12152777777777778 0.63671875 0.12152777777777778 0.63671875 0.10416666666666667
0 0.455078125 0.8298611111111112 0.466796875 0.8298611111111112 0.466796875 0.8472222222222222 0.46484375 0.8506944444444444 0.458984375 0.8506944444444444 0.4609375 0.8472222222222222 0.458984375 0.84375 0.455078125 0.84375 0.455078125 0.8333333333333334
0 0.537109375 0.9756944444444444 0.54296875 0.9756944444444444 0.54296875 0.9826388888888888 0.546875 0.9861111111111112 0.546875 0.9965277777777778 0.537109375 0.9965277777777778 0.537109375 0.9791666666666666
0 0.447265625 0.4236111111111111 0.45703125 0.4236111111111111 0.45703125 0.4305555555555556 0.458984375 0.4340277777777778 0.458984375 0.4409722222222222 0.453125 0.4444444444444444 0.453125 0.4375 0.451171875 0.4340277777777778 0.447265625 0.4340277777777778 0.447265625 0.4270833333333333
0 0.615234375 0.9548611111111112 0.619140625 0.9548611111111112 0.62109375 0.9618055555555556 0.625 0.9618055555555556 0.625 0.9861111111111112 0.6171875 0.9895833333333334 0.615234375 0.9861111111111112 0.603515625 0.9826388888888888 0.603515625 0.96875 0.607421875 0.96875 0.609375 0.9618055555555556 0.61328125 0.9618055555555556 0.615234375 0.9583333333333334
0 0.44921875 0.0798611111111111 0.453125 0.0798611111111111 0.45703125 0.08680555555555555 0.47265625 0.08680555555555555 0.47265625 0.09027777777777778 0.46484375 0.10069444444444445 0.466796875 0.125 0.470703125 0.1284722222222222 0.470703125 0.1597222222222222 0.466796875 0.16319444444444445 0.46484375 0.1736111111111111 0.462890625 0.1736111111111111 0.458984375 0.1840277777777778 0.44921875 0.1909722222222222 0.44140625 0.1909722222222222 0.431640625 0.1840277777777778 0.431640625 0.15625 0.427734375 0.1527777777777778 0.427734375 0.14930555555555555 0.435546875 0.14583333333333334 0.439453125 0.1388888888888889 0.439453125 0.13194444444444445 0.44140625 0.13194444444444445 0.443359375 0.125 0.455078125 0.1076388888888889 0.455078125 0.09722222222222222 0.451171875 0.09375 0.44921875 0.08333333333333333
0 0.62890625 0.04513888888888889 0.6328125 0.04513888888888889 0.634765625 0.052083333333333336 0.64453125 0.05555555555555555 0.64453125 0.0798611111111111 0.640625 0.0798611111111111 0.638671875 0.07291666666666667 0.634765625 0.07291666666666667 0.6328125 0.06597222222222222 0.62890625 0.06597222222222222 0.62890625 0.059027777777777776 0.626953125 0.05555555555555555 0.623046875 0.05555555555555555 0.623046875 0.052083333333333336 0.626953125 0.052083333333333336 0.62890625 0.04861111111111111
0 0.462890625 0.8333333333333334 0.47265625 0.8333333333333334 0.474609375 0.8368055555555556 0.474609375 0.8506944444444444 0.462890625 0.8472222222222222 0.462890625 0.8368055555555556
0 0.552734375 0.6458333333333334 0.556640625 0.6423611111111112 0.56640625 0.6423611111111112 0.56640625 0.6458333333333334 0.5703125 0.6493055555555556 0.5703125 0.6527777777777778 0.57421875 0.65625 0.576171875 0.6631944444444444 0.578125 0.6631944444444444 0.578125 0.7361111111111112 0.57421875 0.7361111111111112 0.572265625 0.7395833333333334 0.560546875 0.7361111111111112 0.560546875 0.7326388888888888 0.564453125 0.7291666666666666 0.564453125 0.71875 0.560546875 0.7152777777777778 0.560546875 0.7048611111111112 0.556640625 0.7013888888888888 0.556640625 0.6909722222222222 0.552734375 0.6875 0.552734375 0.6805555555555556 0.548828125 0.6770833333333334 0.552734375 0.6736111111111112 0.552734375 0.6493055555555556
0 0.431640625 0.4548611111111111 0.435546875 0.4548611111111111 0.4375 0.4618055555555556 0.44140625 0.4618055555555556 0.443359375 0.4652777777777778 0.443359375 0.4722222222222222 0.439453125 0.4756944444444444 0.435546875 0.4652777777777778 0.431640625 0.4652777777777778 0.431640625 0.4583333333333333
0 0.5 0.06597222222222222 0.51171875 0.06597222222222222 0.515625 0.0763888888888889 0.51953125 0.0763888888888889 0.521484375 0.0798611111111111 0.53125 0.08333333333333333 0.541015625 0.09375 0.544921875 0.09375 0.544921875 0.10069444444444445 0.548828125 0.1076388888888889 0.548828125 0.125 0.54296875 0.125 0.537109375 0.11805555555555555 0.53515625 0.1111111111111111 0.529296875 0.1111111111111111 0.521484375 0.10416666666666667 0.509765625 0.10416666666666667 0.505859375 0.10069444444444445 0.505859375 0.09722222222222222 0.501953125 0.09375 0.5 0.08333333333333333 0.49609375 0.0798611111111111 0.49609375 0.07291666666666667 0.5 0.06944444444444445
0 0.4453125 0.7951388888888888 0.451171875 0.7916666666666666 0.4609375 0.8020833333333334 0.4609375 0.8090277777777778 0.455078125 0.8125 0.44921875 0.8055555555555556 0.447265625 0.7986111111111112 0.4453125 0.7986111111111112
0 0.451171875 0.7847222222222222 0.4609375 0.7847222222222222 0.462890625 0.7916666666666666 0.466796875 0.7916666666666666 0.46875 0.7986111111111112 0.47265625 0.7986111111111112 0.47265625 0.8020833333333334 0.466796875 0.8020833333333334 0.46484375 0.8055555555555556 0.462890625 0.8020833333333334 0.45703125 0.8020833333333334 0.455078125 0.7986111111111112 0.451171875 0.7986111111111112 0.451171875 0.7881944444444444
0 0.453125 0.3993055555555556 0.4609375 0.3993055555555556 0.462890625 0.40625 0.470703125 0.4097222222222222 0.470703125 0.4131944444444444 0.474609375 0.4166666666666667 0.474609375 0.4236111111111111 0.478515625 0.4270833333333333 0.478515625 0.4305555555555556 0.47265625 0.4305555555555556 0.462890625 0.4236111111111111 0.462890625 0.4131944444444444 0.45703125 0.40625 0.453125 0.40625 0.453125 0.4027777777777778
0 0.43359375 0.3819444444444444 0.439453125 0.3819444444444444 0.44140625 0.3888888888888889 0.447265625 0.3888888888888889 0.44921875 0.3923611111111111 0.44921875 0.3993055555555556 0.4453125 0.3993055555555556 0.443359375 0.3958333333333333 0.4375 0.3958333333333333 0.43359375 0.3854166666666667
0 0.578125 0.7465277777777778 0.578125 0.7916666666666666 0.5703125 0.7916666666666666 0.568359375 0.7951388888888888 0.56640625 0.7916666666666666 0.556640625 0.7916666666666666 0.556640625 0.75 0.560546875 0.75 0.5625 0.7465277777777778 0.576171875 0.7465277777777778
0 0.501953125 0.8298611111111112 0.51171875 0.8298611111111112 0.51171875 0.8368055555555556 0.515625 0.8402777777777778 0.515625 0.8472222222222222 0.51953125 0.8506944444444444 0.51953125 0.8888888888888888 0.517578125 0.8888888888888888 0.517578125 0.8854166666666666 0.513671875 0.8819444444444444 0.513671875 0.8784722222222222 0.509765625 0.875 0.5078125 0.8680555555555556 0.505859375 0.8680555555555556 0.505859375 0.8472222222222222 0.501953125 0.84375 0.5 0.8368055555555556 0.498046875 0.8368055555555556 0.501953125 0.8333333333333334
0 0.30078125 0.2638888888888889 0.30078125 0.2881944444444444 0.29296875 0.2881944444444444 0.291015625 0.2916666666666667 0.2890625 0.2881944444444444 0.2890625 0.2743055555555556 0.29296875 0.2743055555555556 0.294921875 0.2673611111111111 0.298828125 0.2673611111111111
0 0.43359375 0.4027777777777778 0.4453125 0.4027777777777778 0.4453125 0.4131944444444444 0.44140625 0.4166666666666667 0.4375 0.4166666666666667 0.431640625 0.4097222222222222 0.419921875 0.4097222222222222 0.431640625 0.4097222222222222 0.43359375 0.40625
0 0.474609375 0.7777777777777778 0.4765625 0.7847222222222222 0.4765625 0.7951388888888888 0.47265625 0.7986111111111112 0.46484375 0.7951388888888888 0.46484375 0.78125 0.47265625 0.7777777777777778
0 0.587890625 0.7083333333333334 0.58984375 0.7083333333333334 0.58984375 0.78125 0.580078125 0.78125 0.578125 0.7847222222222222 0.5703125 0.78125 0.5703125 0.7569444444444444 0.57421875 0.7534722222222222 0.57421875 0.7326388888888888 0.578125 0.7291666666666666 0.578125 0.7222222222222222 0.58203125 0.7222222222222222 0.583984375 0.7152777777777778 0.587890625 0.7118055555555556
0 0.62890625 0.04513888888888889 0.638671875 0.04513888888888889 0.638671875 0.052083333333333336 0.640625 0.05555555555555555 0.64453125 0.05555555555555555 0.64453125 0.0798611111111111 0.640625 0.0798611111111111 0.638671875 0.07291666666666667 0.634765625 0.07291666666666667 0.6328125 0.06597222222222222 0.62890625 0.06597222222222222 0.62890625 0.059027777777777776 0.626953125 0.05555555555555555 0.623046875 0.05555555555555555 0.623046875 0.052083333333333336 0.626953125 0.052083333333333336 0.62890625 0.04861111111111111
0 0.501953125 0.4131944444444444 0.5234375 0.4131944444444444 0.5234375 0.4583333333333333 0.513671875 0.4583333333333333 0.51171875 0.4548611111111111 0.5078125 0.4548611111111111 0.5078125 0.4166666666666667 0.50390625 0.4131944444444444
0 0.623046875 0.7881944444444444 0.630859375 0.7881944444444444 0.6328125 0.7986111111111112 0.640625 0.8055555555555556 0.640625 0.8611111111111112 0.625 0.8645833333333334 0.623046875 0.8611111111111112 0.623046875 0.8541666666666666 0.619140625 0.8506944444444444 0.619140625 0.8402777777777778 0.615234375 0.8368055555555556 0.615234375 0.8020833333333334 0.6171875 0.8020833333333334 0.619140625 0.7951388888888888 0.623046875 0.7916666666666666
0 0.439453125 0.4131944444444444 0.443359375 0.4131944444444444 0.4453125 0.4201388888888889 0.4453125 0.4375 0.44140625 0.4409722222222222 0.439453125 0.4375 0.439453125 0.4270833333333333 0.4375 0.4236111111111111 0.43359375 0.4236111111111111 0.43359375 0.4201388888888889 0.4375 0.4201388888888889 0.439453125 0.4166666666666667
0 0.4453125 0.7986111111111112 0.453125 0.7986111111111112 0.453125 0.8159722222222222 0.447265625 0.8159722222222222 0.4453125 0.8194444444444444 0.443359375 0.8159722222222222 0.435546875 0.8159722222222222 0.435546875 0.8090277777777778 0.443359375 0.8090277777777778 0.4453125 0.8020833333333334
0 0.46875 0.4305555555555556 0.48046875 0.4305555555555556 0.48828125 0.4409722222222222 0.494140625 0.4444444444444444 0.494140625 0.4548611111111111 0.490234375 0.4583333333333333 0.48828125 0.4583333333333333 0.48828125 0.4513888888888889 0.484375 0.4444444444444444 0.4765625 0.4375 0.47265625 0.4375 0.470703125 0.4305555555555556
0 0.484375 0.8576388888888888 0.486328125 0.8576388888888888 0.486328125 0.8715277777777778 0.490234375 0.875 0.4921875 0.8819444444444444 0.501953125 0.8888888888888888 0.501953125 0.9236111111111112 0.494140625 0.9270833333333334 0.48828125 0.9201388888888888 0.48828125 0.9166666666666666 0.484375 0.9131944444444444 0.484375 0.90625 0.48046875 0.9027777777777778 0.48046875 0.875 0.47265625 0.8680555555555556 0.4765625 0.8645833333333334 0.482421875 0.8645833333333334 0.484375 0.8611111111111112
0 0.599609375 0.08680555555555555 0.603515625 0.08680555555555555 0.603515625 0.1388888888888889 0.595703125 0.1388888888888889 0.59375 0.1423611111111111 0.587890625 0.1388888888888889 0.587890625 0.11458333333333333 0.591796875 0.11458333333333333 0.59375 0.1111111111111111 0.59375 0.10416666666666667 0.59765625 0.10416666666666667 0.599609375 0.10069444444444445 0.599609375 0.09027777777777778
0 0.474609375 0.4756944444444444 0.490234375 0.4756944444444444 0.490234375 0.4826388888888889 0.4921875 0.4861111111111111 0.49609375 0.4861111111111111 0.49609375 0.5 0.486328125 0.5 0.484375 0.4965277777777778 0.48046875 0.4965277777777778 0.48046875 0.4826388888888889 0.478515625 0.4791666666666667 0.474609375 0.4791666666666667