0 0.541015625 0.84375 0.546875 0.84375 0.548828125 0.8506944444444444 0.548828125 0.8611111111111112 0.541015625 0.875 0.541015625 0.8784722222222222 0.537109375 0.8784722222222222 0.53515625 0.875 0.541015625 0.8472222222222222
0 0.60546875 0.3263888888888889 0.611328125 0.3333333333333333 0.61328125 0.3402777777777778 0.607421875 0.3611111111111111 0.60546875 0.3645833333333333 0.595703125 0.3645833333333333 0.58984375 0.3576388888888889 0.5859375 0.3715277777777778 0.58203125 0.3680555555555556 0.580078125 0.3541666666666667 0.587890625 0.3541666666666667 0.591796875 0.3402777777777778 0.59765625 0.3298611111111111 0.603515625 0.3263888888888889
0 0.34375 0.6805555555555556 0.3515625 0.6770833333333334 0.357421875 0.6840277777777778 0.35546875 0.6909722222222222 0.345703125 0.6909722222222222 0.34375 0.6840277777777778
0 0.546875 0.14583333333333334 0.556640625 0.1527777777777778 0.560546875 0.16666666666666666 0.546875 0.16666666666666666 0.541015625 0.1597222222222222 0.533203125 0.15625 0.53125 0.1527777777777778 0.533203125 0.14930555555555555 0.544921875 0.14583333333333334
0 0.341796875 0 0.361328125 0 0.359375 0.024305555555555556 0.349609375 0.041666666666666664 0.349609375 0.04513888888888889 0.341796875 0.04513888888888889 0.341796875 0.003472222222222222
0 0.55078125 0.5555555555555556 0.552734375 0.5555555555555556 0.556640625 0.5694444444444444 0.5546875 0.5694444444444444 0.548828125 0.5798611111111112 0.548828125 0.5833333333333334 0.541015625 0.59375 0.533203125 0.59375 0.529296875 0.5868055555555556 0.529296875 0.5798611111111112 0.52734375 0.5763888888888888 0.529296875 0.5659722222222222 0.548828125 0.5659722222222222 0.55078125 0.5590277777777778
0 0.5703125 0.6597222222222222 0.591796875 0.6631944444444444 0.595703125 0.6666666666666666 0.59375 0.6770833333333334 0.595703125 0.6805555555555556 0.6015625 0.6736111111111112 0.59765625 0.6840277777777778 0.60546875 0.6944444444444444 0.59765625 0.7048611111111112 0.58984375 0.7048611111111112 0.587890625 0.7083333333333334 0.580078125 0.7048611111111112 0.572265625 0.7152777777777778 0.56640625 0.7152777777777778 0.56640625 0.7048611111111112 0.568359375 0.7013888888888888 0.568359375 0.6701388888888888 0.5703125 0.6631944444444444
0 0.6244791666666667 0.8333333333333334 0.014583333333333334 0.03888888888888889
0 0.482421875 0.1527777777777778 0.482421875 0.1597222222222222 0.470703125 0.1597222222222222 0.470703125 0.1527777777777778 0.47265625 0.14930555555555555 0.478515625 0.14930555555555555 0.48046875 0.1527777777777778
0 0.65078125 0.45694444444444443 0.015104166666666667 0.04722222222222222
0 0.484375 0.5555555555555556 0.48828125 0.5590277777777778 0.490234375 0.5659722222222222 0.490234375 0.5694444444444444 0.484375 0.5694444444444444 0.482421875 0.5659722222222222 0.484375 0.5590277777777778
0 0.650390625 0.8020833333333334 0.64453125 0.78125 0.64453125 0.75 0.646484375 0.7465277777777778 0.646484375 0.7118055555555556 0.64453125 0.7048611111111112 0.646484375 0.7013888888888888 0.65625 0.7013888888888888 0.658203125 0.7048611111111112 0.658203125 0.8090277777777778 0.65234375 0.8020833333333334
0 0.38671875 0.4722222222222222 0.396484375 0.4652777777777778 0.400390625 0.46875 0.408203125 0.46875 0.41015625 0.4722222222222222 0.41015625 0.4791666666666667 0.404296875 0.4791666666666667 0.40234375 0.4826388888888889 0.390625 0.4826388888888889 0.388671875 0.4756944444444444
0 0.6015625 0.9236111111111112 0.603515625 0.9270833333333334 0.607421875 0.9270833333333334 0.62109375 0.9513888888888888 0.625 0.9652777777777778 0.630859375 0.9652777777777778 0.6328125 0.96875 0.630859375 0.9756944444444444 0.630859375 0.9861111111111112 0.62890625 0.9895833333333334 0.623046875 0.9756944444444444 0.6015625 0.9756944444444444 0.591796875 0.9548611111111112 0.583984375 0.9479166666666666 0.583984375 0.9409722222222222 0.591796875 0.9270833333333334 0.599609375 0.9236111111111112
0 0.392578125 0.4444444444444444 0.3984375 0.4513888888888889 0.3984375 0.4583333333333333 0.39453125 0.4652777777777778 0.388671875 0.4652777777777778 0.384765625 0.4722222222222222 0.380859375 0.46875 0.361328125 0.46875 0.359375 0.4652777777777778 0.35546875 0.4652777777777778 0.345703125 0.4861111111111111 0.349609375 0.4652777777777778 0.34375 0.4583333333333333 0.341796875 0.4513888888888889 0.357421875 0.4548611111111111 0.365234375 0.4444444444444444 0.369140625 0.4444444444444444 0.37109375 0.4409722222222222 0.388671875 0.4409722222222222 0.390625 0.4444444444444444
0 0.341796875 0.3819444444444444 0.341796875 0.3611111111111111 0.353515625 0.34375 0.359375 0.34375 0.359375 0.3472222222222222 0.369140625 0.3645833333333333 0.3828125 0.3680555555555556 0.384765625 0.3715277777777778 0.380859375 0.3784722222222222 0.373046875 0.3784722222222222 0.365234375 0.3854166666666667 0.361328125 0.3819444444444444 0.3515625 0.3819444444444444 0.349609375 0.3854166666666667 0.345703125 0.3854166666666667 0.34375 0.3819444444444444
0 0.359375 0.10069444444444445 0.36328125 0.09722222222222222 0.373046875 0.09722222222222222 0.375 0.10416666666666667 0.373046875 0.1111111111111111 0.3671875 0.1111111111111111 0.361328125 0.10416666666666667
0 0.490234375 0.3923611111111111 0.49609375 0.4027777777777778 0.49609375 0.4201388888888889 0.48828125 0.4201388888888889 0.482421875 0.4097222222222222 0.484375 0.3958333333333333 0.48828125 0.3923611111111111
0 0.51953125 0.3229166666666667 0.521484375 0.3263888888888889 0.521484375 0.3368055555555556 0.51953125 0.3402777777777778 0.515625 0.3402777777777778 0.515625 0.3263888888888889 0.517578125 0.3263888888888889
0 0.490234375 0.16319444444444445 0.4921875 0.16666666666666666 0.4921875 0.1736111111111111 0.490234375 0.17708333333333334 0.484375 0.17708333333333334 0.482421875 0.1736111111111111 0.482421875 0.1701388888888889 0.48828125 0.16319444444444445
0 0.48828125 0.4548611111111111 0.494140625 0.4548611111111111 0.49609375 0.4583333333333333 0.494140625 0.4618055555555556 0.48828125 0.4618055555555556 0.48828125 0.4583333333333333
0 0.3828125 0.22569444444444445 0.38671875 0.22916666666666666 0.38671875 0.2326388888888889 0.37890625 0.23958333333333334 0.373046875 0.23958333333333334 0.369140625 0.2361111111111111 0.373046875 0.22916666666666666 0.380859375 0.22569444444444445
0 0.6484375 0.5243055555555556 0.650390625 0.5104166666666666 0.658203125 0.5 0.658203125 0.5243055555555556 0.650390625 0.5243055555555556
0 0.56640625 0.10416666666666667 0.5703125 0.10416666666666667 0.58203125 0.11458333333333333 0.609375 0.11458333333333333 0.611328125 0.1111111111111111 0.6171875 0.1111111111111111 0.619140625 0.11458333333333333 0.626953125 0.11458333333333333 0.62890625 0.11805555555555555 0.634765625 0.11805555555555555 0.642578125 0.10069444444444445 0.64453125 0.10069444444444445 0.646484375 0.1076388888888889 0.642578125 0.11805555555555555 0.638671875 0.11805555555555555 0.630859375 0.125 0.625 0.125 0.623046875 0.1284722222222222 0.6171875 0.1284722222222222 0.61328125 0.14583333333333334 0.603515625 0.15625 0.5859375 0.15625 0.580078125 0.14583333333333334 0.578125 0.14583333333333334 0.57421875 0.12152777777777778 0.56640625 0.1076388888888889
0 0.4921875 0.11805555555555555 0.498046875 0.11458333333333333 0.501953125 0.12152777777777778 0.5 0.1284722222222222 0.49609375 0.1284722222222222 0.4921875 0.12152777777777778
0 0.51171875 0.4444444444444444 0.517578125 0.4444444444444444 0.5234375 0.4548611111111111 0.53125 0.4583333333333333 0.53125 0.4722222222222222 0.52734375 0.46875 0.517578125 0.46875 0.509765625 0.4618055555555556 0.509765625 0.4513888888888889 0.51171875 0.4479166666666667
0 0.634765625 0.6944444444444444 0.63671875 0.6979166666666666 0.642578125 0.6979166666666666 0.64453125 0.7013888888888888 0.65625 0.7013888888888888 0.658203125 0.7048611111111112 0.658203125 0.8055555555555556 0.650390625 0.8020833333333334 0.64453125 0.7777777777777778 0.64453125 0.7638888888888888 0.638671875 0.7534722222222222 0.62890625 0.7430555555555556 0.62109375 0.7395833333333334 0.615234375 0.7291666666666666 0.609375 0.7256944444444444 0.59765625 0.7083333333333334 0.609375 0.6909722222222222 0.6328125 0.6944444444444444
0 0.48854166666666665 0.5162037037037037 0.0125 0.019444444444444445
0 0.353515625 0.5034722222222222 0.35546875 0.5069444444444444 0.36328125 0.5069444444444444 0.365234375 0.5034722222222222 0.365234375 0.5173611111111112 0.361328125 0.5173611111111112 0.35546875 0.5277777777777778 0.34765625 0.5277777777777778 0.341796875 0.5208333333333334 0.341796875 0.5034722222222222 0.34375 0.5 0.349609375 0.5 0.3515625 0.5034722222222222
0 0.5161458333333333 0.1513888888888889 0.013541666666666667 0.01574074074074074
0 0.435546875 0.6979166666666666 0.4375 0.7013888888888888 0.447265625 0.7048611111111112 0.44921875 0.7152777777777778 0.44140625 0.7152777777777778 0.431640625 0.7222222222222222 0.41796875 0.7222222222222222 0.412109375 0.7152777777777778 0.4140625 0.7083333333333334 0.42578125 0.6944444444444444 0.431640625 0.6944444444444444 0.43359375 0.6979166666666666
0 0.62890625 0.3368055555555556 0.63671875 0.3368055555555556 0.64453125 0.3159722222222222 0.658203125 0.3055555555555556 0.658203125 0.3506944444444444 0.65625 0.3506944444444444 0.6484375 0.3645833333333333 0.6484375 0.3541666666666667 0.64453125 0.3472222222222222 0.640625 0.3506944444444444 0.63671875 0.3576388888888889 0.63671875 0.3645833333333333 0.6328125 0.3680555555555556 0.62890625 0.3402777777777778