0 0.32421875 0.09059233449477352 0.3359375 0.09059233449477352 0.337890625 0.09407665505226481 0.34765625 0.09407665505226481 0.349609375 0.0975609756097561 0.373046875 0.0975609756097561 0.396484375 0.12195121951219512 0.412109375 0.12195121951219512 0.41015625 0.1289198606271777 0.40625 0.13240418118466898 0.3984375 0.13240418118466898 0.38671875 0.14285714285714285 0.376953125 0.156794425087108 0.3671875 0.16376306620209058 0.35546875 0.16376306620209058 0.353515625 0.1672473867595819 0.341796875 0.17073170731707318 0.330078125 0.14982578397212543 0.322265625 0.14982578397212543 0.3203125 0.15331010452961671 0.3203125 0.1602787456445993 0.314453125 0.17073170731707318 0.310546875 0.17073170731707318 0.3046875 0.1289198606271777 0.3203125 0.1289198606271777 0.33203125 0.10452961672473868 0.330078125 0.0975609756097561 0.32421875 0.09407665505226481
0 0.46875 0.975609756097561 0.470703125 0.975609756097561 0.46875 0.9825783972125436 0.46875 0.9965156794425087 0.466796875 0.9965156794425087 0.46875 0.9895470383275261 0.46875 0.9790940766550522
0 0.46484375 0 0.501953125 0 0.5078125 0.013937282229965157 0.509765625 0.024390243902439025 0.52734375 0.05226480836236934 0.525390625 0.05574912891986063 0.51953125 0.04878048780487805 0.515625 0.04878048780487805 0.515625 0.04529616724738676 0.51171875 0.041811846689895474 0.509765625 0.03484320557491289 0.505859375 0.0313588850174216 0.498046875 0.0313588850174216 0.498046875 0.027874564459930314 0.49609375 0.024390243902439025 0.4921875 0.024390243902439025 0.490234375 0.017421602787456445 0.48046875 0.017421602787456445 0.478515625 0.010452961672473868 0.474609375 0.010452961672473868 0.470703125 0.006968641114982578 0.46875 0 0.466796875 0
0 0.0703125 0.09059233449477352 0.072265625 0.09059233449477352 0.07421875 0.0975609756097561 0.076171875 0.09059233449477352 0.0859375 0.09059233449477352 0.087890625 0.11149825783972125 0.08984375 0.11498257839721254 0.087890625 0.156794425087108 0.0859375 0.1602787456445993 0.080078125 0.1602787456445993 0.0703125 0.17073170731707318 0.0625 0.17073170731707318 0.05859375 0.17770034843205576 0.052734375 0.17770034843205576 0.048828125 0.17073170731707318 0.048828125 0.14634146341463414 0.0625 0.10104529616724739 0.0703125 0.09407665505226481
0 0.779296875 0.9024390243902439 0.783203125 0.9059233449477352 0.7890625 0.9233449477351916 0.7890625 0.9372822299651568 0.79296875 0.9547038327526133 0.79296875 0.9651567944250871 0.7890625 0.975609756097561 0.783203125 0.975609756097561 0.77734375 0.9651567944250871 0.771484375 0.9442508710801394 0.763671875 0.9303135888501742 0.763671875 0.9163763066202091 0.76953125 0.9128919860627178 0.771484375 0.9059233449477352 0.77734375 0.9024390243902439
0 0.39453125 0 0.466796875 0 0.470703125 0.010452961672473868 0.474609375 0.010452961672473868 0.486328125 0.020905923344947737 0.486328125 0.027874564459930314 0.490234375 0.03484320557491289 0.5 0.06968641114982578 0.50390625 0.07665505226480836 0.509765625 0.08013937282229965 0.51171875 0.08710801393728224 0.51953125 0.09407665505226481 0.5234375 0.09407665505226481 0.525390625 0.0975609756097561 0.5234375 0.10452961672473868 0.509765625 0.10104529616724739 0.5078125 0.0975609756097561 0.50390625 0.0975609756097561 0.501953125 0.09059233449477352 0.49609375 0.09059233449477352 0.494140625 0.08710801393728224 0.46484375 0.08362369337979095 0.462890625 0.07665505226480836 0.453125 0.07665505226480836 0.451171875 0.08362369337979095 0.4453125 0.09059233449477352 0.44140625 0.09059233449477352 0.439453125 0.0975609756097561 0.447265625 0.07665505226480836 0.443359375 0.06620209059233449 0.42578125 0.05226480836236934 0.42578125 0.04878048780487805 0.421875 0.04529616724738676 0.41796875 0.03484320557491289 0.4140625 0.0313588850174216 0.412109375 0.024390243902439025 0.41015625 0.024390243902439025 0.41015625 0.020905923344947737 0.400390625 0.010452961672473868 0.396484375 0
0 0.74609375 0.9895470383275261 0.748046875 0.9965156794425087 0.740234375 0.9965156794425087 0.740234375 0.9930313588850174 0.744140625 0.9895470383275261
0 0.8125 0.010452961672473868 0.82421875 0.010452961672473868 0.826171875 0.017421602787456445 0.828125 0.010452961672473868 0.853515625 0.010452961672473868 0.853515625 0.013937282229965157 0.8671875 0.03484320557491289 0.87109375 0.05226480836236934 0.8828125 0.07317073170731707 0.88671875 0.07317073170731707 0.880859375 0.07317073170731707 0.869140625 0.0627177700348432 0.86328125 0.0627177700348432 0.861328125 0.059233449477351915 0.849609375 0.05574912891986063 0.84375 0.04878048780487805 0.83984375 0.04878048780487805 0.822265625 0.0313588850174216 0.814453125 0.017421602787456445 0.8125 0.017421602787456445 0.8125 0.013937282229965157
0 0.634765625 0 0.634765625 0.006968641114982578 0.626953125 0.017421602787456445 0.6171875 0.041811846689895474 0.611328125 0.0627177700348432 0.599609375 0.07665505226480836 0.59375 0.09059233449477352 0.572265625 0.10801393728222997 0.5703125 0.11498257839721254 0.56640625 0.11498257839721254 0.55859375 0.12195121951219512 0.541015625 0.12195121951219512 0.53125 0.1289198606271777 0.5234375 0.1289198606271777 0.513671875 0.13937282229965156 0.50390625 0.13937282229965156 0.501953125 0.14285714285714285 0.498046875 0.14285714285714285 0.498046875 0.13937282229965156 0.5078125 0.13588850174216027 0.515625 0.1254355400696864 0.521484375 0.12195121951219512 0.529296875 0.10104529616724739 0.5390625 0.08362369337979095 0.544921875 0.06620209059233449 0.548828125 0.0627177700348432 0.552734375 0.04878048780487805 0.55859375 0.03832752613240418 0.568359375 0.027874564459930314 0.572265625 0.017421602787456445 0.580078125 0.006968641114982578 0.587890625 0 0.6328125 0
0 0.208984375 0 0.2265625 0 0.224609375 0.003484320557491289 0.212890625 0.003484320557491289 0.2109375 0
0 0.9609375 0.10801393728222997 0.970703125 0.10801393728222997 0.97265625 0.11498257839721254 0.998046875 0.14285714285714285 0.998046875 0.2578397212543554 0.982421875 0.2508710801393728 0.974609375 0.24041811846689895 0.970703125 0.24041811846689895 0.958984375 0.2264808362369338 0.955078125 0.2264808362369338 0.947265625 0.21951219512195122 0.9453125 0.21254355400696864 0.94140625 0.21254355400696864 0.9375 0.20209059233449478 0.931640625 0.1986062717770035 0.931640625 0.1951219512195122 0.92578125 0.18815331010452963 0.92578125 0.18466898954703834 0.919921875 0.17770034843205576 0.91796875 0.17073170731707318 0.90625 0.156794425087108 0.900390625 0.156794425087108 0.8984375 0.15331010452961671 0.892578125 0.15331010452961671 0.888671875 0.14982578397212543 0.888671875 0.13937282229965156 0.89453125 0.13240418118466898 0.90234375 0.13240418118466898 0.904296875 0.13588850174216027 0.91796875 0.13937282229965156 0.919921875 0.14285714285714285 0.958984375 0.13937282229965156 0.9609375 0.14285714285714285 0.9765625 0.14634146341463414 0.978515625 0.14285714285714285 0.978515625 0.13588850174216027 0.97265625 0.1289198606271777 0.96875 0.11846689895470383 0.962890625 0.11846689895470383 0.9609375 0.11149825783972125
0 0.796875 0.9860627177700348 0.806640625 0.9860627177700348 0.806640625 0.9965156794425087 0.796875 0.9965156794425087 0.796875 0.9895470383275261
0 0.025390625 0 0.064453125 0 0.06640625 0.010452961672473868 0.0703125 0.013937282229965157 0.0703125 0.024390243902439025 0.07421875 0.027874564459930314 0.07421875 0.0313588850174216 0.068359375 0.0313588850174216 0.064453125 0.024390243902439025 0.05859375 0.024390243902439025 0.056640625 0.017421602787456445 0.046875 0.017421602787456445 0.044921875 0.010452961672473868 0.033203125 0.010452961672473868 0.03125 0.003484320557491289 0.025390625 0.003484320557491289