0 0.19140625 0.3867595818815331 0.203125 0.3867595818815331 0.205078125 0.39372822299651566 0.205078125 0.40418118466898956 0.203125 0.4076655052264808 0.19921875 0.41114982578397213 0.18359375 0.41114982578397213 0.173828125 0.4181184668989547 0.16796875 0.41114982578397213 0.169921875 0.40418118466898956 0.189453125 0.39372822299651566 0.19140625 0.3902439024390244
0 0.8046875 0.28222996515679444 0.84765625 0.28222996515679444 0.849609375 0.289198606271777 0.8671875 0.289198606271777 0.869140625 0.2926829268292683 0.87890625 0.2926829268292683 0.880859375 0.2961672473867596 0.900390625 0.29965156794425085 0.90234375 0.30313588850174217 0.90234375 0.30662020905923343 0.857421875 0.30662020905923343 0.85546875 0.31010452961672474 0.82421875 0.31010452961672474 0.822265625 0.30662020905923343 0.802734375 0.30662020905923343 0.794921875 0.2961672473867596 0.796875 0.289198606271777 0.802734375 0.289198606271777 0.8046875 0.2857142857142857
0 0.68359375 0.36585365853658536 0.6875 0.3623693379790941 0.724609375 0.3623693379790941 0.7265625 0.36585365853658536 0.732421875 0.36585365853658536 0.734375 0.3693379790940767 0.751953125 0.37282229965156793 0.755859375 0.37630662020905925 0.755859375 0.3832752613240418 0.75390625 0.3867595818815331 0.708984375 0.3867595818815331 0.70703125 0.3832752613240418 0.6953125 0.3832752613240418 0.68359375 0.37282229965156793 0.68359375 0.3693379790940767
0 0.552734375 0.6341463414634146 0.603515625 0.6341463414634146 0.60546875 0.6411149825783972 0.634765625 0.6445993031358885 0.634765625 0.6585365853658537 0.6015625 0.6585365853658537 0.599609375 0.662020905923345 0.57421875 0.6655052264808362 0.572265625 0.662020905923345 0.55859375 0.662020905923345 0.556640625 0.6585365853658537 0.544921875 0.6585365853658537 0.54296875 0.6550522648083623 0.5390625 0.6550522648083623 0.5390625 0.6480836236933798 0.552734375 0.6376306620209059
0 0.59765625 0.1986062717770035 0.623046875 0.1986062717770035 0.625 0.20209059233449478 0.6328125 0.20209059233449478 0.6484375 0.21254355400696864 0.654296875 0.21254355400696864 0.658203125 0.21951219512195122 0.66796875 0.2229965156794425 0.66796875 0.2264808362369338 0.6640625 0.22996515679442509 0.630859375 0.22996515679442509 0.62890625 0.2264808362369338 0.607421875 0.2229965156794425 0.59765625 0.21254355400696864 0.595703125 0.20557491289198607 0.59765625 0.20209059233449478
0 0.57421875 0.059233449477351915 0.578125 0.059233449477351915 0.58203125 0.05226480836236934 0.595703125 0.04878048780487805 0.59765625 0.04529616724738676 0.619140625 0.04529616724738676 0.619140625 0.07317073170731707 0.58984375 0.07665505226480836 0.587890625 0.07317073170731707 0.57421875 0.06968641114982578 0.57421875 0.0627177700348432
0 0.283203125 0.156794425087108 0.287109375 0.16376306620209058 0.287109375 0.17073170731707318 0.28125 0.17073170731707318 0.279296875 0.17421602787456447 0.2734375 0.17421602787456447 0.263671875 0.18118466898954705 0.2421875 0.18118466898954705 0.240234375 0.17770034843205576 0.23046875 0.17770034843205576 0.23046875 0.1672473867595819 0.232421875 0.16376306620209058 0.236328125 0.16376306620209058 0.23828125 0.1602787456445993 0.25390625 0.1602787456445993 0.255859375 0.156794425087108 0.28125 0.156794425087108
0 0.341796875 0.28222996515679444 0.341796875 0.30662020905923343 0.33203125 0.30662020905923343 0.328125 0.29965156794425085 0.3203125 0.2961672473867596 0.322265625 0.2961672473867596 0.32421875 0.289198606271777 0.33984375 0.28222996515679444
0 0.27734375 0.14634146341463414 0.2890625 0.14634146341463414 0.291015625 0.15331010452961671 0.3046875 0.156794425087108 0.3203125 0.17073170731707318 0.326171875 0.17073170731707318 0.333984375 0.18118466898954705 0.33203125 0.1916376306620209 0.322265625 0.18466898954703834 0.302734375 0.18466898954703834 0.30078125 0.18118466898954705 0.29296875 0.18118466898954705 0.2890625 0.17421602787456447 0.28515625 0.17421602787456447 0.28515625 0.17073170731707318 0.28125 0.1672473867595819 0.28125 0.16376306620209058 0.27734375 0.1602787456445993 0.275390625 0.15331010452961671 0.2734375 0.15331010452961671 0.27734375 0.14982578397212543
0 0.76953125 0.3310104529616725 0.771484375 0.3344947735191638 0.7890625 0.3344947735191638 0.79296875 0.33797909407665505 0.79296875 0.34843205574912894 0.751953125 0.34843205574912894 0.75 0.34494773519163763 0.744140625 0.34494773519163763 0.744140625 0.34146341463414637 0.740234375 0.33797909407665505 0.74609375 0.3310104529616725 0.767578125 0.3310104529616725
0 0.595703125 0.37282229965156793 0.615234375 0.37282229965156793 0.6171875 0.3797909407665505 0.6328125 0.3797909407665505 0.6328125 0.3902439024390244 0.60546875 0.3902439024390244 0.603515625 0.39372822299651566 0.59765625 0.39372822299651566 0.595703125 0.3902439024390244 0.587890625 0.3902439024390244 0.587890625 0.3832752613240418 0.595703125 0.37630662020905925
0 0.13671875 0.5470383275261324 0.166015625 0.5470383275261324 0.16796875 0.554006968641115 0.171875 0.554006968641115 0.173828125 0.5574912891986062 0.173828125 0.5749128919860628 0.169921875 0.5749128919860628 0.166015625 0.5818815331010453 0.15625 0.5888501742160279 0.1484375 0.5888501742160279 0.140625 0.5818815331010453 0.1328125 0.5644599303135889 0.1328125 0.554006968641115 0.13671875 0.5505226480836237
0 0.60546875 0.07665505226480836 0.619140625 0.07665505226480836 0.62109375 0.08362369337979095 0.62109375 0.10801393728222997 0.607421875 0.10801393728222997 0.60546875 0.11149825783972125 0.5703125 0.11149825783972125 0.560546875 0.10452961672473868 0.5625 0.10452961672473868 0.56640625 0.09407665505226481 0.572265625 0.09407665505226481 0.58203125 0.08710801393728224 0.59765625 0.08710801393728224 0.60546875 0.08013937282229965
0 0.201171875 0.289198606271777 0.20703125 0.2857142857142857 0.2109375 0.2787456445993031 0.2265625 0.27177700348432055 0.23828125 0.2613240418118467 0.255859375 0.2578397212543554 0.265625 0.2508710801393728 0.283203125 0.2508710801393728 0.29296875 0.24390243902439024 0.29296875 0.2682926829268293 0.2890625 0.2682926829268293 0.279296875 0.2787456445993031 0.26171875 0.28222996515679444 0.259765625 0.2857142857142857 0.24609375 0.289198606271777 0.244140625 0.2926829268292683 0.236328125 0.2926829268292683 0.23046875 0.29965156794425085 0.20703125 0.29965156794425085 0.205078125 0.2961672473867596 0.201171875 0.2961672473867596 0.201171875 0.2926829268292683
0 0.13671875 0.397212543554007 0.150390625 0.3832752613240418 0.15625 0.3832752613240418 0.158203125 0.3797909407665505 0.1640625 0.3797909407665505 0.173828125 0.37282229965156793 0.201171875 0.3693379790940767 0.203125 0.36585365853658536 0.208984375 0.36585365853658536 0.208984375 0.37630662020905925 0.20703125 0.3797909407665505 0.203125 0.3832752613240418 0.197265625 0.3832752613240418 0.19140625 0.3902439024390244 0.1875 0.3902439024390244 0.1796875 0.397212543554007 0.166015625 0.397212543554007 0.1640625 0.40069686411149824 0.15625 0.40069686411149824 0.154296875 0.40418118466898956 0.1484375 0.40418118466898956 0.138671875 0.397212543554007
0 0.171875 0.27177700348432055 0.171875 0.28222996515679444 0.15625 0.2857142857142857 0.13671875 0.29965156794425085 0.125 0.29965156794425085 0.123046875 0.30313588850174217 0.11328125 0.30313588850174217 0.111328125 0.30662020905923343 0.107421875 0.30313588850174217 0.091796875 0.30313588850174217 0.087890625 0.29965156794425085 0.087890625 0.289198606271777 0.091796875 0.2857142857142857 0.103515625 0.28222996515679444 0.10546875 0.2787456445993031 0.126953125 0.27526132404181186 0.12890625 0.27177700348432055 0.169921875 0.27177700348432055
0 0.78125 0.34843205574912894 0.783203125 0.3519163763066202 0.814453125 0.3554006968641115 0.82421875 0.3623693379790941 0.841796875 0.3623693379790941 0.845703125 0.3588850174216028 0.845703125 0.37630662020905925 0.818359375 0.37630662020905925 0.81640625 0.3797909407665505 0.802734375 0.3797909407665505 0.80078125 0.3832752613240418 0.7734375 0.3832752613240418 0.7578125 0.37282229965156793 0.751953125 0.37282229965156793 0.74609375 0.36585365853658536 0.74609375 0.3623693379790941 0.7578125 0.34843205574912894 0.779296875 0.34843205574912894
0 0.291015625 0.24738675958188153 0.3359375 0.24738675958188153 0.337890625 0.25435540069686413 0.337890625 0.27177700348432055 0.296875 0.27526132404181186 0.294921875 0.27177700348432055 0.2890625 0.27177700348432055 0.28515625 0.26480836236933797 0.28515625 0.2578397212543554 0.291015625 0.2508710801393728
0 0.078125 0.37630662020905925 0.119140625 0.37630662020905925 0.12109375 0.3832752613240418 0.1328125 0.3832752613240418 0.1328125 0.39372822299651566 0.125 0.39372822299651566 0.115234375 0.40069686411149824 0.09765625 0.40069686411149824 0.095703125 0.40418118466898956 0.060546875 0.40418118466898956 0.05859375 0.40069686411149824 0.052734375 0.40069686411149824 0.052734375 0.39372822299651566 0.0546875 0.3902439024390244 0.05859375 0.3867595818815331 0.064453125 0.3867595818815331 0.06640625 0.3832752613240418 0.076171875 0.3832752613240418 0.078125 0.3797909407665505
0 0.978515625 0.39372822299651566 0.978515625 0.4076655052264808 0.974609375 0.41114982578397213 0.962890625 0.41114982578397213 0.953125 0.4181184668989547 0.927734375 0.42160278745644597 0.92578125 0.4250871080139373 0.908203125 0.4250871080139373 0.90625 0.42160278745644597 0.892578125 0.4181184668989547 0.88671875 0.41114982578397213 0.89453125 0.40418118466898956 0.8984375 0.40418118466898956 0.900390625 0.40069686411149824 0.9140625 0.40069686411149824 0.916015625 0.397212543554007 0.97265625 0.397212543554007 0.9765625 0.39372822299651566
0 0.19689265536723163 0.5971771097856257 0.033236228813559324 0.03124470954152641
0 0.669921875 0.3240418118466899 0.669921875 0.33797909407665505 0.65625 0.33797909407665505 0.63671875 0.3519163763066202 0.623046875 0.3519163763066202 0.62109375 0.3554006968641115 0.599609375 0.3554006968641115 0.59765625 0.3519163763066202 0.591796875 0.3519163763066202 0.58984375 0.34843205574912894 0.58984375 0.3344947735191638 0.59375 0.3310104529616725 0.60546875 0.3310104529616725 0.607421875 0.32752613240418116 0.6328125 0.32752613240418116 0.634765625 0.3240418118466899 0.66796875 0.3240418118466899
0 0.966796875 0.45993031358885017 0.966796875 0.47735191637630664 0.94921875 0.4808362369337979 0.943359375 0.4878048780487805 0.939453125 0.4878048780487805 0.9140625 0.5052264808362369 0.8828125 0.5087108013937283 0.880859375 0.5121951219512195 0.873046875 0.5121951219512195 0.87109375 0.5087108013937283 0.84765625 0.5087108013937283 0.84375 0.5017421602787456 0.853515625 0.4878048780487805 0.8671875 0.4843205574912892 0.869140625 0.4808362369337979 0.888671875 0.47735191637630664 0.890625 0.4738675958188153 0.9140625 0.4738675958188153 0.916015625 0.47038327526132406 0.9296875 0.47038327526132406 0.931640625 0.46689895470383275 0.953125 0.46689895470383275 0.955078125 0.4634146341463415 0.9609375 0.4634146341463415 0.96484375 0.45993031358885017
0 0.287109375 0.34494773519163763 0.2890625 0.34494773519163763 0.29296875 0.3344947735191638 0.298828125 0.3344947735191638 0.306640625 0.32752613240418116 0.32421875 0.32752613240418116 0.32421875 0.34146341463414637 0.322265625 0.34494773519163763 0.3125 0.34494773519163763 0.306640625 0.3519163763066202 0.294921875 0.3519163763066202 0.2890625 0.34494773519163763
0 0.181640625 0.2857142857142857 0.189453125 0.2857142857142857 0.19140625 0.2926829268292683 0.19140625 0.313588850174216 0.181640625 0.313588850174216 0.177734375 0.3205574912891986 0.17578125 0.3310104529616725 0.138671875 0.3310104529616725 0.13671875 0.3344947735191638 0.12890625 0.3344947735191638 0.126953125 0.33797909407665505 0.115234375 0.33797909407665505 0.11328125 0.3344947735191638 0.095703125 0.3310104529616725 0.095703125 0.32752613240418116 0.109375 0.313588850174216 0.12109375 0.313588850174216 0.12890625 0.30662020905923343 0.140625 0.30662020905923343 0.150390625 0.29965156794425085 0.1640625 0.29965156794425085 0.169921875 0.2926829268292683 0.1796875 0.2926829268292683 0.181640625 0.289198606271777
0 0.1796875 0.33797909407665505 0.1796875 0.3310104529616725 0.181640625 0.32752613240418116 0.189453125 0.3240418118466899 0.1953125 0.3170731707317073 0.203125 0.3170731707317073 0.205078125 0.313588850174216 0.212890625 0.313588850174216 0.21484375 0.31010452961672474 0.232421875 0.31010452961672474 0.234375 0.30662020905923343 0.267578125 0.30662020905923343 0.26953125 0.30313588850174217 0.271484375 0.30313588850174217 0.271484375 0.3205574912891986 0.259765625 0.3205574912891986 0.240234375 0.3344947735191638 0.232421875 0.3344947735191638 0.23046875 0.33797909407665505 0.21484375 0.33797909407665505 0.212890625 0.34146341463414637 0.181640625 0.33797909407665505
0 0.201171875 0.13937282229965156 0.212890625 0.1289198606271777 0.228515625 0.1254355400696864 0.23046875 0.12195121951219512 0.25 0.12195121951219512 0.251953125 0.11846689895470383 0.2890625 0.11846689895470383 0.2890625 0.1289198606271777 0.28515625 0.13240418118466898 0.275390625 0.13240418118466898 0.2734375 0.13588850174216027 0.267578125 0.13588850174216027 0.2578125 0.14285714285714285 0.25 0.14285714285714285 0.248046875 0.14634146341463414 0.236328125 0.14634146341463414 0.234375 0.14982578397212543 0.208984375 0.14982578397212543 0.201171875 0.14285714285714285
0 0.017578125 0.30662020905923343 0.01953125 0.30313588850174217 0.052734375 0.30313588850174217 0.0546875 0.30662020905923343 0.0546875 0.3240418118466899 0.048828125 0.3240418118466899 0.046875 0.32752613240418116 0.0390625 0.32752613240418116 0.02734375 0.313588850174216 0.01953125 0.31010452961672474
0 0.07421875 0.1986062717770035 0.099609375 0.1986062717770035 0.1015625 0.20557491289198607 0.115234375 0.20557491289198607 0.1171875 0.20905923344947736 0.123046875 0.20905923344947736 0.125 0.21254355400696864 0.12890625 0.20905923344947736 0.130859375 0.21254355400696864 0.130859375 0.23344947735191637 0.11328125 0.23693379790940766 0.111328125 0.24041811846689895 0.087890625 0.24041811846689895 0.080078125 0.23344947735191637 0.060546875 0.23344947735191637 0.05859375 0.22996515679442509 0.046875 0.2264808362369338 0.046875 0.21602787456445993 0.05078125 0.20905923344947736 0.0546875 0.20905923344947736 0.056640625 0.20557491289198607 0.072265625 0.20557491289198607 0.07421875 0.20209059233449478
0 0.65234375 0.23693379790940766 0.65234375 0.2613240418118467 0.6484375 0.2613240418118467 0.646484375 0.2578397212543554 0.6328125 0.2613240418118467 0.625 0.27526132404181186 0.619140625 0.27526132404181186 0.6171875 0.2787456445993031 0.603515625 0.27526132404181186 0.603515625 0.2578397212543554 0.611328125 0.2508710801393728 0.615234375 0.2508710801393728 0.6171875 0.24738675958188153 0.646484375 0.24738675958188153 0.65234375 0.24041811846689895
0 0.36328125 0.554006968641115 0.36328125 0.5574912891986062 0.357421875 0.5679442508710801 0.357421875 0.5749128919860628 0.3515625 0.5923344947735192 0.353515625 0.6515679442508711 0.34765625 0.662020905923345 0.337890625 0.662020905923345 0.333984375 0.6585365853658537 0.33203125 0.662020905923345 0.328125 0.662020905923345 0.322265625 0.6724738675958188 0.30859375 0.6759581881533101 0.302734375 0.6829268292682927 0.291015625 0.6829268292682927 0.27734375 0.6655052264808362 0.26953125 0.6655052264808362 0.263671875 0.6724738675958188 0.263671875 0.6829268292682927 0.248046875 0.7038327526132404 0.23828125 0.7038327526132404 0.240234375 0.6724738675958188 0.232421875 0.6585365853658537 0.23046875 0.6585365853658537 0.228515625 0.6515679442508711 0.228515625 0.6445993031358885 0.23046875 0.6411149825783972 0.24609375 0.6411149825783972 0.248046875 0.6376306620209059 0.25 0.6411149825783972 0.267578125 0.6411149825783972 0.275390625 0.6341463414634146 0.28125 0.6236933797909407 0.283203125 0.6132404181184669 0.294921875 0.5923344947735192 0.298828125 0.5923344947735192 0.310546875 0.5749128919860628 0.318359375 0.5714285714285714 0.328125 0.5609756097560976 0.333984375 0.5609756097560976 0.34375 0.554006968641115 0.361328125 0.554006968641115
0 0.15625 0.3554006968641115 0.162109375 0.34843205574912894 0.16796875 0.34843205574912894 0.173828125 0.34146341463414637 0.19921875 0.34146341463414637 0.201171875 0.34494773519163763 0.205078125 0.34494773519163763 0.205078125 0.3519163763066202 0.203125 0.3554006968641115 0.197265625 0.3554006968641115 0.1953125 0.3588850174216028 0.16015625 0.3588850174216028 0.158203125 0.3554006968641115