0 0.833984375 0.3680555555555556 0.845703125 0.3854166666666667 0.84765625 0.3923611111111111 0.845703125 0.3993055555555556 0.845703125 0.4097222222222222 0.83984375 0.4166666666666667 0.828125 0.4201388888888889 0.82421875 0.4166666666666667 0.8203125 0.40625 0.8203125 0.3993055555555556 0.818359375 0.3958333333333333 0.8203125 0.3854166666666667 0.826171875 0.375 0.83203125 0.3715277777777778
0 0.2890625 0.3576388888888889 0.296875 0.3645833333333333 0.302734375 0.3645833333333333 0.3046875 0.3611111111111111 0.318359375 0.3611111111111111 0.3203125 0.3645833333333333 0.32421875 0.3611111111111111 0.326171875 0.3645833333333333 0.333984375 0.3645833333333333 0.34375 0.3715277777777778 0.353515625 0.3888888888888889 0.353515625 0.3993055555555556 0.34375 0.4097222222222222 0.32421875 0.4097222222222222 0.31640625 0.3993055555555556 0.30859375 0.3993055555555556 0.3046875 0.3958333333333333 0.298828125 0.3854166666666667 0.28515625 0.3854166666666667 0.291015625 0.375 0.2890625 0.3611111111111111
0 0.626953125 0.017361111111111112 0.634765625 0.024305555555555556 0.6484375 0.052083333333333336 0.654296875 0.052083333333333336 0.654296875 0.059027777777777776 0.6328125 0.0625 0.6171875 0.08680555555555555 0.611328125 0.08680555555555555 0.611328125 0.0763888888888889 0.609375 0.07291666666666667 0.5859375 0.08333333333333333 0.580078125 0.07291666666666667 0.57421875 0.07291666666666667 0.57421875 0.06944444444444445 0.578125 0.05555555555555555 0.5859375 0.04861111111111111 0.5859375 0.041666666666666664 0.58984375 0.027777777777777776 0.59375 0.020833333333333332 0.607421875 0.017361111111111112 0.609375 0.013888888888888888 0.625 0.017361111111111112
0 0.638671875 0.6215277777777778 0.646484375 0.6388888888888888 0.646484375 0.65625 0.642578125 0.6701388888888888 0.63671875 0.6770833333333334 0.634765625 0.6979166666666666 0.62109375 0.6944444444444444 0.619140625 0.6979166666666666 0.615234375 0.6979166666666666 0.611328125 0.7048611111111112 0.607421875 0.7013888888888888 0.607421875 0.6909722222222222 0.619140625 0.6423611111111112 0.626953125 0.625 0.630859375 0.6215277777777778 0.63671875 0.6215277777777778
0 0.94921875 0.4444444444444444 0.95703125 0.4375 0.96875 0.4375 0.982421875 0.4270833333333333 0.99609375 0.4270833333333333 0.998046875 0.4305555555555556 0.998046875 0.4756944444444444 0.98828125 0.4826388888888889 0.970703125 0.4791666666666667 0.958984375 0.46875 0.953125 0.4722222222222222 0.94921875 0.4618055555555556 0.94921875 0.4479166666666667
0 0.70703125 0.2361111111111111 0.712890625 0.2326388888888889 0.71484375 0.22569444444444445 0.7265625 0.20833333333333334 0.73046875 0.20833333333333334 0.732421875 0.2048611111111111 0.744140625 0.20833333333333334 0.748046875 0.2152777777777778 0.748046875 0.2222222222222222 0.73828125 0.23958333333333334 0.734375 0.24305555555555555 0.71484375 0.24305555555555555 0.712890625 0.2465277777777778 0.7109375 0.2465277777777778 0.708984375 0.23958333333333334
0 0.8203125 0.3020833333333333 0.8359375 0.3020833333333333 0.837890625 0.3055555555555556 0.841796875 0.3055555555555556 0.859375 0.3298611111111111 0.859375 0.3368055555555556 0.86328125 0.3506944444444444 0.86328125 0.3576388888888889 0.861328125 0.3611111111111111 0.84375 0.3576388888888889 0.841796875 0.3541666666666667 0.841796875 0.3472222222222222 0.833984375 0.3333333333333333 0.828125 0.3298611111111111 0.826171875 0.3159722222222222 0.8203125 0.3055555555555556
0 0.439453125 0.71875 0.447265625 0.7291666666666666 0.44921875 0.7430555555555556 0.443359375 0.75 0.43359375 0.7534722222222222 0.427734375 0.7638888888888888 0.427734375 0.7673611111111112 0.42578125 0.7673611111111112 0.421875 0.7534722222222222 0.423828125 0.75 0.423828125 0.7395833333333334 0.427734375 0.7291666666666666 0.4375 0.71875
0 0.9861979166666667 0.5263888888888889 0.027604166666666666 0.09537037037037037
0 0.763671875 0.9513888888888888 0.765625 0.9479166666666666 0.765625 0.8958333333333334 0.767578125 0.8923611111111112 0.767578125 0.8541666666666666 0.765625 0.8506944444444444 0.765625 0.84375 0.76953125 0.8333333333333334 0.775390625 0.8333333333333334 0.791015625 0.8645833333333334 0.794921875 0.8784722222222222 0.794921875 0.8958333333333334 0.796875 0.8993055555555556 0.796875 0.9444444444444444 0.794921875 0.9479166666666666 0.794921875 0.9548611111111112 0.78515625 0.96875 0.76953125 0.9652777777777778 0.765625 0.9618055555555556 0.765625 0.9548611111111112
0 0.873046875 0.1388888888888889 0.876953125 0.1388888888888889 0.87890625 0.1423611111111111 0.888671875 0.1423611111111111 0.892578125 0.13541666666666666 0.8984375 0.13541666666666666 0.900390625 0.13194444444444445 0.927734375 0.1284722222222222 0.9296875 0.13194444444444445 0.939453125 0.13541666666666666 0.9453125 0.14583333333333334 0.947265625 0.14583333333333334 0.951171875 0.15625 0.951171875 0.16319444444444445 0.9453125 0.16666666666666666 0.9375 0.17708333333333334 0.908203125 0.17708333333333334 0.90625 0.1736111111111111 0.892578125 0.1736111111111111 0.888671875 0.1701388888888889 0.888671875 0.16319444444444445 0.88671875 0.1597222222222222 0.87890625 0.16666666666666666 0.873046875 0.16666666666666666 0.873046875 0.16319444444444445 0.87890625 0.15625 0.87890625 0.1527777777777778 0.873046875 0.1423611111111111