0 0.8046875 0.4305555555555556 0.806640625 0.4340277777777778 0.8125 0.4340277777777778 0.818359375 0.4409722222222222 0.826171875 0.4444444444444444 0.828125 0.4479166666666667 0.828125 0.4548611111111111 0.82421875 0.4583333333333333 0.822265625 0.4548611111111111 0.802734375 0.4548611111111111 0.791015625 0.4444444444444444 0.7890625 0.4375 0.796875 0.4305555555555556 0.802734375 0.4305555555555556
0 0.265625 0.5729166666666666 0.267578125 0.5763888888888888 0.27734375 0.5763888888888888 0.28515625 0.5833333333333334 0.291015625 0.5833333333333334 0.296875 0.5902777777777778 0.302734375 0.5902777777777778 0.3046875 0.59375 0.31640625 0.59375 0.3203125 0.5972222222222222 0.322265625 0.59375 0.318359375 0.5868055555555556 0.31640625 0.5763888888888888 0.322265625 0.5694444444444444 0.33203125 0.5833333333333334 0.3359375 0.5833333333333334 0.337890625 0.5902777777777778 0.349609375 0.59375 0.349609375 0.5972222222222222 0.34375 0.6006944444444444 0.33984375 0.6076388888888888 0.322265625 0.6041666666666666 0.3125 0.6215277777777778 0.296875 0.6354166666666666 0.28515625 0.6354166666666666 0.283203125 0.6388888888888888 0.2734375 0.6388888888888888 0.271484375 0.6423611111111112 0.255859375 0.6423611111111112 0.240234375 0.6527777777777778 0.216796875 0.6527777777777778 0.21484375 0.65625 0.193359375 0.65625 0.19140625 0.6597222222222222 0.181640625 0.6597222222222222 0.177734375 0.6493055555555556 0.1796875 0.6458333333333334 0.1796875 0.6284722222222222 0.177734375 0.6215277777777778 0.185546875 0.6041666666666666 0.1953125 0.6041666666666666 0.197265625 0.6006944444444444 0.1953125 0.59375 0.20703125 0.5798611111111112 0.21484375 0.5798611111111112 0.216796875 0.5763888888888888 0.224609375 0.5763888888888888 0.2265625 0.5729166666666666 0.263671875 0.5729166666666666
0 0.708984375 0.375 0.716796875 0.3819444444444444 0.7265625 0.3819444444444444 0.728515625 0.3888888888888889 0.736328125 0.4027777777777778 0.73828125 0.4027777777777778 0.73828125 0.40625 0.7265625 0.40625 0.720703125 0.3958333333333333 0.716796875 0.3958333333333333 0.71484375 0.3923611111111111 0.70703125 0.3923611111111111 0.705078125 0.3958333333333333 0.67578125 0.3958333333333333 0.67578125 0.3888888888888889 0.6796875 0.3854166666666667 0.681640625 0.3888888888888889 0.689453125 0.3819444444444444 0.701171875 0.3819444444444444 0.70703125 0.375
0 0.728515625 0.3715277777777778 0.73046875 0.3784722222222222 0.728515625 0.3819444444444444 0.705078125 0.3819444444444444 0.703125 0.3854166666666667 0.697265625 0.3854166666666667 0.68359375 0.3958333333333333 0.67578125 0.3958333333333333 0.673828125 0.3888888888888889 0.685546875 0.375 0.693359375 0.375 0.6953125 0.3715277777777778 0.712890625 0.3715277777777778 0.71484375 0.3680555555555556 0.724609375 0.3680555555555556 0.7265625 0.3715277777777778
0 0.583984375 0.6041666666666666 0.599609375 0.6041666666666666 0.619140625 0.6215277777777778 0.625 0.6319444444444444 0.6328125 0.6388888888888888 0.638671875 0.6493055555555556 0.65625 0.6701388888888888 0.650390625 0.6736111111111112 0.638671875 0.6631944444444444 0.623046875 0.65625 0.61328125 0.6458333333333334 0.609375 0.6458333333333334 0.587890625 0.6215277777777778 0.583984375 0.6076388888888888
0 0.59765625 0.2673611111111111 0.59765625 0.2881944444444444 0.595703125 0.2916666666666667 0.595703125 0.3020833333333333 0.591796875 0.3090277777777778 0.5859375 0.3090277777777778 0.572265625 0.2951388888888889 0.5703125 0.2916666666666667 0.5703125 0.28125 0.572265625 0.2777777777777778 0.578125 0.2777777777777778 0.580078125 0.2743055555555556 0.595703125 0.2673611111111111
0 0.376953125 0.4479166666666667 0.376953125 0.4618055555555556 0.373046875 0.4652777777777778 0.365234375 0.4652777777777778 0.36328125 0.46875 0.341796875 0.46875 0.337890625 0.4618055555555556 0.337890625 0.4548611111111111 0.33984375 0.4513888888888889 0.3671875 0.4513888888888889 0.369140625 0.4479166666666667 0.375 0.4479166666666667
0 0.328125 0.5659722222222222 0.357421875 0.5868055555555556 0.357421875 0.59375 0.34765625 0.6076388888888888 0.34765625 0.6180555555555556 0.330078125 0.6388888888888888 0.326171875 0.6388888888888888 0.326171875 0.6319444444444444 0.328125 0.6284722222222222 0.328125 0.6215277777777778 0.33203125 0.6145833333333334 0.33203125 0.6076388888888888 0.326171875 0.6006944444444444 0.31640625 0.5763888888888888 0.3203125 0.5659722222222222 0.326171875 0.5659722222222222
0 0.3302083333333333 0.3662037037037037 0.08854166666666667 0.04351851851851852
0 0.984375 0.3333333333333333 0.9921875 0.3263888888888889 0.998046875 0.3263888888888889 0.998046875 0.34375 0.99609375 0.3472222222222222 0.98828125 0.3472222222222222 0.984375 0.34375 0.984375 0.3368055555555556
0 0.53515625 0.4375 0.53515625 0.4270833333333333 0.537109375 0.4236111111111111 0.5546875 0.4236111111111111 0.556640625 0.4270833333333333 0.560546875 0.4270833333333333 0.560546875 0.4340277777777778 0.556640625 0.4375 0.537109375 0.4375
0 0.0859375 0.3715277777777778 0.08984375 0.3680555555555556 0.095703125 0.3680555555555556 0.09765625 0.3645833333333333 0.158203125 0.3645833333333333 0.16015625 0.3680555555555556 0.173828125 0.3715277777777778 0.17578125 0.375 0.173828125 0.3819444444444444 0.15625 0.3819444444444444 0.154296875 0.3854166666666667 0.13671875 0.3888888888888889 0.134765625 0.3923611111111111 0.095703125 0.3923611111111111 0.091796875 0.3888888888888889 0.0859375 0.3784722222222222 0.0859375 0.375
0 0.251953125 0.3020833333333333 0.251953125 0.3159722222222222 0.25 0.3194444444444444 0.240234375 0.3229166666666667 0.234375 0.3298611111111111 0.23046875 0.3298611111111111 0.22265625 0.3368055555555556 0.216796875 0.3368055555555556 0.21484375 0.3402777777777778 0.201171875 0.3402777777777778 0.19921875 0.34375 0.189453125 0.34375 0.1796875 0.3368055555555556 0.16796875 0.3368055555555556 0.1640625 0.3298611111111111 0.171875 0.3194444444444444 0.18359375 0.3159722222222222 0.185546875 0.3125 0.19140625 0.3125 0.193359375 0.3090277777777778 0.19921875 0.3090277777777778 0.201171875 0.3055555555555556 0.21875 0.3055555555555556 0.220703125 0.3020833333333333 0.23828125 0.3055555555555556 0.240234375 0.3020833333333333 0.25 0.3020833333333333
0 0.716796875 0.3854166666666667 0.716796875 0.3888888888888889 0.72265625 0.3958333333333333 0.7265625 0.3888888888888889 0.732421875 0.3993055555555556 0.73828125 0.4027777777777778 0.744140625 0.4166666666666667 0.7421875 0.4201388888888889 0.73828125 0.4166666666666667 0.732421875 0.4166666666666667 0.73046875 0.4131944444444444 0.66015625 0.4166666666666667 0.66015625 0.4097222222222222 0.6640625 0.4027777777777778 0.66796875 0.4027777777777778 0.669921875 0.3993055555555556 0.681640625 0.3993055555555556 0.68359375 0.3958333333333333 0.69140625 0.3958333333333333 0.693359375 0.3923611111111111 0.701171875 0.3923611111111111 0.703125 0.3888888888888889 0.71484375 0.3888888888888889
0 0.5752604166666666 0.17962962962962964 0.06302083333333333 0.12962962962962965
0 0.302734375 0.3472222222222222 0.3046875 0.3506944444444444 0.30859375 0.3506944444444444 0.30859375 0.3541666666666667 0.28515625 0.375 0.279296875 0.375 0.27734375 0.3784722222222222 0.271484375 0.3784722222222222 0.26171875 0.3854166666666667 0.251953125 0.3854166666666667 0.25 0.3784722222222222 0.25390625 0.3715277777777778 0.271484375 0.3576388888888889 0.287109375 0.3541666666666667 0.2890625 0.3506944444444444 0.30078125 0.3506944444444444
0 0.23828125 0.4131944444444444 0.240234375 0.4166666666666667 0.259765625 0.4131944444444444 0.259765625 0.4270833333333333 0.25 0.4270833333333333 0.2421875 0.4340277777777778 0.232421875 0.4340277777777778 0.23046875 0.4375 0.22265625 0.4375 0.220703125 0.4409722222222222 0.197265625 0.4444444444444444 0.1953125 0.4479166666666667 0.18359375 0.4479166666666667 0.181640625 0.4444444444444444 0.177734375 0.4444444444444444 0.173828125 0.4375 0.181640625 0.4270833333333333 0.193359375 0.4236111111111111 0.1953125 0.4201388888888889 0.203125 0.4201388888888889 0.205078125 0.4166666666666667 0.224609375 0.4166666666666667 0.2265625 0.4131944444444444 0.236328125 0.4131944444444444
0 0.314453125 0.3993055555555556 0.318359375 0.4027777777777778 0.318359375 0.4097222222222222 0.310546875 0.4201388888888889 0.302734375 0.4201388888888889 0.30078125 0.4236111111111111 0.27734375 0.4236111111111111 0.27734375 0.4166666666666667 0.28125 0.4097222222222222 0.28515625 0.4097222222222222 0.291015625 0.4027777777777778 0.296875 0.4027777777777778 0.298828125 0.3993055555555556 0.3125 0.3993055555555556
0 0.275390625 0.22569444444444445 0.283203125 0.2326388888888889 0.279296875 0.23958333333333334 0.26953125 0.23958333333333334 0.267578125 0.24305555555555555 0.263671875 0.24305555555555555 0.255859375 0.25 0.251953125 0.2604166666666667 0.24609375 0.2673611111111111 0.240234375 0.2673611111111111 0.234375 0.2743055555555556 0.23046875 0.2743055555555556 0.224609375 0.28125 0.21875 0.28125 0.216796875 0.2847222222222222 0.203125 0.2847222222222222 0.19921875 0.28125 0.201171875 0.2743055555555556 0.205078125 0.2743055555555556 0.248046875 0.2361111111111111 0.255859375 0.2361111111111111 0.267578125 0.22569444444444445 0.2734375 0.22569444444444445
0 0.103515625 0.4583333333333333 0.11328125 0.4513888888888889 0.119140625 0.4513888888888889 0.130859375 0.4409722222222222 0.138671875 0.4409722222222222 0.140625 0.4375 0.173828125 0.4375 0.173828125 0.4479166666666667 0.166015625 0.4479166666666667 0.158203125 0.4548611111111111 0.15234375 0.4548611111111111 0.150390625 0.4583333333333333 0.13671875 0.4618055555555556 0.134765625 0.4652777777777778 0.107421875 0.46875 0.103515625 0.4652777777777778 0.103515625 0.4618055555555556
0 0.970703125 0.4930555555555556 0.97265625 0.4965277777777778 0.9921875 0.4965277777777778 0.994140625 0.5 0.998046875 0.5 0.998046875 0.5277777777777778 0.966796875 0.5243055555555556 0.94921875 0.5104166666666666 0.9453125 0.5034722222222222 0.947265625 0.4965277777777778 0.951171875 0.4930555555555556 0.96875 0.4930555555555556
0 0.13671875 0.3125 0.142578125 0.3194444444444444 0.142578125 0.3298611111111111 0.13671875 0.3368055555555556 0.123046875 0.3298611111111111 0.123046875 0.3159722222222222 0.130859375 0.3159722222222222 0.134765625 0.3125
0 0.224609375 0.34375 0.2265625 0.3506944444444444 0.22265625 0.3576388888888889 0.21875 0.3576388888888889 0.212890625 0.3645833333333333 0.201171875 0.3645833333333333 0.193359375 0.3541666666666667 0.197265625 0.3472222222222222 0.203125 0.3472222222222222 0.205078125 0.34375 0.22265625 0.34375
0 0.2421875 0.22916666666666666 0.244140625 0.2326388888888889 0.2421875 0.23958333333333334 0.234375 0.24305555555555555 0.2265625 0.2534722222222222 0.22265625 0.2534722222222222 0.20703125 0.2708333333333333 0.203125 0.2708333333333333 0.197265625 0.2777777777777778 0.193359375 0.2777777777777778 0.185546875 0.2847222222222222 0.177734375 0.2847222222222222 0.17578125 0.2881944444444444 0.16796875 0.2881944444444444 0.1640625 0.2847222222222222 0.1640625 0.2777777777777778 0.169921875 0.2708333333333333 0.1953125 0.25 0.19921875 0.25 0.20703125 0.24305555555555555 0.212890625 0.24305555555555555 0.220703125 0.2361111111111111 0.228515625 0.2361111111111111 0.23046875 0.2326388888888889 0.236328125 0.2326388888888889 0.240234375 0.22916666666666666
0 0.8359375 0.2569444444444444 0.837890625 0.2604166666666667 0.841796875 0.2569444444444444 0.8671875 0.2569444444444444 0.869140625 0.2604166666666667 0.875 0.2604166666666667 0.8828125 0.2708333333333333 0.88671875 0.2847222222222222 0.88671875 0.2916666666666667 0.890625 0.2986111111111111 0.890625 0.3055555555555556 0.88671875 0.3055555555555556 0.884765625 0.3090277777777778 0.87890625 0.3090277777777778 0.876953125 0.3055555555555556 0.873046875 0.3090277777777778 0.859375 0.3055555555555556 0.857421875 0.3090277777777778 0.8359375 0.3125 0.830078125 0.3194444444444444 0.82421875 0.3194444444444444 0.822265625 0.3229166666666667 0.80859375 0.3229166666666667 0.79296875 0.3368055555555556 0.76953125 0.3368055555555556 0.76953125 0.3229166666666667 0.775390625 0.3055555555555556 0.783203125 0.2986111111111111 0.7890625 0.2881944444444444 0.796875 0.2847222222222222 0.798828125 0.28125 0.798828125 0.2743055555555556 0.806640625 0.2638888888888889 0.833984375 0.2569444444444444
0 0.35494791666666664 0.29537037037037034 0.0296875 0.0574074074074074
0 0.5390625 0.3993055555555556 0.5390625 0.3854166666666667 0.54296875 0.3784722222222222 0.55859375 0.3784722222222222 0.560546875 0.375 0.56640625 0.375 0.572265625 0.3888888888888889 0.572265625 0.4027777777777778 0.5703125 0.40625 0.560546875 0.4131944444444444 0.5546875 0.4131944444444444 0.544921875 0.40625 0.541015625 0.3993055555555556
0 0.806640625 0.5069444444444444 0.80859375 0.5104166666666666 0.826171875 0.5104166666666666 0.828125 0.5138888888888888 0.8359375 0.5138888888888888 0.849609375 0.5243055555555556 0.865234375 0.5277777777777778 0.873046875 0.5381944444444444 0.880859375 0.5416666666666666 0.880859375 0.5486111111111112 0.87890625 0.5520833333333334 0.873046875 0.5520833333333334 0.86328125 0.5451388888888888 0.85546875 0.5451388888888888 0.853515625 0.5416666666666666 0.818359375 0.5416666666666666 0.81640625 0.5381944444444444 0.7890625 0.5381944444444444 0.787109375 0.5347222222222222 0.783203125 0.5347222222222222 0.779296875 0.5277777777777778 0.779296875 0.5208333333333334 0.783203125 0.5138888888888888 0.787109375 0.5138888888888888 0.7890625 0.5104166666666666 0.80078125 0.5104166666666666 0.8046875 0.5069444444444444
0 0.353515625 0.40625 0.36328125 0.4166666666666667 0.369140625 0.4166666666666667 0.37109375 0.4201388888888889 0.37109375 0.4270833333333333 0.345703125 0.4270833333333333 0.33203125 0.4166666666666667 0.330078125 0.4131944444444444 0.330078125 0.40625 0.33203125 0.4027777777777778 0.349609375 0.4027777777777778 0.3515625 0.40625
0 0.189453125 0.3888888888888889 0.19140625 0.3958333333333333 0.189453125 0.4027777777777778 0.185546875 0.40625 0.1796875 0.40625 0.16796875 0.4201388888888889 0.154296875 0.4236111111111111 0.142578125 0.4340277777777778 0.11328125 0.4340277777777778 0.111328125 0.4305555555555556 0.111328125 0.4236111111111111 0.11328125 0.4201388888888889 0.12890625 0.4097222222222222 0.134765625 0.4097222222222222 0.142578125 0.4027777777777778 0.15234375 0.4027777777777778 0.154296875 0.3993055555555556 0.162109375 0.3993055555555556 0.1640625 0.3958333333333333 0.177734375 0.3958333333333333 0.1875 0.3888888888888889
0 0.228515625 0.3854166666666667 0.23828125 0.3993055555555556 0.23828125 0.40625 0.236328125 0.4097222222222222 0.232421875 0.40625 0.2265625 0.40625 0.220703125 0.3993055555555556 0.21484375 0.3993055555555556 0.212890625 0.3958333333333333 0.203125 0.3958333333333333 0.1953125 0.3854166666666667 0.19921875 0.375 0.212890625 0.375 0.2265625 0.3854166666666667
0 0.078125 0.3611111111111111 0.09765625 0.3576388888888889 0.109375 0.3472222222222222 0.109375 0.3576388888888889 0.1015625 0.3645833333333333 0.09375 0.3645833333333333 0.0859375 0.3715277777777778 0.078125 0.3680555555555556 0.078125 0.3645833333333333
0 0.9445312499999999 0.38935185185185184 0.03697916666666667 0.07500000000000001
0 0.03125 0 0.2265625 0 0.216796875 0.006944444444444444 0.203125 0.006944444444444444 0.201171875 0.010416666666666666 0.177734375 0.010416666666666666 0.17578125 0.013888888888888888 0.08984375 0.010416666666666666 0.087890625 0.006944444444444444 0.037109375 0.006944444444444444 0.033203125 0.003472222222222222
0 0.6640625 0.20833333333333334 0.67578125 0.21875 0.6796875 0.22916666666666666 0.67578125 0.2361111111111111 0.669921875 0.2361111111111111 0.66796875 0.23958333333333334 0.650390625 0.23958333333333334 0.6484375 0.24305555555555555 0.62890625 0.24305555555555555 0.625 0.2326388888888889 0.625 0.22569444444444445 0.630859375 0.2152777777777778 0.630859375 0.21180555555555555 0.63671875 0.2048611111111111 0.654296875 0.2013888888888889 0.662109375 0.20833333333333334
0 0.98515625 0.3087962962962963 0.0296875 0.026851851851851852
0 0.06744791666666666 0.29305555555555557 0.0984375 0.03981481481481482