0 0.5625 0.3205574912891986 0.56640625 0.3205574912891986 0.5703125 0.30662020905923343 0.580078125 0.289198606271777 0.609375 0.289198606271777 0.611328125 0.2926829268292683 0.619140625 0.2926829268292683 0.619140625 0.30313588850174217 0.615234375 0.313588850174216 0.60546875 0.3240418118466899 0.59375 0.3240418118466899 0.591796875 0.32752613240418116 0.572265625 0.32752613240418116 0.5703125 0.3310104529616725 0.568359375 0.3310104529616725 0.564453125 0.3205574912891986
0 0.5625 0.41114982578397213 0.56640625 0.4146341463414634 0.56640625 0.4564459930313589 0.55859375 0.4529616724738676 0.556640625 0.43902439024390244 0.552734375 0.4355400696864111 0.552734375 0.4250871080139373 0.5546875 0.4250871080139373 0.55859375 0.4146341463414634 0.560546875 0.4146341463414634
0 0.494140625 0.024390243902439025 0.49609375 0.0313588850174216 0.509765625 0.03832752613240418 0.509765625 0.05574912891986063 0.5078125 0.059233449477351915 0.49609375 0.05574912891986063 0.4921875 0.04529616724738676 0.48828125 0.041811846689895474 0.48828125 0.03832752613240418 0.490234375 0.03832752613240418 0.494140625 0.027874564459930314
0 0.484375 0.4843205574912892 0.48828125 0.4843205574912892 0.490234375 0.4912891986062718 0.501953125 0.4912891986062718 0.50390625 0.4843205574912892 0.51171875 0.4843205574912892 0.513671875 0.4912891986062718 0.517578125 0.4912891986062718 0.521484375 0.49825783972125437 0.521484375 0.519163763066202 0.515625 0.519163763066202 0.513671875 0.5156794425087108 0.50390625 0.5121951219512195 0.498046875 0.5052264808362369 0.490234375 0.5052264808362369 0.48828125 0.4912891986062718 0.484375 0.4878048780487805
0 0.4765625 0.5400696864111498 0.478515625 0.5435540069686411 0.484375 0.5435540069686411 0.484375 0.5505226480836237 0.482421875 0.554006968641115 0.470703125 0.554006968641115 0.466796875 0.5505226480836237 0.466796875 0.5470383275261324 0.474609375 0.5435540069686411
0 0.609375 0.8222996515679443 0.609375 0.8606271777003485 0.603515625 0.8641114982578397 0.595703125 0.8536585365853658 0.595703125 0.8397212543554007 0.607421875 0.8257839721254355
0 0.544921875 0 0.55078125 0.010452961672473868 0.564453125 0.013937282229965157 0.564453125 0.017421602787456445 0.568359375 0.020905923344947737 0.5703125 0.027874564459930314 0.58984375 0.027874564459930314 0.591796875 0.0313588850174216 0.59765625 0.0313588850174216 0.603515625 0.017421602787456445 0.603515625 0.03484320557491289 0.59375 0.05574912891986063 0.58984375 0.059233449477351915 0.578125 0.059233449477351915 0.5703125 0.06620209059233449 0.55078125 0.06620209059233449 0.548828125 0.0627177700348432 0.5390625 0.059233449477351915 0.537109375 0.03832752613240418 0.53515625 0.03484320557491289 0.53515625 0.017421602787456445 0.53125 0.003484320557491289 0.533203125 0 0.54296875 0
0 0.3125 0.09407665505226481 0.314453125 0.0975609756097561 0.314453125 0.11498257839721254 0.3125 0.11846689895470383 0.30078125 0.11498257839721254 0.30078125 0.0975609756097561 0.3046875 0.09407665505226481 0.310546875 0.09407665505226481
0 0.310546875 0.003484320557491289 0.314453125 0 0.328125 0 0.328125 0.010452961672473868 0.326171875 0.013937282229965157 0.318359375 0.013937282229965157 0.314453125 0.010452961672473868 0.3125 0.003484320557491289
0 0.5625 0.30313588850174217 0.5625 0.3554006968641115 0.556640625 0.3623693379790941 0.5546875 0.3693379790940767 0.556640625 0.37282229965156793 0.548828125 0.37630662020905925 0.544921875 0.3693379790940767 0.533203125 0.3693379790940767 0.529296875 0.36585365853658536 0.529296875 0.3623693379790941 0.533203125 0.3588850174216028 0.533203125 0.34843205574912894 0.5390625 0.3310104529616725 0.541015625 0.32752613240418116 0.544921875 0.32752613240418116 0.548828125 0.3205574912891986 0.55859375 0.3205574912891986 0.560546875 0.3170731707317073 0.560546875 0.30662020905923343
0 0.484375 0.041811846689895474 0.4921875 0.041811846689895474 0.4921875 0.05574912891986063 0.482421875 0.05574912891986063 0.482421875 0.04878048780487805 0.484375 0.04529616724738676
0 0.302734375 0.024390243902439025 0.3125 0.024390243902439025 0.3125 0.03484320557491289 0.310546875 0.03832752613240418 0.30078125 0.03832752613240418 0.298828125 0.03484320557491289 0.294921875 0.03484320557491289 0.302734375 0.027874564459930314
0 0.318359375 0.39372822299651566 0.3203125 0.39372822299651566 0.3203125 0.397212543554007 0.326171875 0.40418118466898956 0.345703125 0.40418118466898956 0.34765625 0.4076655052264808 0.34765625 0.42160278745644597 0.337890625 0.4250871080139373 0.3359375 0.42160278745644597 0.328125 0.42160278745644597 0.314453125 0.41114982578397213 0.318359375 0.4076655052264808 0.318359375 0.397212543554007
0 0.373046875 0.08710801393728224 0.375 0.08710801393728224 0.376953125 0.09407665505226481 0.376953125 0.10104529616724739 0.375 0.10452961672473868 0.365234375 0.10452961672473868 0.36328125 0.0975609756097561 0.373046875 0.09059233449477352
0 0.287109375 0.27526132404181186 0.296875 0.27177700348432055 0.302734375 0.26480836236933797 0.3125 0.26480836236933797 0.3125 0.2961672473867596 0.30078125 0.29965156794425085 0.296875 0.2926829268292683 0.287109375 0.2926829268292683 0.287109375 0.2787456445993031
0 0.373046875 0.020905923344947737 0.375 0.024390243902439025 0.375 0.03484320557491289 0.37109375 0.041811846689895474 0.357421875 0.03484320557491289 0.357421875 0.027874564459930314 0.365234375 0.020905923344947737 0.37109375 0.020905923344947737
0 0.546875 0.6411149825783972 0.5546875 0.6480836236933798 0.568359375 0.6480836236933798 0.5703125 0.6515679442508711 0.568359375 0.6655052264808362 0.572265625 0.6724738675958188 0.576171875 0.6724738675958188 0.580078125 0.6829268292682927 0.60546875 0.6829268292682927 0.607421875 0.686411149825784 0.619140625 0.686411149825784 0.62109375 0.6898954703832753 0.640625 0.6898954703832753 0.642578125 0.6933797909407665 0.65234375 0.6968641114982579 0.65234375 0.8153310104529616 0.650390625 0.818815331010453 0.64453125 0.818815331010453 0.64453125 0.8153310104529616 0.63671875 0.8048780487804879 0.6328125 0.7909407665505227 0.6328125 0.7700348432055749 0.62890625 0.7560975609756098 0.62109375 0.7526132404181185 0.60546875 0.7386759581881533 0.595703125 0.7212543554006968 0.587890625 0.7177700348432056 0.578125 0.7038327526132404 0.57421875 0.7003484320557491 0.55859375 0.7003484320557491 0.556640625 0.6968641114982579 0.548828125 0.6968641114982579 0.544921875 0.7073170731707317 0.533203125 0.7073170731707317 0.533203125 0.7003484320557491 0.537109375 0.6968641114982579 0.537109375 0.686411149825784 0.5390625 0.6829268292682927 0.5390625 0.6550522648083623 0.541015625 0.6515679442508711 0.541015625 0.6445993031358885 0.544921875 0.6411149825783972
0 0.40234375 0 0.419921875 0 0.419921875 0.013937282229965157 0.404296875 0.010452961672473868 0.40234375 0.003484320557491289
0 0.51171875 0.23693379790940766 0.513671875 0.24041811846689895 0.513671875 0.24738675958188153 0.517578125 0.25435540069686413 0.521484375 0.25435540069686413 0.52734375 0.2613240418118467 0.52734375 0.2857142857142857 0.513671875 0.289198606271777 0.505859375 0.2961672473867596 0.50390625 0.2926829268292683 0.50390625 0.2857142857142857 0.498046875 0.27177700348432055 0.4921875 0.27177700348432055 0.48828125 0.2787456445993031 0.482421875 0.27526132404181186 0.486328125 0.27177700348432055 0.486328125 0.25435540069686413 0.48828125 0.2508710801393728 0.4921875 0.2613240418118467 0.498046875 0.2613240418118467 0.501953125 0.25435540069686413 0.5078125 0.2508710801393728 0.509765625 0.24738675958188153 0.509765625 0.24041811846689895
0 0.2882069795427196 0.36924573474718764 0.010672852737665463 0.017174220220799424
0 0.640625 0.3902439024390244 0.65234375 0.3867595818815331 0.65234375 0.43902439024390244 0.6484375 0.4355400696864111 0.640625 0.4355400696864111 0.63671875 0.42857142857142855 0.6328125 0.42857142857142855 0.626953125 0.42160278745644597 0.626953125 0.4181184668989547 0.62890625 0.4181184668989547 0.640625 0.39372822299651566
0 0.50390625 0.34843205574912894 0.50390625 0.3623693379790941 0.5 0.3693379790940767 0.486328125 0.37282229965156793 0.486328125 0.3623693379790941 0.498046875 0.3519163763066202 0.501953125 0.3519163763066202