0 0.380859375 0.42857142857142855 0.384765625 0.42857142857142855 0.384765625 0.43205574912891986 0.390625 0.43902439024390244 0.396484375 0.43902439024390244 0.404296875 0.445993031358885 0.41796875 0.4355400696864111 0.43359375 0.4355400696864111 0.435546875 0.43902439024390244 0.44140625 0.43902439024390244 0.44921875 0.44947735191637633 0.44921875 0.46689895470383275 0.435546875 0.46689895470383275 0.42578125 0.45993031358885017 0.404296875 0.4564459930313589 0.3984375 0.47038327526132406 0.392578125 0.4738675958188153 0.39453125 0.47038327526132406 0.390625 0.46689895470383275 0.39453125 0.4634146341463415 0.39453125 0.4564459930313589 0.396484375 0.4529616724738676 0.384765625 0.4355400696864111 0.380859375 0.4355400696864111 0.380859375 0.43205574912891986
0 0.5390625 0.0975609756097561 0.552734375 0.0975609756097561 0.552734375 0.10801393728222997 0.548828125 0.10801393728222997 0.544921875 0.11498257839721254 0.5390625 0.11498257839721254 0.53515625 0.10801393728222997 0.5234375 0.10801393728222997 0.533203125 0.10801393728222997 0.5390625 0.10104529616724739
0 0.583984375 0.9407665505226481 0.6015625 0.9407665505226481 0.603515625 0.9477351916376306 0.609375 0.9512195121951219 0.611328125 0.9581881533101045 0.615234375 0.9581881533101045 0.615234375 0.9616724738675958 0.62109375 0.9686411149825784 0.623046875 0.975609756097561 0.623046875 0.9860627177700348 0.625 0.9895470383275261 0.638671875 0.9930313588850174 0.638671875 0.9965156794425087 0.576171875 0.9965156794425087 0.576171875 0.9895470383275261 0.568359375 0.9790940766550522 0.568359375 0.9686411149825784 0.572265625 0.9547038327526133 0.583984375 0.9442508710801394
0 0.5625 0.1254355400696864 0.578125 0.1254355400696864 0.580078125 0.13240418118466898 0.583984375 0.13240418118466898 0.5859375 0.1254355400696864 0.6015625 0.1254355400696864 0.6015625 0.14285714285714285 0.595703125 0.14285714285714285 0.59375 0.14634146341463414 0.556640625 0.14285714285714285 0.556640625 0.13588850174216027 0.5625 0.1289198606271777
0 0.53125 0.5749128919860628 0.552734375 0.5749128919860628 0.5546875 0.5818815331010453 0.560546875 0.5818815331010453 0.564453125 0.5853658536585366 0.564453125 0.6132404181184669 0.5546875 0.6132404181184669 0.55078125 0.6167247386759582 0.541015625 0.6097560975609756 0.544921875 0.6062717770034843 0.544921875 0.5958188153310104 0.537109375 0.5888501742160279 0.53515625 0.5818815331010453 0.53125 0.5818815331010453 0.53125 0.578397212543554
0 0.583984375 0.8745644599303136 0.583984375 0.8885017421602788 0.58203125 0.8954703832752613 0.568359375 0.9059233449477352 0.56640625 0.9128919860627178 0.560546875 0.9094076655052264 0.560546875 0.89198606271777 0.56640625 0.89198606271777 0.58203125 0.8780487804878049
0 0.66796875 0.8536585365853658 0.66796875 0.8885017421602788 0.66015625 0.8885017421602788 0.658203125 0.89198606271777 0.6484375 0.8850174216027874 0.6484375 0.8815331010452961 0.64453125 0.8780487804878049 0.64453125 0.867595818815331 0.646484375 0.867595818815331 0.6484375 0.8606271777003485 0.654296875 0.8606271777003485 0.66015625 0.8536585365853658 0.666015625 0.8536585365853658
0 0.455078125 0.1289198606271777 0.46875 0.1289198606271777 0.46875 0.13240418118466898 0.474609375 0.13937282229965156 0.455078125 0.14285714285714285 0.451171875 0.13937282229965156 0.451171875 0.13588850174216027 0.455078125 0.13240418118466898
0 0.58984375 0.6829268292682927 0.59765625 0.6759581881533101 0.611328125 0.686411149825784 0.630859375 0.686411149825784 0.634765625 0.6898954703832753 0.630859375 0.7003484320557491 0.6328125 0.7038327526132404 0.63671875 0.7038327526132404 0.63671875 0.7282229965156795 0.634765625 0.7317073170731707 0.626953125 0.7317073170731707 0.625 0.735191637630662 0.611328125 0.735191637630662 0.607421875 0.7317073170731707 0.595703125 0.7456445993031359 0.59375 0.7421602787456446 0.587890625 0.7421602787456446 0.587890625 0.7317073170731707 0.58984375 0.7282229965156795 0.58984375 0.686411149825784
0 0.689453125 0.43902439024390244 0.697265625 0.43902439024390244 0.697265625 0.4808362369337979 0.689453125 0.4808362369337979 0.6875 0.47735191637630664 0.6796875 0.47735191637630664 0.677734375 0.4738675958188153 0.66796875 0.47038327526132406 0.66796875 0.4634146341463415 0.671875 0.4634146341463415 0.673828125 0.4564459930313589 0.677734375 0.4564459930313589 0.6796875 0.44947735191637633 0.689453125 0.4425087108013937
0 0.4921875 0.3588850174216028 0.501953125 0.3588850174216028 0.501953125 0.3623693379790941 0.505859375 0.36585365853658536 0.505859375 0.3832752613240418 0.498046875 0.3867595818815331 0.498046875 0.3693379790940767 0.49609375 0.36585365853658536 0.4921875 0.36585365853658536 0.4921875 0.3623693379790941
0 0.353515625 0.43205574912891986 0.37109375 0.43205574912891986 0.37109375 0.44947735191637633 0.365234375 0.44947735191637633 0.36328125 0.4529616724738676 0.359375 0.44947735191637633 0.353515625 0.44947735191637633 0.3515625 0.445993031358885 0.345703125 0.445993031358885 0.345703125 0.4425087108013937 0.3515625 0.4425087108013937 0.353515625 0.4355400696864111
0 0.4765625 0.5226480836236934 0.486328125 0.5156794425087108 0.49609375 0.5156794425087108 0.50390625 0.5226480836236934 0.509765625 0.5226480836236934 0.509765625 0.5296167247386759 0.505859375 0.5331010452961672 0.494140625 0.5331010452961672 0.4921875 0.5365853658536586 0.48828125 0.5365853658536586 0.486328125 0.5331010452961672 0.4765625 0.5331010452961672 0.4765625 0.5261324041811847
0 0.515625 0.14285714285714285 0.529296875 0.13937282229965156 0.53125 0.13588850174216027 0.544921875 0.13588850174216027 0.544921875 0.14634146341463414 0.537109375 0.14634146341463414 0.53515625 0.14982578397212543 0.529296875 0.14982578397212543 0.52734375 0.14634146341463414 0.515625 0.14634146341463414
0 0.419921875 0.7247386759581882 0.439453125 0.7247386759581882 0.439453125 0.7282229965156795 0.447265625 0.7386759581881533 0.451171875 0.7386759581881533 0.453125 0.735191637630662 0.453125 0.7491289198606271 0.44140625 0.7491289198606271 0.439453125 0.7526132404181185 0.419921875 0.7526132404181185 0.41796875 0.7491289198606271 0.404296875 0.7491289198606271 0.400390625 0.7456445993031359 0.419921875 0.7282229965156795
0 0.3671875 0.5400696864111498 0.369140625 0.5435540069686411 0.375 0.5435540069686411 0.375 0.5958188153310104 0.373046875 0.5958188153310104 0.37109375 0.6027874564459931 0.36328125 0.6027874564459931 0.361328125 0.6062717770034843 0.34765625 0.6062717770034843 0.345703125 0.6027874564459931 0.341796875 0.6027874564459931 0.341796875 0.5958188153310104 0.337890625 0.5923344947735192 0.337890625 0.5888501742160279 0.341796875 0.5853658536585366 0.341796875 0.578397212543554 0.337890625 0.5749128919860628 0.341796875 0.5714285714285714 0.341796875 0.5470383275261324 0.3515625 0.5400696864111498 0.365234375 0.5400696864111498
0 0.685546875 0.06620209059233449 0.685546875 0.07665505226480836 0.681640625 0.08013937282229965 0.677734375 0.09059233449477352 0.66796875 0.0975609756097561 0.662109375 0.0975609756097561 0.66015625 0.10104529616724739 0.642578125 0.0975609756097561 0.642578125 0.09407665505226481 0.638671875 0.08710801393728224 0.6328125 0.08362369337979095 0.6328125 0.08013937282229965 0.64453125 0.08013937282229965 0.646484375 0.07665505226480836 0.650390625 0.07665505226480836 0.65234375 0.08013937282229965 0.673828125 0.08013937282229965 0.68359375 0.06968641114982578
0 0.384765625 0.08013937282229965 0.412109375 0.08013937282229965 0.412109375 0.09059233449477352 0.408203125 0.09059233449477352 0.404296875 0.0975609756097561 0.396484375 0.0975609756097561 0.392578125 0.09059233449477352 0.37890625 0.08710801393728224 0.3828125 0.08710801393728224 0.384765625 0.08362369337979095
0 0.6640625 0.7177700348432056 0.666015625 0.7212543554006968 0.67578125 0.7212543554006968 0.677734375 0.7247386759581882 0.6953125 0.7247386759581882 0.6953125 0.8362369337979094 0.693359375 0.8292682926829268 0.689453125 0.8257839721254355 0.6875 0.818815331010453 0.6875 0.8013937282229965 0.681640625 0.7874564459930313 0.677734375 0.7874564459930313 0.671875 0.7804878048780488 0.658203125 0.7735191637630662 0.654296875 0.7665505226480837 0.650390625 0.7665505226480837 0.64453125 0.7560975609756098 0.63671875 0.7491289198606271 0.6328125 0.7491289198606271 0.62890625 0.7421602787456446 0.619140625 0.735191637630662 0.625 0.7282229965156795 0.62890625 0.7177700348432056 0.662109375 0.7177700348432056
0 0.359375 0.47038327526132406 0.36328125 0.46689895470383275 0.376953125 0.46689895470383275 0.384765625 0.4738675958188153 0.400390625 0.4738675958188153 0.400390625 0.4808362369337979 0.392578125 0.4808362369337979 0.390625 0.4843205574912892 0.37890625 0.4843205574912892 0.376953125 0.4808362369337979 0.37109375 0.4808362369337979 0.369140625 0.47735191637630664 0.36328125 0.47735191637630664 0.359375 0.4738675958188153
0 0.361328125 0.5052264808362369 0.36328125 0.5087108013937283 0.36328125 0.5365853658536586 0.35546875 0.5365853658536586 0.353515625 0.5400696864111498 0.34765625 0.5400696864111498 0.34375 0.5365853658536586 0.34375 0.5156794425087108 0.359375 0.5052264808362369
0 0.533203125 0.3310104529616725 0.537109375 0.3310104529616725 0.5390625 0.32752613240418116 0.556640625 0.32752613240418116 0.556640625 0.34146341463414637 0.552734375 0.34146341463414637 0.546875 0.34843205574912894 0.5390625 0.34146341463414637 0.533203125 0.34146341463414637 0.533203125 0.3344947735191638
0 0.66796875 0.49825783972125437 0.685546875 0.49825783972125437 0.6875 0.5052264808362369 0.6953125 0.5052264808362369 0.6953125 0.5296167247386759 0.6875 0.5331010452961672 0.685546875 0.5296167247386759 0.6640625 0.5296167247386759 0.662109375 0.5261324041811847 0.65234375 0.5226480836236934 0.650390625 0.519163763066202 0.650390625 0.5121951219512195 0.65234375 0.5087108013937283 0.66015625 0.5087108013937283 0.66796875 0.5017421602787456
0 0.673828125 0.2961672473867596 0.6796875 0.2961672473867596 0.681640625 0.30313588850174217 0.689453125 0.30662020905923343 0.69140625 0.31010452961672474 0.69140625 0.3240418118466899 0.6875 0.3240418118466899 0.685546875 0.32752613240418116 0.681640625 0.32752613240418116 0.677734375 0.3344947735191638 0.669921875 0.3344947735191638 0.66796875 0.33797909407665505 0.666015625 0.3344947735191638 0.65234375 0.3344947735191638 0.650390625 0.3310104529616725 0.64453125 0.3310104529616725 0.642578125 0.3344947735191638 0.64453125 0.33797909407665505 0.6484375 0.33797909407665505 0.634765625 0.3344947735191638 0.634765625 0.3240418118466899 0.642578125 0.32752613240418116 0.658203125 0.30662020905923343 0.671875 0.30313588850174217 0.673828125 0.29965156794425085
0 0.48828125 0.3867595818815331 0.5 0.3867595818815331 0.501953125 0.39372822299651566 0.509765625 0.397212543554007 0.509765625 0.41114982578397213 0.505859375 0.41114982578397213 0.498046875 0.4181184668989547 0.494140625 0.41114982578397213 0.48828125 0.41114982578397213 0.48828125 0.3902439024390244
0 0.59375 0.6794425087108014 0.599609375 0.6794425087108014 0.599609375 0.6829268292682927 0.60546875 0.6898954703832753 0.623046875 0.6898954703832753 0.623046875 0.7038327526132404 0.6328125 0.7212543554006968 0.666015625 0.7212543554006968 0.66796875 0.7247386759581882 0.6796875 0.7247386759581882 0.681640625 0.7282229965156795 0.6953125 0.7282229965156795 0.6953125 0.8362369337979094 0.693359375 0.8362369337979094 0.689453125 0.8222996515679443 0.689453125 0.8048780487804879 0.685546875 0.8013937282229965 0.681640625 0.7909407665505227 0.673828125 0.7839721254355401 0.669921875 0.7839721254355401 0.6640625 0.7770034843205574 0.66015625 0.7770034843205574 0.6484375 0.759581881533101 0.630859375 0.7456445993031359 0.626953125 0.7386759581881533 0.60546875 0.7386759581881533 0.603515625 0.735191637630662 0.599609375 0.7421602787456446 0.595703125 0.7421602787456446 0.58984375 0.7491289198606271 0.587890625 0.7456445993031359 0.587890625 0.7386759581881533 0.58984375 0.735191637630662 0.58984375 0.6898954703832753 0.59375 0.6829268292682927
0 0.37109375 0.34494773519163763 0.3828125 0.3588850174216028 0.3828125 0.3867595818815331 0.376953125 0.3867595818815331 0.375 0.3902439024390244 0.369140625 0.3902439024390244 0.3671875 0.3867595818815331 0.341796875 0.3867595818815331 0.337890625 0.3832752613240418 0.337890625 0.3554006968641115 0.34375 0.3554006968641115 0.353515625 0.34146341463414637 0.36328125 0.3344947735191638 0.365234375 0.3344947735191638 0.369140625 0.34494773519163763