0 0.61328125 0.4425087108013937 0.62109375 0.4425087108013937 0.62890625 0.44947735191637633 0.63671875 0.44947735191637633 0.63671875 0.4738675958188153 0.62109375 0.47735191637630664 0.619140625 0.4738675958188153 0.61328125 0.4738675958188153 0.61328125 0.445993031358885
0 0.5546875 0.06968641114982578 0.56640625 0.06968641114982578 0.568359375 0.07665505226480836 0.57421875 0.07665505226480836 0.578125 0.08013937282229965 0.578125 0.09407665505226481 0.572265625 0.09407665505226481 0.5703125 0.0975609756097561 0.5546875 0.0975609756097561 0.552734375 0.09407665505226481 0.544921875 0.09407665505226481 0.544921875 0.09059233449477352 0.548828125 0.09059233449477352 0.55078125 0.08710801393728224 0.55078125 0.07665505226480836 0.5546875 0.07317073170731707
0 0.6015625 0.6550522648083623 0.607421875 0.6515679442508711 0.609375 0.6550522648083623 0.61328125 0.6550522648083623 0.615234375 0.662020905923345 0.619140625 0.662020905923345 0.62109375 0.6655052264808362 0.638671875 0.6655052264808362 0.640625 0.6759581881533101 0.642578125 0.6794425087108014 0.646484375 0.6794425087108014 0.64453125 0.6829268292682927 0.646484375 0.6898954703832753 0.646484375 0.7073170731707317 0.6328125 0.710801393728223 0.630859375 0.7142857142857143 0.626953125 0.7142857142857143 0.625 0.710801393728223 0.61328125 0.710801393728223 0.607421875 0.7177700348432056 0.599609375 0.7177700348432056 0.59765625 0.7142857142857143 0.59375 0.7142857142857143 0.59375 0.710801393728223 0.595703125 0.7073170731707317 0.595703125 0.6933797909407665 0.599609375 0.6898954703832753 0.599609375 0.662020905923345 0.6015625 0.6585365853658537
0 0.544921875 0.5017421602787456 0.548828125 0.5052264808362369 0.580078125 0.5052264808362369 0.58984375 0.5156794425087108 0.58984375 0.5331010452961672 0.57421875 0.5365853658536586 0.5703125 0.5296167247386759 0.56640625 0.5296167247386759 0.5546875 0.5156794425087108 0.544921875 0.5087108013937283 0.544921875 0.5052264808362369
0 0.55859375 0.5609756097560976 0.55859375 0.5714285714285714 0.546875 0.5714285714285714 0.544921875 0.5749128919860628 0.53125 0.5714285714285714 0.53125 0.5644599303135889 0.53515625 0.5609756097560976 0.556640625 0.5609756097560976
0 0.673828125 0.8257839721254355 0.673828125 0.8641114982578397 0.662109375 0.867595818815331 0.650390625 0.8536585365853658 0.650390625 0.8432055749128919 0.65234375 0.8432055749128919 0.654296875 0.8362369337979094 0.66015625 0.8362369337979094 0.666015625 0.8292682926829268 0.671875 0.8292682926829268
0 0.423828125 0.059233449477351915 0.4375 0.059233449477351915 0.439453125 0.06620209059233449 0.439453125 0.06968641114982578 0.42578125 0.07665505226480836 0.421875 0.06968641114982578 0.4140625 0.06968641114982578 0.41796875 0.06968641114982578 0.423828125 0.0627177700348432
0 0.607421875 0.34494773519163763 0.609375 0.34494773519163763 0.615234375 0.3344947735191638 0.619140625 0.3344947735191638 0.62109375 0.3310104529616725 0.642578125 0.3344947735191638 0.6484375 0.32752613240418116 0.65234375 0.32752613240418116 0.66015625 0.3205574912891986 0.66015625 0.3519163763066202 0.6484375 0.3519163763066202 0.64453125 0.3588850174216028 0.634765625 0.3623693379790941 0.630859375 0.3693379790940767 0.6328125 0.3832752613240418 0.62890625 0.3867595818815331 0.623046875 0.3867595818815331 0.6171875 0.3797909407665505 0.6015625 0.3797909407665505 0.6015625 0.37282229965156793 0.595703125 0.36585365853658536 0.595703125 0.3554006968641115 0.599609375 0.3554006968641115 0.607421875 0.34843205574912894
0 0.380859375 0.4076655052264808 0.38671875 0.41114982578397213 0.390625 0.4181184668989547 0.40625 0.4181184668989547 0.408203125 0.42160278745644597 0.4140625 0.42160278745644597 0.4140625 0.43902439024390244 0.400390625 0.4425087108013937 0.396484375 0.4355400696864111 0.390625 0.4355400696864111 0.388671875 0.42857142857142855 0.384765625 0.42857142857142855 0.376953125 0.42160278745644597 0.380859375 0.4181184668989547 0.380859375 0.41114982578397213
0 0.37890625 0.06620209059233449 0.3984375 0.06620209059233449 0.3984375 0.06968641114982578 0.40234375 0.07317073170731707 0.40234375 0.07665505226480836 0.396484375 0.07665505226480836 0.388671875 0.08362369337979095 0.380859375 0.07665505226480836 0.375 0.07665505226480836 0.375 0.07317073170731707 0.37890625 0.06968641114982578
0 0.3515625 0.020905923344947737 0.376953125 0.020905923344947737 0.376953125 0.03484320557491289 0.369140625 0.03484320557491289 0.3671875 0.03832752613240418 0.3515625 0.03484320557491289 0.3515625 0.024390243902439025
0 0.388671875 0.041811846689895474 0.408203125 0.041811846689895474 0.412109375 0.04529616724738676 0.412109375 0.05574912891986063 0.40625 0.05574912891986063 0.404296875 0.059233449477351915 0.388671875 0.05574912891986063 0.388671875 0.04529616724738676
0 0.671875 0.05226480836236934 0.671875 0.06620209059233449 0.666015625 0.08013937282229965 0.66015625 0.08362369337979095 0.65625 0.09059233449477352 0.65234375 0.09059233449477352 0.6484375 0.0975609756097561 0.626953125 0.10104529616724739 0.625 0.10452961672473868 0.609375 0.10452961672473868 0.607421875 0.10104529616724739 0.595703125 0.0975609756097561 0.591796875 0.08362369337979095 0.587890625 0.08013937282229965 0.587890625 0.07665505226480836 0.58203125 0.06620209059233449 0.580078125 0.06620209059233449 0.580078125 0.059233449477351915 0.58203125 0.059233449477351915 0.587890625 0.04878048780487805 0.59375 0.04878048780487805 0.60546875 0.059233449477351915 0.611328125 0.059233449477351915 0.62109375 0.06620209059233449 0.6484375 0.06620209059233449 0.658203125 0.07317073170731707 0.666015625 0.06620209059233449 0.671875 0.05574912891986063
0 0.486328125 0.03832752613240418 0.48828125 0.041811846689895474 0.48828125 0.05574912891986063 0.47265625 0.05574912891986063 0.46875 0.05226480836236934 0.46875 0.041811846689895474 0.484375 0.03832752613240418
0 0.576171875 0.26480836236933797 0.580078125 0.26480836236933797 0.580078125 0.2857142857142857 0.591796875 0.2961672473867596 0.591796875 0.3170731707317073 0.57421875 0.3170731707317073 0.5703125 0.3240418118466899 0.56640625 0.3240418118466899 0.564453125 0.3170731707317073 0.55078125 0.3170731707317073 0.548828125 0.313588850174216 0.541015625 0.3170731707317073 0.5390625 0.313588850174216 0.5390625 0.30662020905923343 0.53515625 0.30313588850174217 0.53515625 0.2961672473867596 0.5546875 0.29965156794425085 0.556640625 0.2961672473867596 0.572265625 0.289198606271777 0.57421875 0.2857142857142857 0.57421875 0.27526132404181186 0.576171875 0.2682926829268293
0 0.55859375 0.4250871080139373 0.5625 0.4250871080139373 0.5625 0.4355400696864111 0.5546875 0.4355400696864111 0.552734375 0.43902439024390244 0.546875 0.43902439024390244 0.544921875 0.4355400696864111 0.556640625 0.43205574912891986 0.55859375 0.42857142857142855
0 0.3828125 0 0.41015625 0 0.41015625 0.003484320557491289 0.3984375 0.006968641114982578 0.396484375 0.010452961672473868 0.390625 0.010452961672473868 0.38671875 0.003484320557491289 0.3828125 0.003484320557491289
0 0.435546875 0.1289198606271777 0.439453125 0.1289198606271777 0.439453125 0.13240418118466898 0.443359375 0.13588850174216027 0.443359375 0.13937282229965156 0.439453125 0.13937282229965156 0.4375 0.14634146341463414 0.43359375 0.14634146341463414 0.4296875 0.13588850174216027 0.43359375 0.13588850174216027 0.435546875 0.13240418118466898
0 0.384765625 0.2926829268292683 0.390625 0.2926829268292683 0.392578125 0.29965156794425085 0.392578125 0.3240418118466899 0.380859375 0.3240418118466899 0.376953125 0.3310104529616725 0.369140625 0.3310104529616725 0.365234375 0.3240418118466899 0.3515625 0.3240418118466899 0.3515625 0.31010452961672474 0.35546875 0.30662020905923343 0.365234375 0.30662020905923343 0.3671875 0.30313588850174217 0.375 0.30313588850174217 0.384765625 0.2961672473867596
0 0.5546875 0.8780487804878049 0.564453125 0.8780487804878049 0.56640625 0.8850174216027874 0.58203125 0.8850174216027874 0.58203125 0.8989547038327527 0.578125 0.9024390243902439 0.5625 0.9059233449477352 0.560546875 0.9024390243902439 0.548828125 0.9024390243902439 0.548828125 0.8885017421602788 0.552734375 0.8885017421602788 0.5546875 0.8815331010452961
0 0.6953125 0.42160278745644597 0.703125 0.4146341463414634 0.712890625 0.4146341463414634 0.712890625 0.4634146341463415 0.68359375 0.44947735191637633 0.68359375 0.43902439024390244 0.689453125 0.4355400696864111 0.69140625 0.42857142857142855 0.6953125 0.4250871080139373
0 0.55078125 0.3867595818815331 0.5625 0.37630662020905925 0.580078125 0.37630662020905925 0.580078125 0.3867595818815331 0.564453125 0.3867595818815331 0.560546875 0.39372822299651566 0.5546875 0.39372822299651566 0.552734375 0.3867595818815331
0 0.626953125 0.04529616724738676 0.634765625 0.04529616724738676 0.634765625 0.05574912891986063 0.62890625 0.05574912891986063 0.623046875 0.0627177700348432 0.62109375 0.05574912891986063 0.625 0.05574912891986063 0.626953125 0.04878048780487805