0 0.3828125 0 0.40234375 0 0.40234375 0.013937282229965157 0.404296875 0.017421602787456445 0.404296875 0.027874564459930314 0.388671875 0.024390243902439025 0.3828125 0.003484320557491289
0 0.34765625 0.8083623693379791 0.34765625 0.8257839721254355 0.33984375 0.8397212543554007 0.328125 0.8501742160278746 0.322265625 0.8501742160278746 0.318359375 0.8466898954703833 0.318359375 0.8222996515679443 0.322265625 0.8222996515679443 0.330078125 0.8048780487804879 0.34375 0.8048780487804879 0.345703125 0.8083623693379791
0 0.732421875 0.6550522648083623 0.736328125 0.6550522648083623 0.73828125 0.6515679442508711 0.755859375 0.6515679442508711 0.7578125 0.6550522648083623 0.763671875 0.6550522648083623 0.763671875 0.6585365853658537 0.76953125 0.6655052264808362 0.76953125 0.6724738675958188 0.771484375 0.6759581881533101 0.76953125 0.6829268292682927 0.751953125 0.6829268292682927 0.75 0.6794425087108014 0.740234375 0.6759581881533101 0.734375 0.6689895470383276 0.728515625 0.6689895470383276 0.728515625 0.662020905923345 0.732421875 0.6585365853658537
0 0.357421875 0.8466898954703833 0.361328125 0.8571428571428571 0.357421875 0.8710801393728222 0.34765625 0.8710801393728222 0.345703125 0.867595818815331 0.341796875 0.867595818815331 0.330078125 0.8536585365853658 0.330078125 0.8501742160278746 0.333984375 0.8466898954703833 0.35546875 0.8466898954703833
0 0.30859375 0.5993031358885017 0.330078125 0.5993031358885017 0.33203125 0.6062717770034843 0.33203125 0.6236933797909407 0.3203125 0.6480836236933798 0.31640625 0.6515679442508711 0.310546875 0.6515679442508711 0.306640625 0.6585365853658537 0.30078125 0.6585365853658537 0.29296875 0.6655052264808362 0.2890625 0.6759581881533101 0.28515625 0.6724738675958188 0.28515625 0.6655052264808362 0.279296875 0.6550522648083623 0.271484375 0.6515679442508711 0.27734375 0.6445993031358885 0.28515625 0.6411149825783972 0.2890625 0.627177700348432 0.291015625 0.627177700348432 0.30078125 0.6097560975609756 0.30859375 0.6027874564459931
0 0.603515625 0.9233449477351916 0.60546875 0.9303135888501742 0.609375 0.9303135888501742 0.611328125 0.9337979094076655 0.615234375 0.9233449477351916 0.630859375 0.9198606271777003 0.6328125 0.9233449477351916 0.640625 0.9233449477351916 0.640625 0.926829268292683 0.6484375 0.9372822299651568 0.6484375 0.9477351916376306 0.61328125 0.9477351916376306 0.60546875 0.9407665505226481 0.603515625 0.9337979094076655 0.599609375 0.9303135888501742 0.603515625 0.926829268292683
0 0.64453125 0.47735191637630664 0.666015625 0.47735191637630664 0.66796875 0.4843205574912892 0.67578125 0.4878048780487805 0.681640625 0.49825783972125437 0.6796875 0.5087108013937283 0.669921875 0.5156794425087108 0.66015625 0.5156794425087108 0.658203125 0.519163763066202 0.626953125 0.5156794425087108 0.623046875 0.5017421602787456 0.62890625 0.5017421602787456 0.63671875 0.4878048780487805 0.64453125 0.4808362369337979
0 0.15625 0.6968641114982579 0.162109375 0.6898954703832753 0.16796875 0.6898954703832753 0.169921875 0.686411149825784 0.1875 0.686411149825784 0.189453125 0.6898954703832753 0.189453125 0.7073170731707317 0.17578125 0.7317073170731707 0.171875 0.7317073170731707 0.16796875 0.7386759581881533 0.15234375 0.7421602787456446 0.1484375 0.7526132404181185 0.146484375 0.7526132404181185 0.140625 0.7317073170731707 0.14453125 0.7282229965156795 0.1484375 0.710801393728223 0.150390625 0.710801393728223 0.15234375 0.7038327526132404 0.15625 0.7003484320557491
0 0.513671875 0.1951219512195122 0.53125 0.1951219512195122 0.533203125 0.20209059233449478 0.533203125 0.21254355400696864 0.529296875 0.21951219512195122 0.51171875 0.24041811846689895 0.505859375 0.24041811846689895 0.5 0.24738675958188153 0.494140625 0.24738675958188153 0.486328125 0.2578397212543554 0.482421875 0.25435540069686413 0.482421875 0.24738675958188153 0.48046875 0.24390243902439024 0.48828125 0.23344947735191637 0.490234375 0.2229965156794425 0.4921875 0.2229965156794425 0.494140625 0.21602787456445993 0.513671875 0.1986062717770035
0 0.689453125 0.8954703832752613 0.69140625 0.8989547038327527 0.703125 0.9024390243902439 0.708984375 0.9128919860627178 0.708984375 0.9233449477351916 0.7109375 0.926829268292683 0.70703125 0.9407665505226481 0.703125 0.9407665505226481 0.6953125 0.9303135888501742 0.69140625 0.9303135888501742 0.689453125 0.9233449477351916 0.685546875 0.9198606271777003 0.6796875 0.9024390243902439 0.68359375 0.89198606271777 0.6875 0.8954703832752613
0 0.056640625 0.020905923344947737 0.064453125 0.027874564459930314 0.068359375 0.027874564459930314 0.07421875 0.03484320557491289 0.07421875 0.041811846689895474 0.076171875 0.04529616724738676 0.07421875 0.059233449477351915 0.068359375 0.059233449477351915 0.060546875 0.06620209059233449 0.046875 0.06620209059233449 0.044921875 0.06968641114982578 0.01953125 0.06968641114982578 0.015625 0.07665505226480836 0.01171875 0.07317073170731707 0.009765625 0.059233449477351915 0.005859375 0.05574912891986063 0.015625 0.04878048780487805 0.0234375 0.027874564459930314 0.033203125 0.020905923344947737 0.041015625 0.020905923344947737 0.04296875 0.017421602787456445 0.046875 0.020905923344947737 0.0546875 0.020905923344947737
0 0.177734375 0 0.19921875 0 0.1953125 0.003484320557491289 0.1953125 0.010452961672473868 0.19140625 0.020905923344947737 0.19140625 0.027874564459930314 0.189453125 0.0313588850174216 0.189453125 0.05226480836236934 0.185546875 0.05226480836236934 0.18359375 0.05574912891986063 0.177734375 0.05574912891986063 0.177734375 0.003484320557491289
0 0.412109375 0.27177700348432055 0.416015625 0.2787456445993031 0.43359375 0.28222996515679444 0.443359375 0.2926829268292683 0.443359375 0.2961672473867596 0.447265625 0.29965156794425085 0.455078125 0.3205574912891986 0.455078125 0.34494773519163763 0.453125 0.34843205574912894 0.447265625 0.34843205574912894 0.4375 0.34146341463414637 0.42578125 0.34146341463414637 0.41796875 0.3344947735191638 0.41796875 0.3310104529616725 0.408203125 0.3170731707317073 0.40625 0.30313588850174217 0.40234375 0.2961672473867596 0.40234375 0.289198606271777 0.40625 0.2787456445993031 0.41015625 0.27526132404181186
0 0.7265625 0.9303135888501742 0.728515625 0.9337979094076655 0.736328125 0.9337979094076655 0.736328125 0.9372822299651568 0.7421875 0.9442508710801394 0.744140625 0.9512195121951219 0.7421875 0.9581881533101045 0.716796875 0.9581881533101045 0.712890625 0.9547038327526133 0.708984375 0.9477351916376306 0.708984375 0.9337979094076655 0.7109375 0.9303135888501742 0.724609375 0.9303135888501742
0 0.5625 0.8571428571428571 0.5625 0.8501742160278746 0.576171875 0.8222996515679443 0.580078125 0.8222996515679443 0.5859375 0.8153310104529616 0.595703125 0.8153310104529616 0.59765625 0.8118466898954704 0.607421875 0.8118466898954704 0.609375 0.8153310104529616 0.609375 0.8257839721254355 0.60546875 0.8397212543554007 0.599609375 0.8466898954703833 0.59375 0.8466898954703833 0.580078125 0.8571428571428571 0.572265625 0.8571428571428571 0.5703125 0.8606271777003485 0.564453125 0.8571428571428571
0 0.630859375 0.9825783972125436 0.642578125 0.9825783972125436 0.642578125 0.9965156794425087 0.625 0.9965156794425087 0.626953125 0.9965156794425087 0.630859375 0.9860627177700348
0 0.138671875 0.5574912891986062 0.142578125 0.554006968641115 0.1484375 0.554006968641115 0.1640625 0.5679442508710801 0.1640625 0.5888501742160279 0.158203125 0.5958188153310104 0.15234375 0.5958188153310104 0.1484375 0.5923344947735192 0.142578125 0.5749128919860628 0.142578125 0.5679442508710801 0.138671875 0.5644599303135889 0.138671875 0.5609756097560976
0 0.138671875 0.13240418118466898 0.150390625 0.13240418118466898 0.15234375 0.13588850174216027 0.150390625 0.14285714285714285 0.150390625 0.1602787456445993 0.146484375 0.17073170731707318 0.146484375 0.18118466898954705 0.138671875 0.1951219512195122 0.126953125 0.20557491289198607 0.123046875 0.21951219512195122 0.119140625 0.21951219512195122 0.1171875 0.2229965156794425 0.11328125 0.2229965156794425 0.107421875 0.20905923344947736 0.09765625 0.20209059233449478 0.099609375 0.1986062717770035 0.10546875 0.1986062717770035 0.111328125 0.18815331010452963 0.11328125 0.17770034843205576 0.115234375 0.17770034843205576 0.1171875 0.17073170731707318 0.12109375 0.1672473867595819 0.12109375 0.1602787456445993 0.125 0.14982578397212543 0.130859375 0.13937282229965156 0.13671875 0.13937282229965156 0.138671875 0.13588850174216027
0 0.8125 0.9616724738675958 0.828125 0.9477351916376306 0.861328125 0.9477351916376306 0.86328125 0.9512195121951219 0.861328125 0.9651567944250871 0.845703125 0.9790940766550522 0.822265625 0.9790940766550522 0.8125 0.9686411149825784 0.8125 0.9651567944250871
0 0.376953125 0.9233449477351916 0.380859375 0.9128919860627178 0.380859375 0.9024390243902439 0.388671875 0.89198606271777 0.40234375 0.89198606271777 0.404296875 0.8954703832752613 0.40234375 0.9059233449477352 0.392578125 0.9198606271777003 0.37890625 0.9233449477351916
0 0.68359375 0.6202090592334495 0.689453125 0.5993031358885017 0.6953125 0.5888501742160279 0.705078125 0.5818815331010453 0.708984375 0.5714285714285714 0.71484375 0.5714285714285714 0.716796875 0.5749128919860628 0.716796875 0.5958188153310104 0.703125 0.6167247386759582 0.69921875 0.6167247386759582 0.69140625 0.6236933797909407 0.685546875 0.6236933797909407
0 0.30859375 0.6898954703832753 0.326171875 0.6898954703832753 0.328125 0.6968641114982579 0.333984375 0.7003484320557491 0.333984375 0.7177700348432056 0.33203125 0.7212543554006968 0.318359375 0.7212543554006968 0.31640625 0.7247386759581882 0.294921875 0.7212543554006968 0.28515625 0.7142857142857143 0.28515625 0.710801393728223 0.28125 0.7073170731707317 0.29296875 0.7073170731707317 0.30859375 0.6933797909407665
0 0.1875 0.5923344947735192 0.197265625 0.5923344947735192 0.197265625 0.5958188153310104 0.201171875 0.5993031358885017 0.201171875 0.6167247386759582 0.19921875 0.6202090592334495 0.1953125 0.6202090592334495 0.189453125 0.6097560975609756 0.1875 0.6097560975609756 0.1875 0.5958188153310104
0 0.65234375 0.5435540069686411 0.654296875 0.5435540069686411 0.654296875 0.5470383275261324 0.66015625 0.5574912891986062 0.66796875 0.5574912891986062 0.669921875 0.5609756097560976 0.6796875 0.5644599303135889 0.6875 0.578397212543554 0.6875 0.6027874564459931 0.685546875 0.6062717770034843 0.671875 0.6027874564459931 0.662109375 0.5853658536585366 0.66015625 0.5853658536585366 0.6484375 0.5609756097560976 0.646484375 0.5609756097560976 0.646484375 0.5574912891986062 0.6484375 0.5574912891986062 0.65234375 0.5470383275261324
0 0.193359375 0 0.26171875 0 0.25390625 0.006968641114982578 0.251953125 0.013937282229965157 0.234375 0.041811846689895474 0.234375 0.04529616724738676 0.23046875 0.04529616724738676 0.224609375 0.05574912891986063 0.22265625 0.05574912891986063 0.220703125 0.0627177700348432 0.216796875 0.06620209059233449 0.205078125 0.06620209059233449 0.197265625 0.08710801393728224 0.197265625 0.0975609756097561 0.19140625 0.11846689895470383 0.19140625 0.1254355400696864 0.181640625 0.13588850174216027 0.18359375 0.11149825783972125 0.185546875 0.10801393728222997 0.185546875 0.08710801393728224 0.18359375 0.08013937282229965 0.1796875 0.07665505226480836 0.17578125 0.06620209059233449 0.169921875 0.06620209059233449 0.16796875 0.0627177700348432 0.162109375 0.0627177700348432 0.16015625 0.06620209059233449 0.150390625 0.06968641114982578 0.154296875 0.06620209059233449 0.15625 0.059233449477351915 0.1640625 0.05574912891986063 0.169921875 0.04878048780487805 0.17578125 0.04878048780487805 0.177734375 0.041811846689895474 0.18359375 0.03832752613240418 0.1875 0.0313588850174216 0.189453125 0.010452961672473868 0.19140625 0.010452961672473868 0.193359375 0.003484320557491289
0 0.22265625 0.662020905923345 0.2265625 0.6655052264808362 0.23046875 0.6759581881533101 0.23046875 0.6829268292682927 0.2421875 0.7038327526132404 0.2421875 0.7073170731707317 0.24609375 0.710801393728223 0.25 0.7247386759581882 0.26171875 0.710801393728223 0.267578125 0.710801393728223 0.2734375 0.7177700348432056 0.291015625 0.7177700348432056 0.29296875 0.7212543554006968 0.30078125 0.7212543554006968 0.3203125 0.735191637630662 0.326171875 0.735191637630662 0.333984375 0.7421602787456446 0.345703125 0.7456445993031359 0.3515625 0.759581881533101 0.3515625 0.7804878048780488 0.330078125 0.8013937282229965 0.322265625 0.818815331010453 0.3203125 0.818815331010453 0.3203125 0.8118466898954704 0.314453125 0.8013937282229965 0.291015625 0.8013937282229965 0.2890625 0.7979094076655052 0.263671875 0.7979094076655052 0.26171875 0.794425087108014 0.2578125 0.794425087108014 0.251953125 0.7839721254355401 0.25 0.7630662020905923 0.2421875 0.7491289198606271 0.236328125 0.7456445993031359 0.232421875 0.7386759581881533 0.22265625 0.735191637630662 0.20703125 0.7212543554006968 0.20703125 0.7177700348432056 0.2109375 0.7212543554006968 0.224609375 0.7177700348432056 0.228515625 0.710801393728223 0.228515625 0.6898954703832753 0.22265625 0.6655052264808362
0 0.345703125 0.20557491289198607 0.345703125 0.2229965156794425 0.333984375 0.24738675958188153 0.3203125 0.26480836236933797 0.310546875 0.27177700348432055 0.3046875 0.27177700348432055 0.302734375 0.27526132404181186 0.28515625 0.27177700348432055 0.28125 0.2682926829268293 0.28515625 0.26480836236933797 0.29296875 0.26480836236933797 0.296875 0.2578397212543554 0.3046875 0.22996515679442509 0.314453125 0.21254355400696864 0.318359375 0.21254355400696864 0.326171875 0.20557491289198607 0.34375 0.20557491289198607
0 0.388671875 0.27526132404181186 0.392578125 0.27177700348432055 0.396484375 0.2578397212543554 0.40234375 0.24738675958188153 0.41015625 0.24041811846689895 0.412109375 0.24041811846689895 0.4140625 0.24738675958188153 0.412109375 0.27177700348432055 0.404296875 0.289198606271777 0.404296875 0.2961672473867596 0.3984375 0.2961672473867596 0.38671875 0.30662020905923343 0.380859375 0.29965156794425085 0.37890625 0.2926829268292683 0.3828125 0.2926829268292683 0.388671875 0.2787456445993031
0 0.859375 0.013937282229965157 0.861328125 0.013937282229965157 0.86328125 0.020905923344947737 0.8671875 0.020905923344947737 0.869140625 0.024390243902439025 0.869140625 0.04529616724738676 0.865234375 0.05574912891986063 0.853515625 0.06620209059233449 0.849609375 0.07317073170731707 0.83984375 0.07317073170731707 0.837890625 0.06968641114982578 0.8359375 0.07317073170731707 0.826171875 0.07665505226480836 0.826171875 0.06968641114982578 0.82421875 0.06620209059233449 0.82421875 0.05226480836236934 0.859375 0.017421602787456445
0 0.88671875 0.7247386759581882 0.888671875 0.7247386759581882 0.888671875 0.7282229965156795 0.896484375 0.7386759581881533 0.904296875 0.7386759581881533 0.90625 0.735191637630662 0.92578125 0.735191637630662 0.927734375 0.7386759581881533 0.931640625 0.7386759581881533 0.943359375 0.7560975609756098 0.943359375 0.7630662020905923 0.939453125 0.7630662020905923 0.9375 0.7665505226480837 0.908203125 0.7630662020905923 0.90234375 0.7560975609756098 0.8984375 0.7560975609756098 0.892578125 0.7456445993031359 0.890625 0.735191637630662 0.88671875 0.7317073170731707 0.88671875 0.7282229965156795
0 0.5859375 0.4250871080139373 0.6015625 0.4250871080139373 0.603515625 0.43205574912891986 0.611328125 0.4355400696864111 0.611328125 0.4529616724738676 0.609375 0.4564459930313589 0.591796875 0.4564459930313589 0.58984375 0.45993031358885017 0.580078125 0.45993031358885017 0.578125 0.4564459930313589 0.568359375 0.4564459930313589 0.568359375 0.4529616724738676 0.5625 0.445993031358885 0.56640625 0.4425087108013937 0.572265625 0.4425087108013937 0.576171875 0.4355400696864111 0.5859375 0.42857142857142855
0 0.77734375 0.8501742160278746 0.78125 0.8536585365853658 0.783203125 0.8606271777003485 0.787109375 0.8606271777003485 0.787109375 0.8641114982578397 0.791015625 0.867595818815331 0.791015625 0.89198606271777 0.79296875 0.8954703832752613 0.79296875 0.9024390243902439 0.791015625 0.9059233449477352 0.791015625 0.9198606271777003 0.787109375 0.926829268292683 0.775390625 0.926829268292683 0.76953125 0.9094076655052264 0.76953125 0.8641114982578397 0.771484375 0.8606271777003485 0.771484375 0.8536585365853658 0.775390625 0.8501742160278746
0 0.361328125 0.7073170731707317 0.37109375 0.6968641114982579 0.376953125 0.6829268292682927 0.392578125 0.6689895470383276 0.40625 0.6689895470383276 0.408203125 0.6759581881533101 0.40625 0.6794425087108014 0.40625 0.686411149825784 0.39453125 0.7073170731707317 0.388671875 0.7073170731707317 0.380859375 0.7142857142857143 0.369140625 0.7142857142857143 0.3671875 0.7177700348432056 0.361328125 0.7142857142857143 0.361328125 0.710801393728223
0 0 0.5714285714285714 0.015625 0.5574912891986062 0.029296875 0.5574912891986062 0.03125 0.5609756097560976 0.029296875 0.5679442508710801 0.029296875 0.578397212543554 0.025390625 0.5888501742160279 0.01953125 0.5958188153310104 0.009765625 0.5993031358885017 0.001953125 0.6062717770034843 0 0.6062717770034843 0 0.5749128919860628
0 0.783203125 0.3554006968641115 0.796875 0.3554006968641115 0.798828125 0.3623693379790941 0.806640625 0.36585365853658536 0.80859375 0.37282229965156793 0.814453125 0.3797909407665505 0.814453125 0.39372822299651566 0.810546875 0.40418118466898956 0.796875 0.40069686411149824 0.794921875 0.397212543554007 0.78515625 0.39372822299651566 0.7734375 0.37630662020905925 0.7734375 0.36585365853658536 0.783203125 0.3588850174216028
0 0.87890625 0.9895470383275261 0.896484375 0.9895470383275261 0.896484375 0.9965156794425087 0.87890625 0.9965156794425087 0.87890625 0.9930313588850174
0 0.55859375 0.40418118466898956 0.568359375 0.40418118466898956 0.568359375 0.4425087108013937 0.5546875 0.4634146341463415 0.55078125 0.4634146341463415 0.548828125 0.46689895470383275 0.544921875 0.46689895470383275 0.54296875 0.4634146341463415 0.54296875 0.44947735191637633 0.546875 0.445993031358885 0.546875 0.43205574912891986 0.55078125 0.4181184668989547 0.55859375 0.4076655052264808
0 0.4625 0.3012930700735579 0.04112847222222222 0.043608207510646535
0 0.50390625 0.7979094076655052 0.505859375 0.8013937282229965 0.509765625 0.8013937282229965 0.51171875 0.8083623693379791 0.509765625 0.8153310104529616 0.498046875 0.8153310104529616 0.490234375 0.8083623693379791 0.490234375 0.8013937282229965 0.4921875 0.7979094076655052 0.501953125 0.7979094076655052
0 0.435546875 0.7142857142857143 0.44140625 0.710801393728223 0.447265625 0.7177700348432056 0.451171875 0.7177700348432056 0.45703125 0.7282229965156795 0.4609375 0.7421602787456446 0.4609375 0.7630662020905923 0.455078125 0.7630662020905923 0.451171875 0.7560975609756098 0.447265625 0.7560975609756098 0.439453125 0.7212543554006968 0.435546875 0.7177700348432056
0 0.927734375 0.0975609756097561 0.92578125 0.11498257839721254 0.9140625 0.13588850174216027 0.904296875 0.14285714285714285 0.8984375 0.15331010452961671 0.892578125 0.156794425087108 0.8828125 0.17073170731707318 0.873046875 0.1672473867595819 0.861328125 0.1916376306620209 0.861328125 0.17770034843205576 0.85546875 0.1672473867595819 0.845703125 0.1672473867595819 0.845703125 0.16376306620209058 0.861328125 0.156794425087108 0.869140625 0.13240418118466898 0.892578125 0.10452961672473868 0.896484375 0.10452961672473868 0.904296875 0.0975609756097561 0.92578125 0.0975609756097561