0 0.650390625 0.4027777777777778 0.654296875 0.4027777777777778 0.658203125 0.4097222222222222 0.658203125 0.4652777777777778 0.650390625 0.4791666666666667 0.646484375 0.4618055555555556 0.646484375 0.4305555555555556 0.65234375 0.4166666666666667 0.65234375 0.4097222222222222 0.650390625 0.40625
0 0.501953125 0.2708333333333333 0.505859375 0.2847222222222222 0.505859375 0.2986111111111111 0.501953125 0.2986111111111111 0.5 0.2743055555555556
0 0.521484375 0.2048611111111111 0.525390625 0.2152777777777778 0.525390625 0.22916666666666666 0.521484375 0.22916666666666666 0.521484375 0.2222222222222222 0.51953125 0.21875 0.521484375 0.2152777777777778 0.521484375 0.20833333333333334
0 0.5234375 0.3368055555555556 0.525390625 0.3368055555555556 0.525390625 0.34375 0.52734375 0.3472222222222222 0.52734375 0.3645833333333333 0.5234375 0.3645833333333333 0.5234375 0.3402777777777778
0 0.470703125 0.04861111111111111 0.474609375 0.041666666666666664 0.474609375 0.034722222222222224 0.48828125 0.017361111111111112 0.490234375 0.017361111111111112 0.48828125 0.03125 0.478515625 0.04513888888888889 0.47265625 0.04861111111111111
0 0.509765625 0.4756944444444444 0.51171875 0.4756944444444444 0.517578125 0.4965277777777778 0.517578125 0.5104166666666666 0.515625 0.5069444444444444 0.515625 0.5 0.509765625 0.4791666666666667
0 0.5625 0.2222222222222222 0.56640625 0.22569444444444445 0.56640625 0.24305555555555555 0.5625 0.2534722222222222 0.560546875 0.2708333333333333 0.55859375 0.2638888888888889 0.55859375 0.25 0.560546875 0.2465277777777778 0.5625 0.22569444444444445
0 0.5927083333333333 0.6615740740740741 0.00625 0.01574074074074074
0 0.578125 0.5972222222222222 0.578125 0.5902777777777778 0.58203125 0.5833333333333334 0.583984375 0.5833333333333334 0.583984375 0.5868055555555556 0.580078125 0.5972222222222222
0 0.63671875 0.4375 0.638671875 0.4409722222222222 0.642578125 0.4409722222222222 0.642578125 0.4583333333333333 0.646484375 0.4722222222222222 0.64453125 0.4895833333333333 0.63671875 0.5034722222222222 0.6328125 0.5 0.6328125 0.4652777777777778 0.63671875 0.4513888888888889 0.63671875 0.4409722222222222
0 0.494140625 0.2743055555555556 0.498046875 0.2916666666666667 0.498046875 0.2986111111111111 0.49609375 0.2986111111111111 0.494140625 0.2777777777777778
0 0.541015625 0.020833333333333332 0.55078125 0.027777777777777776 0.5546875 0.020833333333333332 0.55859375 0.020833333333333332 0.55078125 0.03819444444444445 0.552734375 0.059027777777777776 0.53515625 0.08680555555555555 0.525390625 0.08680555555555555 0.5234375 0.08333333333333333 0.5234375 0.06597222222222222 0.525390625 0.0625 0.525390625 0.052083333333333336 0.529296875 0.05555555555555555 0.54296875 0.03819444444444445 0.541015625 0.024305555555555556
0 0.57421875 0.3993055555555556 0.576171875 0.3958333333333333 0.59765625 0.3958333333333333 0.599609375 0.3993055555555556 0.595703125 0.3993055555555556 0.59375 0.4027777777777778 0.576171875 0.4027777777777778
0 0.630859375 0.6354166666666666 0.6328125 0.6354166666666666 0.62890625 0.6527777777777778 0.630859375 0.6597222222222222 0.634765625 0.6631944444444444 0.634765625 0.6770833333333334 0.63671875 0.6805555555555556 0.63671875 0.7013888888888888 0.634765625 0.7048611111111112 0.634765625 0.7118055555555556 0.6328125 0.7152777777777778 0.62890625 0.7118055555555556 0.62890625 0.7048611111111112 0.625 0.6944444444444444 0.625 0.6875 0.626953125 0.6840277777777778 0.625 0.6770833333333334 0.626953125 0.6701388888888888 0.626953125 0.65625 0.623046875 0.6458333333333334 0.62890625 0.6388888888888888
0 0.501953125 0.5104166666666666 0.505859375 0.5173611111111112 0.509765625 0.5347222222222222 0.505859375 0.5381944444444444 0.50390625 0.5243055555555556 0.5 0.5138888888888888
0 0.35546875 0.9166666666666666 0.359375 0.9166666666666666 0.3671875 0.8993055555555556 0.369140625 0.8993055555555556 0.369140625 0.90625 0.357421875 0.9166666666666666 0.34375 0.9375 0.341796875 0.9340277777777778 0.341796875 0.9201388888888888 0.34375 0.9166666666666666 0.353515625 0.9166666666666666
0 0.59765625 0.6006944444444444 0.59765625 0.6180555555555556 0.595703125 0.6215277777777778 0.59375 0.6180555555555556 0.59375 0.6076388888888888 0.595703125 0.6041666666666666
0 0.498046875 0.5486111111111112 0.501953125 0.5486111111111112 0.505859375 0.5625 0.505859375 0.5763888888888888 0.50390625 0.5763888888888888 0.50390625 0.5694444444444444 0.498046875 0.5520833333333334
0 0.48828125 0.22569444444444445 0.490234375 0.22569444444444445 0.490234375 0.2326388888888889 0.4921875 0.2361111111111111 0.490234375 0.2534722222222222 0.48828125 0.2534722222222222 0.48828125 0.22916666666666666
0 0.650390625 0.4930555555555556 0.65625 0.4930555555555556 0.65625 0.5104166666666666 0.658203125 0.5138888888888888 0.65625 0.5173611111111112 0.65625 0.5277777777777778 0.650390625 0.5451388888888888 0.642578125 0.5486111111111112 0.642578125 0.5208333333333334 0.650390625 0.4965277777777778
0 0.46484375 0.03819444444444445 0.46875 0.052083333333333336 0.46875 0.09722222222222222 0.466796875 0.09722222222222222 0.46484375 0.09027777777777778 0.46484375 0.0798611111111111 0.462890625 0.0763888888888889 0.462890625 0.041666666666666664
0 0.529296875 0.21180555555555555 0.533203125 0.21180555555555555 0.533203125 0.24305555555555555 0.53125 0.25 0.529296875 0.25 0.529296875 0.2222222222222222 0.53125 0.21875 0.529296875 0.2152777777777778
0 0.51171875 0.19444444444444445 0.513671875 0.19444444444444445 0.513671875 0.20833333333333334 0.51171875 0.21180555555555555 0.51171875 0.21875 0.5078125 0.2222222222222222 0.5078125 0.21180555555555555 0.51171875 0.19791666666666666
0 0.51953125 0.2743055555555556 0.521484375 0.28125 0.521484375 0.3125 0.517578125 0.3020833333333333 0.517578125 0.2916666666666667 0.515625 0.2881944444444444 0.515625 0.2777777777777778 0.517578125 0.2777777777777778
0 0.6484375 0.10069444444444445 0.654296875 0.1076388888888889 0.658203125 0.1076388888888889 0.658203125 0.11458333333333333 0.65625 0.11805555555555555 0.65234375 0.11805555555555555 0.6484375 0.1111111111111111 0.6484375 0.10416666666666667
0 0.5078125 0.2465277777777778 0.5078125 0.2534722222222222 0.509765625 0.2569444444444444 0.509765625 0.28125 0.5078125 0.28125 0.5078125 0.2569444444444444 0.505859375 0.25
0 0.341796875 0.2569444444444444 0.35546875 0.2604166666666667 0.36328125 0.2673611111111111 0.369140625 0.2847222222222222 0.369140625 0.3020833333333333 0.365234375 0.3125 0.35546875 0.3194444444444444 0.34765625 0.3194444444444444 0.341796875 0.3125 0.341796875 0.2604166666666667
0 0.578125 0.6423611111111112 0.58203125 0.6388888888888888 0.599609375 0.6388888888888888 0.6015625 0.6423611111111112 0.60546875 0.6423611111111112 0.60546875 0.6458333333333334 0.59765625 0.6458333333333334 0.595703125 0.6493055555555556 0.59375 0.6458333333333334 0.5859375 0.6458333333333334 0.583984375 0.6493055555555556 0.578125 0.6458333333333334
0 0.640625 0.2708333333333333 0.65625 0.3020833333333333 0.65625 0.3125 0.658203125 0.3159722222222222 0.658203125 0.3402777777777778 0.654296875 0.3576388888888889 0.654296875 0.3715277777777778 0.65625 0.375 0.6484375 0.375 0.646484375 0.3784722222222222 0.642578125 0.3784722222222222 0.650390625 0.3680555555555556 0.640625 0.3506944444444444 0.63671875 0.3298611111111111 0.634765625 0.3263888888888889 0.630859375 0.3263888888888889 0.62890625 0.2951388888888889 0.626953125 0.2916666666666667 0.626953125 0.2743055555555556 0.630859375 0.2673611111111111 0.63671875 0.2673611111111111 0.638671875 0.2708333333333333