0 0.361328125 0.46689895470383275 0.375 0.46689895470383275 0.376953125 0.4738675958188153 0.380859375 0.47735191637630664 0.38671875 0.47735191637630664 0.38671875 0.49825783972125437 0.373046875 0.49825783972125437 0.37109375 0.5017421602787456 0.34765625 0.5017421602787456 0.345703125 0.49825783972125437 0.330078125 0.49825783972125437 0.326171875 0.4912891986062718 0.330078125 0.4878048780487805 0.3359375 0.4878048780487805 0.3515625 0.4738675958188153 0.359375 0.4738675958188153 0.361328125 0.47038327526132406
0 0.55078125 0.9059233449477352 0.556640625 0.9059233449477352 0.556640625 0.9372822299651568 0.54296875 0.9477351916376306 0.5390625 0.9442508710801394 0.53125 0.9442508710801394 0.53125 0.9372822299651568 0.537109375 0.9337979094076655 0.5390625 0.926829268292683 0.541015625 0.926829268292683 0.54296875 0.9198606271777003 0.544921875 0.9198606271777003 0.546875 0.9128919860627178 0.55078125 0.9094076655052264
0 0.62109375 0.34843205574912894 0.623046875 0.3519163763066202 0.623046875 0.36585365853658536 0.619140625 0.37282229965156793 0.619140625 0.3797909407665505 0.611328125 0.3867595818815331 0.58984375 0.3832752613240418 0.5859375 0.39372822299651566 0.583984375 0.39372822299651566 0.58203125 0.3867595818815331 0.57421875 0.37630662020905925 0.587890625 0.37630662020905925 0.58984375 0.3693379790940767 0.6015625 0.3519163763066202 0.619140625 0.34843205574912894
0 0.326171875 0.7247386759581882 0.345703125 0.7247386759581882 0.345703125 0.735191637630662 0.341796875 0.735191637630662 0.33984375 0.7386759581881533 0.330078125 0.7386759581881533 0.326171875 0.735191637630662 0.326171875 0.7282229965156795
0 0.537109375 0.14285714285714285 0.552734375 0.14285714285714285 0.5546875 0.14982578397212543 0.5625 0.14982578397212543 0.5703125 0.156794425087108 0.5703125 0.1602787456445993 0.564453125 0.1672473867595819 0.55078125 0.1672473867595819 0.544921875 0.1602787456445993 0.537109375 0.1602787456445993 0.529296875 0.15331010452961671 0.529296875 0.14982578397212543 0.53515625 0.14982578397212543 0.537109375 0.14634146341463414
0 0.48046875 0.5958188153310104 0.494140625 0.5958188153310104 0.49609375 0.6027874564459931 0.49609375 0.6062717770034843 0.490234375 0.6132404181184669 0.484375 0.6062717770034843 0.48046875 0.6062717770034843 0.48046875 0.5993031358885017
0 0.4921875 0.4181184668989547 0.498046875 0.4181184668989547 0.5 0.4250871080139373 0.505859375 0.4250871080139373 0.509765625 0.42857142857142855 0.509765625 0.4355400696864111 0.513671875 0.43902439024390244 0.513671875 0.44947735191637633 0.509765625 0.44947735191637633 0.5078125 0.4529616724738676 0.50390625 0.44947735191637633 0.4921875 0.44947735191637633 0.484375 0.4425087108013937 0.484375 0.4355400696864111 0.486328125 0.4355400696864111 0.48828125 0.42857142857142855 0.4921875 0.4250871080139373 0.4921875 0.42160278745644597
0 0.57421875 0.7038327526132404 0.583984375 0.7038327526132404 0.583984375 0.7073170731707317 0.58984375 0.7142857142857143 0.609375 0.7142857142857143 0.609375 0.7282229965156795 0.611328125 0.7317073170731707 0.615234375 0.7317073170731707 0.6171875 0.7282229965156795 0.615234375 0.735191637630662 0.619140625 0.7456445993031359 0.619140625 0.7526132404181185 0.611328125 0.759581881533101 0.6015625 0.759581881533101 0.599609375 0.7630662020905923 0.5859375 0.759581881533101 0.580078125 0.7665505226480837 0.56640625 0.7630662020905923 0.5703125 0.759581881533101 0.5703125 0.7491289198606271 0.572265625 0.7456445993031359 0.572265625 0.7177700348432056 0.57421875 0.7142857142857143 0.57421875 0.7073170731707317
0 0.50390625 0.47735191637630664 0.50390625 0.4843205574912892 0.5 0.4843205574912892 0.498046875 0.4878048780487805 0.48828125 0.4878048780487805 0.486328125 0.4843205574912892 0.482421875 0.4843205574912892 0.482421875 0.4808362369337979 0.501953125 0.47735191637630664
0 0.544921875 0.5958188153310104 0.546875 0.5993031358885017 0.5625 0.5993031358885017 0.5625 0.6236933797909407 0.560546875 0.6306620209059234 0.55078125 0.6306620209059234 0.548828125 0.6341463414634146 0.537109375 0.6341463414634146 0.53515625 0.6306620209059234 0.529296875 0.6306620209059234 0.529296875 0.627177700348432 0.525390625 0.6236933797909407 0.525390625 0.6097560975609756 0.53125 0.6062717770034843 0.533203125 0.5993031358885017 0.54296875 0.5993031358885017
0 0.64453125 0.8780487804878049 0.646484375 0.8780487804878049 0.646484375 0.9094076655052264 0.642578125 0.9128919860627178 0.634765625 0.9128919860627178 0.6328125 0.9094076655052264 0.62890625 0.9094076655052264 0.62890625 0.9024390243902439 0.625 0.8989547038327527 0.626953125 0.8989547038327527 0.62890625 0.89198606271777 0.6328125 0.8885017421602788 0.638671875 0.8885017421602788 0.64453125 0.8815331010452961
0 0.48828125 0.14634146341463414 0.4921875 0.14982578397212543 0.4921875 0.156794425087108 0.484375 0.156794425087108 0.482421875 0.1602787456445993 0.466796875 0.156794425087108 0.466796875 0.14982578397212543 0.470703125 0.14982578397212543 0.47265625 0.14634146341463414 0.486328125 0.14634146341463414
0 0.525390625 0.4738675958188153 0.5390625 0.4738675958188153 0.54296875 0.4843205574912892 0.55078125 0.4878048780487805 0.55078125 0.49825783972125437 0.541015625 0.5017421602787456 0.5390625 0.49825783972125437 0.52734375 0.49477351916376305 0.521484375 0.4878048780487805 0.525390625 0.47735191637630664
0 0.326171875 0.5296167247386759 0.337890625 0.5261324041811847 0.33984375 0.5296167247386759 0.349609375 0.5296167247386759 0.3515625 0.5331010452961672 0.36328125 0.5331010452961672 0.36328125 0.5435540069686411 0.359375 0.5435540069686411 0.353515625 0.5505226480836237 0.3515625 0.5574912891986062 0.34375 0.5574912891986062 0.3359375 0.5505226480836237 0.326171875 0.5505226480836237 0.326171875 0.5331010452961672
0 0.37890625 0.49477351916376305 0.3828125 0.4912891986062718 0.396484375 0.4912891986062718 0.3984375 0.49477351916376305 0.41015625 0.49477351916376305 0.412109375 0.49825783972125437 0.412109375 0.5087108013937283 0.40625 0.5087108013937283 0.404296875 0.5121951219512195 0.37890625 0.5087108013937283 0.37890625 0.49825783972125437
0 0.486328125 0.16376306620209058 0.4921875 0.16376306620209058 0.4921875 0.17421602787456447 0.486328125 0.18118466898954705 0.482421875 0.18118466898954705 0.48046875 0.17421602787456447 0.474609375 0.17421602787456447 0.478515625 0.17421602787456447 0.486328125 0.1672473867595819
0 0.34765625 0.08710801393728224 0.36328125 0.08710801393728224 0.36328125 0.0975609756097561 0.357421875 0.10452961672473868 0.349609375 0.10452961672473868 0.34375 0.0975609756097561 0.337890625 0.0975609756097561 0.34765625 0.09059233449477352
0 0.654296875 0.7526132404181185 0.6640625 0.7526132404181185 0.666015625 0.7491289198606271 0.671875 0.7491289198606271 0.67578125 0.7526132404181185 0.67578125 0.8641114982578397 0.673828125 0.867595818815331 0.671875 0.867595818815331 0.66015625 0.8432055749128919 0.654296875 0.8397212543554007 0.654296875 0.8048780487804879 0.658203125 0.8013937282229965 0.658203125 0.7909407665505227 0.662109375 0.7874564459930313 0.662109375 0.7770034843205574 0.658203125 0.7735191637630662 0.65625 0.7665505226480837 0.654296875 0.7665505226480837 0.654296875 0.7560975609756098
0 0.37109375 0.20905923344947736 0.37890625 0.20905923344947736 0.37890625 0.21951219512195122 0.375 0.2229965156794425 0.37109375 0.2229965156794425 0.37109375 0.21254355400696864
0 0.572265625 0.09407665505226481 0.572265625 0.0975609756097561 0.578125 0.10801393728222997 0.58203125 0.10801393728222997 0.587890625 0.11498257839721254 0.642578125 0.11498257839721254 0.64453125 0.11846689895470383 0.6484375 0.11846689895470383 0.650390625 0.11498257839721254 0.654296875 0.11498257839721254 0.662109375 0.10104529616724739 0.662109375 0.11846689895470383 0.6484375 0.1289198606271777 0.63671875 0.1289198606271777 0.62890625 0.13937282229965156 0.62890625 0.14634146341463414 0.625 0.15331010452961671 0.615234375 0.15331010452961671 0.61328125 0.156794425087108 0.591796875 0.156794425087108 0.58984375 0.15331010452961671 0.583984375 0.15331010452961671 0.583984375 0.14982578397212543 0.580078125 0.14634146341463414 0.578125 0.13937282229965156 0.578125 0.12195121951219512 0.568359375 0.10452961672473868 0.56640625 0.10452961672473868 0.572265625 0.0975609756097561
0 0.501953125 0.11498257839721254 0.501953125 0.11846689895470383 0.49609375 0.1254355400696864 0.4921875 0.1254355400696864 0.490234375 0.11846689895470383 0.48046875 0.11846689895470383 0.484375 0.11846689895470383 0.486328125 0.11498257839721254 0.5 0.11498257839721254
0 0.494140625 0.5400696864111498 0.49609375 0.5435540069686411 0.501953125 0.5435540069686411 0.501953125 0.554006968641115 0.494140625 0.554006968641115 0.4921875 0.5574912891986062 0.4765625 0.554006968641115 0.4765625 0.5435540069686411 0.48046875 0.5435540069686411 0.482421875 0.5400696864111498 0.4921875 0.5400696864111498
0 0.5234375 0.14285714285714285 0.5234375 0.14982578397212543 0.517578125 0.156794425087108 0.509765625 0.156794425087108 0.50390625 0.14982578397212543 0.50390625 0.14634146341463414 0.521484375 0.14285714285714285
0 0.517578125 0.33797909407665505 0.525390625 0.33797909407665505 0.52734375 0.34494773519163763 0.533203125 0.34494773519163763 0.533203125 0.34843205574912894 0.521484375 0.3519163763066202 0.51953125 0.3554006968641115 0.513671875 0.34843205574912894 0.5078125 0.34843205574912894 0.51171875 0.34843205574912894 0.517578125 0.34146341463414637
0 0.419921875 0.7456445993031359 0.443359375 0.7456445993031359 0.4453125 0.7526132404181185 0.4453125 0.7700348432055749 0.412109375 0.7735191637630662 0.41015625 0.7700348432055749 0.404296875 0.7700348432055749 0.40625 0.759581881533101 0.41015625 0.759581881533101 0.4140625 0.7526132404181185 0.41796875 0.7526132404181185 0.419921875 0.7491289198606271
0 0.67578125 0.32752613240418116 0.67578125 0.37630662020905925 0.673828125 0.3797909407665505 0.66015625 0.3832752613240418 0.658203125 0.3867595818815331 0.66015625 0.3832752613240418 0.658203125 0.37630662020905925 0.650390625 0.37630662020905925 0.6484375 0.3797909407665505 0.6484375 0.3902439024390244 0.646484375 0.3902439024390244 0.64453125 0.3832752613240418 0.640625 0.3832752613240418 0.640625 0.3693379790940767 0.638671875 0.36585365853658536 0.6484375 0.3588850174216028 0.65234375 0.34494773519163763 0.673828125 0.32752613240418116