0 0.2890625 0.8501742160278746 0.3203125 0.8501742160278746 0.322265625 0.8571428571428571 0.328125 0.8571428571428571 0.33984375 0.867595818815331 0.33984375 0.8885017421602788 0.337890625 0.8954703832752613 0.330078125 0.8989547038327527 0.326171875 0.9059233449477352 0.3203125 0.9059233449477352 0.318359375 0.9094076655052264 0.265625 0.9094076655052264 0.263671875 0.9059233449477352 0.25390625 0.9059233449477352 0.251953125 0.9094076655052264 0.248046875 0.9094076655052264 0.244140625 0.9059233449477352 0.244140625 0.89198606271777 0.248046875 0.8885017421602788 0.248046875 0.8710801393728222 0.251953125 0.8710801393728222 0.25390625 0.867595818815331 0.255859375 0.8710801393728222 0.2578125 0.867595818815331 0.265625 0.867595818815331 0.267578125 0.8641114982578397 0.28125 0.8606271777003485 0.2890625 0.8536585365853658
0 0.779296875 0 0.837890625 0 0.84765625 0.020905923344947737 0.84765625 0.05226480836236934 0.83984375 0.05226480836236934 0.837890625 0.05574912891986063 0.83203125 0.05574912891986063 0.830078125 0.05226480836236934 0.802734375 0.05226480836236934 0.80078125 0.04529616724738676 0.796875 0.041811846689895474 0.78125 0.010452961672473868 0.779296875 0.010452961672473868 0.779296875 0.003484320557491289
0 0.69921875 0.5644599303135889 0.703125 0.5644599303135889 0.705078125 0.5714285714285714 0.705078125 0.6027874564459931 0.68359375 0.6027874564459931 0.6796875 0.5993031358885017 0.6796875 0.5923344947735192 0.681640625 0.5923344947735192 0.685546875 0.5818815331010453 0.69921875 0.5679442508710801
0 0.880859375 0.24390243902439024 0.8828125 0.28222996515679444 0.87109375 0.2961672473867596 0.869140625 0.2926829268292683 0.869140625 0.2857142857142857 0.865234375 0.2787456445993031 0.861328125 0.2787456445993031 0.857421875 0.27526132404181186 0.85546875 0.2682926829268293 0.853515625 0.2682926829268293 0.853515625 0.2613240418118467 0.857421875 0.2578397212543554 0.857421875 0.24738675958188153 0.869140625 0.23344947735191637 0.875 0.23344947735191637 0.87890625 0.24390243902439024
0 0.15234375 0.7421602787456446 0.173828125 0.7421602787456446 0.17578125 0.7491289198606271 0.1796875 0.7491289198606271 0.185546875 0.7560975609756098 0.185546875 0.7804878048780488 0.169921875 0.7804878048780488 0.1640625 0.7735191637630662 0.1640625 0.7700348432055749 0.158203125 0.7630662020905923 0.154296875 0.7526132404181185 0.15234375 0.7526132404181185 0.15234375 0.7456445993031359
0 0.681640625 0.8013937282229965 0.68359375 0.8013937282229965 0.689453125 0.7909407665505227 0.6953125 0.7909407665505227 0.6953125 0.8118466898954704 0.693359375 0.818815331010453 0.68359375 0.8327526132404182 0.671875 0.8432055749128919 0.662109375 0.8432055749128919 0.662109375 0.8362369337979094 0.6640625 0.8327526132404182 0.66796875 0.8327526132404182 0.673828125 0.8153310104529616 0.67578125 0.8153310104529616 0.681640625 0.8048780487804879
0 0.642578125 0.9372822299651568 0.66015625 0.9372822299651568 0.66015625 0.9965156794425087 0.642578125 0.9965156794425087 0.642578125 0.9407665505226481
0 0.4609375 0.759581881533101 0.46875 0.759581881533101 0.46875 0.7909407665505227 0.46484375 0.7909407665505227 0.458984375 0.7979094076655052 0.435546875 0.7979094076655052 0.435546875 0.794425087108014 0.443359375 0.7874564459930313 0.44921875 0.7735191637630662 0.4609375 0.7630662020905923
0 0.458984375 0.43902439024390244 0.470703125 0.43902439024390244 0.470703125 0.5052264808362369 0.46875 0.5087108013937283 0.46875 0.519163763066202 0.46484375 0.5226480836236934 0.46484375 0.5331010452961672 0.462890625 0.5365853658536586 0.462890625 0.5888501742160279 0.453125 0.5888501742160279 0.443359375 0.578397212543554 0.443359375 0.5714285714285714 0.447265625 0.5679442508710801 0.443359375 0.5644599303135889 0.44140625 0.5435540069686411 0.4375 0.5400696864111498 0.4375 0.49825783972125437 0.44140625 0.49477351916376305 0.443359375 0.47038327526132406 0.4453125 0.47038327526132406 0.44921875 0.4564459930313589 0.451171875 0.4564459930313589 0.453125 0.44947735191637633 0.458984375 0.4425087108013937
0 0.70703125 0.7317073170731707 0.71484375 0.7317073170731707 0.716796875 0.7421602787456446 0.728515625 0.7560975609756098 0.73046875 0.7630662020905923 0.73046875 0.8048780487804879 0.71875 0.8013937282229965 0.71875 0.7979094076655052 0.712890625 0.7909407665505227 0.7109375 0.7804878048780488 0.70703125 0.7770034843205574 0.70703125 0.7665505226480837 0.705078125 0.7630662020905923 0.705078125 0.7386759581881533 0.70703125 0.735191637630662
0 1.02 0.4053581107239644 0.05643229166666667 0.12193573364305071
0 0.91015625 0.34843205574912894 0.921875 0.34843205574912894 0.923828125 0.3554006968641115 0.923828125 0.3797909407665505 0.90234375 0.3797909407665505 0.8984375 0.37630662020905925 0.8984375 0.3588850174216028 0.90234375 0.3554006968641115 0.908203125 0.3554006968641115 0.91015625 0.3519163763066202
0 0.6171875 0.9547038327526133 0.63671875 0.9547038327526133 0.638671875 0.9616724738675958 0.638671875 0.9790940766550522 0.6171875 0.9790940766550522 0.6171875 0.9721254355400697 0.61328125 0.9686411149825784 0.61328125 0.9616724738675958 0.6171875 0.9581881533101045
0 0.048828125 0 0.083984375 0 0.083984375 0.020905923344947737 0.068359375 0.020905923344947737 0.06640625 0.024390243902439025 0.05078125 0.024390243902439025 0.046875 0.020905923344947737 0.046875 0.006968641114982578 0.048828125 0.003484320557491289
0 -0.005555555555555556 0.9915911730545877 0.045321180555555556 0.05355013550135502
0 0.142578125 0.5331010452961672 0.15234375 0.5331010452961672 0.15625 0.5435540069686411 0.16015625 0.5435540069686411 0.162109375 0.5470383275261324 0.171875 0.5470383275261324 0.17578125 0.5505226480836237 0.17578125 0.5574912891986062 0.1796875 0.5609756097560976 0.18359375 0.5749128919860628 0.18359375 0.5993031358885017 0.173828125 0.5993031358885017 0.173828125 0.5958188153310104 0.169921875 0.5923344947735192 0.169921875 0.5818815331010453 0.16796875 0.5749128919860628 0.166015625 0.5714285714285714 0.162109375 0.5714285714285714 0.162109375 0.5679442508710801 0.15625 0.5609756097560976 0.154296875 0.5470383275261324 0.150390625 0.5400696864111498 0.142578125 0.5365853658536586
0 0.89453125 0.9024390243902439 0.90234375 0.8954703832752613 0.90625 0.8815331010452961 0.916015625 0.867595818815331 0.919921875 0.867595818815331 0.921875 0.8641114982578397 0.935546875 0.8641114982578397 0.935546875 0.8989547038327527 0.93359375 0.9024390243902439 0.927734375 0.9024390243902439 0.923828125 0.9094076655052264 0.912109375 0.9094076655052264 0.904296875 0.9163763066202091 0.8984375 0.9163763066202091 0.89453125 0.9128919860627178 0.89453125 0.9059233449477352
0 0.39453125 0.9128919860627178 0.404296875 0.9128919860627178 0.404296875 0.9372822299651568 0.40234375 0.9442508710801394 0.390625 0.9477351916376306 0.388671875 0.9512195121951219 0.37890625 0.9512195121951219 0.375 0.9477351916376306 0.375 0.9337979094076655 0.39453125 0.9163763066202091
0 0.416015625 0.33797909407665505 0.421875 0.33797909407665505 0.423828125 0.34494773519163763 0.423828125 0.3623693379790941 0.421875 0.3693379790940767 0.4140625 0.3797909407665505 0.412109375 0.3902439024390244 0.40625 0.39372822299651566 0.40234375 0.40069686411149824 0.388671875 0.4076655052264808 0.3828125 0.4181184668989547 0.376953125 0.4181184668989547 0.375 0.4076655052264808 0.37109375 0.40418118466898956 0.375 0.40069686411149824 0.37890625 0.37630662020905925 0.380859375 0.37630662020905925 0.388671875 0.3588850174216028 0.392578125 0.3588850174216028 0.396484375 0.3519163763066202 0.400390625 0.3519163763066202 0.40625 0.34494773519163763 0.4140625 0.34494773519163763 0.416015625 0.34146341463414637
0 0.546875 0.445993031358885 0.5546875 0.445993031358885 0.568359375 0.45993031358885017 0.568359375 0.49825783972125437 0.556640625 0.49825783972125437 0.5546875 0.49477351916376305 0.5546875 0.47038327526132406 0.546875 0.4634146341463415 0.546875 0.44947735191637633
0 0.25390625 0.4181184668989547 0.267578125 0.4181184668989547 0.267578125 0.42160278745644597 0.271484375 0.4250871080139373 0.271484375 0.4564459930313589 0.25390625 0.4564459930313589 0.25390625 0.42160278745644597
0 0.111328125 0.2229965156794425 0.11328125 0.2229965156794425 0.12109375 0.20557491289198607 0.126953125 0.20209059233449478 0.130859375 0.1951219512195122 0.15625 0.1916376306620209 0.15625 0.21602787456445993 0.154296875 0.21951219512195122 0.154296875 0.22996515679442509 0.15234375 0.23693379790940766 0.1484375 0.23693379790940766 0.142578125 0.24738675958188153 0.130859375 0.2508710801393728 0.126953125 0.2578397212543554 0.111328125 0.2578397212543554 0.107421875 0.25435540069686413 0.107421875 0.24738675958188153 0.111328125 0.23693379790940766 0.111328125 0.2264808362369338
0 0.787109375 0.554006968641115 0.806640625 0.554006968641115 0.806640625 0.5714285714285714 0.8046875 0.5749128919860628 0.798828125 0.578397212543554 0.79296875 0.5923344947735192 0.7890625 0.5923344947735192 0.783203125 0.5993031358885017 0.7734375 0.5993031358885017 0.771484375 0.6027874564459931 0.75390625 0.6062717770034843 0.75390625 0.5888501742160279 0.7578125 0.578397212543554 0.771484375 0.5749128919860628 0.77734375 0.5644599303135889 0.78125 0.5644599303135889 0.787109375 0.5574912891986062
0 0.818359375 0.9651567944250871 0.845703125 0.9651567944250871 0.84765625 0.975609756097561 0.857421875 0.9825783972125436 0.859375 0.9895470383275261 0.859375 0.9965156794425087 0.8046875 0.9965156794425087 0.806640625 0.9965156794425087 0.80859375 0.9895470383275261 0.8125 0.9860627177700348 0.8125 0.9790940766550522 0.814453125 0.9790940766550522 0.818359375 0.9686411149825784
0 0.271484375 0.6097560975609756 0.2890625 0.6097560975609756 0.291015625 0.6167247386759582 0.314453125 0.6236933797909407 0.326171875 0.6341463414634146 0.330078125 0.6411149825783972 0.330078125 0.6689895470383276 0.328125 0.6689895470383276 0.32421875 0.6794425087108014 0.3203125 0.6794425087108014 0.314453125 0.686411149825784 0.30859375 0.686411149825784 0.302734375 0.6933797909407665 0.298828125 0.6933797909407665 0.291015625 0.7038327526132404 0.271484375 0.7038327526132404 0.26953125 0.7003484320557491 0.255859375 0.7003484320557491 0.25390625 0.7038327526132404 0.228515625 0.7038327526132404 0.22265625 0.6898954703832753 0.203125 0.6933797909407665 0.19140625 0.7038327526132404 0.181640625 0.7038327526132404 0.181640625 0.7003484320557491 0.193359375 0.6829268292682927 0.193359375 0.6655052264808362 0.19140625 0.662020905923345 0.19140625 0.6550522648083623 0.185546875 0.6445993031358885 0.18359375 0.6445993031358885 0.181640625 0.6376306620209059 0.177734375 0.6376306620209059 0.17578125 0.6341463414634146 0.177734375 0.6306620209059234 0.189453125 0.6306620209059234 0.197265625 0.6376306620209059 0.205078125 0.6376306620209059 0.208984375 0.6411149825783972 0.220703125 0.6306620209059234 0.2265625 0.6306620209059234 0.234375 0.6236933797909407 0.248046875 0.6236933797909407 0.25 0.6202090592334495 0.255859375 0.6202090592334495 0.2578125 0.6167247386759582 0.26953125 0.6167247386759582 0.271484375 0.6132404181184669
0 0.439453125 0.16376306620209058 0.44140625 0.1672473867595819 0.4453125 0.1672473867595819 0.451171875 0.17770034843205576 0.4609375 0.18118466898954705 0.470703125 0.1951219512195122 0.470703125 0.20209059233449478 0.47265625 0.20557491289198607 0.47265625 0.22996515679442509 0.458984375 0.2264808362369338 0.439453125 0.18815331010452963 0.431640625 0.18466898954703834 0.435546875 0.18118466898954705 0.435546875 0.1672473867595819 0.4375 0.1672473867595819
0 0.376953125 0.27526132404181186 0.3828125 0.27526132404181186 0.38671875 0.2857142857142857 0.38671875 0.3205574912891986 0.384765625 0.3240418118466899 0.380859375 0.32752613240418116 0.337890625 0.32752613240418116 0.341796875 0.313588850174216 0.345703125 0.31010452961672474 0.341796875 0.30662020905923343 0.337890625 0.28222996515679444 0.33984375 0.2857142857142857 0.34375 0.2857142857142857 0.34375 0.289198606271777 0.34765625 0.2926829268292683 0.34765625 0.29965156794425085 0.349609375 0.30313588850174217 0.359375 0.30313588850174217 0.361328125 0.29965156794425085 0.365234375 0.29965156794425085 0.3671875 0.2926829268292683 0.375 0.2857142857142857 0.376953125 0.2787456445993031
0 0.57421875 0.867595818815331 0.591796875 0.867595818815331 0.591796875 0.8885017421602788 0.58984375 0.8954703832752613 0.576171875 0.9128919860627178 0.5625 0.9128919860627178 0.55859375 0.9094076655052264 0.560546875 0.8885017421602788 0.57421875 0.8710801393728222
0 0.33203125 0.6585365853658537 0.353515625 0.6585365853658537 0.353515625 0.6898954703832753 0.3515625 0.6898954703832753 0.349609375 0.6968641114982579 0.341796875 0.7073170731707317 0.341796875 0.710801393728223 0.337890625 0.7142857142857143 0.330078125 0.7142857142857143 0.32421875 0.7212543554006968 0.31640625 0.7212543554006968 0.314453125 0.7247386759581882 0.302734375 0.7247386759581882 0.30078125 0.7142857142857143 0.296875 0.710801393728223 0.296875 0.7073170731707317 0.3125 0.7003484320557491 0.318359375 0.686411149825784 0.318359375 0.6794425087108014 0.322265625 0.6794425087108014 0.32421875 0.6724738675958188 0.33203125 0.662020905923345
0 0.86328125 0.662020905923345 0.884765625 0.662020905923345 0.88671875 0.6689895470383276 0.88671875 0.6829268292682927 0.884765625 0.6898954703832753 0.87890625 0.6898954703832753 0.875 0.6968641114982579 0.869140625 0.6968641114982579 0.8671875 0.7003484320557491 0.853515625 0.7038327526132404 0.8515625 0.7073170731707317 0.841796875 0.7073170731707317 0.841796875 0.7038327526132404 0.837890625 0.7003484320557491 0.841796875 0.6968641114982579 0.845703125 0.6829268292682927 0.84765625 0.6829268292682927 0.853515625 0.6724738675958188 0.86328125 0.6655052264808362
0 0.337890625 0.7735191637630662 0.3515625 0.7735191637630662 0.353515625 0.7804878048780488 0.353515625 0.8048780487804879 0.326171875 0.8048780487804879 0.32421875 0.8013937282229965 0.32421875 0.794425087108014 0.328125 0.7909407665505227 0.330078125 0.7839721254355401 0.337890625 0.7770034843205574
0 0.876953125 0.8536585365853658 0.88671875 0.8466898954703833 0.89453125 0.8466898954703833 0.8984375 0.8397212543554007 0.90234375 0.8257839721254355 0.90234375 0.818815331010453 0.908203125 0.8083623693379791 0.921875 0.7909407665505227 0.943359375 0.7700348432055749 0.953125 0.7700348432055749 0.955078125 0.7665505226480837 0.9765625 0.7665505226480837 0.9765625 0.794425087108014 0.97265625 0.7979094076655052 0.962890625 0.818815331010453 0.962890625 0.8257839721254355 0.9609375 0.8257839721254355 0.953125 0.8397212543554007 0.94921875 0.8432055749128919 0.94140625 0.8432055749128919 0.93359375 0.8571428571428571 0.9296875 0.8606271777003485 0.923828125 0.8606271777003485 0.921875 0.8641114982578397 0.904296875 0.8606271777003485 0.8984375 0.8710801393728222 0.8984375 0.8745644599303136 0.892578125 0.8815331010452961 0.8828125 0.8815331010452961 0.8828125 0.8606271777003485 0.87890625 0.8571428571428571
0 0.19140625 0.156794425087108 0.19140625 0.1602787456445993 0.1953125 0.16376306620209058 0.1953125 0.1916376306620209 0.19140625 0.1986062717770035 0.189453125 0.20905923344947736 0.185546875 0.21254355400696864 0.185546875 0.21951219512195122 0.177734375 0.2229965156794425 0.171875 0.22996515679442509 0.16796875 0.22996515679442509 0.1640625 0.23693379790940766 0.15625 0.23693379790940766 0.154296875 0.24041811846689895 0.142578125 0.23693379790940766 0.142578125 0.22996515679442509 0.146484375 0.2264808362369338 0.150390625 0.20209059233449478 0.154296875 0.1986062717770035 0.15625 0.18118466898954705 0.16796875 0.17073170731707318 0.1796875 0.1672473867595819 0.181640625 0.16376306620209058 0.189453125 0.16376306620209058 0.19140625 0.1602787456445993
0 0.029296875 0.6097560975609756 0.033203125 0.6097560975609756 0.033203125 0.6550522648083623 0.029296875 0.6585365853658537 0.02734375 0.6689895470383276 0.0234375 0.6724738675958188 0.0234375 0.6794425087108014 0.021484375 0.6794425087108014 0.017578125 0.6898954703832753 0.01171875 0.6968641114982579 0 0.6968641114982579 0 0.6411149825783972 0.01171875 0.6306620209059234 0.021484375 0.6167247386759582 0.02734375 0.6167247386759582 0.029296875 0.6132404181184669
0 0.666015625 0.47038327526132406 0.67578125 0.47038327526132406 0.67578125 0.5087108013937283 0.673828125 0.5121951219512195 0.673828125 0.519163763066202 0.66796875 0.5296167247386759 0.66796875 0.5365853658536586 0.6640625 0.5365853658536586 0.658203125 0.5470383275261324 0.65234375 0.5470383275261324 0.646484375 0.5574912891986062 0.623046875 0.554006968641115 0.625 0.5505226480836237 0.634765625 0.5470383275261324 0.640625 0.5400696864111498 0.642578125 0.5261324041811847 0.646484375 0.5226480836236934 0.646484375 0.5087108013937283 0.654296875 0.4843205574912892 0.658203125 0.4843205574912892 0.666015625 0.4738675958188153
0 0.4375 0.6689895470383276 0.462890625 0.6689895470383276 0.462890625 0.7003484320557491 0.455078125 0.7073170731707317 0.4296875 0.7073170731707317 0.4296875 0.6829268292682927 0.431640625 0.6759581881533101 0.435546875 0.6759581881533101 0.4375 0.6724738675958188
0 0.18359375 0.21254355400696864 0.201171875 0.21254355400696864 0.201171875 0.26480836236933797 0.1953125 0.27526132404181186 0.1953125 0.28222996515679444 0.185546875 0.30662020905923343 0.18359375 0.30662020905923343 0.17578125 0.3205574912891986 0.17578125 0.32752613240418116 0.169921875 0.34146341463414637 0.16796875 0.3519163763066202 0.158203125 0.3588850174216028 0.154296875 0.3519163763066202 0.1484375 0.3588850174216028 0.146484375 0.36585365853658536 0.146484375 0.37630662020905925 0.142578125 0.3797909407665505 0.142578125 0.39372822299651566 0.138671875 0.40418118466898956 0.138671875 0.41114982578397213 0.134765625 0.41114982578397213 0.134765625 0.40418118466898956 0.1328125 0.40069686411149824 0.1328125 0.37630662020905925 0.12890625 0.3693379790940767 0.109375 0.3693379790940767 0.109375 0.3623693379790941 0.1171875 0.3554006968641115 0.12109375 0.3554006968641115 0.123046875 0.34843205574912894 0.126953125 0.34843205574912894 0.1328125 0.33797909407665505 0.1328125 0.31010452961672474 0.13671875 0.29965156794425085 0.13671875 0.289198606271777 0.140625 0.28222996515679444 0.142578125 0.27177700348432055 0.150390625 0.2613240418118467 0.154296875 0.24738675958188153 0.1640625 0.23344947735191637 0.16796875 0.23344947735191637 0.171875 0.2264808362369338 0.18359375 0.21602787456445993
0 0.19140625 0 0.1875 0.013937282229965157 0.18359375 0.013937282229965157 0.1796875 0.027874564459930314 0.17578125 0.027874564459930314 0.173828125 0.0313588850174216 0.142578125 0.0313588850174216 0.142578125 0.010452961672473868 0.146484375 0.006968641114982578 0.1484375 0 0.189453125 0
0 0.3828125 0.6097560975609756 0.390625 0.6097560975609756 0.390625 0.6132404181184669 0.396484375 0.6202090592334495 0.396484375 0.6445993031358885 0.392578125 0.6480836236933798 0.3671875 0.6480836236933798 0.365234375 0.6445993031358885 0.357421875 0.6445993031358885 0.3515625 0.6376306620209059 0.3515625 0.627177700348432 0.35546875 0.6236933797909407 0.365234375 0.6236933797909407 0.3671875 0.6202090592334495 0.380859375 0.6167247386759582 0.3828125 0.6132404181184669
0 0.33203125 0.7038327526132404 0.33984375 0.7038327526132404 0.341796875 0.710801393728223 0.345703125 0.710801393728223 0.345703125 0.7491289198606271 0.3359375 0.7491289198606271 0.333984375 0.7456445993031359 0.330078125 0.7456445993031359 0.330078125 0.7386759581881533 0.32421875 0.7317073170731707 0.32421875 0.710801393728223 0.330078125 0.710801393728223 0.33203125 0.7073170731707317
0 0.5546875 0.4634146341463415 0.556640625 0.4634146341463415 0.556640625 0.4878048780487805 0.552734375 0.5017421602787456 0.55078125 0.5017421602787456 0.544921875 0.5156794425087108 0.5390625 0.5226480836236934 0.525390625 0.5226480836236934 0.5234375 0.5261324041811847 0.521484375 0.5226480836236934 0.515625 0.5226480836236934 0.51953125 0.519163763066202 0.521484375 0.5052264808362369 0.5234375 0.5052264808362369 0.537109375 0.47735191637630664 0.541015625 0.47735191637630664 0.546875 0.47038327526132406 0.552734375 0.47038327526132406 0.5546875 0.46689895470383275
0 0.45703125 0.23693379790940766 0.458984375 0.24390243902439024 0.466796875 0.24738675958188153 0.466796875 0.289198606271777 0.439453125 0.289198606271777 0.4375 0.2926829268292683 0.435546875 0.289198606271777 0.431640625 0.289198606271777 0.4296875 0.28222996515679444 0.4296875 0.27526132404181186 0.4375 0.27177700348432055 0.447265625 0.24738675958188153 0.45703125 0.24041811846689895
0 0.083984375 0.10104529616724739 0.09375 0.10104529616724739 0.09375 0.1672473867595819 0.091796875 0.17073170731707318 0.087890625 0.1986062717770035 0.076171875 0.20905923344947736 0.076171875 0.22996515679442509 0.080078125 0.23344947735191637 0.080078125 0.24390243902439024 0.076171875 0.24390243902439024 0.07421875 0.24041811846689895 0.07421875 0.22996515679442509 0.0703125 0.2264808362369338 0.0703125 0.2229965156794425 0.064453125 0.21254355400696864 0.056640625 0.21254355400696864 0.048828125 0.2229965156794425 0.048828125 0.21602787456445993 0.064453125 0.1951219512195122 0.064453125 0.156794425087108 0.06640625 0.15331010452961671 0.06640625 0.14285714285714285 0.0703125 0.1254355400696864 0.07421875 0.12195121951219512 0.07421875 0.11498257839721254 0.078125 0.10801393728222997 0.08203125 0.10801393728222997 0.083984375 0.10452961672473868
0 0.875 0.05226480836236934 0.88671875 0.05226480836236934 0.888671875 0.059233449477351915 0.89453125 0.059233449477351915 0.90234375 0.07317073170731707 0.90234375 0.10104529616724739 0.8984375 0.10104529616724739 0.896484375 0.10452961672473868 0.87109375 0.10452961672473868 0.869140625 0.10104529616724739 0.86328125 0.10104529616724739 0.859375 0.09407665505226481 0.853515625 0.09407665505226481 0.8515625 0.09059233449477352 0.84765625 0.09407665505226481 0.845703125 0.09059233449477352 0.84765625 0.08710801393728224 0.84765625 0.07665505226480836 0.845703125 0.06968641114982578 0.859375 0.06968641114982578 0.86328125 0.0627177700348432 0.8671875 0.059233449477351915 0.873046875 0.059233449477351915 0.875 0.05574912891986063