0 0.6888454011741683 0.8397212543554007 0.7045009784735812 0.8257839721254355 0.7181996086105675 0.8257839721254355 0.7181996086105675 0.8606271777003485 0.7142857142857143 0.8641114982578397 0.6966731898238747 0.8641114982578397 0.6947162426614482 0.8571428571428571 0.6888454011741683 0.8536585365853658 0.6888454011741683 0.8432055749128919
0 0.7299412915851272 0.4076655052264808 0.7377690802348337 0.40069686411149824 0.7475538160469667 0.40069686411149824 0.7475538160469667 0.43902439024390244 0.735812133072407 0.4425087108013937 0.7338551859099804 0.43902439024390244 0.7181996086105675 0.4355400696864111 0.7181996086105675 0.42857142857142855 0.7201565557729941 0.42857142857142855 0.7221135029354208 0.42160278745644597 0.7240704500978473 0.42160278745644597 0.726027397260274 0.4146341463414634 0.7299412915851272 0.41114982578397213
0 0.42857142857142855 0.13588850174216027 0.4383561643835616 0.13588850174216027 0.4383561643835616 0.14634146341463414 0.4344422700587084 0.14634146341463414 0.4324853228962818 0.14982578397212543 0.42661448140900193 0.14982578397212543 0.4227005870841487 0.14634146341463414 0.4227005870841487 0.14285714285714285 0.42661448140900193 0.14285714285714285 0.42857142857142855 0.13937282229965156
0 0.5557729941291585 0.04529616724738676 0.5812133072407045 0.04529616724738676 0.5812133072407045 0.04878048780487805 0.5772994129158513 0.04878048780487805 0.5733855185909981 0.05574912891986063 0.5675146771037182 0.05574912891986063 0.5636007827788649 0.04878048780487805 0.5557729941291585 0.04878048780487805
0 0.3933463796477495 0.40069686411149824 0.40313111545988256 0.40418118466898956 0.41487279843444225 0.4146341463414634 0.436399217221135 0.397212543554007 0.45792563600782776 0.397212543554007 0.4598825831702544 0.40069686411149824 0.4657534246575342 0.40069686411149824 0.46966731898238745 0.40418118466898956 0.4735812133072407 0.41114982578397213 0.4735812133072407 0.4181184668989547 0.461839530332681 0.43205574912891986 0.4461839530332681 0.43205574912891986 0.44422700587084146 0.42857142857142855 0.436399217221135 0.42857142857142855 0.4344422700587084 0.4250871080139373 0.42661448140900193 0.4250871080139373 0.4246575342465753 0.42857142857142855 0.41682974559686886 0.42160278745644597 0.41291585127201563 0.42857142857142855 0.41291585127201563 0.4355400696864111 0.4090019569471624 0.43902439024390244 0.410958904109589 0.4425087108013937 0.4070450097847358 0.43902439024390244 0.4070450097847358 0.4181184668989547 0.3953033268101761 0.40418118466898956
0 0.6771037181996086 0.27526132404181186 0.6888454011741683 0.26480836236933797 0.7064579256360078 0.26480836236933797 0.7084148727984344 0.2682926829268293 0.7123287671232876 0.2682926829268293 0.7142857142857143 0.27526132404181186 0.7103718199608611 0.2857142857142857 0.7064579256360078 0.2857142857142857 0.7045009784735812 0.289198606271777 0.7045009784735812 0.2961672473867596 0.700587084148728 0.29965156794425085 0.6947162426614482 0.29965156794425085 0.6927592954990215 0.30313588850174217 0.6888454011741683 0.30313588850174217 0.6868884540117417 0.29965156794425085 0.6810176125244618 0.29965156794425085 0.6771037181996086 0.30313588850174217 0.6653620352250489 0.2926829268292683 0.6653620352250489 0.289198606271777 0.6692759295499021 0.289198606271777 0.6771037181996086 0.2787456445993031
0 0.4090019569471624 0.6759581881533101 0.410958904109589 0.6794425087108014 0.410958904109589 0.6933797909407665 0.3913894324853229 0.6933797909407665 0.38943248532289626 0.6898954703832753 0.38551859099804303 0.6898954703832753 0.38551859099804303 0.6829268292682927 0.4070450097847358 0.6759581881533101
0 0.6516634050880626 0.9372822299651568 0.6614481409001957 0.9372822299651568 0.6634050880626223 0.9442508710801394 0.6731898238747553 0.9477351916376306 0.6790606653620352 0.9581881533101045 0.6810176125244618 0.9581881533101045 0.6868884540117417 0.9721254355400697 0.700587084148728 0.9825783972125436 0.700587084148728 0.9965156794425087 0.6477495107632094 0.9965156794425087 0.6438356164383562 0.9860627177700348 0.639921722113503 0.9825783972125436 0.6340508806262231 0.9686411149825784 0.6320939334637965 0.9686411149825784 0.6320939334637965 0.9581881533101045 0.6340508806262231 0.9581881533101045 0.6360078277886497 0.9512195121951219 0.6516634050880626 0.9407665505226481
0 0.5851272015655578 0.07665505226480836 0.5949119373776908 0.06968641114982578 0.598825831702544 0.07317073170731707 0.6301369863013698 0.07317073170731707 0.6418786692759295 0.08362369337979095 0.6418786692759295 0.09059233449477352 0.6360078277886497 0.09059233449477352 0.6340508806262231 0.09407665505226481 0.6183953033268101 0.09407665505226481 0.6125244618395304 0.08710801393728224 0.6066536203522505 0.08710801393728224 0.6046966731898239 0.08362369337979095 0.5909980430528375 0.08362369337979095 0.589041095890411 0.08013937282229965 0.5851272015655578 0.08013937282229965
0 0.5831702544031311 0.5470383275261324 0.5870841487279843 0.5470383275261324 0.589041095890411 0.5505226480836237 0.6105675146771037 0.5505226480836237 0.6125244618395304 0.5470383275261324 0.6183953033268101 0.5470383275261324 0.6183953033268101 0.5505226480836237 0.62426614481409 0.5574912891986062 0.62426614481409 0.5609756097560976 0.6125244618395304 0.5644599303135889 0.6105675146771037 0.5714285714285714 0.6046966731898239 0.578397212543554 0.5968688845401174 0.578397212543554 0.5851272015655578 0.5679442508710801 0.5831702544031311 0.5609756097560976 0.5831702544031311 0.5505226480836237
0 0.6105675146771037 0.8571428571428571 0.6144814090019569 0.8536585365853658 0.62426614481409 0.8536585365853658 0.6281800391389433 0.8571428571428571 0.6281800391389433 0.8745644599303136 0.6125244618395304 0.8850174216027874 0.6027397260273972 0.8815331010452961 0.6027397260273972 0.8710801393728222 0.6046966731898239 0.8710801393728222 0.6066536203522505 0.8641114982578397 0.6105675146771037 0.8606271777003485
0 0.538160469667319 0.39372822299651566 0.5440313111545988 0.3902439024390244 0.5538160469667319 0.40069686411149824 0.5557729941291585 0.4076655052264808 0.5675146771037182 0.41114982578397213 0.5675146771037182 0.42160278745644597 0.5538160469667319 0.4250871080139373 0.547945205479452 0.4146341463414634 0.5440313111545988 0.41114982578397213 0.538160469667319 0.41114982578397213 0.538160469667319 0.4076655052264808 0.5342465753424658 0.40418118466898956 0.5362035225048923 0.40418118466898956 0.538160469667319 0.397212543554007
0 0.6516634050880626 0.6515679442508711 0.6536203522504892 0.6550522648083623 0.6731898238747553 0.6550522648083623 0.6731898238747553 0.6689895470383276 0.675146771037182 0.6724738675958188 0.6810176125244618 0.6724738675958188 0.6829745596868885 0.6689895470383276 0.6810176125244618 0.6724738675958188 0.6810176125244618 0.6794425087108014 0.6888454011741683 0.6898954703832753 0.6810176125244618 0.7003484320557491 0.6731898238747553 0.7003484320557491 0.6712328767123288 0.7038327526132404 0.649706457925636 0.7038327526132404 0.6477495107632094 0.7073170731707317 0.6438356164383562 0.7073170731707317 0.6418786692759295 0.710801393728223 0.6438356164383562 0.7142857142857143 0.6301369863013698 0.710801393728223 0.6301369863013698 0.7003484320557491 0.6340508806262231 0.6968641114982579 0.6340508806262231 0.6689895470383276 0.6360078277886497 0.6655052264808362 0.6360078277886497 0.6515679442508711 0.6379647749510763 0.6480836236933798 0.649706457925636 0.6515679442508711
0 0.538160469667319 0.07665505226480836 0.538160469667319 0.08362369337979095 0.5342465753424658 0.08362369337979095 0.5283757338551859 0.09059233449477352 0.5205479452054794 0.09059233449477352 0.5146771037181996 0.08362369337979095 0.5088062622309197 0.08362369337979095 0.5088062622309197 0.08013937282229965 0.512720156555773 0.08013937282229965 0.5146771037181996 0.07665505226480836 0.5362035225048923 0.07665505226480836
0 0.7279843444227005 0.2613240418118467 0.7455968688845401 0.2578397212543554 0.7455968688845401 0.26480836236933797 0.7416829745596869 0.26480836236933797 0.7397260273972602 0.2682926829268293 0.735812133072407 0.26480836236933797 0.7279843444227005 0.26480836236933797
0 0.3776908023483366 0.47038327526132406 0.38943248532289626 0.47038327526132406 0.38943248532289626 0.4738675958188153 0.3933463796477495 0.47735191637630664 0.3953033268101761 0.4843205574912892 0.4070450097847358 0.4843205574912892 0.4070450097847358 0.49477351916376305 0.3972602739726027 0.49477351916376305 0.3933463796477495 0.49825783972125437 0.38551859099804303 0.4878048780487805 0.3776908023483366 0.4878048780487805 0.3776908023483366 0.4738675958188153
0 0.5870841487279843 0.2682926829268293 0.5909980430528375 0.27177700348432055 0.5909980430528375 0.29965156794425085 0.5851272015655578 0.29965156794425085 0.5831702544031311 0.30313588850174217 0.5772994129158513 0.29965156794425085 0.5772994129158513 0.2926829268292683 0.5753424657534246 0.289198606271777 0.5694716242661448 0.289198606271777 0.5694716242661448 0.2787456445993031 0.5753424657534246 0.2787456445993031 0.5772994129158513 0.27177700348432055 0.5851272015655578 0.2682926829268293
0 0.41682974559686886 0.43205574912891986 0.4207436399217221 0.42857142857142855 0.4383561643835616 0.42857142857142855 0.44031311154598823 0.43205574912891986 0.45792563600782776 0.4355400696864111 0.45792563600782776 0.445993031358885 0.44031311154598823 0.445993031358885 0.4383561643835616 0.44947735191637633 0.41682974559686886 0.445993031358885 0.41682974559686886 0.4355400696864111
0 0.5283757338551859 0.33797909407665505 0.5440313111545988 0.33797909407665505 0.5440313111545988 0.3623693379790941 0.538160469667319 0.3623693379790941 0.5362035225048923 0.36585365853658536 0.5225048923679061 0.3623693379790941 0.5225048923679061 0.3519163763066202 0.5264187866927593 0.3519163763066202 0.5283757338551859 0.34843205574912894 0.5283757338551859 0.34146341463414637
0 0.40313111545988256 0.2926829268292683 0.4050880626223092 0.29965156794425085 0.4207436399217221 0.3170731707317073 0.436399217221135 0.3170731707317073 0.4383561643835616 0.3205574912891986 0.4383561643835616 0.3344947735191638 0.43052837573385516 0.3344947735191638 0.42857142857142855 0.33797909407665505 0.38551859099804303 0.33797909407665505 0.3835616438356164 0.3344947735191638 0.3776908023483366 0.3344947735191638 0.3776908023483366 0.31010452961672474 0.38551859099804303 0.31010452961672474 0.3913894324853229 0.2961672473867596 0.3953033268101761 0.2926829268292683 0.40117416829745595 0.2926829268292683
0 0.5616438356164384 0.08710801393728224 0.5694716242661448 0.08710801393728224 0.5714285714285714 0.0975609756097561 0.5655577299412916 0.0975609756097561 0.5596868884540117 0.10452961672473868 0.5459882583170255 0.0975609756097561 0.5596868884540117 0.09407665505226481 0.5616438356164384 0.09059233449477352
0 0.4090019569471624 0.020905923344947737 0.436399217221135 0.020905923344947737 0.4383561643835616 0.024390243902439025 0.4383561643835616 0.03484320557491289 0.4207436399217221 0.03484320557491289 0.41487279843444225 0.027874564459930314 0.4090019569471624 0.027874564459930314 0.4090019569471624 0.024390243902439025
0 0.6320939334637965 0.0313588850174216 0.6360078277886497 0.027874564459930314 0.649706457925636 0.027874564459930314 0.6516634050880626 0.0313588850174216 0.6810176125244618 0.0313588850174216 0.6829745596868885 0.03484320557491289 0.7045009784735812 0.0313588850174216 0.7064579256360078 0.03484320557491289 0.7181996086105675 0.03484320557491289 0.7201565557729941 0.03832752613240418 0.7221135029354208 0.03484320557491289 0.7299412915851272 0.03484320557491289 0.735812133072407 0.027874564459930314 0.735812133072407 0.0313588850174216 0.7279843444227005 0.041811846689895474 0.7240704500978473 0.041811846689895474 0.7162426614481409 0.04878048780487805 0.6986301369863014 0.05226480836236934 0.6966731898238747 0.05574912891986063 0.6966731898238747 0.07317073170731707 0.6947162426614482 0.07665505226480836 0.684931506849315 0.07665505226480836 0.6829745596868885 0.08013937282229965 0.6594911937377691 0.08013937282229965 0.6575342465753424 0.07665505226480836 0.649706457925636 0.07665505226480836 0.6477495107632094 0.059233449477351915 0.6438356164383562 0.05574912891986063 0.6360078277886497 0.03484320557491289 0.6320939334637965 0.03484320557491289
0 0.6771037181996086 0.686411149825784 0.7045009784735812 0.686411149825784 0.7064579256360078 0.6933797909407665 0.7416829745596869 0.6968641114982579 0.7436399217221135 0.7003484320557491 0.7475538160469667 0.7003484320557491 0.7475538160469667 0.8083623693379791 0.7416829745596869 0.8083623693379791 0.7397260273972602 0.8153310104529616 0.7377690802348337 0.8118466898954704 0.7338551859099804 0.8118466898954704 0.7377690802348337 0.8083623693379791 0.7318982387475538 0.7839721254355401 0.7318982387475538 0.7665505226480837 0.7299412915851272 0.7630662020905923 0.7221135029354208 0.7560975609756098 0.7181996086105675 0.7560975609756098 0.7123287671232876 0.7491289198606271 0.7084148727984344 0.7491289198606271 0.6927592954990215 0.735191637630662 0.6888454011741683 0.7282229965156795 0.684931506849315 0.7282229965156795 0.6810176125244618 0.7212543554006968 0.6771037181996086 0.7212543554006968 0.6731898238747553 0.7142857142857143 0.6673189823874756 0.710801393728223 0.6673189823874756 0.7038327526132404 0.6692759295499021 0.7038327526132404 0.6712328767123288 0.6968641114982579 0.6771037181996086 0.6898954703832753
0 0.7397260273972602 0.4634146341463415 0.7475538160469667 0.4634146341463415 0.7475538160469667 0.49477351916376305 0.7416829745596869 0.49477351916376305 0.7397260273972602 0.5017421602787456 0.7318982387475538 0.49477351916376305 0.7142857142857143 0.49477351916376305 0.7103718199608611 0.4912891986062718 0.7142857142857143 0.4808362369337979 0.7181996086105675 0.4808362369337979 0.7299412915851272 0.47038327526132406 0.7377690802348337 0.47038327526132406 0.7397260273972602 0.46689895470383275
0 0.5048923679060665 0.6968641114982579 0.5048923679060665 0.7177700348432056 0.4911937377690802 0.7177700348432056 0.4892367906066536 0.7212543554006968 0.47162426614481406 0.7247386759581882 0.46966731898238745 0.7212543554006968 0.45792563600782776 0.7212543554006968 0.4520547945205479 0.7142857142857143 0.45401174168297453 0.7142857142857143 0.45596868884540115 0.7073170731707317 0.4657534246575342 0.6933797909407665 0.487279843444227 0.6933797909407665 0.4931506849315068 0.7038327526132404 0.50293542074364 0.7003484320557491
0 0.7162426614481409 0.2613240418118467 0.7318982387475538 0.2613240418118467 0.7338551859099804 0.2682926829268293 0.7455968688845401 0.27177700348432055 0.7455968688845401 0.2961672473867596 0.7436399217221135 0.29965156794425085 0.735812133072407 0.29965156794425085 0.7318982387475538 0.30662020905923343 0.7279843444227005 0.30662020905923343 0.7279843444227005 0.29965156794425085 0.7240704500978473 0.2961672473867596 0.7221135029354208 0.289198606271777 0.7201565557729941 0.289198606271777 0.7201565557729941 0.2787456445993031 0.7162426614481409 0.27526132404181186 0.7142857142857143 0.2682926829268293 0.7123287671232876 0.2682926829268293 0.7162426614481409 0.26480836236933797