0 0.921875 0.2465277777777778 0.923828125 0.25 0.91796875 0.2604166666666667 0.9140625 0.2604166666666667 0.912109375 0.2638888888888889 0.904296875 0.2638888888888889 0.900390625 0.2604166666666667 0.8984375 0.2569444444444444 0.8984375 0.25 0.90234375 0.25 0.908203125 0.24305555555555555 0.91796875 0.24305555555555555 0.919921875 0.2465277777777778
0 0.7109375 0.19444444444444445 0.732421875 0.19444444444444445 0.744140625 0.20833333333333334 0.748046875 0.20833333333333334 0.755859375 0.2222222222222222 0.755859375 0.22569444444444445 0.75 0.22569444444444445 0.7421875 0.21875 0.734375 0.21875 0.73046875 0.21180555555555555 0.7265625 0.21180555555555555 0.71875 0.2048611111111111 0.712890625 0.2048611111111111 0.7109375 0.19791666666666666
0 0.787109375 0.3402777777777778 0.7890625 0.34375 0.8125 0.3472222222222222 0.814453125 0.3506944444444444 0.818359375 0.3506944444444444 0.822265625 0.3576388888888889 0.8203125 0.3611111111111111 0.7734375 0.3576388888888889 0.76953125 0.3541666666666667 0.771484375 0.3472222222222222 0.775390625 0.34375 0.78515625 0.34375
0 0.90625 0.3368055555555556 0.919921875 0.3472222222222222 0.92578125 0.3472222222222222 0.92578125 0.3506944444444444 0.919921875 0.3576388888888889 0.904296875 0.3576388888888889 0.90234375 0.3541666666666667 0.890625 0.3506944444444444 0.88671875 0.34375 0.88671875 0.3368055555555556 0.888671875 0.3333333333333333 0.90234375 0.3333333333333333 0.904296875 0.3368055555555556
0 0.857421875 0.2916666666666667 0.8671875 0.3055555555555556 0.87109375 0.3055555555555556 0.87109375 0.3159722222222222 0.857421875 0.3159722222222222 0.841796875 0.3020833333333333 0.837890625 0.2951388888888889 0.83984375 0.2881944444444444 0.85546875 0.2916666666666667
0 0.84375 0.1527777777777778 0.845703125 0.1527777777777778 0.853515625 0.1388888888888889 0.86328125 0.1388888888888889 0.865234375 0.1423611111111111 0.845703125 0.16666666666666666 0.84375 0.16319444444444445 0.84375 0.15625
0 0.884765625 0.3055555555555556 0.888671875 0.3055555555555556 0.89453125 0.3125 0.89453125 0.3194444444444444 0.890625 0.3194444444444444 0.888671875 0.3159722222222222 0.884765625 0.3159722222222222 0.884765625 0.3090277777777778
0 0.1796875 0.3090277777777778 0.185546875 0.3194444444444444 0.185546875 0.34375 0.17578125 0.3541666666666667 0.162109375 0.3541666666666667 0.15625 0.34375 0.15625 0.3333333333333333 0.1640625 0.3125 0.16796875 0.3090277777777778 0.177734375 0.3090277777777778
0 0.853125 0.44999999999999996 0.034375 0.05
0 0.939453125 0.2916666666666667 0.93359375 0.3020833333333333 0.9296875 0.3020833333333333 0.927734375 0.3090277777777778 0.921875 0.3159722222222222 0.91796875 0.3159722222222222 0.91796875 0.3020833333333333 0.923828125 0.2916666666666667 0.9375 0.2916666666666667
0 0.953125 0.1423611111111111 0.958984375 0.14583333333333334 0.9609375 0.1527777777777778 0.966796875 0.1527777777777778 0.966796875 0.15625 0.974609375 0.16666666666666666 0.982421875 0.1701388888888889 0.984375 0.17708333333333334 0.99609375 0.1875 0.998046875 0.19444444444444445 0.998046875 0.2326388888888889 0.9921875 0.2326388888888889 0.982421875 0.21875 0.978515625 0.21875 0.9765625 0.2152777777777778 0.9765625 0.20833333333333334 0.96875 0.2013888888888889 0.96875 0.19791666666666666 0.962890625 0.1909722222222222 0.9609375 0.18055555555555555 0.95703125 0.17708333333333334 0.95703125 0.1701388888888889 0.953125 0.16319444444444445 0.953125 0.1527777777777778 0.951171875 0.14930555555555555 0.953125 0.14583333333333334