0 0.62109375 0.3333333333333333 0.62890625 0.3402777777777778 0.634765625 0.3402777777777778 0.63671875 0.3541666666666667 0.626953125 0.3715277777777778 0.615234375 0.3715277777777778 0.61328125 0.375 0.611328125 0.3680555555555556 0.60546875 0.3645833333333333 0.603515625 0.3680555555555556 0.603515625 0.3819444444444444 0.599609375 0.3819444444444444 0.599609375 0.375 0.59375 0.3576388888888889 0.59375 0.3506944444444444 0.595703125 0.3472222222222222 0.599609375 0.3472222222222222 0.60546875 0.3368055555555556 0.619140625 0.3333333333333333
0 0.623046875 0.3333333333333333 0.63671875 0.34375 0.63671875 0.3541666666666667 0.6328125 0.3576388888888889 0.630859375 0.3645833333333333 0.623046875 0.3715277777777778 0.619140625 0.3715277777777778 0.6171875 0.3645833333333333 0.603515625 0.3611111111111111 0.599609375 0.3541666666666667 0.6015625 0.3506944444444444 0.6015625 0.34375 0.60546875 0.3368055555555556 0.609375 0.3368055555555556 0.611328125 0.3333333333333333 0.62109375 0.3333333333333333
0 0.5703125 0.4444444444444444 0.572265625 0.4444444444444444 0.57421875 0.4513888888888889 0.578125 0.4548611111111111 0.576171875 0.4791666666666667 0.572265625 0.4791666666666667 0.568359375 0.4652777777777778 0.568359375 0.4548611111111111 0.5703125 0.4479166666666667
0 0.525390625 0.125 0.53125 0.125 0.53515625 0.1284722222222222 0.541015625 0.1423611111111111 0.541015625 0.14930555555555555 0.533203125 0.14930555555555555 0.525390625 0.1284722222222222
0 0.529296875 0.5104166666666666 0.533203125 0.5138888888888888 0.53515625 0.5208333333333334 0.541015625 0.5243055555555556 0.544921875 0.53125 0.548828125 0.5486111111111112 0.548828125 0.5555555555555556 0.546875 0.5555555555555556 0.533203125 0.53125 0.529296875 0.5138888888888888
0 0.49921875 0.5638888888888889 0.011979166666666666 0.016666666666666666
0 0.5140625 0.4189814814814815 0.01875 0.01759259259259259
0 0.349609375 0.22916666666666666 0.357421875 0.21875 0.36328125 0.21875 0.365234375 0.2222222222222222 0.365234375 0.22916666666666666 0.3515625 0.2326388888888889
0 0.435546875 0.1736111111111111 0.44140625 0.16666666666666666 0.447265625 0.16666666666666666 0.447265625 0.17708333333333334 0.4453125 0.18055555555555555 0.439453125 0.18055555555555555 0.435546875 0.17708333333333334
0 0.544921875 0.4166666666666667 0.556640625 0.4201388888888889 0.560546875 0.4305555555555556 0.560546875 0.4548611111111111 0.556640625 0.4583333333333333 0.552734375 0.4479166666666667 0.544921875 0.4375 0.544921875 0.4201388888888889
0 0.404296875 0.4479166666666667 0.408203125 0.4513888888888889 0.408203125 0.4583333333333333 0.404296875 0.46875 0.400390625 0.4652777777777778 0.400390625 0.4548611111111111 0.40234375 0.4513888888888889
0 0.623046875 0.8020833333333334 0.625 0.8055555555555556 0.625 0.8368055555555556 0.619140625 0.8402777777777778 0.61328125 0.8298611111111112 0.61328125 0.8159722222222222 0.62109375 0.8055555555555556
0 0.46875 0.09375 0.470703125 0.09722222222222222 0.470703125 0.1076388888888889 0.46484375 0.1076388888888889 0.4609375 0.10416666666666667 0.4609375 0.10069444444444445 0.466796875 0.09722222222222222
0 0.51171875 0.4652777777777778 0.513671875 0.46875 0.513671875 0.4791666666666667 0.505859375 0.4930555555555556 0.505859375 0.4965277777777778 0.501953125 0.4965277777777778 0.501953125 0.4826388888888889 0.509765625 0.4756944444444444 0.51171875 0.46875
0 0.35546875 0.08333333333333333 0.361328125 0.09027777777777778 0.365234375 0.10069444444444445 0.35546875 0.10069444444444445 0.353515625 0.09722222222222222 0.353515625 0.08680555555555555
0 0.451171875 0.12152777777777778 0.453125 0.125 0.453125 0.13541666666666666 0.4453125 0.13541666666666666 0.44140625 0.13194444444444445 0.44140625 0.125 0.44921875 0.12152777777777778
0 0.349609375 0.4305555555555556 0.359375 0.4409722222222222 0.36328125 0.4513888888888889 0.36328125 0.4583333333333333 0.359375 0.4583333333333333 0.349609375 0.4340277777777778
0 0.6484375 0.4305555555555556 0.65234375 0.4270833333333333 0.658203125 0.4270833333333333 0.658203125 0.4722222222222222 0.650390625 0.46875 0.642578125 0.4583333333333333 0.64453125 0.4409722222222222 0.6484375 0.4340277777777778
0 0.357421875 0.17708333333333334 0.361328125 0.17708333333333334 0.365234375 0.1875 0.365234375 0.1909722222222222 0.361328125 0.1909722222222222 0.357421875 0.18055555555555555
0 0.568359375 0.6458333333333334 0.576171875 0.6527777777777778 0.587890625 0.6527777777777778 0.58984375 0.65625 0.58984375 0.6631944444444444 0.587890625 0.6666666666666666 0.591796875 0.6736111111111112 0.595703125 0.6736111111111112 0.595703125 0.6770833333333334 0.6015625 0.6840277777777778 0.623046875 0.6840277777777778 0.625 0.6875 0.63671875 0.6875 0.638671875 0.6909722222222222 0.650390625 0.6909722222222222 0.65234375 0.6944444444444444 0.65625 0.6944444444444444 0.658203125 0.6979166666666666 0.658203125 0.7986111111111112 0.65234375 0.7986111111111112 0.64453125 0.7881944444444444 0.640625 0.7743055555555556 0.640625 0.7569444444444444 0.634765625 0.7430555555555556 0.615234375 0.7256944444444444 0.609375 0.7152777777777778 0.603515625 0.7118055555555556 0.599609375 0.7048611111111112 0.591796875 0.6979166666666666 0.572265625 0.6979166666666666 0.568359375 0.7048611111111112 0.5625 0.7048611111111112 0.560546875 0.7013888888888888 0.564453125 0.6909722222222222 0.564453125 0.6597222222222222 0.56640625 0.65625 0.56640625 0.6493055555555556
0 0.341796875 0.5243055555555556 0.341796875 0.5208333333333334 0.35546875 0.4965277777777778 0.357421875 0.4965277777777778 0.359375 0.5208333333333334 0.357421875 0.5243055555555556 0.34375 0.5243055555555556
0 0.568359375 0.0763888888888889 0.572265625 0.09375 0.580078125 0.1076388888888889 0.583984375 0.1111111111111111 0.58984375 0.1111111111111111 0.591796875 0.11458333333333333 0.611328125 0.11458333333333333 0.6171875 0.10416666666666667 0.6171875 0.10069444444444445 0.62109375 0.09722222222222222 0.623046875 0.10416666666666667 0.615234375 0.125 0.603515625 0.1388888888888889 0.59375 0.14583333333333334 0.57421875 0.14583333333333334 0.572265625 0.1423611111111111 0.568359375 0.1423611111111111 0.5625 0.125 0.56640625 0.11805555555555555 0.56640625 0.1111111111111111 0.5625 0.1076388888888889 0.5625 0.09375 0.564453125 0.09027777777777778 0.564453125 0.0798611111111111 0.56640625 0.0798611111111111
0 0.55859375 0.3194444444444444 0.564453125 0.3333333333333333 0.564453125 0.3402777777777778 0.5625 0.34375 0.55859375 0.34375 0.556640625 0.3402777777777778 0.54296875 0.3402777777777778 0.537109375 0.3333333333333333 0.52734375 0.3368055555555556 0.529296875 0.3159722222222222 0.53125 0.3125 0.533203125 0.3125 0.537109375 0.3229166666666667 0.5390625 0.3194444444444444 0.556640625 0.3194444444444444
0 0.458984375 0.5729166666666666 0.462890625 0.5659722222222222 0.46875 0.5659722222222222 0.470703125 0.5729166666666666 0.466796875 0.5763888888888888 0.4609375 0.5763888888888888
0 0.54765625 0.3541666666666667 0.008854166666666666 0.010185185185185184
0 0.353515625 0.05555555555555555 0.357421875 0.059027777777777776 0.357421875 0.06597222222222222 0.3515625 0.07291666666666667 0.349609375 0.06944444444444445 0.349609375 0.0625 0.3515625 0.059027777777777776
0 0.498046875 0.13194444444444445 0.501953125 0.13194444444444445 0.501953125 0.14583333333333334 0.498046875 0.14583333333333334 0.498046875 0.13541666666666666
0 0.46484375 0.6701388888888888 0.466796875 0.6736111111111112 0.4765625 0.6736111111111112 0.478515625 0.6805555555555556 0.470703125 0.6805555555555556 0.466796875 0.6875 0.45703125 0.6909722222222222 0.451171875 0.6979166666666666 0.439453125 0.6979166666666666 0.4375 0.6909722222222222 0.44140625 0.6805555555555556 0.44921875 0.6701388888888888 0.462890625 0.6701388888888888
0 0.564453125 0.1111111111111111 0.56640625 0.11805555555555555 0.560546875 0.125 0.55859375 0.125 0.556640625 0.11805555555555555 0.5625 0.1111111111111111