0 0.486328125 0.7777777777777778 0.486328125 0.7916666666666666 0.482421875 0.7916666666666666 0.48046875 0.7951388888888888 0.478515625 0.7951388888888888 0.4765625 0.7881944444444444 0.47265625 0.7881944444444444 0.47265625 0.7673611111111112 0.4765625 0.7673611111111112 0.478515625 0.7743055555555556 0.482421875 0.7743055555555556 0.484375 0.7777777777777778
0 0.455078125 0.2847222222222222 0.474609375 0.2847222222222222 0.4765625 0.2881944444444444 0.48046875 0.2881944444444444 0.48046875 0.2951388888888889 0.47265625 0.2951388888888889 0.470703125 0.2986111111111111 0.4609375 0.2916666666666667 0.455078125 0.2916666666666667 0.455078125 0.2881944444444444
0 0.451171875 0.3680555555555556 0.46484375 0.3680555555555556 0.46484375 0.3784722222222222 0.4609375 0.3784722222222222 0.458984375 0.3819444444444444 0.455078125 0.3715277777777778 0.451171875 0.3715277777777778
0 0.66015625 0.05555555555555555 0.662109375 0.05555555555555555 0.662109375 0.08333333333333333 0.654296875 0.08333333333333333 0.65234375 0.09027777777777778 0.640625 0.08680555555555555 0.646484375 0.08680555555555555 0.6484375 0.08333333333333333 0.6484375 0.06597222222222222 0.65234375 0.06597222222222222 0.66015625 0.059027777777777776
0 0.548828125 0.90625 0.56640625 0.9131944444444444 0.56640625 0.9722222222222222 0.55859375 0.9722222222222222 0.556640625 0.9756944444444444 0.552734375 0.9652777777777778 0.548828125 0.9652777777777778 0.548828125 0.9513888888888888 0.546875 0.9479166666666666 0.541015625 0.9479166666666666 0.541015625 0.9236111111111112 0.546875 0.9236111111111112 0.548828125 0.9201388888888888 0.548828125 0.9097222222222222
0 0.62890625 0.2951388888888889 0.638671875 0.2951388888888889 0.640625 0.2916666666666667 0.640625 0.2847222222222222 0.650390625 0.2847222222222222 0.650390625 0.3020833333333333 0.62890625 0.3020833333333333 0.62890625 0.2986111111111111
0 0.5078125 0.010416666666666666 0.51171875 0.006944444444444444 0.51171875 0 0.5234375 0 0.525390625 0.006944444444444444 0.53515625 0.010416666666666666 0.541015625 0.017361111111111112 0.55078125 0.020833333333333332 0.5546875 0.027777777777777776 0.55859375 0.027777777777777776 0.55859375 0.034722222222222224 0.564453125 0.041666666666666664 0.564453125 0.052083333333333336 0.5546875 0.052083333333333336 0.55078125 0.04513888888888889 0.546875 0.04513888888888889 0.5390625 0.03819444444444445 0.525390625 0.03819444444444445 0.5234375 0.034722222222222224 0.51953125 0.034722222222222224 0.517578125 0.027777777777777776 0.513671875 0.024305555555555556 0.509765625 0.013888888888888888 0.5078125 0.013888888888888888
0 0.47265625 0.7986111111111112 0.47265625 0.7743055555555556 0.494140625 0.7743055555555556 0.494140625 0.7986111111111112 0.48828125 0.7986111111111112 0.486328125 0.8020833333333334 0.484375 0.7986111111111112 0.474609375 0.7986111111111112
0 0.548828125 0.90625 0.56640625 0.9131944444444444 0.56640625 0.9722222222222222 0.55859375 0.9722222222222222 0.556640625 0.9756944444444444 0.552734375 0.9652777777777778 0.548828125 0.9652777777777778 0.548828125 0.9513888888888888 0.546875 0.9479166666666666 0.541015625 0.9479166666666666 0.541015625 0.9236111111111112 0.546875 0.9236111111111112 0.548828125 0.9201388888888888 0.548828125 0.9097222222222222
0 0.65234375 0.9756944444444444 0.65625 0.9756944444444444 0.65625 0.9965277777777778 0.638671875 0.9965277777777778 0.638671875 0.9895833333333334 0.642578125 0.9895833333333334 0.64453125 0.9826388888888888 0.650390625 0.9826388888888888 0.65234375 0.9791666666666666
0 0.6015625 0.6631944444444444 0.603515625 0.6631944444444444 0.603515625 0.7326388888888888 0.587890625 0.7361111111111112 0.5859375 0.7395833333333334 0.58203125 0.7395833333333334 0.57421875 0.7326388888888888 0.57421875 0.7048611111111112 0.576171875 0.7048611111111112 0.578125 0.6979166666666666 0.58203125 0.6944444444444444 0.58203125 0.6909722222222222 0.591796875 0.6840277777777778 0.59375 0.6770833333333334 0.595703125 0.6770833333333334 0.59765625 0.6701388888888888 0.6015625 0.6666666666666666
0 0.462890625 0.020833333333333332 0.47265625 0.020833333333333332 0.474609375 0.024305555555555556 0.486328125 0.024305555555555556 0.48828125 0.020833333333333332 0.48828125 0.03125 0.48046875 0.041666666666666664 0.48046875 0.052083333333333336 0.482421875 0.059027777777777776 0.486328125 0.0625 0.486328125 0.06944444444444445 0.48828125 0.07291666666666667 0.48828125 0.09375 0.486328125 0.09722222222222222 0.486328125 0.10416666666666667 0.484375 0.10416666666666667 0.48046875 0.11458333333333333 0.478515625 0.11458333333333333 0.4765625 0.12152777777777778 0.470703125 0.1284722222222222 0.46484375 0.1284722222222222 0.462890625 0.13194444444444445 0.447265625 0.1284722222222222 0.447265625 0.12152777777777778 0.443359375 0.11805555555555555 0.443359375 0.09722222222222222 0.439453125 0.09375 0.439453125 0.09027777777777778 0.455078125 0.0798611111111111 0.45703125 0.0763888888888889 0.45703125 0.06597222222222222 0.458984375 0.059027777777777776 0.4609375 0.059027777777777776 0.46484375 0.04861111111111111 0.47265625 0.041666666666666664 0.47265625 0.034722222222222224 0.46484375 0.027777777777777776 0.46484375 0.024305555555555556
0 0.517578125 0.3541666666666667 0.53125 0.3541666666666667 0.53125 0.3576388888888889 0.537109375 0.3645833333333333 0.55859375 0.3645833333333333 0.55859375 0.3715277777777778 0.537109375 0.3715277777777778 0.533203125 0.375 0.53125 0.3784722222222222 0.53125 0.3993055555555556 0.533203125 0.4027777777777778 0.529296875 0.3993055555555556 0.521484375 0.3993055555555556 0.521484375 0.3923611111111111 0.517578125 0.3888888888888889 0.517578125 0.375 0.521484375 0.3715277777777778 0.521484375 0.3576388888888889 0.51953125 0.3541666666666667
0 0.498046875 0.4270833333333333 0.498046875 0.4201388888888889 0.5078125 0.4201388888888889 0.5078125 0.4236111111111111 0.51171875 0.4270833333333333 0.51171875 0.4444444444444444 0.509765625 0.4444444444444444 0.5078125 0.4375 0.50390625 0.4375 0.50390625 0.4305555555555556 0.5 0.4270833333333333
0 0.654296875 0.0625 0.662109375 0.059027777777777776 0.662109375 0.0798611111111111 0.658203125 0.08333333333333333 0.65234375 0.08333333333333333 0.650390625 0.08680555555555555 0.646484375 0.08333333333333333 0.640625 0.08333333333333333 0.646484375 0.08333333333333333 0.6484375 0.0798611111111111 0.6484375 0.06944444444444445 0.65234375 0.06944444444444445 0.654296875 0.06597222222222222
0 0.470703125 0.7256944444444444 0.47265625 0.7256944444444444 0.474609375 0.71875 0.48046875 0.71875 0.482421875 0.7256944444444444 0.48828125 0.7256944444444444 0.490234375 0.7326388888888888 0.494140625 0.7326388888888888 0.494140625 0.7430555555555556 0.482421875 0.7465277777777778 0.474609375 0.7395833333333334 0.474609375 0.7326388888888888 0.470703125 0.7291666666666666
0 0.6171875 0.90625 0.623046875 0.90625 0.625 0.9027777777777778 0.642578125 0.9027777777777778 0.642578125 0.9201388888888888 0.63671875 0.9201388888888888 0.634765625 0.9236111111111112 0.630859375 0.9236111111111112 0.623046875 0.9166666666666666 0.6171875 0.9166666666666666 0.6171875 0.9097222222222222
0 0.44921875 0.3263888888888889 0.453125 0.3298611111111111 0.4609375 0.3298611111111111 0.46875 0.3368055555555556 0.458984375 0.3402777777777778 0.45703125 0.3333333333333333 0.44921875 0.3333333333333333 0.44921875 0.3298611111111111
0 0.439453125 0.4027777777777778 0.439453125 0.3993055555555556 0.458984375 0.3993055555555556 0.4609375 0.40625 0.46484375 0.40625 0.46484375 0.4166666666666667 0.453125 0.4131944444444444 0.451171875 0.40625 0.44140625 0.4027777777777778
0 0.462890625 0.3715277777777778 0.462890625 0.3645833333333333 0.47265625 0.3645833333333333 0.47265625 0.3680555555555556 0.4765625 0.3715277777777778 0.4765625 0.3888888888888889 0.474609375 0.3888888888888889 0.47265625 0.3819444444444444 0.46875 0.3819444444444444 0.46875 0.375 0.46484375 0.3715277777777778
0 0.46875 0.34375 0.48046875 0.34375 0.482421875 0.3506944444444444 0.48828125 0.3506944444444444 0.48828125 0.3576388888888889 0.490234375 0.3611111111111111 0.494140625 0.3611111111111111 0.494140625 0.3680555555555556 0.482421875 0.3645833333333333 0.48046875 0.3611111111111111 0.4765625 0.3611111111111111 0.4765625 0.3506944444444444 0.474609375 0.3472222222222222 0.46875 0.3472222222222222
0 0.45703125 0.7326388888888888 0.46875 0.7326388888888888 0.470703125 0.7395833333333334 0.4765625 0.7395833333333334 0.478515625 0.7465277777777778 0.482421875 0.7465277777777778 0.482421875 0.75 0.47265625 0.7534722222222222 0.470703125 0.75 0.46484375 0.75 0.462890625 0.7430555555555556 0.45703125 0.7430555555555556 0.45703125 0.7361111111111112
0 0.515625 0.7847222222222222 0.529296875 0.7847222222222222 0.529296875 0.7951388888888888 0.5390625 0.8020833333333334 0.5390625 0.8368055555555556 0.537109375 0.8368055555555556 0.53515625 0.8333333333333334 0.53125 0.8333333333333334 0.53125 0.8263888888888888 0.529296875 0.8229166666666666 0.525390625 0.8229166666666666 0.525390625 0.8159722222222222 0.521484375 0.8125 0.521484375 0.8020833333333334 0.51953125 0.7986111111111112 0.515625 0.7986111111111112 0.513671875 0.7916666666666666 0.509765625 0.7916666666666666 0.513671875 0.7916666666666666 0.515625 0.7881944444444444
0 0.30859375 0.19444444444444445 0.3203125 0.19444444444444445 0.3203125 0.2222222222222222 0.31640625 0.2222222222222222 0.314453125 0.22569444444444445 0.302734375 0.22569444444444445 0.302734375 0.2013888888888889 0.306640625 0.2013888888888889 0.30859375 0.19791666666666666
0 0.439453125 0.34375 0.458984375 0.34375 0.4609375 0.3472222222222222 0.46484375 0.3472222222222222 0.46484375 0.3541666666666667 0.458984375 0.3541666666666667 0.45703125 0.3576388888888889 0.451171875 0.3506944444444444 0.439453125 0.3472222222222222
0 0.6015625 0.5555555555555556 0.6171875 0.5555555555555556 0.6171875 0.6180555555555556 0.615234375 0.6215277777777778 0.59765625 0.6215277777777778 0.59375 0.6180555555555556 0.59375 0.5972222222222222 0.59765625 0.59375 0.59765625 0.5659722222222222 0.599609375 0.5659722222222222 0.6015625 0.5590277777777778
0 0.525390625 0.6319444444444444 0.55078125 0.6319444444444444 0.552734375 0.625 0.5703125 0.625 0.5703125 0.6354166666666666 0.55078125 0.6354166666666666 0.548828125 0.6388888888888888 0.525390625 0.6354166666666666
0 0.474609375 0.3020833333333333 0.484375 0.3020833333333333 0.484375 0.3055555555555556 0.478515625 0.3055555555555556 0.4765625 0.3090277777777778 0.474609375 0.3090277777777778 0.474609375 0.3055555555555556
0 0.517578125 0.3541666666666667 0.5390625 0.3541666666666667 0.5390625 0.3993055555555556 0.53515625 0.3993055555555556 0.533203125 0.4027777777777778 0.53125 0.4027777777777778 0.52734375 0.3923611111111111 0.517578125 0.3923611111111111 0.517578125 0.3715277777777778 0.52734375 0.3715277777777778 0.529296875 0.3680555555555556 0.529296875 0.3576388888888889 0.52734375 0.3541666666666667 0.51953125 0.3541666666666667
0 0.44921875 0.7465277777777778 0.470703125 0.7465277777777778 0.470703125 0.7569444444444444 0.466796875 0.7569444444444444 0.46484375 0.7604166666666666 0.458984375 0.7534722222222222 0.44921875 0.7534722222222222 0.44921875 0.75
0 0.615234375 0.04861111111111111 0.619140625 0.04861111111111111 0.619140625 0.10069444444444445 0.609375 0.10069444444444445 0.607421875 0.1076388888888889 0.6015625 0.10069444444444445 0.6015625 0.06944444444444445 0.60546875 0.06944444444444445 0.607421875 0.0625 0.61328125 0.0625 0.615234375 0.059027777777777776 0.615234375 0.052083333333333336
0 0.654296875 0.28125 0.66015625 0.28125 0.66015625 0.2916666666666667 0.65234375 0.2951388888888889 0.654296875 0.2916666666666667 0.654296875 0.2847222222222222
0 0.5703125 0.5659722222222222 0.58203125 0.5694444444444444 0.58203125 0.5729166666666666 0.58984375 0.5798611111111112 0.58984375 0.5868055555555556 0.59375 0.5902777777777778 0.59375 0.6666666666666666 0.587890625 0.6666666666666666 0.5859375 0.6701388888888888 0.587890625 0.6736111111111112 0.583984375 0.6736111111111112 0.58203125 0.6666666666666666 0.57421875 0.6666666666666666 0.57421875 0.6631944444444444 0.578125 0.6597222222222222 0.578125 0.6458333333333334 0.57421875 0.6423611111111112 0.57421875 0.6354166666666666 0.5703125 0.6319444444444444 0.5703125 0.6180555555555556 0.56640625 0.6145833333333334 0.564453125 0.6076388888888888 0.560546875 0.6076388888888888 0.560546875 0.6006944444444444 0.564453125 0.6006944444444444 0.56640625 0.5972222222222222 0.56640625 0.5729166666666666 0.5703125 0.5694444444444444
0 0.65625 0 0.662109375 0 0.662109375 0.017361111111111112 0.662109375 0.006944444444444444 0.66015625 0.003472222222222222 0.65625 0.003472222222222222
0 0.482421875 0.3715277777777778 0.486328125 0.3680555555555556 0.4921875 0.3680555555555556 0.501953125 0.3784722222222222 0.5078125 0.3784722222222222 0.51171875 0.3819444444444444 0.51171875 0.3888888888888889 0.515625 0.3923611111111111 0.515625 0.3993055555555556 0.51171875 0.3993055555555556 0.509765625 0.4027777777777778 0.505859375 0.4027777777777778 0.5078125 0.4027777777777778 0.509765625 0.3958333333333333 0.501953125 0.3888888888888889 0.501953125 0.3819444444444444 0.5 0.3784722222222222 0.4921875 0.3715277777777778 0.484375 0.3715277777777778
0 0.48828125 0.8229166666666666 0.4921875 0.8229166666666666 0.494140625 0.8194444444444444 0.50390625 0.8194444444444444 0.50390625 0.8263888888888888 0.505859375 0.8298611111111112 0.509765625 0.8298611111111112 0.521484375 0.8402777777777778 0.521484375 0.8715277777777778 0.517578125 0.8715277777777778 0.513671875 0.8784722222222222 0.51171875 0.8715277777777778 0.509765625 0.8680555555555556 0.505859375 0.8680555555555556 0.505859375 0.8645833333333334 0.501953125 0.8611111111111112 0.501953125 0.8541666666666666 0.498046875 0.8506944444444444 0.498046875 0.8298611111111112 0.490234375 0.8229166666666666
0 0.48046875 0.71875 0.494140625 0.7222222222222222 0.49609375 0.7291666666666666 0.49609375 0.7361111111111112 0.486328125 0.7395833333333334 0.484375 0.7326388888888888 0.4765625 0.7326388888888888 0.48046875 0.7222222222222222