0 0.06593406593406594 0.35082865852096623 0.03663003663003663 0.059017905171751324
0 0.951171875 0.25524475524475526 0.95703125 0.26573426573426573 0.955078125 0.2727272727272727 0.9296875 0.2727272727272727 0.921875 0.26573426573426573 0.921875 0.25874125874125875 0.92578125 0.2517482517482518 0.943359375 0.2517482517482518 0.9453125 0.25524475524475526 0.94921875 0.25524475524475526
0 0.708984375 0.1993006993006993 0.712890625 0.1958041958041958 0.72265625 0.1958041958041958 0.724609375 0.1993006993006993 0.73828125 0.20279720279720279 0.744140625 0.2097902097902098 0.75 0.22377622377622378 0.75 0.23076923076923078 0.748046875 0.23426573426573427 0.7421875 0.23426573426573427 0.736328125 0.22377622377622378 0.732421875 0.22377622377622378 0.71875 0.2097902097902098 0.708984375 0.2062937062937063 0.708984375 0.20279720279720279
0 0.791015625 0.36713286713286714 0.8125 0.36713286713286714 0.814453125 0.3741258741258741 0.826171875 0.3741258741258741 0.828125 0.3776223776223776 0.853515625 0.3811188811188811 0.853515625 0.38461538461538464 0.849609375 0.38461538461538464 0.84765625 0.3881118881118881 0.81640625 0.3916083916083916 0.814453125 0.3881118881118881 0.787109375 0.38461538461538464 0.78515625 0.3776223776223776 0.791015625 0.3706293706293706
0 0.91796875 0.3531468531468531 0.92578125 0.36013986013986016 0.935546875 0.36013986013986016 0.9375 0.36363636363636365 0.94921875 0.36713286713286714 0.951171875 0.3706293706293706 0.951171875 0.3776223776223776 0.94140625 0.38461538461538464 0.9375 0.38461538461538464 0.935546875 0.3811188811188811 0.923828125 0.3811188811188811 0.921875 0.3776223776223776 0.912109375 0.3776223776223776 0.904296875 0.3706293706293706 0.90234375 0.36713286713286714 0.90234375 0.35664335664335667 0.90625 0.3531468531468531 0.916015625 0.3531468531468531
0 0.8359375 0.2937062937062937 0.84375 0.2937062937062937 0.845703125 0.3006993006993007 0.85546875 0.3041958041958042 0.8671875 0.3181818181818182 0.87109375 0.3181818181818182 0.869140625 0.32517482517482516 0.865234375 0.32517482517482516 0.86328125 0.32867132867132864 0.859375 0.32517482517482516 0.8515625 0.32517482517482516 0.84765625 0.32167832167832167 0.8359375 0.3006993006993007 0.8359375 0.2972027972027972
0 0.90234375 0.32867132867132864 0.91015625 0.32867132867132864 0.912109375 0.3356643356643357 0.91015625 0.33916083916083917 0.904296875 0.33916083916083917 0.90234375 0.3321678321678322
0 0.8515625 0.5104895104895105 0.8515625 0.506993006993007 0.865234375 0.4825174825174825 0.87890625 0.46853146853146854 0.8828125 0.458041958041958 0.888671875 0.458041958041958 0.890625 0.46153846153846156 0.880859375 0.48951048951048953 0.87890625 0.48951048951048953 0.873046875 0.5 0.869140625 0.5 0.865234375 0.506993006993007 0.853515625 0.5104895104895105
0 0.943359375 0.32167832167832167 0.943359375 0.3111888111888112 0.951171875 0.3006993006993007 0.96875 0.3006993006993007 0.96875 0.3041958041958042 0.958984375 0.3146853146853147 0.955078125 0.3146853146853147 0.94921875 0.32167832167832167 0.94140625 0.32517482517482516
0 0.8671875 0.11888111888111888 0.87890625 0.11888111888111888 0.876953125 0.13286713286713286 0.8671875 0.14335664335664336 0.853515625 0.14685314685314685 0.853515625 0.13636363636363635 0.8671875 0.12237762237762238
0 0.9296875 0.08041958041958042 0.939453125 0.08041958041958042 0.943359375 0.09090909090909091 0.955078125 0.10139860139860139 0.970703125 0.10839160839160839 0.98046875 0.12237762237762238 0.98828125 0.1258741258741259 0.998046875 0.14335664335664336 0.998046875 0.17482517482517482 0.98828125 0.16433566433566432 0.982421875 0.15384615384615385 0.974609375 0.15034965034965034 0.970703125 0.13986013986013987 0.958984375 0.1258741258741259 0.953125 0.1258741258741259 0.9453125 0.11888111888111888 0.939453125 0.1048951048951049 0.93359375 0.10139860139860139 0.93359375 0.0979020979020979 0.9296875 0.0944055944055944 0.9296875 0.08391608391608392