0 0.564453125 0.6388888888888888 0.57421875 0.6493055555555556 0.5859375 0.6493055555555556 0.5859375 0.6631944444444444 0.58984375 0.6666666666666666 0.58984375 0.6736111111111112 0.59375 0.6805555555555556 0.5859375 0.6909722222222222 0.568359375 0.6909722222222222 0.564453125 0.6979166666666666 0.55859375 0.7013888888888888 0.556640625 0.6944444444444444 0.55859375 0.6909722222222222 0.560546875 0.6493055555555556 0.5625 0.6423611111111112
0 0.515625 0.5 0.51953125 0.5 0.521484375 0.5034722222222222 0.52734375 0.5 0.533203125 0.5069444444444444 0.5390625 0.5208333333333334 0.537109375 0.5277777777777778 0.533203125 0.53125 0.52734375 0.5243055555555556 0.5234375 0.5243055555555556 0.5234375 0.5173611111111112 0.517578125 0.5034722222222222
0 0.5234375 0.5555555555555556 0.52734375 0.5590277777777778 0.52734375 0.5625 0.5234375 0.5659722222222222 0.509765625 0.5659722222222222 0.5078125 0.5625 0.51171875 0.5555555555555556 0.521484375 0.5555555555555556
0 0.515625 0.3194444444444444 0.5234375 0.3125 0.533203125 0.3125 0.5390625 0.3229166666666667 0.537109375 0.3298611111111111 0.53125 0.3333333333333333 0.52734375 0.3402777777777778 0.52734375 0.3506944444444444 0.517578125 0.3402777777777778 0.5078125 0.3368055555555556 0.5078125 0.3298611111111111 0.51171875 0.3298611111111111 0.515625 0.3229166666666667
0 0.525390625 0.3854166666666667 0.529296875 0.3784722222222222 0.5390625 0.3784722222222222 0.541015625 0.3819444444444444 0.544921875 0.3819444444444444 0.546875 0.3854166666666667 0.544921875 0.3888888888888889 0.5390625 0.3888888888888889 0.537109375 0.3923611111111111 0.529296875 0.3923611111111111 0.52734375 0.3888888888888889
0 0.609375 0.8333333333333334 0.60546875 0.8159722222222222 0.607421875 0.8090277777777778 0.615234375 0.7986111111111112 0.619140625 0.8020833333333334 0.619140625 0.8090277777777778 0.6171875 0.8125 0.6171875 0.8229166666666666 0.619140625 0.8298611111111112 0.6171875 0.8333333333333334 0.611328125 0.8333333333333334
0 0.4296875 0.07291666666666667 0.43359375 0.0763888888888889 0.443359375 0.0763888888888889 0.4453125 0.0798611111111111 0.4453125 0.09027777777777778 0.4375 0.09027777777777778 0.431640625 0.0763888888888889
0 0.3671875 0.20833333333333334 0.3671875 0.19791666666666666 0.369140625 0.19444444444444445 0.373046875 0.19791666666666666 0.373046875 0.2222222222222222 0.369140625 0.20833333333333334
0 0.6015625 0.3576388888888889 0.603515625 0.3611111111111111 0.603515625 0.375 0.595703125 0.3888888888888889 0.58984375 0.3958333333333333 0.576171875 0.3993055555555556 0.572265625 0.4097222222222222 0.568359375 0.4097222222222222 0.564453125 0.3993055555555556 0.560546875 0.3993055555555556 0.5546875 0.4201388888888889 0.552734375 0.4201388888888889 0.55078125 0.4131944444444444 0.55078125 0.3993055555555556 0.546875 0.3923611111111111 0.546875 0.3854166666666667 0.55078125 0.3888888888888889 0.55859375 0.3888888888888889 0.560546875 0.3854166666666667 0.560546875 0.3784722222222222 0.56640625 0.3680555555555556 0.578125 0.3576388888888889 0.599609375 0.3576388888888889
0 0.515625 0.09722222222222222 0.525390625 0.1076388888888889 0.529296875 0.11805555555555555 0.529296875 0.13194444444444445 0.521484375 0.1284722222222222 0.515625 0.11805555555555555 0.515625 0.1111111111111111 0.517578125 0.1076388888888889 0.515625 0.10069444444444445
0 0.390625 0.08680555555555555 0.39453125 0.09027777777777778 0.39453125 0.09722222222222222 0.38671875 0.10416666666666667 0.37890625 0.10416666666666667 0.376953125 0.10069444444444445 0.376953125 0.09375 0.384765625 0.08333333333333333 0.388671875 0.08680555555555555
0 0.537109375 0.28125 0.5390625 0.2847222222222222 0.5390625 0.2951388888888889 0.537109375 0.2986111111111111 0.533203125 0.2986111111111111 0.533203125 0.2881944444444444 0.53515625 0.2847222222222222
0 0.498046875 0.6354166666666666 0.501953125 0.6388888888888888 0.5078125 0.6284722222222222 0.509765625 0.6284722222222222 0.509765625 0.6354166666666666 0.50390625 0.6458333333333334 0.498046875 0.6493055555555556 0.494140625 0.65625 0.48828125 0.65625 0.486328125 0.6597222222222222 0.474609375 0.6597222222222222 0.47265625 0.6631944444444444 0.46875 0.6631944444444444 0.46875 0.65625 0.478515625 0.6388888888888888 0.482421875 0.6354166666666666 0.49609375 0.6354166666666666
0 0.5369791666666667 0.8472222222222222 0.027083333333333334 0.04074074074074074
0 0.40625 0.16666666666666666 0.41015625 0.16666666666666666 0.412109375 0.1736111111111111 0.41015625 0.17708333333333334 0.40625 0.17708333333333334 0.40625 0.1701388888888889
0 0.390625 0.041666666666666664 0.392578125 0.04861111111111111 0.388671875 0.052083333333333336 0.380859375 0.052083333333333336 0.37890625 0.04861111111111111 0.37890625 0.041666666666666664 0.380859375 0.03819444444444445 0.38671875 0.03819444444444445 0.388671875 0.041666666666666664
0 0.36328125 0.3958333333333333 0.3671875 0.4131944444444444 0.3671875 0.4236111111111111 0.36328125 0.4270833333333333 0.359375 0.4201388888888889 0.361328125 0.3993055555555556
0 0.654296875 0.3055555555555556 0.65625 0.3055555555555556 0.65625 0.3229166666666667 0.658203125 0.3263888888888889 0.650390625 0.3263888888888889 0.646484375 0.3368055555555556 0.63671875 0.34375 0.62890625 0.3576388888888889 0.630859375 0.3611111111111111 0.630859375 0.3680555555555556 0.626953125 0.3645833333333333 0.62109375 0.3645833333333333 0.619140625 0.3611111111111111 0.6171875 0.3645833333333333 0.607421875 0.3645833333333333 0.60546875 0.3680555555555556 0.60546875 0.3472222222222222 0.615234375 0.3263888888888889 0.625 0.3194444444444444 0.6484375 0.3194444444444444 0.654296875 0.3090277777777778
0 0.599609375 0.4097222222222222 0.599609375 0.4236111111111111 0.60546875 0.4340277777777778 0.60546875 0.4375 0.6015625 0.4375 0.599609375 0.4409722222222222 0.599609375 0.4618055555555556 0.591796875 0.4722222222222222 0.58984375 0.46875 0.5859375 0.46875 0.583984375 0.4652777777777778 0.583984375 0.4513888888888889 0.58203125 0.4479166666666667 0.5859375 0.4305555555555556 0.58984375 0.4270833333333333 0.595703125 0.4305555555555556 0.59765625 0.4270833333333333 0.59765625 0.4131944444444444
0 0.53125 0.12152777777777778 0.53515625 0.125 0.53515625 0.13541666666666666 0.53125 0.13541666666666666 0.53125 0.125
0 0.591796875 0.08333333333333333 0.59765625 0.08333333333333333 0.59765625 0.09027777777777778 0.595703125 0.09375 0.591796875 0.09375 0.591796875 0.08680555555555555