0 0.482421875 0.3368055555555556 0.48828125 0.34375 0.490234375 0.3506944444444444 0.490234375 0.3541666666666667 0.48828125 0.3541666666666667 0.482421875 0.3402777777777778
0 0.609375 0.5729166666666666 0.615234375 0.5729166666666666 0.619140625 0.5763888888888888 0.615234375 0.5798611111111112 0.615234375 0.5902777777777778 0.6171875 0.59375 0.6171875 0.625 0.615234375 0.6319444444444444 0.611328125 0.6354166666666666 0.607421875 0.6354166666666666 0.60546875 0.6284722222222222 0.60546875 0.6041666666666666 0.611328125 0.5798611111111112 0.609375 0.5763888888888888
0 0.509765625 0.7951388888888888 0.513671875 0.7916666666666666 0.513671875 0.7986111111111112 0.517578125 0.8090277777777778 0.517578125 0.8263888888888888 0.51953125 0.8333333333333334 0.515625 0.8333333333333334 0.51171875 0.7986111111111112
0 0.564453125 0.9131944444444444 0.568359375 0.9201388888888888 0.572265625 0.9375 0.572265625 0.9861111111111112 0.5703125 0.9861111111111112 0.56640625 0.96875 0.56640625 0.9548611111111112 0.564453125 0.9513888888888888 0.564453125 0.9166666666666666
0 0.49505208333333334 0.36712962962962964 0.005729166666666666 0.010185185185185184
0 0.544921875 0.10069444444444445 0.546875 0.10416666666666667 0.55078125 0.10416666666666667 0.568359375 0.1284722222222222 0.572265625 0.1388888888888889 0.572265625 0.16319444444444445 0.564453125 0.16319444444444445 0.5625 0.1597222222222222 0.56640625 0.14930555555555555 0.564453125 0.1423611111111111 0.55078125 0.1284722222222222 0.54296875 0.1284722222222222 0.54296875 0.12152777777777778 0.5390625 0.11458333333333333 0.5390625 0.10416666666666667 0.54296875 0.10069444444444445
0 0.513671875 0.4618055555555556 0.51953125 0.46875 0.51953125 0.4791666666666667 0.517578125 0.4791666666666667 0.513671875 0.4652777777777778
0 0.484375 0.4097222222222222 0.48828125 0.4166666666666667 0.48828125 0.4270833333333333 0.486328125 0.4270833333333333 0.484375 0.4236111111111111 0.484375 0.4131944444444444
0 0.486328125 0.10069444444444445 0.501953125 0.10416666666666667 0.501953125 0.1076388888888889 0.498046875 0.1076388888888889 0.494140625 0.11458333333333333 0.494140625 0.125 0.498046875 0.13541666666666666 0.498046875 0.16319444444444445 0.49609375 0.16666666666666666 0.49609375 0.1736111111111111 0.484375 0.19791666666666666 0.48046875 0.19791666666666666 0.4765625 0.1909722222222222 0.4765625 0.1701388888888889 0.474609375 0.16666666666666666 0.474609375 0.15625 0.48046875 0.14583333333333334 0.48046875 0.1388888888888889 0.484375 0.125 0.486328125 0.125 0.490234375 0.11458333333333333 0.48828125 0.10416666666666667
0 0.57421875 0.65625 0.57421875 0.6597222222222222 0.5703125 0.6631944444444444 0.55078125 0.6631944444444444 0.55078125 0.6597222222222222 0.556640625 0.6597222222222222 0.55859375 0.65625 0.572265625 0.65625
0 0.650390625 0.08333333333333333 0.658203125 0.0798611111111111 0.658203125 0.12152777777777778 0.654296875 0.11805555555555555 0.654296875 0.1111111111111111 0.650390625 0.09722222222222222 0.650390625 0.08680555555555555
0 0.494140625 0.7673611111111112 0.498046875 0.7743055555555556 0.498046875 0.7847222222222222 0.4921875 0.7708333333333334
0 0.646484375 0.9583333333333334 0.6484375 0.9583333333333334 0.65234375 0.96875 0.65234375 0.9965277777777778 0.646484375 0.9965277777777778 0.646484375 0.9618055555555556
0 0.48046875 0.7326388888888888 0.482421875 0.7326388888888888 0.486328125 0.7430555555555556 0.486328125 0.75 0.482421875 0.75 0.48046875 0.7361111111111112
0 0.490234375 0.7291666666666666 0.494140625 0.7395833333333334 0.494140625 0.7465277777777778 0.48828125 0.7326388888888888
0 0.46484375 0.3819444444444444 0.466796875 0.3819444444444444 0.474609375 0.3993055555555556 0.470703125 0.3993055555555556 0.46484375 0.3854166666666667
0 0.51953125 0.8055555555555556 0.525390625 0.8229166666666666 0.525390625 0.8472222222222222 0.51953125 0.8402777777777778 0.51953125 0.8159722222222222 0.517578125 0.8090277777777778
0 0.533203125 0.7569444444444444 0.541015625 0.7916666666666666 0.541015625 0.8125 0.5390625 0.8125 0.53515625 0.7986111111111112 0.533203125 0.7673611111111112 0.53125 0.7604166666666666
0 0.63671875 0.7013888888888888 0.640625 0.7013888888888888 0.646484375 0.7222222222222222 0.6484375 0.7430555555555556 0.650390625 0.7465277777777778 0.650390625 0.7638888888888888 0.6484375 0.7673611111111112 0.6484375 0.7743055555555556 0.64453125 0.78125 0.640625 0.78125 0.638671875 0.7777777777777778 0.634765625 0.7604166666666666 0.634765625 0.7430555555555556 0.6328125 0.7395833333333334 0.6328125 0.7326388888888888 0.63671875 0.71875 0.63671875 0.7048611111111112
0 0.34375 0.2708333333333333 0.34765625 0.2743055555555556 0.345703125 0.2916666666666667 0.341796875 0.3020833333333333 0.341796875 0.2777777777777778 0.34375 0.2743055555555556
0 0.466796875 0.3645833333333333 0.470703125 0.3645833333333333 0.4765625 0.3854166666666667 0.470703125 0.3784722222222222 0.46875 0.3680555555555556
0 0.6328125 0.8993055555555556 0.63671875 0.8993055555555556 0.63671875 0.90625 0.638671875 0.9097222222222222 0.638671875 0.9236111111111112 0.634765625 0.9236111111111112 0.630859375 0.9131944444444444 0.630859375 0.90625 0.6328125 0.9027777777777778
0 0.341796875 0.9548611111111112 0.34765625 0.9583333333333334 0.345703125 0.9652777777777778 0.341796875 0.9652777777777778 0.341796875 0.9583333333333334
0 0.6015625 0.6770833333333334 0.60546875 0.6770833333333334 0.607421875 0.6805555555555556 0.607421875 0.7118055555555556 0.60546875 0.71875 0.599609375 0.7256944444444444 0.59765625 0.7222222222222222 0.59765625 0.7152777777777778 0.599609375 0.7118055555555556 0.599609375 0.6840277777777778 0.6015625 0.6805555555555556
0 0.623046875 0.0625 0.623046875 0.10069444444444445 0.619140625 0.11805555555555555 0.6171875 0.11805555555555555 0.6171875 0.08680555555555555 0.619140625 0.08333333333333333 0.62109375 0.06597222222222222
0 0.50390625 0.4097222222222222 0.51171875 0.4166666666666667 0.515625 0.4305555555555556 0.515625 0.4340277777777778 0.513671875 0.4340277777777778 0.513671875 0.4305555555555556 0.50390625 0.4131944444444444
0 0.498046875 0.71875 0.501953125 0.7222222222222222 0.501953125 0.7395833333333334 0.5 0.7395833333333334 0.498046875 0.7326388888888888 0.498046875 0.7222222222222222
0 0.466796875 0.4340277777777778 0.47265625 0.4409722222222222 0.47265625 0.4479166666666667 0.470703125 0.4479166666666667 0.466796875 0.4375
0 0.4796875 0.7518518518518519 0.005208333333333333 0.016666666666666666
0 0.470703125 0.4027777777777778 0.474609375 0.4027777777777778 0.4765625 0.4097222222222222 0.4765625 0.4201388888888889 0.474609375 0.4201388888888889 0.470703125 0.40625
0 0.5859375 0.6215277777777778 0.591796875 0.6284722222222222 0.59765625 0.6527777777777778 0.59765625 0.6840277777777778 0.595703125 0.6875 0.595703125 0.6979166666666666 0.58984375 0.6979166666666666 0.587890625 0.6736111111111112 0.583984375 0.6597222222222222 0.583984375 0.6354166666666666 0.5859375 0.6319444444444444 0.5859375 0.625
0 0.49609375 0.3854166666666667 0.498046875 0.3854166666666667 0.498046875 0.3958333333333333 0.501953125 0.40625 0.498046875 0.40625 0.49609375 0.3993055555555556 0.49609375 0.3888888888888889
0 0.537109375 0.3923611111111111 0.541015625 0.3923611111111111 0.541015625 0.40625 0.54296875 0.4097222222222222 0.541015625 0.4340277777777778 0.5390625 0.4340277777777778 0.537109375 0.4270833333333333 0.537109375 0.3958333333333333
0 0.509765625 0.7951388888888888 0.513671875 0.7916666666666666 0.513671875 0.7986111111111112 0.51953125 0.8055555555555556 0.5234375 0.8159722222222222 0.5234375 0.8229166666666666 0.525390625 0.8263888888888888 0.525390625 0.84375 0.521484375 0.84375 0.515625 0.8298611111111112 0.515625 0.8229166666666666 0.513671875 0.8194444444444444 0.513671875 0.8020833333333334 0.51171875 0.7986111111111112