0 0.568359375 0.041811846689895474 0.5703125 0.041811846689895474 0.5703125 0.05574912891986063 0.568359375 0.05574912891986063 0.568359375 0.04529616724738676
0 0.537109375 0.013937282229965157 0.541015625 0.017421602787456445 0.546875 0.017421602787456445 0.548828125 0.020905923344947737 0.556640625 0.020905923344947737 0.556640625 0.041811846689895474 0.5546875 0.04529616724738676 0.548828125 0.04529616724738676 0.546875 0.03832752613240418 0.53515625 0.024390243902439025 0.537109375 0.017421602787456445
0 0.54296875 0.25435540069686413 0.552734375 0.25435540069686413 0.556640625 0.26480836236933797 0.556640625 0.28222996515679444 0.548828125 0.289198606271777 0.546875 0.30313588850174217 0.541015625 0.2857142857142857 0.53515625 0.2787456445993031 0.537109375 0.27526132404181186 0.537109375 0.2682926829268293 0.5390625 0.2682926829268293 0.54296875 0.2578397212543554
0 0.59765625 0.6202090592334495 0.60546875 0.627177700348432 0.62109375 0.627177700348432 0.623046875 0.6306620209059234 0.623046875 0.6376306620209059 0.62109375 0.6411149825783972 0.625 0.6480836236933798 0.62890625 0.6480836236933798 0.626953125 0.6515679442508711 0.630859375 0.662020905923345 0.630859375 0.6689895470383276 0.62109375 0.6794425087108014 0.59765625 0.6794425087108014 0.59375 0.686411149825784 0.58203125 0.6829268292682927 0.5859375 0.6794425087108014 0.5859375 0.6724738675958188 0.587890625 0.6689895470383276 0.587890625 0.6411149825783972 0.58984375 0.6376306620209059 0.58984375 0.6306620209059234 0.591796875 0.6236933797909407 0.595703125 0.6202090592334495
0 0.564453125 0.21254355400696864 0.56640625 0.21254355400696864 0.56640625 0.22996515679442509 0.560546875 0.23693379790940766 0.55859375 0.23693379790940766 0.556640625 0.22996515679442509 0.556640625 0.21951219512195122 0.5625 0.21951219512195122 0.564453125 0.21602787456445993
0 0.650390625 0.7979094076655052 0.654296875 0.7979094076655052 0.65625 0.8013937282229965 0.65625 0.8327526132404182 0.654296875 0.8362369337979094 0.646484375 0.8362369337979094 0.64453125 0.8327526132404182 0.640625 0.8327526132404182 0.638671875 0.8257839721254355 0.638671875 0.818815331010453 0.6484375 0.8083623693379791 0.650390625 0.8013937282229965
0 0.580078125 0.3240418118466899 0.583984375 0.3310104529616725 0.583984375 0.33797909407665505 0.580078125 0.33797909407665505 0.578125 0.34146341463414637 0.572265625 0.34146341463414637 0.5625 0.3344947735191638 0.5625 0.32752613240418116 0.56640625 0.32752613240418116 0.568359375 0.3240418118466899 0.578125 0.3240418118466899
0 0.69921875 0.2682926829268293 0.701171875 0.2682926829268293 0.701171875 0.2857142857142857 0.697265625 0.28222996515679444 0.69921875 0.2787456445993031 0.69921875 0.27177700348432055
0 0.587890625 0.03484320557491289 0.595703125 0.03484320557491289 0.59765625 0.0313588850174216 0.6171875 0.0313588850174216 0.619140625 0.027874564459930314 0.62890625 0.027874564459930314 0.630859375 0.0313588850174216 0.6484375 0.03484320557491289 0.66015625 0.020905923344947737 0.66015625 0.0313588850174216 0.658203125 0.03484320557491289 0.650390625 0.03832752613240418 0.646484375 0.04529616724738676 0.638671875 0.04878048780487805 0.6328125 0.05574912891986063 0.619140625 0.05574912891986063 0.6171875 0.059233449477351915 0.611328125 0.059233449477351915 0.607421875 0.05574912891986063 0.60546875 0.059233449477351915 0.59765625 0.059233449477351915 0.595703125 0.05574912891986063 0.58984375 0.05574912891986063 0.587890625 0.04878048780487805 0.587890625 0.03832752613240418
0 0.38671875 0.020905923344947737 0.390625 0.020905923344947737 0.390625 0.0313588850174216 0.38671875 0.03832752613240418 0.380859375 0.0313588850174216 0.376953125 0.0313588850174216 0.380859375 0.0313588850174216 0.38671875 0.024390243902439025
0 0.400390625 0 0.421875 0 0.421875 0.006968641114982578 0.41796875 0.006968641114982578 0.416015625 0.010452961672473868 0.40625 0.010452961672473868 0.404296875 0.003484320557491289 0.400390625 0.003484320557491289
0 0.623046875 0.31010452961672474 0.63671875 0.31010452961672474 0.638671875 0.3170731707317073 0.638671875 0.3310104529616725 0.626953125 0.3554006968641115 0.626953125 0.36585365853658536 0.619140625 0.3693379790940767 0.615234375 0.3588850174216028 0.61328125 0.3623693379790941 0.60546875 0.3623693379790941 0.591796875 0.3832752613240418 0.587890625 0.3832752613240418 0.5859375 0.37630662020905925 0.58203125 0.37630662020905925 0.578125 0.3797909407665505 0.576171875 0.3832752613240418 0.578125 0.3867595818815331 0.576171875 0.3867595818815331 0.572265625 0.3832752613240418 0.568359375 0.37630662020905925 0.56640625 0.36585365853658536 0.5625 0.3623693379790941 0.56640625 0.36585365853658536 0.57421875 0.36585365853658536 0.576171875 0.3623693379790941 0.578125 0.34494773519163763 0.5859375 0.33797909407665505 0.591796875 0.32752613240418116 0.595703125 0.32752613240418116 0.60546875 0.3170731707317073 0.62109375 0.3170731707317073 0.623046875 0.313588850174216
0 0.544921875 0.3588850174216028 0.546875 0.3588850174216028 0.546875 0.37630662020905925 0.54296875 0.37630662020905925 0.541015625 0.3832752613240418 0.5390625 0.3832752613240418 0.537109375 0.37630662020905925 0.537109375 0.3693379790940767 0.544921875 0.3623693379790941
0 0.537109375 0.6062717770034843 0.544921875 0.6132404181184669 0.548828125 0.6062717770034843 0.548828125 0.6202090592334495 0.546875 0.6236933797909407 0.541015625 0.6236933797909407 0.53515625 0.6306620209059234 0.51953125 0.6306620209059234 0.517578125 0.6341463414634146 0.505859375 0.6341463414634146 0.50390625 0.6306620209059234 0.5 0.6306620209059234 0.5 0.627177700348432 0.501953125 0.627177700348432 0.509765625 0.6132404181184669 0.5234375 0.6097560975609756 0.525390625 0.6062717770034843 0.53515625 0.6062717770034843
0 0.3515625 0.3240418118466899 0.361328125 0.3240418118466899 0.369140625 0.3310104529616725 0.369140625 0.3519163763066202 0.365234375 0.3588850174216028 0.359375 0.3519163763066202 0.359375 0.34494773519163763 0.35546875 0.34146341463414637 0.35546875 0.3310104529616725 0.3515625 0.32752613240418116
0 0.574009324009324 0.8311688311688311 0.0416120337995338 0.05717859376395961
0 0.701171875 0.3832752613240418 0.701171875 0.43205574912891986 0.685546875 0.4250871080139373 0.67578125 0.4146341463414634 0.67578125 0.41114982578397213 0.677734375 0.41114982578397213 0.6875 0.3902439024390244 0.693359375 0.3832752613240418 0.69921875 0.3832752613240418
0 0.537109375 0.5296167247386759 0.541015625 0.5261324041811847 0.55859375 0.5261324041811847 0.55859375 0.5331010452961672 0.552734375 0.5331010452961672 0.55078125 0.5365853658536586 0.541015625 0.5365853658536586 0.537109375 0.5331010452961672
0 0.376953125 0 0.38671875 0 0.38671875 0.006968641114982578 0.380859375 0.006968641114982578 0.376953125 0.003484320557491289
0 0.4296875 0.08710801393728224 0.4375 0.08710801393728224 0.4375 0.10104529616724739 0.423828125 0.0975609756097561 0.423828125 0.09407665505226481 0.427734375 0.09407665505226481 0.4296875 0.09059233449477352
0 0.6796875 0.27177700348432055 0.681640625 0.27177700348432055 0.68359375 0.28222996515679444 0.6875 0.289198606271777 0.69140625 0.289198606271777 0.69140625 0.2961672473867596 0.68359375 0.313588850174216 0.685546875 0.33797909407665505 0.681640625 0.34494773519163763 0.681640625 0.3519163763066202 0.677734375 0.3554006968641115 0.677734375 0.3588850174216028 0.681640625 0.3623693379790941 0.681640625 0.37282229965156793 0.673828125 0.37630662020905925 0.6640625 0.3867595818815331 0.650390625 0.3902439024390244 0.646484375 0.3867595818815331 0.642578125 0.3693379790940767 0.642578125 0.34494773519163763 0.65234375 0.32752613240418116 0.658203125 0.3240418118466899 0.662109375 0.3170731707317073 0.669921875 0.3170731707317073 0.67578125 0.31010452961672474 0.677734375 0.30313588850174217 0.677734375 0.28222996515679444 0.6796875 0.27526132404181186
0 0.673828125 0.6759581881533101 0.69140625 0.6759581881533101 0.693359375 0.6829268292682927 0.69921875 0.6829268292682927 0.701171875 0.686411149825784 0.701171875 0.794425087108014 0.685546875 0.794425087108014 0.68359375 0.7909407665505227 0.6796875 0.7909407665505227 0.671875 0.7735191637630662 0.671875 0.7247386759581882 0.673828125 0.7212543554006968 0.673828125 0.710801393728223 0.677734375 0.7073170731707317 0.677734375 0.7038327526132404 0.673828125 0.7003484320557491 0.673828125 0.6933797909407665 0.671875 0.6898954703832753 0.671875 0.6829268292682927 0.673828125 0.6794425087108014
0 0.634765625 0 0.64453125 0 0.63671875 0.003484320557491289
0 0.3828125 0.07317073170731707 0.396484375 0.07317073170731707 0.396484375 0.08013937282229965 0.392578125 0.08362369337979095 0.38671875 0.08362369337979095 0.3828125 0.08013937282229965 0.3828125 0.07665505226480836
0 0.560546875 0.4634146341463415 0.564453125 0.47038327526132406 0.564453125 0.4878048780487805 0.5625 0.4912891986062718 0.556640625 0.4912891986062718 0.5546875 0.4843205574912892 0.548828125 0.4843205574912892 0.55078125 0.4808362369337979 0.55078125 0.4738675958188153 0.54296875 0.4634146341463415 0.544921875 0.4564459930313589 0.55078125 0.4564459930313589 0.55859375 0.4634146341463415