0 0.755859375 0.6293706293706294 0.759765625 0.6258741258741258 0.775390625 0.6258741258741258 0.783203125 0.6328671328671329 0.78125 0.6468531468531469 0.771484375 0.6468531468531469 0.76953125 0.6503496503496503 0.7578125 0.6503496503496503 0.755859375 0.6468531468531469 0.751953125 0.6468531468531469 0.751953125 0.6398601398601399 0.75390625 0.6398601398601399 0.755859375 0.6328671328671329
0 0.70703125 0.7097902097902098 0.744140625 0.7097902097902098 0.744140625 0.7202797202797203 0.740234375 0.7307692307692307 0.73828125 0.7307692307692307 0.732421875 0.7412587412587412 0.720703125 0.7412587412587412 0.71875 0.7447552447552448 0.70703125 0.7447552447552448 0.6953125 0.7342657342657343 0.6953125 0.7272727272727273 0.70703125 0.7132867132867133
0 0.640625 0.6013986013986014 0.64453125 0.6013986013986014 0.64453125 0.6468531468531469 0.640625 0.6503496503496503 0.640625 0.6573426573426573 0.638671875 0.6608391608391608 0.638671875 0.6783216783216783 0.640625 0.6818181818181818 0.638671875 0.6958041958041958 0.63671875 0.6958041958041958 0.634765625 0.7027972027972028 0.630859375 0.7062937062937062 0.625 0.7027972027972028 0.625 0.6993006993006993 0.619140625 0.6888111888111889 0.619140625 0.6748251748251748 0.615234375 0.6713286713286714 0.615234375 0.6503496503496503 0.619140625 0.6468531468531469 0.619140625 0.6328671328671329 0.62109375 0.6258741258741258 0.625 0.6188811188811189 0.630859375 0.6153846153846154 0.6328125 0.6083916083916084 0.638671875 0.6083916083916084 0.640625 0.6048951048951049
0 0.603515625 0.4195804195804196 0.630859375 0.4195804195804196 0.62890625 0.4230769230769231 0.62890625 0.45454545454545453 0.626953125 0.458041958041958 0.615234375 0.458041958041958 0.61328125 0.46153846153846156 0.595703125 0.46153846153846156 0.59375 0.458041958041958 0.583984375 0.458041958041958 0.583984375 0.44755244755244755 0.5859375 0.44755244755244755 0.59765625 0.42657342657342656 0.6015625 0.42657342657342656 0.603515625 0.4230769230769231
0 0.759765625 0.6258741258741258 0.783203125 0.6258741258741258 0.78515625 0.6328671328671329 0.783203125 0.6468531468531469 0.77734375 0.6538461538461539 0.78125 0.6643356643356644 0.7734375 0.6678321678321678 0.763671875 0.6608391608391608 0.759765625 0.6538461538461539 0.755859375 0.6538461538461539 0.75390625 0.6468531468531469 0.75390625 0.6363636363636364 0.759765625 0.6293706293706294
0 0.095703125 0.3076923076923077 0.09765625 0.3111888111888112 0.109375 0.3111888111888112 0.111328125 0.3146853146853147 0.12109375 0.3146853146853147 0.123046875 0.3111888111888112 0.15625 0.3146853146853147 0.15625 0.3321678321678322 0.15234375 0.3321678321678322 0.150390625 0.3356643356643357 0.146484375 0.3531468531468531 0.13671875 0.35664335664335667 0.123046875 0.3741258741258741 0.109375 0.3776223776223776 0.107421875 0.3811188811188811 0.095703125 0.38461538461538464 0.08984375 0.3916083916083916 0.083984375 0.3916083916083916 0.07421875 0.3741258741258741 0.072265625 0.3741258741258741 0.072265625 0.36713286713286714 0.07421875 0.36713286713286714 0.083984375 0.34615384615384615 0.083984375 0.33916083916083917 0.091796875 0.32867132867132864 0.095703125 0.3111888111888112
0 0.21484375 0 0.251953125 0 0.251953125 0.013986013986013986 0.244140625 0.013986013986013986 0.2421875 0.017482517482517484 0.21875 0.017482517482517484 0.21484375 0.013986013986013986 0.21484375 0.0034965034965034965
0 0.744140625 0.5 0.74609375 0.5034965034965035 0.744140625 0.5454545454545454 0.7421875 0.548951048951049 0.732421875 0.548951048951049 0.73046875 0.5524475524475524 0.712890625 0.5524475524475524 0.7109375 0.548951048951049 0.70703125 0.548951048951049 0.70703125 0.534965034965035 0.708984375 0.534965034965035 0.716796875 0.5174825174825175 0.724609375 0.513986013986014 0.728515625 0.5034965034965035 0.732421875 0.5 0.7421875 0.5
0 0.712890625 0.6713286713286714 0.716796875 0.6678321678321678 0.73046875 0.6678321678321678 0.734375 0.6713286713286714 0.734375 0.6888111888111889 0.73046875 0.6923076923076923 0.72265625 0.6923076923076923 0.716796875 0.6853146853146853 0.712890625 0.6853146853146853 0.712890625 0.6748251748251748
0 0.8515625 0.6363636363636364 0.859375 0.6363636363636364 0.861328125 0.6433566433566433 0.861328125 0.6538461538461539 0.85546875 0.6608391608391608 0.845703125 0.6608391608391608 0.84375 0.6538461538461539 0.845703125 0.6468531468531469 0.8515625 0.6398601398601399
0 0.71875 0 0.734375 0 0.734375 0.01048951048951049 0.736328125 0.013986013986013986 0.736328125 0.05944055944055944 0.73046875 0.05944055944055944 0.7265625 0.055944055944055944 0.72265625 0.045454545454545456 0.72265625 0.01048951048951049 0.71875 0.006993006993006993 0.71875 0.0034965034965034965
0 0.4375 0.2062937062937063 0.44140625 0.2097902097902098 0.44140625 0.22727272727272727 0.439453125 0.23076923076923078 0.43359375 0.23076923076923078 0.4296875 0.22727272727272727 0.427734375 0.2202797202797203 0.427734375 0.2097902097902098 0.4296875 0.2062937062937063 0.435546875 0.2062937062937063
0 0.810546875 0.6188811188811189 0.8125 0.6258741258741258 0.818359375 0.6258741258741258 0.822265625 0.6293706293706294 0.826171875 0.6398601398601399 0.82421875 0.6468531468531469 0.80078125 0.6433566433566433 0.80078125 0.6328671328671329 0.806640625 0.6293706293706294 0.810546875 0.6223776223776224