0 0.5625 0.7541666666666667 0.00625 0.013888888888888888
0 0.6104166666666666 0.6356481481481482 0.015625 0.06574074074074074
0 0.4765625 0.4270833333333333 0.478515625 0.4270833333333333 0.484375 0.4409722222222222 0.484375 0.4479166666666667 0.4765625 0.4305555555555556
0 0.544921875 0.4270833333333333 0.548828125 0.4270833333333333 0.548828125 0.4652777777777778 0.544921875 0.4618055555555556 0.544921875 0.4305555555555556
0 0.53515625 0.09027777777777778 0.556640625 0.1076388888888889 0.560546875 0.11458333333333333 0.560546875 0.12152777777777778 0.533203125 0.11458333333333333 0.52734375 0.10416666666666667 0.52734375 0.09375 0.533203125 0.09027777777777778
0 0.51953125 0.4722222222222222 0.521484375 0.4722222222222222 0.521484375 0.4791666666666667 0.525390625 0.4895833333333333 0.5234375 0.4965277777777778 0.521484375 0.4930555555555556 0.51953125 0.4756944444444444
0 0.505859375 0.8055555555555556 0.509765625 0.8159722222222222 0.509765625 0.8263888888888888 0.505859375 0.8229166666666666 0.50390625 0.8090277777777778
0 0.458984375 0.017361111111111112 0.4609375 0.020833333333333332 0.455078125 0.04513888888888889 0.453125 0.04513888888888889 0.453125 0.027777777777777776 0.45703125 0.020833333333333332
0 0.595703125 0.7083333333333334 0.6015625 0.7222222222222222 0.603515625 0.7465277777777778 0.599609375 0.7569444444444444 0.591796875 0.7638888888888888 0.591796875 0.7708333333333334 0.58984375 0.7743055555555556 0.5859375 0.7708333333333334 0.5859375 0.7430555555555556 0.591796875 0.7291666666666666 0.595703125 0.7118055555555556
0 0.501953125 0.4097222222222222 0.509765625 0.4305555555555556 0.509765625 0.4375 0.5078125 0.4375 0.505859375 0.4270833333333333 0.501953125 0.4201388888888889 0.501953125 0.4131944444444444
0 0.484375 0.7743055555555556 0.48828125 0.7881944444444444 0.48828125 0.7916666666666666 0.484375 0.7881944444444444 0.484375 0.7777777777777778
0 0.5625 0.8958333333333334 0.564453125 0.8958333333333334 0.564453125 0.9027777777777778 0.568359375 0.9166666666666666 0.56640625 0.9583333333333334 0.564453125 0.9618055555555556 0.5625 0.9583333333333334 0.5625 0.9340277777777778 0.560546875 0.9305555555555556 0.560546875 0.9097222222222222 0.5625 0.90625 0.5625 0.8993055555555556
0 0.484375 0.11805555555555555 0.490234375 0.125 0.498046875 0.125 0.5 0.1284722222222222 0.490234375 0.1423611111111111 0.494140625 0.15625 0.494140625 0.1875 0.48828125 0.20833333333333334 0.484375 0.2152777777777778 0.48046875 0.21875 0.474609375 0.21875 0.47265625 0.2152777777777778 0.47265625 0.1909722222222222 0.470703125 0.1875 0.470703125 0.17708333333333334 0.4765625 0.1701388888888889 0.478515625 0.1527777777777778 0.48828125 0.1388888888888889 0.484375 0.12152777777777778
0 0.55078125 0.6597222222222222 0.5546875 0.6597222222222222 0.556640625 0.65625 0.5703125 0.65625 0.572265625 0.6527777777777778 0.576171875 0.65625 0.576171875 0.6597222222222222 0.572265625 0.6597222222222222 0.5703125 0.6631944444444444 0.55078125 0.6631944444444444
0 0.654296875 0.17708333333333334 0.65625 0.17708333333333334 0.654296875 0.18055555555555555 0.65234375 0.2048611111111111 0.6484375 0.2048611111111111 0.6484375 0.19791666666666666 0.654296875 0.18055555555555555
0 0.34479166666666666 0.9643518518518519 0.00625 0.01574074074074074
0 0.490234375 0.3472222222222222 0.498046875 0.3472222222222222 0.49609375 0.3506944444444444 0.498046875 0.3715277777777778 0.4921875 0.3611111111111111 0.490234375 0.3506944444444444
0 0.486328125 0.4236111111111111 0.48828125 0.4236111111111111 0.490234375 0.4375 0.494140625 0.4479166666666667 0.494140625 0.4513888888888889 0.490234375 0.4479166666666667 0.490234375 0.4409722222222222 0.486328125 0.4270833333333333
0 0.6341145833333334 0.9106481481481481 0.008854166666666666 0.030555555555555558
0 0.48046875 0.3888888888888889 0.48828125 0.3993055555555556 0.48828125 0.4027777777777778 0.486328125 0.4027777777777778 0.48046875 0.3958333333333333 0.48046875 0.3923611111111111
0 0.54296875 0.8263888888888888 0.548828125 0.8402777777777778 0.548828125 0.8541666666666666 0.55078125 0.8576388888888888 0.55078125 0.8715277777777778 0.546875 0.8715277777777778 0.544921875 0.8680555555555556 0.544921875 0.8576388888888888 0.54296875 0.8541666666666666 0.54296875 0.8298611111111112
0 0.5234375 0.8541666666666666 0.525390625 0.8541666666666666 0.53515625 0.8888888888888888 0.53515625 0.8993055555555556 0.53125 0.8993055555555556 0.529296875 0.8958333333333334 0.52734375 0.8819444444444444 0.5234375 0.8715277777777778 0.5234375 0.8576388888888888
0 0.4921875 0.7638888888888888 0.494140625 0.7638888888888888 0.5 0.7777777777777778 0.5 0.78125 0.49609375 0.78125 0.4921875 0.7673611111111112
0 0.646484375 0.7916666666666666 0.650390625 0.7916666666666666 0.650390625 0.7986111111111112 0.658203125 0.8263888888888888 0.658203125 0.8680555555555556 0.65625 0.8715277777777778 0.65234375 0.8715277777777778 0.646484375 0.84375 0.646484375 0.7951388888888888
0 0.47265625 0.4027777777777778 0.4765625 0.4027777777777778 0.482421875 0.4166666666666667 0.4765625 0.4131944444444444 0.47265625 0.40625
0 0.515625 0.4340277777777778 0.517578125 0.4340277777777778 0.52734375 0.4513888888888889 0.52734375 0.4618055555555556 0.51953125 0.4479166666666667 0.51953125 0.4444444444444444 0.515625 0.4409722222222222 0.515625 0.4375
0 0.509765625 0.7569444444444444 0.51171875 0.7638888888888888 0.51171875 0.7708333333333334 0.509765625 0.7743055555555556 0.505859375 0.7743055555555556 0.501953125 0.7673611111111112 0.501953125 0.7569444444444444 0.50390625 0.7534722222222222 0.5078125 0.7569444444444444
0 0.54296875 0.4131944444444444 0.55859375 0.4131944444444444 0.560546875 0.4166666666666667 0.564453125 0.4166666666666667 0.564453125 0.4201388888888889 0.55078125 0.4201388888888889 0.548828125 0.4236111111111111 0.54296875 0.4236111111111111 0.54296875 0.4166666666666667
0 0.4765625 0.4618055555555556 0.484375 0.4791666666666667 0.482421875 0.4791666666666667 0.4765625 0.4652777777777778
0 0.6098958333333333 0.2023148148148148 0.008333333333333333 0.054629629629629625
0 0.58203125 0.5763888888888888 0.587890625 0.5902777777777778 0.591796875 0.6076388888888888 0.591796875 0.625 0.59375 0.6284722222222222 0.591796875 0.6597222222222222 0.595703125 0.6666666666666666 0.595703125 0.6736111111111112 0.59375 0.6701388888888888 0.5859375 0.6701388888888888 0.58203125 0.6736111111111112 0.58203125 0.6666666666666666 0.5859375 0.6597222222222222 0.5859375 0.6527777777777778 0.58203125 0.6458333333333334 0.58203125 0.625 0.578125 0.6180555555555556 0.578125 0.5868055555555556 0.580078125 0.5798611111111112
0 0.6484375 0.05555555555555555 0.654296875 0.0625 0.654296875 0.06944444444444445 0.65625 0.07291666666666667 0.65625 0.09027777777777778 0.658203125 0.09375 0.658203125 0.10069444444444445 0.654296875 0.10416666666666667 0.654296875 0.09722222222222222 0.6484375 0.07291666666666667 0.6484375 0.059027777777777776
0 0.34765625 0.2569444444444444 0.3515625 0.2569444444444444 0.3515625 0.2673611111111111 0.34375 0.2986111111111111 0.341796875 0.2986111111111111 0.341796875 0.2777777777777778 0.34375 0.2743055555555556 0.34375 0.2673611111111111 0.34765625 0.2604166666666667
0 0.5625 0.6701388888888888 0.56640625 0.6736111111111112 0.56640625 0.6805555555555556 0.564453125 0.6840277777777778 0.560546875 0.6805555555555556 0.5625 0.6736111111111112
0 0.470703125 0.9479166666666666 0.47265625 0.9479166666666666 0.474609375 0.9548611111111112 0.474609375 0.9756944444444444 0.4765625 0.9791666666666666 0.474609375 0.9826388888888888 0.470703125 0.9791666666666666 0.470703125 0.9513888888888888