0 0.47177101171875 0.13670705923344947 0.458551087890625 0.14237575261324042 0.458551087890625 0.14723463763066202 0.47617765234375 0.1504738919860627 0.48058429296875 0.14642482578397212 0.48058429296875 0.14156594076655052 0.47970296484375 0.13913649825783972 0.47265233984375 0.13751687108013938 0.47177101171875 0.13670705923344947
0 0.46122328125 0.5152176411149826 0.456007427734375 0.5203107630662022 0.455138119140625 0.5271015923344947 0.457746044921875 0.5304970069686411 0.46383120703125 0.5330435679442509 0.47600153515625 0.5313458606271777 0.47774015234375 0.5262527386759582 0.464700515625 0.5152176411149826 0.46122328125 0.5152176411149826
0 0.460771296875 0.12573948432055748 0.449991111328125 0.12250022648083624 0.445844888671875 0.12250022648083624 0.440869419921875 0.12492966898954705 0.439210927734375 0.13140817770034843 0.4416986640625 0.13464743205574914 0.452478845703125 0.13626705923344948 0.46325903125 0.1330278048780488 0.464088275390625 0.1289787386759582 0.460771296875 0.12573948432055748
0 0.471129576171875 0.09945397560975609 0.477214736328125 0.10277952961672474 0.490254373046875 0.10277952961672474 0.490254373046875 0.09030870383275261 0.4841692109375 0.08698314982578398 0.476345427734375 0.08698314982578398 0.46765233984375 0.09030870383275261 0.471129576171875 0.09945397560975609
0 0.32487645703125 0.07224250522648085 0.336757095703125 0.0804545087108014 0.35180590234375 0.0804545087108014 0.3525979453125 0.07388490592334496 0.3438854765625 0.06649410104529617 0.34309343359375 0.06567290243902439 0.328836671875 0.06813650174216028 0.32487645703125 0.07224250522648085
0 0.4517251484375 0.40802463763066205 0.4644441796875 0.4143150487804878 0.46989519140625 0.4107205261324042 0.472620697265625 0.39724108362369337 0.45899316796875 0.3873561567944251 0.458084666015625 0.3873561567944251 0.452633650390625 0.39454519512195124 0.4517251484375 0.40802463763066205
0 0.502199765625 0.45851932404181184 0.486670193359375 0.44215393728222996 0.48314074609375 0.44215393728222996 0.479611296875 0.44215393728222996 0.470434732421875 0.4548825714285714 0.4633758359375 0.45851932404181184 0.464787615234375 0.4621560766550522 0.461964056640625 0.4721571463414634 0.502199765625 0.4721571463414634 0.502199765625 0.45851932404181184
0 0.492111953125 0.12708719163763066 0.499655974609375 0.13119319163763066 0.509714673828125 0.13119319163763066 0.516420470703125 0.12380239024390244 0.513905796875 0.11723278397212543 0.5105528984375 0.11641158536585366 0.504685322265625 0.11641158536585366 0.49378840234375 0.12298118815331009 0.492111953125 0.12708719163763066
0 0.508607970703125 0.12449925435540068 0.51067503125 0.12809377351916376 0.534790751953125 0.14337047735191635 0.549949203125 0.1424718432055749 0.5533943046875 0.1388773275261324 0.549949203125 0.12809377351916376 0.541680955078125 0.12180336236933799 0.521699361328125 0.12000610452961673 0.51274209375 0.11641158536585366 0.508607970703125 0.12449925435540068
0 0.3848271640625 0.7504163066202091 0.398468220703125 0.7522346829268293 0.42097596484375 0.745870362369338 0.426432388671875 0.7413244216027874 0.42711444140625 0.7349601080139373 0.425068283203125 0.7304141672473867 0.41551954296875 0.7304141672473867 0.402560537109375 0.7222314703832752 0.401878484375 0.7222314703832752 0.38891948046875 0.7258682229965158 0.382098953125 0.7358692961672474 0.380052794921875 0.745870362369338 0.3848271640625 0.7504163066202091
0 0.627576181640625 0.09528206271777004 0.644195669921875 0.0830144181184669 0.646113302734375 0.07923975609756098 0.644834880859375 0.07074677003484321 0.640999615234375 0.07074677003484321 0.630133025390625 0.08490174912891986 0.60456458203125 0.08112708710801393 0.594976416015625 0.08395808362369338 0.582831404296875 0.0830144181184669 0.581552982421875 0.08773274216027874 0.579635349609375 0.08490174912891986 0.57516087109375 0.08584541114982579 0.579635349609375 0.08678907665505227 0.5847490390625 0.0962257282229965 0.58538825 0.10754971080139372 0.594976416015625 0.10188772125435541 0.599450892578125 0.10660604529616725 0.600729314453125 0.11604269337979095 0.60328616015625 0.11698635888501743 0.608399849609375 0.10094405574912892 0.627576181640625 0.09528206271777004
0 0.38274583984375 0.47310081533101045 0.377682919921875 0.4693320836236934 0.37831578515625 0.46179461324041815 0.381480109375 0.4561415087108014 0.373252865234375 0.44483530662020904 0.359962697265625 0.4401243902439025 0.356165505859375 0.4401243902439025 0.3441410703125 0.4429509407665505 0.328952306640625 0.45425714285714286 0.306802029296875 0.44577749128919864 0.305536298828125 0.4533149581881533 0.318826466796875 0.46367898257839724 0.3200921953125 0.4693320836236934 0.3181936015625 0.48346483972125437 0.32262365625 0.4815804703832752 0.32831944140625 0.47310081533101045 0.33464809375 0.4702742648083624 0.349203990234375 0.47310081533101045 0.358064103515625 0.4853492055749129 0.376417189453125 0.48346483972125437 0.38021437890625 0.47969610452961675 0.378948650390625 0.4759273658536585 0.38274583984375 0.47310081533101045