0 0.540625 0.12777777777777777 0.007291666666666667 0.018518518518518517
0 0.51171875 0.10069444444444445 0.515625 0.10416666666666667 0.521484375 0.10416666666666667 0.52734375 0.11805555555555555 0.52734375 0.125 0.525390625 0.1284722222222222 0.521484375 0.1284722222222222 0.515625 0.11805555555555555 0.51171875 0.10416666666666667
0 0.51953125 0.4930555555555556 0.52734375 0.4965277777777778 0.53125 0.5069444444444444 0.53125 0.5243055555555556 0.5234375 0.5173611111111112 0.51953125 0.5173611111111112 0.521484375 0.5104166666666666 0.51953125 0.4965277777777778
0 0.560546875 0.6388888888888888 0.564453125 0.6388888888888888 0.568359375 0.6458333333333334 0.583984375 0.6493055555555556 0.583984375 0.65625 0.58203125 0.6597222222222222 0.587890625 0.6666666666666666 0.591796875 0.6770833333333334 0.591796875 0.6805555555555556 0.583984375 0.6909722222222222 0.56640625 0.6909722222222222 0.560546875 0.6979166666666666 0.5546875 0.6979166666666666 0.560546875 0.6423611111111112
0 0.609375 0.8171296296296297 0.014583333333333334 0.03796296296296296
0 0.6484375 0.45185185185185184 0.020833333333333332 0.06296296296296296
0 0.529296875 0.5555555555555556 0.529296875 0.5625 0.52734375 0.5659722222222222 0.517578125 0.5659722222222222 0.515625 0.5625 0.517578125 0.5555555555555556 0.52734375 0.5555555555555556
0 0.6171875 0.1076388888888889 0.619140625 0.1076388888888889 0.6171875 0.11458333333333333 0.607421875 0.125 0.603515625 0.1423611111111111 0.599609375 0.14583333333333334 0.59375 0.14583333333333334 0.591796875 0.14930555555555555 0.5625 0.14930555555555555 0.560546875 0.14583333333333334 0.556640625 0.14583333333333334 0.55078125 0.13194444444444445 0.55078125 0.12152777777777778 0.5546875 0.11805555555555555 0.5625 0.11805555555555555 0.564453125 0.11458333333333333 0.59765625 0.11458333333333333 0.599609375 0.11805555555555555 0.607421875 0.11805555555555555 0.61328125 0.1076388888888889 0.615234375 0.1076388888888889
0 0.376953125 0.20833333333333334 0.376953125 0.21875 0.37109375 0.21875 0.37109375 0.21180555555555555 0.375 0.20833333333333334
0 0.595703125 0.3680555555555556 0.595703125 0.375 0.583984375 0.3993055555555556 0.58203125 0.4131944444444444 0.576171875 0.4131944444444444 0.57421875 0.4097222222222222 0.572265625 0.4131944444444444 0.568359375 0.4131944444444444 0.556640625 0.4305555555555556 0.55078125 0.4305555555555556 0.548828125 0.4340277777777778 0.546875 0.4340277777777778 0.5390625 0.4166666666666667 0.5390625 0.4131944444444444 0.544921875 0.4131944444444444 0.546875 0.4097222222222222 0.546875 0.3958333333333333 0.537109375 0.3819444444444444 0.5390625 0.3784722222222222 0.556640625 0.3819444444444444 0.560546875 0.375 0.564453125 0.375 0.56640625 0.3715277777777778 0.57421875 0.3715277777777778 0.576171875 0.3680555555555556 0.59375 0.3680555555555556
0 0.5317708333333333 0.2884259259259259 0.009375 0.025
0 0.64453125 0.3194444444444444 0.646484375 0.3194444444444444 0.650390625 0.3298611111111111 0.658203125 0.3298611111111111 0.646484375 0.3541666666666667 0.646484375 0.3576388888888889 0.650390625 0.3611111111111111 0.650390625 0.3715277777777778 0.642578125 0.3923611111111111 0.646484375 0.3993055555555556 0.646484375 0.40625 0.638671875 0.4097222222222222 0.626953125 0.4236111111111111 0.62109375 0.4236111111111111 0.6171875 0.4166666666666667 0.6171875 0.4097222222222222 0.615234375 0.40625 0.615234375 0.3784722222222222 0.623046875 0.3645833333333333 0.6328125 0.3541666666666667 0.63671875 0.3541666666666667 0.64453125 0.3402777777777778 0.64453125 0.3229166666666667
0 0.404296875 0.08333333333333333 0.40625 0.08680555555555555 0.412109375 0.08680555555555555 0.412109375 0.09375 0.39453125 0.09375 0.39453125 0.08680555555555555 0.3984375 0.0798611111111111 0.40234375 0.08333333333333333
0 0.55859375 0.8020833333333334 0.560546875 0.8159722222222222 0.546875 0.8402777777777778 0.5390625 0.8472222222222222 0.53515625 0.8472222222222222 0.53125 0.8402777777777778 0.533203125 0.8298611111111112 0.5390625 0.8194444444444444 0.55078125 0.8159722222222222 0.556640625 0.8055555555555556
0 0.6044270833333333 0.08287037037037037 0.0078125 0.01759259259259259
0 0.380859375 0.14930555555555555 0.3828125 0.1527777777777778 0.38671875 0.1527777777777778 0.388671875 0.1597222222222222 0.380859375 0.16319444444444445 0.376953125 0.15625 0.37890625 0.1527777777777778
0 0.34765625 0.3715277777777778 0.349609375 0.3715277777777778 0.357421875 0.3854166666666667 0.357421875 0.3958333333333333 0.35546875 0.3993055555555556 0.3515625 0.3958333333333333 0.34765625 0.3819444444444444 0.34765625 0.375
0 0.373046875 0.0763888888888889 0.37890625 0.08333333333333333 0.376953125 0.09027777777777778 0.373046875 0.09027777777777778 0.37109375 0.08680555555555555 0.373046875 0.0798611111111111
0 0.42578125 0.06597222222222222 0.43359375 0.06597222222222222 0.435546875 0.06944444444444445 0.435546875 0.0798611111111111 0.4296875 0.0798611111111111 0.42578125 0.06944444444444445
0 0.5145833333333333 0.412962962962963 0.008333333333333333 0.03148148148148148
0 0.3984375 0.034722222222222224 0.40625 0.041666666666666664 0.40625 0.04513888888888889 0.396484375 0.052083333333333336 0.390625 0.04513888888888889 0.390625 0.041666666666666664 0.396484375 0.034722222222222224
0 0.416015625 0.16319444444444445 0.423828125 0.16666666666666666 0.423828125 0.17708333333333334 0.41796875 0.17708333333333334 0.4140625 0.1736111111111111 0.416015625 0.16666666666666666
0 0.587890625 0.6666666666666666 0.587890625 0.6701388888888888 0.595703125 0.6805555555555556 0.599609375 0.6770833333333334 0.6015625 0.6805555555555556 0.619140625 0.6805555555555556 0.62890625 0.6875 0.642578125 0.6875 0.658203125 0.6979166666666666 0.658203125 0.7951388888888888 0.642578125 0.7951388888888888 0.63671875 0.7881944444444444 0.630859375 0.7673611111111112 0.630859375 0.7604166666666666 0.6328125 0.7569444444444444 0.630859375 0.7430555555555556 0.623046875 0.7326388888888888 0.615234375 0.7291666666666666 0.5859375 0.6909722222222222 0.56640625 0.6909722222222222 0.560546875 0.6979166666666666 0.5546875 0.6979166666666666 0.556640625 0.6909722222222222 0.556640625 0.6770833333333334 0.55859375 0.6736111111111112 0.55859375 0.6527777777777778 0.5625 0.6388888888888888 0.57421875 0.6493055555555556 0.58203125 0.6493055555555556 0.583984375 0.6527777777777778 0.58203125 0.6597222222222222 0.5859375 0.6666666666666666
0 0.515625 0.3159722222222222 0.51953125 0.3159722222222222 0.5234375 0.3263888888888889 0.5234375 0.3368055555555556 0.51953125 0.34375 0.51953125 0.3506944444444444 0.515625 0.3506944444444444 0.515625 0.34375 0.513671875 0.3402777777777778 0.513671875 0.3263888888888889 0.515625 0.3194444444444444
0 0.37109375 0.1076388888888889 0.376953125 0.1076388888888889 0.376953125 0.11805555555555555 0.37109375 0.11805555555555555 0.37109375 0.1111111111111111
0 0.494140625 0.6180555555555556 0.5 0.625 0.51171875 0.625 0.513671875 0.6284722222222222 0.521484375 0.6215277777777778 0.521484375 0.6354166666666666 0.515625 0.6354166666666666 0.51171875 0.6423611111111112 0.5 0.6458333333333334 0.498046875 0.6493055555555556 0.482421875 0.6493055555555556 0.494140625 0.6215277777777778