0 0.50390625 0.0798611111111111 0.50390625 0.08680555555555555 0.509765625 0.09375 0.513671875 0.09375 0.51953125 0.1076388888888889 0.51953125 0.11805555555555555 0.513671875 0.11805555555555555 0.50390625 0.10069444444444445 0.501953125 0.10069444444444445 0.50390625 0.09375 0.50390625 0.08333333333333333
0 0.611328125 0.7986111111111112 0.61328125 0.8020833333333334 0.611328125 0.8055555555555556 0.611328125 0.8298611111111112 0.609375 0.8333333333333334 0.60546875 0.8333333333333334 0.599609375 0.8229166666666666 0.599609375 0.8125 0.607421875 0.7986111111111112 0.609375 0.7986111111111112
0 0.349609375 0.2222222222222222 0.35546875 0.2222222222222222 0.359375 0.22916666666666666 0.3671875 0.2326388888888889 0.373046875 0.24305555555555555 0.376953125 0.2569444444444444 0.376953125 0.2638888888888889 0.373046875 0.2673611111111111 0.37109375 0.2638888888888889 0.361328125 0.2638888888888889 0.35546875 0.2708333333333333 0.3515625 0.2708333333333333 0.3515625 0.2604166666666667 0.34765625 0.2534722222222222 0.34375 0.2534722222222222 0.341796875 0.25 0.341796875 0.2361111111111111 0.349609375 0.22569444444444445
0 0.392578125 0.2013888888888889 0.396484375 0.2048611111111111 0.392578125 0.2048611111111111 0.390625 0.20833333333333334 0.3828125 0.20833333333333334 0.37890625 0.2048611111111111 0.37890625 0.19791666666666666 0.380859375 0.19444444444444445 0.38671875 0.19444444444444445 0.390625 0.2013888888888889
0 0.42578125 0.0763888888888889 0.435546875 0.08333333333333333 0.435546875 0.09027777777777778 0.43359375 0.09375 0.423828125 0.09375 0.419921875 0.09027777777777778 0.41796875 0.08680555555555555 0.419921875 0.0798611111111111 0.423828125 0.0763888888888889
0 0.578125 0.3923611111111111 0.583984375 0.4027777777777778 0.5859375 0.4027777777777778 0.5859375 0.40625 0.576171875 0.40625 0.57421875 0.4027777777777778 0.5703125 0.4027777777777778 0.568359375 0.40625 0.568359375 0.4166666666666667 0.56640625 0.4201388888888889 0.564453125 0.4375 0.556640625 0.4513888888888889 0.5546875 0.4513888888888889 0.548828125 0.4618055555555556 0.548828125 0.4652777777777778 0.541015625 0.4618055555555556 0.5390625 0.4652777777777778 0.5390625 0.4722222222222222 0.537109375 0.4722222222222222 0.53515625 0.4479166666666667 0.541015625 0.4409722222222222 0.541015625 0.4340277777777778 0.556640625 0.4027777777777778 0.564453125 0.3993055555555556 0.5703125 0.3923611111111111 0.576171875 0.3923611111111111
0 0.560546875 0.1111111111111111 0.56640625 0.11805555555555555 0.56640625 0.1284722222222222 0.55859375 0.1284722222222222 0.560546875 0.11458333333333333
0 0.580078125 0.3125 0.5859375 0.3020833333333333 0.587890625 0.3020833333333333 0.59375 0.2881944444444444 0.60546875 0.2777777777777778 0.609375 0.2673611111111111 0.609375 0.2604166666666667 0.61328125 0.2534722222222222 0.642578125 0.22916666666666666 0.646484375 0.2222222222222222 0.658203125 0.21180555555555555 0.658203125 0.2673611111111111 0.646484375 0.2673611111111111 0.64453125 0.2708333333333333 0.634765625 0.2743055555555556 0.62890625 0.28125 0.611328125 0.2881944444444444 0.59375 0.3055555555555556 0.58984375 0.3055555555555556 0.58203125 0.3125
0 0.44140625 0.15625 0.443359375 0.1597222222222222 0.44921875 0.1597222222222222 0.453125 0.16319444444444445 0.453125 0.16666666666666666 0.443359375 0.1736111111111111 0.4375 0.1736111111111111 0.43359375 0.16666666666666666 0.43359375 0.16319444444444445 0.439453125 0.15625
0 0.623046875 0.8923611111111112 0.623046875 0.8784722222222222 0.625 0.875 0.630859375 0.8819444444444444 0.650390625 0.8819444444444444 0.65234375 0.8854166666666666 0.65625 0.8854166666666666 0.658203125 0.8888888888888888 0.658203125 0.9166666666666666 0.64453125 0.9097222222222222 0.630859375 0.8888888888888888 0.62890625 0.8923611111111112 0.625 0.8923611111111112
0 0.5234375 0.4548611111111111 0.52734375 0.46875 0.529296875 0.4930555555555556 0.5234375 0.4965277777777778 0.517578125 0.4826388888888889 0.51953125 0.4791666666666667 0.51953125 0.4652777777777778 0.521484375 0.4583333333333333
0 0.52734375 0.2743055555555556 0.525390625 0.2951388888888889 0.51953125 0.2951388888888889 0.51953125 0.28125 0.525390625 0.2743055555555556
0 0.564453125 0.6388888888888888 0.568359375 0.6458333333333334 0.580078125 0.6458333333333334 0.58203125 0.6493055555555556 0.58203125 0.6597222222222222 0.5859375 0.6701388888888888 0.591796875 0.6770833333333334 0.583984375 0.6875 0.564453125 0.6875 0.556640625 0.6979166666666666 0.552734375 0.6944444444444444 0.552734375 0.6875 0.556640625 0.6701388888888888 0.556640625 0.6493055555555556 0.55859375 0.6423611111111112 0.5625 0.6388888888888888
0 0.5703125 0.7673611111111112 0.5703125 0.7881944444444444 0.568359375 0.7951388888888888 0.564453125 0.7986111111111112 0.556640625 0.7986111111111112 0.556640625 0.7881944444444444 0.55859375 0.7847222222222222 0.55859375 0.7777777777777778 0.5625 0.7708333333333334 0.568359375 0.7673611111111112
0 0.408203125 0.13541666666666666 0.41015625 0.1388888888888889 0.41796875 0.1388888888888889 0.41796875 0.14583333333333334 0.404296875 0.14930555555555555 0.40234375 0.1423611111111111 0.40625 0.1388888888888889
0 0.427734375 0.05555555555555555 0.431640625 0.052083333333333336 0.4375 0.052083333333333336 0.44140625 0.05555555555555555 0.44140625 0.06597222222222222 0.4375 0.06597222222222222 0.435546875 0.06944444444444445 0.431640625 0.06944444444444445 0.427734375 0.059027777777777776
0 0.62890625 0.6875 0.640625 0.6875 0.642578125 0.6909722222222222 0.65234375 0.6944444444444444 0.658203125 0.7013888888888888 0.658203125 0.7951388888888888 0.640625 0.7951388888888888 0.6328125 0.7847222222222222 0.62890625 0.7708333333333334 0.62890625 0.7465277777777778 0.630859375 0.7430555555555556 0.630859375 0.71875 0.6328125 0.7152777777777778 0.62890625 0.6909722222222222
0 0.5140625 0.412962962962963 0.019791666666666666 0.10185185185185185
0 0.42578125 0.03819444444444445 0.427734375 0.041666666666666664 0.431640625 0.041666666666666664 0.43359375 0.04861111111111111 0.42578125 0.05555555555555555 0.421875 0.052083333333333336 0.421875 0.041666666666666664 0.423828125 0.041666666666666664
0 0.515625 0.3125 0.521484375 0.3125 0.5234375 0.3159722222222222 0.53125 0.3125 0.533203125 0.3159722222222222 0.529296875 0.3263888888888889 0.529296875 0.3402777777777778 0.52734375 0.34375 0.5234375 0.3402777777777778 0.513671875 0.3402777777777778 0.513671875 0.3229166666666667 0.515625 0.3159722222222222