0 0.548828125 0.4808362369337979 0.5625 0.4808362369337979 0.5625 0.4878048780487805 0.564453125 0.4912891986062718 0.564453125 0.519163763066202 0.556640625 0.5226480836236934 0.548828125 0.5156794425087108 0.546875 0.5087108013937283 0.54296875 0.5087108013937283 0.54296875 0.4878048780487805 0.546875 0.4878048780487805 0.548828125 0.4843205574912892
0 0.494140625 0.30662020905923343 0.5078125 0.30662020905923343 0.5078125 0.3205574912891986 0.50390625 0.3240418118466899 0.494140625 0.3205574912891986 0.494140625 0.31010452961672474
0 0.486328125 0.10801393728222997 0.48828125 0.10801393728222997 0.490234375 0.11498257839721254 0.49609375 0.11498257839721254 0.50390625 0.12195121951219512 0.50390625 0.13240418118466898 0.501953125 0.13240418118466898 0.5 0.13937282229965156 0.4921875 0.13937282229965156 0.478515625 0.12195121951219512 0.478515625 0.11498257839721254 0.484375 0.11498257839721254 0.486328125 0.11149825783972125
0 0.4765625 0.5470383275261324 0.48046875 0.5470383275261324 0.482421875 0.5505226480836237 0.5 0.5470383275261324 0.509765625 0.554006968641115 0.513671875 0.5609756097560976 0.513671875 0.5749128919860628 0.509765625 0.5749128919860628 0.5078125 0.578397212543554 0.501953125 0.578397212543554 0.498046875 0.5714285714285714 0.494140625 0.5714285714285714 0.490234375 0.5644599303135889 0.486328125 0.5644599303135889 0.486328125 0.5609756097560976 0.482421875 0.5574912891986062 0.478515625 0.5470383275261324
0 0.46484375 0.6097560975609756 0.46875 0.6062717770034843 0.486328125 0.6062717770034843 0.486328125 0.6132404181184669 0.484375 0.6167247386759582 0.46875 0.6167247386759582 0.46484375 0.6132404181184669
0 0.486328125 0.46689895470383275 0.486328125 0.47735191637630664 0.48046875 0.4843205574912892 0.4765625 0.4843205574912892 0.474609375 0.47735191637630664 0.474609375 0.4738675958188153 0.484375 0.4738675958188153 0.486328125 0.47038327526132406
0 0.599609375 0.8745644599303136 0.599609375 0.9094076655052264 0.595703125 0.9128919860627178 0.587890625 0.9128919860627178 0.583984375 0.9059233449477352 0.578125 0.9024390243902439 0.578125 0.8885017421602788 0.59765625 0.8745644599303136
0 0.533203125 0.7003484320557491 0.5390625 0.7003484320557491 0.5390625 0.7038327526132404 0.544921875 0.710801393728223 0.5625 0.710801393728223 0.5625 0.7142857142857143 0.56640625 0.7177700348432056 0.56640625 0.7247386759581882 0.572265625 0.7421602787456446 0.572265625 0.7491289198606271 0.568359375 0.7560975609756098 0.5625 0.7560975609756098 0.560546875 0.759581881533101 0.537109375 0.759581881533101 0.53515625 0.7630662020905923 0.52734375 0.7630662020905923 0.5234375 0.759581881533101 0.525390625 0.7560975609756098 0.525390625 0.7421602787456446 0.52734375 0.7386759581881533 0.52734375 0.7142857142857143 0.529296875 0.7142857142857143 0.533203125 0.7038327526132404
0 0.337890625 0.0975609756097561 0.35546875 0.0975609756097561 0.35546875 0.10801393728222997 0.3515625 0.11149825783972125 0.333984375 0.10801393728222997 0.3359375 0.10801393728222997 0.337890625 0.10104529616724739
0 0.60546875 0.34146341463414637 0.60546875 0.36585365853658536 0.599609375 0.37282229965156793 0.59765625 0.3797909407665505 0.59765625 0.3902439024390244 0.59375 0.40069686411149824 0.58984375 0.40069686411149824 0.58203125 0.4146341463414634 0.58203125 0.4250871080139373 0.580078125 0.42857142857142855 0.578125 0.4250871080139373 0.560546875 0.4250871080139373 0.55078125 0.4355400696864111 0.54296875 0.4250871080139373 0.5390625 0.4250871080139373 0.53515625 0.4355400696864111 0.53515625 0.4425087108013937 0.533203125 0.4425087108013937 0.53125 0.4355400696864111 0.52734375 0.4355400696864111 0.525390625 0.42160278745644597 0.521484375 0.4146341463414634 0.521484375 0.4076655052264808 0.53515625 0.4146341463414634 0.5390625 0.4076655052264808 0.5390625 0.40069686411149824 0.54296875 0.3902439024390244 0.548828125 0.3902439024390244 0.560546875 0.37630662020905925 0.564453125 0.37630662020905925 0.5703125 0.3693379790940767 0.59375 0.3693379790940767 0.6015625 0.3588850174216028 0.6015625 0.34843205574912894 0.603515625 0.34494773519163763
0 0.30859375 0.1951219512195122 0.322265625 0.1951219512195122 0.32421875 0.20209059233449478 0.32421875 0.21254355400696864 0.322265625 0.21602787456445993 0.31640625 0.21602787456445993 0.314453125 0.21254355400696864 0.30859375 0.21254355400696864 0.306640625 0.20557491289198607 0.302734375 0.20557491289198607 0.306640625 0.20557491289198607 0.30859375 0.1986062717770035
0 0.30859375 0.4425087108013937 0.314453125 0.4425087108013937 0.314453125 0.4529616724738676 0.31640625 0.4564459930313589 0.3203125 0.4564459930313589 0.330078125 0.46689895470383275 0.330078125 0.4738675958188153 0.326171875 0.47735191637630664 0.30859375 0.47038327526132406 0.30859375 0.445993031358885
0 0.513671875 0.9198606271777003 0.513671875 0.9372822299651568 0.501953125 0.9512195121951219 0.486328125 0.9512195121951219 0.484375 0.9442508710801394 0.48046875 0.9407665505226481 0.48046875 0.9303135888501742 0.482421875 0.9303135888501742 0.484375 0.9233449477351916 0.51171875 0.9233449477351916
0 0.453125 0.6968641114982579 0.455078125 0.7003484320557491 0.4609375 0.7003484320557491 0.4609375 0.7212543554006968 0.44921875 0.7247386759581882 0.447265625 0.7282229965156795 0.44140625 0.7282229965156795 0.439453125 0.7317073170731707 0.42578125 0.7317073170731707 0.423828125 0.735191637630662 0.419921875 0.735191637630662 0.41796875 0.7282229965156795 0.421875 0.7247386759581882 0.42578125 0.710801393728223 0.435546875 0.7073170731707317 0.4375 0.7003484320557491 0.451171875 0.6968641114982579
0 0.318359375 0.10801393728222997 0.330078125 0.10801393728222997 0.330078125 0.11846689895470383 0.32421875 0.1254355400696864 0.314453125 0.11846689895470383 0.314453125 0.11498257839721254 0.318359375 0.11149825783972125
0 0.51953125 0.0975609756097561 0.5234375 0.0975609756097561 0.525390625 0.10452961672473868 0.54296875 0.10801393728222997 0.552734375 0.11498257839721254 0.580078125 0.11498257839721254 0.58203125 0.11846689895470383 0.591796875 0.11846689895470383 0.59765625 0.10801393728222997 0.59765625 0.11846689895470383 0.58203125 0.13588850174216027 0.578125 0.14285714285714285 0.578125 0.14982578397212543 0.560546875 0.14982578397212543 0.55859375 0.15331010452961671 0.53515625 0.156794425087108 0.521484375 0.14285714285714285 0.51953125 0.1289198606271777 0.51171875 0.11498257839721254 0.509765625 0.11498257839721254 0.51171875 0.11498257839721254 0.513671875 0.10801393728222997 0.51953125 0.10104529616724739
0 0.390625 0.07665505226480836 0.408203125 0.07665505226480836 0.408203125 0.09059233449477352 0.40625 0.09407665505226481 0.400390625 0.09407665505226481 0.39453125 0.08710801393728224 0.390625 0.08710801393728224 0.390625 0.08013937282229965
0 0.513671875 0.33797909407665505 0.515625 0.34146341463414637 0.515625 0.3623693379790941 0.51171875 0.3623693379790941 0.509765625 0.36585365853658536 0.5 0.36585365853658536 0.49609375 0.37282229965156793 0.490234375 0.36585365853658536 0.46875 0.3588850174216028 0.466796875 0.34843205574912894 0.478515625 0.34843205574912894 0.48828125 0.33797909407665505 0.494140625 0.33797909407665505 0.49609375 0.3344947735191638 0.509765625 0.3344947735191638 0.51171875 0.33797909407665505
0 0.32421875 0.0313588850174216 0.326171875 0.0313588850174216 0.328125 0.03832752613240418 0.34375 0.041811846689895474 0.337890625 0.04878048780487805 0.322265625 0.04878048780487805 0.318359375 0.03832752613240418 0.322265625 0.03832752613240418 0.32421875 0.03484320557491289
0 0.35546875 0.17770034843205576 0.3671875 0.17770034843205576 0.36328125 0.18815331010452963 0.357421875 0.18815331010452963 0.35546875 0.18118466898954705
0 0.32421875 0.08710801393728224 0.33203125 0.08013937282229965 0.33984375 0.08362369337979095 0.33984375 0.0975609756097561 0.3359375 0.10104529616724739 0.330078125 0.10104529616724739 0.32421875 0.09407665505226481 0.32421875 0.09059233449477352
0 0.640625 0.4564459930313589 0.640625 0.5121951219512195 0.62890625 0.5017421602787456 0.615234375 0.49477351916376305 0.615234375 0.4808362369337979 0.6171875 0.4808362369337979 0.62109375 0.47038327526132406 0.630859375 0.45993031358885017 0.638671875 0.4564459930313589
0 0.484375 0.4181184668989547 0.48828125 0.4146341463414634 0.49609375 0.4146341463414634 0.498046875 0.41114982578397213 0.501953125 0.4146341463414634 0.509765625 0.4146341463414634 0.509765625 0.4250871080139373 0.494140625 0.42857142857142855 0.4921875 0.43205574912891986 0.490234375 0.42857142857142855 0.484375 0.42857142857142855 0.48046875 0.4250871080139373 0.484375 0.42160278745644597
0 0.5625 0.08362369337979095 0.56640625 0.08362369337979095 0.568359375 0.09407665505226481 0.564453125 0.09407665505226481 0.55859375 0.10104529616724739 0.5546875 0.09407665505226481 0.55078125 0.09407665505226481 0.55078125 0.09059233449477352 0.560546875 0.09059233449477352 0.5625 0.08710801393728224