0 0.693359375 0.42160278745644597 0.71484375 0.42160278745644597 0.71484375 0.43205574912891986 0.7109375 0.4355400696864111 0.71484375 0.43902439024390244 0.71484375 0.5087108013937283 0.70703125 0.5087108013937283 0.705078125 0.5121951219512195 0.697265625 0.5087108013937283 0.697265625 0.46689895470383275 0.693359375 0.4634146341463415 0.693359375 0.4564459930313589 0.6953125 0.4564459930313589 0.697265625 0.4529616724738676 0.697265625 0.445993031358885 0.701171875 0.4425087108013937 0.701171875 0.43205574912891986 0.697265625 0.42857142857142855 0.6953125 0.42160278745644597
0 0.6171875 0.6550522648083623 0.62109375 0.6515679442508711 0.625 0.6550522648083623 0.654296875 0.6515679442508711 0.654296875 0.6585365853658537 0.642578125 0.6585365853658537 0.640625 0.662020905923345 0.63671875 0.6585365853658537 0.6328125 0.6585365853658537 0.630859375 0.662020905923345 0.6171875 0.6585365853658537
0 0.55078125 0 0.578125 0 0.572265625 0.027874564459930314 0.56640625 0.027874564459930314 0.564453125 0.0313588850174216 0.556640625 0.0313588850174216 0.552734375 0.027874564459930314 0.55078125 0.020905923344947737 0.55078125 0.003484320557491289
0 0.66796875 0.6689895470383276 0.669921875 0.6689895470383276 0.671875 0.6759581881533101 0.68359375 0.6759581881533101 0.685546875 0.6689895470383276 0.69140625 0.6689895470383276 0.69140625 0.6724738675958188 0.685546875 0.6794425087108014 0.685546875 0.6898954703832753 0.693359375 0.7003484320557491 0.693359375 0.7317073170731707 0.69140625 0.735191637630662 0.69140625 0.7421602787456446 0.6875 0.7456445993031359 0.6796875 0.7386759581881533 0.677734375 0.7317073170731707 0.677734375 0.7177700348432056 0.6796875 0.7142857142857143 0.6796875 0.686411149825784 0.66796875 0.6724738675958188
0 0.595703125 0.1986062717770035 0.6015625 0.1986062717770035 0.6015625 0.20209059233449478 0.60546875 0.20557491289198607 0.60546875 0.2508710801393728 0.59765625 0.25435540069686413 0.595703125 0.2508710801393728 0.595703125 0.20209059233449478
0 0.552734375 0.32752613240418116 0.5625 0.32752613240418116 0.5625 0.3554006968641115 0.55859375 0.3588850174216028 0.560546875 0.3519163763066202 0.556640625 0.34843205574912894 0.556640625 0.3310104529616725 0.5546875 0.32752613240418116
0 0.638671875 0.6411149825783972 0.640625 0.6411149825783972 0.640625 0.6480836236933798 0.638671875 0.6515679442508711 0.630859375 0.6480836236933798 0.63671875 0.6480836236933798 0.638671875 0.6445993031358885
0 0.552734375 0.28222996515679444 0.5625 0.28222996515679444 0.5625 0.29965156794425085 0.560546875 0.30313588850174217 0.552734375 0.29965156794425085 0.552734375 0.2857142857142857
0 0.6640625 0.1672473867595819 0.673828125 0.1672473867595819 0.67578125 0.17421602787456447 0.68359375 0.17770034843205576 0.685546875 0.18466898954703834 0.693359375 0.1986062717770035 0.6953125 0.1986062717770035 0.69921875 0.21254355400696864 0.701171875 0.24041811846689895 0.69921875 0.24390243902439024 0.69921875 0.27526132404181186 0.697265625 0.2787456445993031 0.697265625 0.2961672473867596 0.703125 0.313588850174216 0.703125 0.3240418118466899 0.697265625 0.3170731707317073 0.681640625 0.3170731707317073 0.685546875 0.313588850174216 0.689453125 0.29965156794425085 0.689453125 0.289198606271777 0.677734375 0.27177700348432055 0.673828125 0.24390243902439024 0.662109375 0.23344947735191637 0.666015625 0.21602787456445993 0.6640625 0.20905923344947736 0.6640625 0.1916376306620209 0.662109375 0.18815331010452963 0.662109375 0.17770034843205576 0.6640625 0.17073170731707318
0 0.3671875 0.9651567944250871 0.37109375 0.9616724738675958 0.376953125 0.9616724738675958 0.376953125 0.975609756097561 0.369140625 0.9825783972125436 0.3671875 0.9790940766550522 0.3671875 0.9686411149825784
0 0.525390625 0.5993031358885017 0.53125 0.5993031358885017 0.53125 0.6376306620209059 0.525390625 0.6376306620209059 0.525390625 0.6167247386759582 0.521484375 0.6132404181184669 0.521484375 0.6062717770034843 0.525390625 0.6027874564459931
0 0.548828125 0.5121951219512195 0.556640625 0.5121951219512195 0.556640625 0.5156794425087108 0.560546875 0.519163763066202 0.5625 0.5261324041811847 0.5625 0.554006968641115 0.5625 0.5435540069686411 0.55859375 0.5400696864111498 0.55859375 0.5331010452961672 0.5546875 0.5296167247386759 0.552734375 0.5226480836236934 0.548828125 0.5226480836236934 0.548828125 0.5156794425087108
0 0.537109375 0.17421602787456447 0.5390625 0.17421602787456447 0.5390625 0.1986062717770035 0.53515625 0.1986062717770035 0.533203125 0.20209059233449478 0.533203125 0.18118466898954705 0.537109375 0.17770034843205576
0 0.529296875 0.23693379790940766 0.5390625 0.23693379790940766 0.5390625 0.26480836236933797 0.537109375 0.2682926829268293 0.537109375 0.2578397212543554 0.53515625 0.25435540069686413 0.529296875 0.25435540069686413 0.529296875 0.24041811846689895
0 0.693359375 0.445993031358885 0.697265625 0.445993031358885 0.697265625 0.44947735191637633 0.701171875 0.4529616724738676 0.701171875 0.5121951219512195 0.6953125 0.5121951219512195 0.693359375 0.5156794425087108 0.6875 0.5156794425087108 0.68359375 0.5121951219512195 0.68359375 0.4808362369337979 0.6875 0.47735191637630664 0.6875 0.46689895470383275 0.693359375 0.45993031358885017 0.693359375 0.44947735191637633
0 0.51171875 0.2613240418118467 0.517578125 0.2613240418118467 0.521484375 0.2578397212543554 0.521484375 0.27526132404181186 0.51953125 0.27526132404181186 0.51953125 0.26480836236933797 0.517578125 0.2613240418118467 0.513671875 0.2613240418118467
0 0.7109375 0.9407665505226481 0.71875 0.9372822299651568 0.72265625 0.9407665505226481 0.724609375 0.9477351916376306 0.724609375 0.9651567944250871 0.720703125 0.9686411149825784 0.71875 0.9651567944250871 0.7109375 0.9651567944250871 0.7109375 0.9442508710801394
0 0.552734375 0.26480836236933797 0.55859375 0.26480836236933797 0.55859375 0.27526132404181186 0.556640625 0.2787456445993031 0.552734375 0.2787456445993031 0.552734375 0.2682926829268293
0 0.53515625 0.2578397212543554 0.537109375 0.2578397212543554 0.537109375 0.27526132404181186 0.53515625 0.27526132404181186 0.53515625 0.2613240418118467
0 0.728515625 0.5017421602787456 0.734375 0.5017421602787456 0.736328125 0.5087108013937283 0.736328125 0.5609756097560976 0.732421875 0.5644599303135889 0.7265625 0.5644599303135889 0.72265625 0.5609756097560976 0.72265625 0.5331010452961672 0.7265625 0.5296167247386759 0.7265625 0.5087108013937283 0.728515625 0.5052264808362369
0 0.7109375 0 0.72265625 0 0.72265625 0.020905923344947737 0.720703125 0.024390243902439025 0.720703125 0.0313588850174216 0.716796875 0.03484320557491289 0.716796875 0.041811846689895474 0.712890625 0.041811846689895474 0.708984375 0.04878048780487805 0.70703125 0.04878048780487805 0.70703125 0.027874564459930314 0.7109375 0.024390243902439025 0.7109375 0.003484320557491289
0 0.5078125 0.20557491289198607 0.517578125 0.20557491289198607 0.513671875 0.20905923344947736 0.513671875 0.21254355400696864 0.517578125 0.21602787456445993 0.517578125 0.24738675958188153 0.513671875 0.2508710801393728 0.51171875 0.2508710801393728 0.51171875 0.23693379790940766 0.5078125 0.23344947735191637 0.5078125 0.20905923344947736
0 0.544921875 0.17421602787456447 0.546875 0.17421602787456447 0.546875 0.20209059233449478 0.54296875 0.20557491289198607 0.544921875 0.20209059233449478 0.544921875 0.17770034843205576
0 0.703125 0.5156794425087108 0.708984375 0.5156794425087108 0.708984375 0.5644599303135889 0.705078125 0.5749128919860628 0.69921875 0.5749128919860628 0.6953125 0.5818815331010453 0.6875 0.5749128919860628 0.6875 0.5505226480836237 0.689453125 0.5435540069686411 0.693359375 0.5400696864111498 0.6953125 0.5261324041811847 0.69921875 0.5261324041811847 0.703125 0.519163763066202
0 0.541015625 0.5365853658536586 0.548828125 0.5365853658536586 0.548828125 0.5505226480836237 0.55078125 0.554006968641115 0.55078125 0.5853658536585366 0.546875 0.5888501742160279 0.544921875 0.5853658536585366 0.546875 0.5818815331010453 0.546875 0.5749128919860628 0.54296875 0.5714285714285714 0.54296875 0.5505226480836237 0.537109375 0.5435540069686411 0.541015625 0.5400696864111498
0 0.365234375 0.3554006968641115 0.375 0.3554006968641115 0.375 0.3693379790940767 0.373046875 0.37282229965156793 0.365234375 0.3693379790940767 0.365234375 0.3588850174216028
0 0.55078125 0.17421602787456447 0.560546875 0.17421602787456447 0.560546875 0.20209059233449478 0.55859375 0.20209059233449478 0.55859375 0.18118466898954705 0.556640625 0.17770034843205576 0.55078125 0.17770034843205576
0 0.55859375 0.1986062717770035 0.568359375 0.1986062717770035 0.568359375 0.23344947735191637 0.564453125 0.23693379790940766 0.55859375 0.23344947735191637 0.55859375 0.20209059233449478
0 0.53515625 0.5958188153310104 0.54296875 0.5923344947735192 0.54296875 0.5993031358885017 0.552734375 0.6132404181184669 0.552734375 0.6341463414634146 0.548828125 0.6341463414634146 0.548828125 0.6306620209059234 0.544921875 0.627177700348432 0.54296875 0.6062717770034843 0.53515625 0.5993031358885017
0 0.625 0.6097560975609756 0.626953125 0.6097560975609756 0.626953125 0.627177700348432 0.623046875 0.627177700348432 0.62109375 0.6306620209059234 0.6171875 0.627177700348432 0.6171875 0.6236933797909407 0.623046875 0.6202090592334495 0.625 0.6132404181184669