0 0.6015625 0.45993031358885017 0.60546875 0.45993031358885017 0.611328125 0.4808362369337979 0.611328125 0.49477351916376305 0.607421875 0.5017421602787456 0.603515625 0.5017421602787456 0.599609375 0.4912891986062718 0.595703125 0.4878048780487805 0.595703125 0.4738675958188153 0.59765625 0.4738675958188153 0.6015625 0.4634146341463415
0 0.548828125 0.2926829268292683 0.5546875 0.2926829268292683 0.556640625 0.29965156794425085 0.5546875 0.31010452961672474 0.55078125 0.31010452961672474 0.548828125 0.30662020905923343 0.548828125 0.2961672473867596
0 0.5390625 0.10801393728222997 0.544921875 0.10801393728222997 0.552734375 0.1254355400696864 0.55078125 0.13240418118466898 0.54296875 0.13240418118466898 0.541015625 0.1289198606271777 0.5390625 0.11149825783972125
0 0.533203125 0.5261324041811847 0.537109375 0.5261324041811847 0.5390625 0.5296167247386759 0.541015625 0.5261324041811847 0.552734375 0.5261324041811847 0.55859375 0.5365853658536586 0.55859375 0.5435540069686411 0.560546875 0.5470383275261324 0.560546875 0.554006968641115 0.556640625 0.5574912891986062 0.55078125 0.5505226480836237 0.54296875 0.5470383275261324 0.54296875 0.5435540069686411 0.5390625 0.5400696864111498 0.537109375 0.5331010452961672 0.533203125 0.5331010452961672 0.533203125 0.5296167247386759
0 0.533203125 0.5818815331010453 0.53515625 0.5853658536585366 0.53515625 0.5923344947735192 0.53125 0.5923344947735192 0.529296875 0.5958188153310104 0.5234375 0.5958188153310104 0.5234375 0.5853658536585366 0.525390625 0.5818815331010453 0.53125 0.5818815331010453
0 0.533203125 0.44947735191637633 0.53515625 0.4529616724738676 0.53515625 0.45993031358885017 0.533203125 0.4634146341463415 0.52734375 0.4634146341463415 0.52734375 0.45993031358885017 0.533203125 0.4529616724738676
0 0.640625 0.8397212543554007 0.64453125 0.8432055749128919 0.642578125 0.8501742160278746 0.642578125 0.8641114982578397 0.64453125 0.867595818815331 0.642578125 0.8780487804878049 0.634765625 0.8780487804878049 0.62890625 0.8710801393728222 0.62890625 0.8571428571428571 0.638671875 0.8501742160278746 0.640625 0.8432055749128919
0 0.583984375 0.6724738675958188 0.587890625 0.6724738675958188 0.59375 0.6794425087108014 0.609375 0.6794425087108014 0.6171875 0.7142857142857143 0.615234375 0.7212543554006968 0.607421875 0.7282229965156795 0.591796875 0.7247386759581882 0.583984375 0.735191637630662 0.578125 0.735191637630662 0.57421875 0.7317073170731707 0.576171875 0.7317073170731707 0.580078125 0.7212543554006968 0.580078125 0.7003484320557491 0.58203125 0.6968641114982579 0.58203125 0.6794425087108014 0.583984375 0.6759581881533101
0 0.404296875 0.09059233449477352 0.40625 0.09059233449477352 0.408203125 0.0975609756097561 0.408203125 0.10452961672473868 0.40625 0.10801393728222997 0.40234375 0.10801393728222997 0.396484375 0.10104529616724739 0.404296875 0.09407665505226481
0 0.578125 0.3867595818815331 0.580078125 0.3902439024390244 0.58984375 0.39372822299651566 0.59375 0.3867595818815331 0.59375 0.37630662020905925 0.595703125 0.37282229965156793 0.599609375 0.37282229965156793 0.607421875 0.36585365853658536 0.6171875 0.3519163763066202 0.640625 0.34843205574912894 0.64453125 0.34146341463414637 0.646484375 0.32752613240418116 0.650390625 0.3240418118466899 0.650390625 0.33797909407665505 0.646484375 0.3519163763066202 0.640625 0.3623693379790941 0.640625 0.37630662020905925 0.638671875 0.37630662020905925 0.62890625 0.39372822299651566 0.626953125 0.4076655052264808 0.625 0.40418118466898956 0.611328125 0.40418118466898956 0.607421875 0.4076655052264808 0.60546875 0.4146341463414634 0.6015625 0.4146341463414634 0.599609375 0.4076655052264808 0.59375 0.40418118466898956 0.58984375 0.41114982578397213 0.587890625 0.42160278745644597 0.583984375 0.4250871080139373 0.58203125 0.40418118466898956 0.578125 0.397212543554007 0.578125 0.3902439024390244
0 0.365234375 0.1916376306620209 0.376953125 0.1916376306620209 0.37890625 0.1986062717770035 0.37890625 0.20905923344947736 0.376953125 0.20905923344947736 0.373046875 0.20209059233449478 0.365234375 0.1986062717770035 0.365234375 0.1951219512195122
0 0.373046875 0.4250871080139373 0.375 0.43205574912891986 0.3828125 0.4425087108013937 0.384765625 0.4564459930313589 0.3828125 0.45993031358885017 0.380859375 0.4564459930313589 0.376953125 0.4564459930313589 0.373046875 0.445993031358885 0.369140625 0.4425087108013937 0.369140625 0.42857142857142855 0.37109375 0.42857142857142855
0 0.54296875 0.8885017421602788 0.556640625 0.8885017421602788 0.55859375 0.8850174216027874 0.560546875 0.8885017421602788 0.560546875 0.9024390243902439 0.55859375 0.9094076655052264 0.55078125 0.9163763066202091 0.54296875 0.9163763066202091 0.541015625 0.9128919860627178 0.541015625 0.8954703832752613 0.54296875 0.89198606271777
0 0.490234375 0.6724738675958188 0.51171875 0.6724738675958188 0.51171875 0.6898954703832753 0.50390625 0.6968641114982579 0.5 0.6968641114982579 0.494140625 0.7038327526132404 0.478515625 0.7038327526132404 0.4765625 0.7073170731707317 0.47265625 0.7073170731707317 0.48046875 0.686411149825784 0.484375 0.6794425087108014 0.48828125 0.6794425087108014 0.490234375 0.6759581881533101
0 0.376953125 0.10104529616724739 0.380859375 0.10104529616724739 0.380859375 0.10452961672473868 0.384765625 0.10801393728222997 0.384765625 0.11846689895470383 0.376953125 0.11846689895470383 0.373046875 0.11149825783972125 0.375 0.11149825783972125 0.376953125 0.10452961672473868
0 0.642578125 0.09407665505226481 0.640625 0.10104529616724739 0.640625 0.11149825783972125 0.626953125 0.1289198606271777 0.62109375 0.14285714285714285 0.607421875 0.14285714285714285 0.60546875 0.14634146341463414 0.595703125 0.14634146341463414 0.59375 0.14982578397212543 0.583984375 0.14982578397212543 0.578125 0.14285714285714285 0.572265625 0.11846689895470383 0.568359375 0.11498257839721254 0.56640625 0.10801393728222997 0.564453125 0.10801393728222997 0.56640625 0.10801393728222997 0.568359375 0.10104529616724739 0.572265625 0.0975609756097561 0.58203125 0.0975609756097561 0.59765625 0.10801393728222997 0.623046875 0.10801393728222997 0.625 0.11149825783972125 0.634765625 0.11149825783972125 0.642578125 0.0975609756097561
0 0.453125 0.06968641114982578 0.455078125 0.07317073170731707 0.458984375 0.07317073170731707 0.4609375 0.08013937282229965 0.4609375 0.09059233449477352 0.45703125 0.09059233449477352 0.453125 0.08362369337979095 0.44921875 0.08362369337979095 0.44921875 0.07317073170731707 0.451171875 0.07317073170731707
0 0.556640625 0.3170731707317073 0.560546875 0.3205574912891986 0.5625 0.34146341463414637 0.552734375 0.34843205574912894 0.548828125 0.3554006968641115 0.544921875 0.3554006968641115 0.544921875 0.3519163763066202 0.5390625 0.34494773519163763 0.525390625 0.34146341463414637 0.5234375 0.3344947735191638 0.51953125 0.3310104529616725 0.53125 0.3310104529616725 0.5390625 0.3205574912891986 0.5546875 0.3170731707317073
0 0.3828125 0.027874564459930314 0.384765625 0.03484320557491289 0.396484375 0.03832752613240418 0.39453125 0.04529616724738676 0.37890625 0.04529616724738676 0.376953125 0.03484320557491289 0.380859375 0.03484320557491289 0.3828125 0.0313588850174216
0 0.416015625 0.16376306620209058 0.41796875 0.16376306620209058 0.41796875 0.17073170731707318 0.419921875 0.17421602787456447 0.419921875 0.17770034843205576 0.4140625 0.17770034843205576 0.416015625 0.17421602787456447 0.416015625 0.1672473867595819
0 0.390625 0.07665505226480836 0.39453125 0.08710801393728224 0.39453125 0.09407665505226481 0.392578125 0.0975609756097561 0.38671875 0.09407665505226481 0.38671875 0.09059233449477352 0.3828125 0.08710801393728224 0.3828125 0.08013937282229965 0.388671875 0.07665505226480836
0 0.6796875 0.43902439024390244 0.68359375 0.43902439024390244 0.68359375 0.49477351916376305 0.671875 0.4843205574912892 0.66796875 0.47735191637630664 0.66796875 0.46689895470383275 0.669921875 0.45993031358885017 0.673828125 0.44947735191637633 0.6796875 0.4425087108013937
0 0.544921875 0.397212543554007 0.5546875 0.397212543554007 0.55859375 0.40069686411149824 0.55859375 0.40418118466898956 0.55078125 0.4076655052264808 0.544921875 0.4146341463414634 0.5390625 0.41114982578397213 0.544921875 0.40069686411149824
0 0.607421875 0.08013937282229965 0.61328125 0.08013937282229965 0.61328125 0.09059233449477352 0.609375 0.09407665505226481 0.603515625 0.09059233449477352 0.60546875 0.09059233449477352 0.607421875 0.08362369337979095