0 0.580078125 0.8606271777003485 0.580078125 0.8885017421602788 0.57421875 0.8954703832752613 0.55078125 0.8954703832752613 0.546875 0.89198606271777 0.546875 0.8850174216027874 0.552734375 0.8850174216027874 0.5546875 0.8780487804878049 0.560546875 0.8780487804878049 0.578125 0.8641114982578397
0 0.6171875 0.2926829268292683 0.630859375 0.2926829268292683 0.630859375 0.2961672473867596 0.63671875 0.30313588850174217 0.63671875 0.3344947735191638 0.6328125 0.33797909407665505 0.609375 0.33797909407665505 0.60546875 0.3344947735191638 0.603515625 0.32752613240418116 0.603515625 0.31010452961672474 0.607421875 0.31010452961672474 0.6171875 0.2961672473867596
0 0.583984375 0.06968641114982578 0.587890625 0.06968641114982578 0.587890625 0.07665505226480836 0.59375 0.08362369337979095 0.59375 0.10104529616724739 0.58984375 0.10104529616724739 0.587890625 0.10452961672473868 0.578125 0.10452961672473868 0.576171875 0.10104529616724739 0.572265625 0.10104529616724739 0.564453125 0.09059233449477352 0.560546875 0.09059233449477352 0.560546875 0.08710801393728224 0.556640625 0.08362369337979095 0.556640625 0.08013937282229965 0.560546875 0.07665505226480836 0.58203125 0.07665505226480836 0.583984375 0.07317073170731707
0 0.5078125 0.041811846689895474 0.5234375 0.041811846689895474 0.5234375 0.05226480836236934 0.51953125 0.05226480836236934 0.517578125 0.05574912891986063 0.5078125 0.04878048780487805 0.5078125 0.04529616724738676
0 0.556640625 0.3797909407665505 0.568359375 0.39372822299651566 0.568359375 0.41114982578397213 0.5625 0.41114982578397213 0.560546875 0.4146341463414634 0.556640625 0.41114982578397213 0.544921875 0.41114982578397213 0.53125 0.39372822299651566 0.537109375 0.3902439024390244 0.5390625 0.3832752613240418 0.54296875 0.3832752613240418 0.544921875 0.3797909407665505 0.5546875 0.3797909407665505
0 0.53515625 0.4181184668989547 0.53515625 0.42160278745644597 0.53125 0.4250871080139373 0.521484375 0.4250871080139373 0.51953125 0.42160278745644597 0.5234375 0.4181184668989547 0.533203125 0.4181184668989547
0 0.67578125 0.8257839721254355 0.677734375 0.8257839721254355 0.677734375 0.8641114982578397 0.666015625 0.867595818815331 0.65625 0.8606271777003485 0.65625 0.8571428571428571 0.65234375 0.8536585365853658 0.654296875 0.8536585365853658 0.65625 0.8466898954703833 0.66015625 0.8432055749128919 0.66015625 0.8397212543554007 0.666015625 0.8397212543554007 0.67578125 0.8292682926829268
0 0.578125 0.5365853658536586 0.587890625 0.5470383275261324 0.587890625 0.5574912891986062 0.5859375 0.5609756097560976 0.587890625 0.5644599303135889 0.580078125 0.5714285714285714 0.568359375 0.5714285714285714 0.56640625 0.5749128919860628 0.560546875 0.5749128919860628 0.556640625 0.5714285714285714 0.556640625 0.5470383275261324 0.55859375 0.5470383275261324 0.5625 0.5365853658536586 0.576171875 0.5365853658536586
0 0.580078125 0.4181184668989547 0.591796875 0.4181184668989547 0.595703125 0.42857142857142855 0.603515625 0.43205574912891986 0.603515625 0.44947735191637633 0.583984375 0.44947735191637633 0.58203125 0.445993031358885 0.578125 0.445993031358885 0.578125 0.4425087108013937 0.57421875 0.43902439024390244 0.57421875 0.43205574912891986 0.576171875 0.43205574912891986 0.580078125 0.42160278745644597
0 0.509765625 0.0975609756097561 0.513671875 0.0975609756097561 0.513671875 0.11498257839721254 0.5078125 0.11498257839721254 0.505859375 0.11846689895470383 0.50390625 0.11498257839721254 0.4921875 0.11498257839721254 0.4921875 0.10801393728222997 0.501953125 0.10801393728222997 0.509765625 0.10104529616724739
0 0.671875 0.2926829268292683 0.708984375 0.2682926829268293 0.708984375 0.3205574912891986 0.705078125 0.3240418118466899 0.69140625 0.32752613240418116 0.68359375 0.3344947735191638 0.67578125 0.3344947735191638 0.671875 0.3310104529616725 0.666015625 0.34146341463414637 0.666015625 0.34494773519163763 0.65625 0.34146341463414637 0.654296875 0.33797909407665505 0.65234375 0.3205574912891986 0.6484375 0.3170731707317073 0.6484375 0.30662020905923343 0.654296875 0.30662020905923343 0.65625 0.31010452961672474 0.666015625 0.313588850174216 0.671875 0.2961672473867596
0 0.658203125 0.9686411149825784 0.6640625 0.9686411149825784 0.6640625 0.975609756097561 0.666015625 0.9790940766550522 0.673828125 0.9790940766550522 0.67578125 0.9860627177700348 0.6796875 0.9860627177700348 0.6796875 0.9895470383275261 0.68359375 0.9930313588850174 0.68359375 0.9965156794425087 0.6484375 0.9965156794425087 0.6484375 0.9860627177700348 0.650390625 0.9790940766550522 0.65625 0.9790940766550522 0.658203125 0.9721254355400697
0 0.39453125 0.45993031358885017 0.39453125 0.47735191637630664 0.38671875 0.4878048780487805 0.373046875 0.4912891986062718 0.37109375 0.49477351916376305 0.353515625 0.4912891986062718 0.353515625 0.47735191637630664 0.359375 0.47038327526132406 0.36328125 0.47038327526132406 0.365234375 0.46689895470383275 0.380859375 0.46689895470383275 0.3828125 0.47038327526132406 0.388671875 0.47038327526132406 0.39453125 0.4634146341463415
0 0.365234375 0.2926829268292683 0.373046875 0.2926829268292683 0.376953125 0.30662020905923343 0.380859375 0.31010452961672474 0.3828125 0.3205574912891986 0.38671875 0.32752613240418116 0.400390625 0.32752613240418116 0.40234375 0.3310104529616725 0.40234375 0.33797909407665505 0.349609375 0.33797909407665505 0.349609375 0.3310104529616725 0.345703125 0.32752613240418116 0.345703125 0.313588850174216 0.35546875 0.31010452961672474 0.365234375 0.2961672473867596
0 0.537109375 0.08013937282229965 0.537109375 0.09059233449477352 0.51953125 0.09059233449477352 0.517578125 0.09407665505226481 0.50390625 0.09059233449477352 0.50390625 0.08710801393728224 0.5078125 0.08362369337979095 0.52734375 0.08362369337979095 0.529296875 0.08013937282229965 0.53515625 0.08013937282229965
0 0.380859375 0.024390243902439025 0.380859375 0.0313588850174216 0.375 0.0313588850174216 0.37109375 0.03832752613240418 0.3671875 0.03832752613240418 0.361328125 0.0313588850174216 0.35546875 0.0313588850174216 0.35546875 0.027874564459930314 0.359375 0.024390243902439025 0.365234375 0.024390243902439025 0.3671875 0.020905923344947737 0.376953125 0.020905923344947737 0.37890625 0.024390243902439025
0 0.697265625 0.4146341463414634 0.70703125 0.4076655052264808 0.70703125 0.445993031358885 0.705078125 0.4529616724738676 0.69140625 0.4425087108013937 0.685546875 0.4425087108013937 0.685546875 0.4355400696864111 0.6875 0.4355400696864111 0.689453125 0.42857142857142855 0.69140625 0.42857142857142855 0.693359375 0.42160278745644597 0.697265625 0.4181184668989547
0 0.513671875 0.5365853658536586 0.51953125 0.5365853658536586 0.51953125 0.5400696864111498 0.525390625 0.5470383275261324 0.525390625 0.554006968641115 0.521484375 0.5574912891986062 0.509765625 0.554006968641115 0.509765625 0.5435540069686411 0.513671875 0.5400696864111498
0 0.376953125 0.1672473867595819 0.40234375 0.1672473867595819 0.40234375 0.18466898954703834 0.369140625 0.18466898954703834 0.369140625 0.17770034843205576 0.376953125 0.17073170731707318
0 0.345703125 0.6655052264808362 0.36328125 0.6655052264808362 0.36328125 0.6829268292682927 0.345703125 0.6829268292682927 0.345703125 0.6689895470383276
0 0.599609375 0.017421602787456445 0.6015625 0.017421602787456445 0.603515625 0.027874564459930314 0.609375 0.03832752613240418 0.619140625 0.04529616724738676 0.62890625 0.04529616724738676 0.630859375 0.04878048780487805 0.669921875 0.04878048780487805 0.671875 0.05226480836236934 0.6796875 0.04529616724738676 0.681640625 0.041811846689895474 0.681640625 0.03484320557491289 0.6875 0.024390243902439025 0.6875 0.04878048780487805 0.68359375 0.05226480836236934 0.681640625 0.059233449477351915 0.677734375 0.059233449477351915 0.671875 0.06620209059233449 0.669921875 0.0627177700348432 0.6640625 0.06968641114982578 0.65625 0.08710801393728224 0.65234375 0.09059233449477352 0.615234375 0.09059233449477352 0.609375 0.08362369337979095 0.60546875 0.07317073170731707 0.60546875 0.04878048780487805 0.603515625 0.04529616724738676 0.603515625 0.03832752613240418 0.599609375 0.0313588850174216 0.599609375 0.020905923344947737
0 0.51171875 0.4878048780487805 0.515625 0.4843205574912892 0.521484375 0.4843205574912892 0.5234375 0.4808362369337979 0.533203125 0.4808362369337979 0.533203125 0.49825783972125437 0.515625 0.5017421602787456 0.513671875 0.49825783972125437 0.5078125 0.49825783972125437 0.5078125 0.49477351916376305 0.51171875 0.4912891986062718
0 0.365234375 0.4146341463414634 0.38671875 0.4146341463414634 0.388671875 0.42160278745644597 0.39453125 0.42160278745644597 0.3984375 0.42857142857142855 0.3984375 0.4425087108013937 0.396484375 0.445993031358885 0.380859375 0.445993031358885 0.37890625 0.44947735191637633 0.353515625 0.44947735191637633 0.3515625 0.445993031358885 0.345703125 0.445993031358885 0.345703125 0.43205574912891986 0.34765625 0.43205574912891986 0.349609375 0.4250871080139373 0.353515625 0.42160278745644597 0.36328125 0.42160278745644597 0.365234375 0.4181184668989547
0 0.42578125 0.43205574912891986 0.42578125 0.42857142857142855 0.427734375 0.4355400696864111 0.44140625 0.4355400696864111 0.443359375 0.43902439024390244 0.443359375 0.4529616724738676 0.431640625 0.4529616724738676 0.4296875 0.4564459930313589 0.42578125 0.4529616724738676 0.4140625 0.4529616724738676 0.41015625 0.44947735191637633 0.41015625 0.43902439024390244 0.423828125 0.4355400696864111
0 0.603515625 0.6480836236933798 0.60546875 0.6550522648083623 0.611328125 0.6550522648083623 0.6171875 0.662020905923345 0.630859375 0.662020905923345 0.6328125 0.6655052264808362 0.6328125 0.6794425087108014 0.63671875 0.6829268292682927 0.640625 0.6933797909407665 0.673828125 0.6933797909407665 0.67578125 0.6968641114982579 0.68359375 0.6968641114982579 0.685546875 0.7003484320557491 0.693359375 0.7003484320557491 0.6953125 0.7038327526132404 0.708984375 0.7038327526132404 0.708984375 0.818815331010453 0.705078125 0.8222996515679443 0.69921875 0.8013937282229965 0.6953125 0.7979094076655052 0.6953125 0.7770034843205574 0.6875 0.759581881533101 0.6796875 0.7526132404181185 0.67578125 0.7526132404181185 0.6640625 0.7386759581881533 0.66015625 0.7386759581881533 0.65234375 0.7317073170731707 0.646484375 0.7212543554006968 0.642578125 0.7212543554006968 0.63671875 0.710801393728223 0.609375 0.710801393728223 0.603515625 0.7212543554006968 0.59765625 0.7212543554006968 0.603515625 0.6515679442508711
0 0.38671875 0.13588850174216027 0.40234375 0.13588850174216027 0.40234375 0.15331010452961671 0.38671875 0.15331010452961671 0.384765625 0.14982578397212543 0.380859375 0.14982578397212543 0.380859375 0.14285714285714285 0.384765625 0.14285714285714285 0.38671875 0.13937282229965156
0 0.54296875 0.2857142857142857 0.55078125 0.2787456445993031 0.564453125 0.2787456445993031 0.564453125 0.289198606271777 0.560546875 0.289198606271777 0.55859375 0.2926829268292683 0.548828125 0.2926829268292683 0.546875 0.289198606271777 0.54296875 0.289198606271777
0 0.478515625 0.6933797909407665 0.478515625 0.7142857142857143 0.4765625 0.7177700348432056 0.455078125 0.7177700348432056 0.453125 0.7212543554006968 0.4296875 0.7177700348432056 0.435546875 0.710801393728223 0.435546875 0.7038327526132404 0.4453125 0.6933797909407665 0.44921875 0.6933797909407665 0.451171875 0.686411149825784 0.470703125 0.686411149825784 0.47265625 0.6933797909407665 0.4765625 0.6933797909407665