0 0.365234375 0.4375 0.369140625 0.4375 0.380859375 0.4479166666666667 0.388671875 0.4479166666666667 0.3984375 0.4375 0.412109375 0.4375 0.416015625 0.4409722222222222 0.423828125 0.4548611111111111 0.421875 0.4618055555555556 0.4140625 0.46875 0.3984375 0.4652777777777778 0.396484375 0.4618055555555556 0.3828125 0.4618055555555556 0.376953125 0.4756944444444444 0.373046875 0.4756944444444444 0.376953125 0.4652777777777778 0.376953125 0.4548611111111111 0.369140625 0.4409722222222222 0.3671875 0.4409722222222222
0 0.36328125 0.6944444444444444 0.36328125 0.7048611111111112 0.361328125 0.7083333333333334 0.357421875 0.7083333333333334 0.349609375 0.6979166666666666 0.3515625 0.6944444444444444 0.361328125 0.6944444444444444
0 0.5078125 0.1284722222222222 0.517578125 0.1284722222222222 0.51953125 0.13194444444444445 0.51953125 0.1388888888888889 0.51171875 0.1388888888888889 0.5078125 0.13541666666666666 0.5078125 0.13194444444444445
0 0.580078125 0.9097222222222222 0.5859375 0.9166666666666666 0.599609375 0.9444444444444444 0.607421875 0.9513888888888888 0.611328125 0.9513888888888888 0.609375 0.9548611111111112 0.60546875 0.9548611111111112 0.6015625 0.96875 0.595703125 0.9618055555555556 0.576171875 0.9618055555555556 0.57421875 0.9652777777777778 0.57421875 0.9618055555555556 0.556640625 0.9305555555555556 0.556640625 0.9270833333333334 0.564453125 0.9131944444444444 0.568359375 0.9097222222222222 0.578125 0.9097222222222222
0 0.53515625 0.15625 0.5390625 0.1527777777777778 0.544921875 0.1527777777777778 0.546875 0.15625 0.560546875 0.1527777777777778 0.564453125 0.15625 0.56640625 0.16319444444444445 0.56640625 0.1701388888888889 0.55078125 0.1701388888888889 0.54296875 0.16319444444444445 0.53515625 0.16319444444444445 0.53515625 0.1597222222222222
0 0.478515625 0.4131944444444444 0.482421875 0.4166666666666667 0.482421875 0.4236111111111111 0.484375 0.4270833333333333 0.484375 0.4340277777777778 0.478515625 0.4409722222222222 0.4765625 0.4375 0.478515625 0.4305555555555556 0.478515625 0.4166666666666667
0 0.57421875 0.6597222222222222 0.5859375 0.6701388888888888 0.59375 0.6666666666666666 0.595703125 0.6701388888888888 0.595703125 0.6805555555555556 0.599609375 0.6875 0.6015625 0.6805555555555556 0.603515625 0.6805555555555556 0.599609375 0.6909722222222222 0.60546875 0.7013888888888888 0.595703125 0.7118055555555556 0.578125 0.7118055555555556 0.5703125 0.7222222222222222 0.568359375 0.71875 0.568359375 0.6979166666666666 0.5703125 0.6944444444444444 0.5703125 0.6631944444444444 0.572265625 0.6631944444444444
0 0.5234375 0.5694444444444444 0.52734375 0.5694444444444444 0.533203125 0.5798611111111112 0.53515625 0.5902777777777778 0.5390625 0.5972222222222222 0.537109375 0.6041666666666666 0.533203125 0.6006944444444444 0.5234375 0.5798611111111112 0.5234375 0.5729166666666666
0 0.45703125 0.15625 0.458984375 0.1597222222222222 0.462890625 0.1597222222222222 0.462890625 0.16666666666666666 0.4609375 0.1701388888888889 0.451171875 0.1701388888888889 0.451171875 0.1597222222222222 0.455078125 0.15625
0 0.630859375 0.8194444444444444 0.630859375 0.8541666666666666 0.623046875 0.8541666666666666 0.619140625 0.84375 0.619140625 0.8333333333333334 0.626953125 0.8194444444444444 0.62890625 0.8194444444444444
0 0.3833333333333333 0.48055555555555557 0.017708333333333333 0.018518518518518517
0 0.357421875 0.4444444444444444 0.357421875 0.4513888888888889 0.35546875 0.4548611111111111 0.3515625 0.4548611111111111 0.3515625 0.4479166666666667 0.35546875 0.4444444444444444
0 0.634765625 0.3159722222222222 0.640625 0.3263888888888889 0.640625 0.3298611111111111 0.626953125 0.3506944444444444 0.609375 0.3506944444444444 0.60546875 0.34375 0.60546875 0.3368055555555556 0.609375 0.3368055555555556 0.62109375 0.3194444444444444 0.6328125 0.3159722222222222
0 0.5 0.1736111111111111 0.50390625 0.16666666666666666 0.509765625 0.16666666666666666 0.51171875 0.1701388888888889 0.509765625 0.17708333333333334 0.501953125 0.17708333333333334
0 0.55078125 0.8402777777777778 0.5546875 0.8472222222222222 0.5546875 0.8576388888888888 0.548828125 0.8680555555555556 0.5390625 0.8680555555555556 0.5390625 0.8611111111111112 0.548828125 0.84375
0 0.47265625 0.5138888888888888 0.484375 0.5138888888888888 0.486328125 0.5173611111111112 0.490234375 0.5173611111111112 0.490234375 0.5243055555555556 0.484375 0.5243055555555556 0.48046875 0.53125 0.47265625 0.5277777777777778 0.470703125 0.5243055555555556 0.47265625 0.5173611111111112
0 0.376953125 0.11458333333333333 0.37890625 0.1111111111111111 0.388671875 0.1111111111111111 0.392578125 0.11805555555555555 0.390625 0.125 0.384765625 0.125 0.37890625 0.11805555555555555
0 0.646484375 0.10416666666666667 0.6484375 0.10069444444444445 0.6484375 0.10416666666666667 0.6328125 0.1284722222222222 0.625 0.13194444444444445 0.62109375 0.1388888888888889 0.62109375 0.14583333333333334 0.609375 0.16319444444444445 0.5859375 0.16319444444444445 0.578125 0.1423611111111111 0.578125 0.13194444444444445 0.572265625 0.11458333333333333 0.572265625 0.10416666666666667 0.57421875 0.10069444444444445 0.580078125 0.10069444444444445 0.595703125 0.1111111111111111 0.626953125 0.1111111111111111 0.62890625 0.11458333333333333 0.638671875 0.11458333333333333 0.64453125 0.1076388888888889
0 0.34375 0.5069444444444444 0.34765625 0.5069444444444444 0.349609375 0.5104166666666666 0.349609375 0.5243055555555556 0.34765625 0.53125 0.34375 0.53125 0.34375 0.5208333333333334 0.341796875 0.5173611111111112 0.34375 0.5104166666666666
0 0.521484375 0.3368055555555556 0.525390625 0.34375 0.525390625 0.3506944444444444 0.5234375 0.3541666666666667 0.517578125 0.3541666666666667 0.513671875 0.3472222222222222 0.513671875 0.34375 0.51953125 0.3368055555555556
0 0.4765625 0.375 0.48046875 0.3784722222222222 0.48046875 0.3854166666666667 0.482421875 0.3888888888888889 0.482421875 0.3958333333333333 0.4765625 0.40625 0.474609375 0.40625 0.47265625 0.4027777777777778 0.47265625 0.3958333333333333 0.4765625 0.3784722222222222
0 0.35546875 0.3472222222222222 0.3671875 0.3680555555555556 0.384765625 0.3715277777777778 0.384765625 0.3819444444444444 0.380859375 0.3854166666666667 0.373046875 0.3854166666666667 0.37109375 0.3923611111111111 0.3671875 0.3958333333333333 0.36328125 0.3923611111111111 0.34375 0.3923611111111111 0.341796875 0.3854166666666667 0.341796875 0.3680555555555556 0.345703125 0.3645833333333333 0.3515625 0.3541666666666667 0.3515625 0.3506944444444444 0.353515625 0.3506944444444444
0 0.4223958333333333 0.7162037037037037 0.034375 0.030555555555555558