0 0.50390625 0.2638888888888889 0.505859375 0.2638888888888889 0.505859375 0.2951388888888889 0.50390625 0.2951388888888889 0.50390625 0.2673611111111111
0 0.525390625 0.3611111111111111 0.525390625 0.34375 0.5234375 0.3402777777777778 0.525390625 0.3333333333333333 0.52734375 0.3333333333333333 0.52734375 0.3611111111111111
0 0.498046875 0.5416666666666666 0.501953125 0.5416666666666666 0.505859375 0.5590277777777778 0.505859375 0.5659722222222222 0.50390625 0.5694444444444444 0.498046875 0.5451388888888888
0 0.490234375 0.003472222222222222 0.4921875 0.006944444444444444 0.4921875 0.024305555555555556 0.490234375 0.03125 0.478515625 0.04861111111111111 0.47265625 0.04861111111111111 0.48046875 0.024305555555555556 0.486328125 0.017361111111111112 0.48828125 0.006944444444444444
0 0.580078125 0.5902777777777778 0.58203125 0.5798611111111112 0.5859375 0.5763888888888888 0.5859375 0.5833333333333334 0.580078125 0.59375
0 0.564453125 0.21875 0.56640625 0.21875 0.56640625 0.23958333333333334 0.560546875 0.2638888888888889 0.560546875 0.2361111111111111 0.564453125 0.2222222222222222
0 0.58984375 0.6597222222222222 0.591796875 0.65625 0.595703125 0.65625 0.595703125 0.6666666666666666 0.591796875 0.6666666666666666 0.591796875 0.6631944444444444
0 0.5 0.5208333333333334 0.5 0.5104166666666666 0.501953125 0.5069444444444444 0.50390625 0.5069444444444444 0.5078125 0.5173611111111112 0.5078125 0.5347222222222222 0.50390625 0.53125 0.50390625 0.5243055555555556 0.501953125 0.5208333333333334
0 0.51171875 0.20833333333333334 0.51171875 0.1909722222222222 0.515625 0.1875 0.513671875 0.19444444444444445 0.513671875 0.20833333333333334 0.51171875 0.21180555555555555
0 0.638671875 0.4375 0.642578125 0.4375 0.64453125 0.4409722222222222 0.64453125 0.4479166666666667 0.642578125 0.4513888888888889 0.64453125 0.4583333333333333 0.64453125 0.4826388888888889 0.638671875 0.4965277777777778 0.6328125 0.4965277777777778 0.6328125 0.4652777777777778 0.634765625 0.4618055555555556 0.634765625 0.4548611111111111 0.638671875 0.4479166666666667 0.638671875 0.4409722222222222
0 0.49609375 0.2708333333333333 0.498046875 0.2743055555555556 0.498046875 0.2951388888888889 0.49609375 0.2881944444444444 0.49609375 0.2743055555555556
0 0.54296875 0.017361111111111112 0.546875 0.017361111111111112 0.55078125 0.024305555555555556 0.560546875 0.013888888888888888 0.560546875 0.017361111111111112 0.552734375 0.03125 0.5546875 0.052083333333333336 0.55078125 0.06597222222222222 0.53515625 0.08680555555555555 0.529296875 0.08680555555555555 0.525390625 0.0763888888888889 0.52734375 0.052083333333333336 0.53515625 0.04861111111111111 0.537109375 0.041666666666666664 0.544921875 0.034722222222222224 0.54296875 0.020833333333333332
0 0.630859375 0.2777777777777778 0.64453125 0.2777777777777778 0.654296875 0.2951388888888889 0.658203125 0.3125 0.658203125 0.3611111111111111 0.65625 0.3645833333333333 0.65625 0.3715277777777778 0.6484375 0.3784722222222222 0.650390625 0.3715277777777778 0.642578125 0.3541666666666667 0.640625 0.3402777777777778 0.634765625 0.3298611111111111 0.6328125 0.3298611111111111 0.630859375 0.2881944444444444 0.62890625 0.2847222222222222 0.630859375 0.28125
0 0.5078125 0.24305555555555555 0.51171875 0.2465277777777778 0.51171875 0.2743055555555556 0.509765625 0.2708333333333333 0.509765625 0.25 0.5078125 0.2465277777777778
0 0.623046875 0.6388888888888888 0.626953125 0.6388888888888888 0.6328125 0.6319444444444444 0.62890625 0.6493055555555556 0.630859375 0.65625 0.634765625 0.6597222222222222 0.634765625 0.6736111111111112 0.63671875 0.6770833333333334 0.63671875 0.7048611111111112 0.634765625 0.7118055555555556 0.630859375 0.7118055555555556 0.62890625 0.7013888888888888 0.625 0.6944444444444444 0.626953125 0.6527777777777778 0.623046875 0.6423611111111112
0 0.365234375 0.9027777777777778 0.37109375 0.8993055555555556 0.3671875 0.9097222222222222 0.361328125 0.9131944444444444 0.34765625 0.9340277777777778 0.34375 0.9375 0.341796875 0.9340277777777778 0.341796875 0.9236111111111112 0.34375 0.9201388888888888 0.34765625 0.9166666666666666 0.359375 0.9166666666666666 0.365234375 0.90625
0 0.59765625 0.5972222222222222 0.599609375 0.5972222222222222 0.599609375 0.6076388888888888 0.59765625 0.6145833333333334 0.595703125 0.6180555555555556 0.595703125 0.6041666666666666 0.59765625 0.6006944444444444
0 0.65234375 0.3993055555555556 0.65625 0.3993055555555556 0.658203125 0.40625 0.658203125 0.4548611111111111 0.65625 0.4583333333333333 0.65625 0.4652777777777778 0.650390625 0.4722222222222222 0.650390625 0.4513888888888889 0.6484375 0.4479166666666667 0.650390625 0.4409722222222222 0.646484375 0.4340277777777778 0.646484375 0.4270833333333333 0.654296875 0.4097222222222222 0.65234375 0.4027777777777778
0 0.490234375 0.2465277777777778 0.490234375 0.2222222222222222 0.4921875 0.21875 0.494140625 0.21875 0.494140625 0.24305555555555555 0.4921875 0.2465277777777778
0 0.34375 0.5625 0.349609375 0.5555555555555556 0.353515625 0.5590277777777778 0.353515625 0.5659722222222222 0.349609375 0.5729166666666666 0.34375 0.5729166666666666 0.341796875 0.5694444444444444 0.34375 0.5659722222222222
0 0.515625 0.1909722222222222 0.51953125 0.1909722222222222 0.51953125 0.2013888888888889 0.515625 0.2152777777777778 0.513671875 0.2152777777777778 0.515625 0.19444444444444445
0 0.65625 0.4895833333333333 0.658203125 0.4930555555555556 0.658203125 0.5208333333333334 0.6484375 0.5451388888888888 0.64453125 0.5451388888888888 0.642578125 0.5138888888888888 0.6484375 0.4930555555555556 0.654296875 0.4895833333333333
0 0.5078125 0.4722222222222222 0.51171875 0.46875 0.51171875 0.4756944444444444 0.517578125 0.4895833333333333 0.517578125 0.5034722222222222 0.515625 0.5034722222222222 0.515625 0.4965277777777778 0.509765625 0.4756944444444444
0 0.466796875 0.041666666666666664 0.470703125 0.059027777777777776 0.470703125 0.06944444444444445 0.46875 0.07291666666666667 0.46875 0.09375 0.470703125 0.09722222222222222 0.470703125 0.10416666666666667 0.46484375 0.10416666666666667 0.46484375 0.09722222222222222 0.466796875 0.09375 0.46484375 0.08680555555555555 0.46484375 0.04513888888888889
0 0.533203125 0.2048611111111111 0.533203125 0.2152777777777778 0.53515625 0.21875 0.533203125 0.24305555555555555 0.53125 0.24305555555555555 0.53125 0.20833333333333334
0 0.515625 0.2777777777777778 0.521484375 0.2708333333333333 0.521484375 0.2951388888888889 0.5234375 0.2986111111111111 0.5234375 0.3055555555555556 0.521484375 0.3055555555555556 0.517578125 0.2916666666666667 0.517578125 0.28125
0 0.6484375 0.09722222222222222 0.658203125 0.1076388888888889 0.658203125 0.11805555555555555 0.654296875 0.11805555555555555 0.646484375 0.10416666666666667 0.6484375 0.10069444444444445
0 0.5234375 0.2013888888888889 0.525390625 0.2048611111111111 0.525390625 0.22569444444444445 0.5234375 0.22569444444444445 0.521484375 0.21875 0.521484375 0.2048611111111111
0 0.578125 0.6423611111111112 0.603515625 0.6423611111111112 0.60546875 0.6458333333333334 0.5859375 0.6458333333333334 0.583984375 0.6493055555555556 0.578125 0.6458333333333334