0 0.5929549902152642 0.45993031358885017 0.6183953033268101 0.45993031358885017 0.6183953033268101 0.4634146341463415 0.6125244618395304 0.47038327526132406 0.6125244618395304 0.4738675958188153 0.6164383561643836 0.47735191637630664 0.6183953033268101 0.4843205574912892 0.6183953033268101 0.5296167247386759 0.6164383561643836 0.5365853658536586 0.6105675146771037 0.5365853658536586 0.6086105675146771 0.5400696864111498 0.6046966731898239 0.5400696864111498 0.6007827788649707 0.5365853658536586 0.598825831702544 0.5296167247386759 0.5968688845401174 0.5296167247386759 0.5968688845401174 0.5121951219512195 0.5929549902152642 0.5087108013937283 0.5929549902152642 0.4808362369337979 0.6007827788649707 0.4738675958188153 0.6007827788649707 0.47038327526132406 0.5968688845401174 0.46689895470383275 0.5949119373776908 0.45993031358885017
0 0.5225048923679061 0.6655052264808362 0.5401174168297456 0.6655052264808362 0.5420743639921722 0.662020905923345 0.5459882583170255 0.6655052264808362 0.5596868884540117 0.6655052264808362 0.5596868884540117 0.6724738675958188 0.5518590998043053 0.6724738675958188 0.547945205479452 0.6759581881533101 0.5459882583170255 0.6794425087108014 0.5499021526418787 0.6829268292682927 0.5499021526418787 0.686411149825784 0.5459882583170255 0.6898954703832753 0.5420743639921722 0.6898954703832753 0.5420743639921722 0.6794425087108014 0.538160469667319 0.6724738675958188 0.5225048923679061 0.6724738675958188 0.5225048923679061 0.6689895470383276
0 0.42857142857142855 0.6236933797909407 0.4461839530332681 0.6236933797909407 0.4461839530332681 0.6550522648083623 0.44422700587084146 0.6550522648083623 0.44227005870841485 0.662020905923345 0.436399217221135 0.6550522648083623 0.42857142857142855 0.6550522648083623 0.42857142857142855 0.6445993031358885 0.4246575342465753 0.6411149825783972 0.4246575342465753 0.6306620209059234 0.42857142857142855 0.627177700348432
0 0.48336594911937375 0.024390243902439025 0.487279843444227 0.027874564459930314 0.50293542074364 0.027874564459930314 0.4931506849315068 0.03484320557491289 0.49902152641878667 0.041811846689895474 0.49902152641878667 0.059233449477351915 0.49510763209393344 0.0627177700348432 0.4931506849315068 0.07317073170731707 0.4911937377690802 0.07317073170731707 0.4892367906066536 0.08013937282229965 0.48532289628180036 0.08013937282229965 0.4755381604696673 0.09407665505226481 0.46771037181996084 0.09407665505226481 0.4637964774951076 0.09059233449477352 0.4637964774951076 0.08362369337979095 0.461839530332681 0.08013937282229965 0.461839530332681 0.04878048780487805 0.4657534246575342 0.05226480836236934 0.46966731898238745 0.04878048780487805 0.4774951076320939 0.03484320557491289 0.48140900195694714 0.03484320557491289 0.48336594911937375 0.027874564459930314
0 0.5909980430528375 0.6759581881533101 0.5949119373776908 0.6759581881533101 0.5949119373776908 0.6794425087108014 0.5909980430528375 0.6829268292682927 0.589041095890411 0.6968641114982579 0.5968688845401174 0.7073170731707317 0.5968688845401174 0.735191637630662 0.5949119373776908 0.7386759581881533 0.5968688845401174 0.7491289198606271 0.5929549902152642 0.7491289198606271 0.5909980430528375 0.7421602787456446 0.5772994129158513 0.735191637630662 0.5772994129158513 0.7317073170731707 0.5792563600782779 0.7317073170731707 0.5831702544031311 0.7212543554006968 0.5831702544031311 0.7003484320557491 0.5792563600782779 0.6933797909407665 0.5675146771037182 0.686411149825784 0.5675146771037182 0.6829268292682927 0.5851272015655578 0.686411149825784 0.5909980430528375 0.6794425087108014
0 0.5009784735812133 0.25435540069686413 0.5146771037181996 0.25435540069686413 0.5146771037181996 0.30313588850174217 0.5088062622309197 0.30313588850174217 0.5068493150684932 0.30662020905923343 0.5048923679060665 0.30313588850174217 0.5009784735812133 0.30313588850174217 0.5009784735812133 0.2578397212543554
0 0.46771037181996084 0.37282229965156793 0.4735812133072407 0.37282229965156793 0.4755381604696673 0.3797909407665505 0.4755381604696673 0.39372822299651566 0.4735812133072407 0.397212543554007 0.46966731898238745 0.397212543554007 0.47162426614481406 0.3902439024390244 0.46771037181996084 0.3867595818815331 0.46771037181996084 0.37630662020905925
0 0.6281800391389433 0.5296167247386759 0.6340508806262231 0.5296167247386759 0.6340508806262231 0.5331010452961672 0.6379647749510763 0.5365853658536586 0.6379647749510763 0.5888501742160279 0.6340508806262231 0.5923344947735192 0.6281800391389433 0.5923344947735192 0.6262230919765166 0.5888501742160279 0.6203522504892368 0.5888501742160279 0.6203522504892368 0.5435540069686411 0.6223091976516634 0.5435540069686411 0.62426614481409 0.5365853658536586 0.6281800391389433 0.5331010452961672
0 0.5283757338551859 0.6306620209059234 0.5342465753424658 0.6306620209059234 0.5342465753424658 0.6515679442508711 0.5205479452054794 0.6515679442508711 0.5205479452054794 0.6411149825783972 0.5264187866927593 0.6411149825783972 0.5283757338551859 0.6341463414634146
0 0.5185909980430529 0.40418118466898956 0.5225048923679061 0.40069686411149824 0.547945205479452 0.40069686411149824 0.547945205479452 0.4076655052264808 0.5283757338551859 0.4076655052264808 0.5264187866927593 0.41114982578397213 0.5185909980430529 0.4076655052264808
0 0.5733855185909981 0.20905923344947736 0.589041095890411 0.2229965156794425 0.5949119373776908 0.24041811846689895 0.6007827788649707 0.24738675958188153 0.6007827788649707 0.2961672473867596 0.598825831702544 0.29965156794425085 0.598825831702544 0.313588850174216 0.5949119373776908 0.3170731707317073 0.5949119373776908 0.3240418118466899 0.598825831702544 0.32752613240418116 0.6027397260273972 0.33797909407665505 0.6027397260273972 0.34843205574912894 0.5949119373776908 0.34146341463414637 0.5831702544031311 0.34843205574912894 0.5831702544031311 0.34146341463414637 0.5870841487279843 0.3310104529616725 0.5870841487279843 0.313588850174216 0.5772994129158513 0.29965156794425085 0.5733855185909981 0.27526132404181186 0.5616438356164384 0.26480836236933797 0.5655577299412916 0.2613240418118467 0.5655577299412916 0.25435540069686413 0.5675146771037182 0.2508710801393728 0.5655577299412916 0.24390243902439024 0.5616438356164384 0.24041811846689895 0.5616438356164384 0.21254355400696864 0.5655577299412916 0.20905923344947736 0.5714285714285714 0.20905923344947736
0 0.30528375733855184 0.9477351916376306 0.30528375733855184 0.9581881533101045 0.30332681017612523 0.9651567944250871 0.2974559686888454 0.9651567944250871 0.2974559686888454 0.9512195121951219 0.30332681017612523 0.9477351916376306
0 0.4500978473581213 0.2229965156794425 0.4520547945205479 0.2229965156794425 0.4520547945205479 0.2508710801393728 0.4481409001956947 0.25435540069686413 0.44227005870841485 0.25435540069686413 0.44227005870841485 0.22996515679442509 0.4481409001956947 0.22996515679442509 0.4500978473581213 0.2264808362369338
0 0.589041095890411 0.47735191637630664 0.598825831702544 0.47735191637630664 0.598825831702544 0.4808362369337979 0.6027397260273972 0.4843205574912892 0.6027397260273972 0.5365853658536586 0.5909980430528375 0.5400696864111498 0.5812133072407045 0.5331010452961672 0.5812133072407045 0.5052264808362369 0.5831702544031311 0.5052264808362369 0.5851272015655578 0.49825783972125437 0.589041095890411 0.49477351916376305 0.589041095890411 0.4808362369337979
0 0.42661448140900193 0.3170731707317073 0.44031311154598823 0.3205574912891986 0.44031311154598823 0.3344947735191638 0.436399217221135 0.3344947735191638 0.4344422700587084 0.33797909407665505 0.4324853228962818 0.3344947735191638 0.42661448140900193 0.3344947735191638 0.42661448140900193 0.3205574912891986
0 0.6105675146771037 0.926829268292683 0.6183953033268101 0.9233449477351916 0.6223091976516634 0.926829268292683 0.62426614481409 0.9337979094076655 0.62426614481409 0.9547038327526133 0.6203522504892368 0.9547038327526133 0.6144814090019569 0.9477351916376306 0.6105675146771037 0.9477351916376306 0.6105675146771037 0.9303135888501742
0 0.46771037181996084 0.5400696864111498 0.46966731898238745 0.5435540069686411 0.4735812133072407 0.5435540069686411 0.4735812133072407 0.554006968641115 0.4774951076320939 0.5574912891986062 0.4774951076320939 0.5818815331010453 0.4735812133072407 0.5853658536585366 0.4755381604696673 0.5818815331010453 0.4755381604696673 0.5749128919860628 0.4735812133072407 0.5714285714285714 0.46966731898238745 0.5714285714285714 0.46966731898238745 0.5644599303135889 0.4657534246575342 0.5609756097560976 0.4657534246575342 0.554006968641115 0.4637964774951076 0.5505226480836237 0.4598825831702544 0.5505226480836237 0.4598825831702544 0.5435540069686411 0.4657534246575342 0.5435540069686411
0 0.538160469667319 0.6550522648083623 0.5440313111545988 0.6550522648083623 0.547945205479452 0.6515679442508711 0.547945205479452 0.6689895470383276 0.5440313111545988 0.6724738675958188 0.538160469667319 0.6689895470383276 0.538160469667319 0.6585365853658537
0 0.6328001836687839 0.4923364413213166 0.018181023078857318 0.07375080295096646
0 0.6164383561643836 0.03832752613240418 0.6223091976516634 0.03832752613240418 0.6223091976516634 0.08362369337979095 0.6105675146771037 0.0975609756097561 0.6046966731898239 0.09407665505226481 0.6046966731898239 0.09059233449477352 0.6086105675146771 0.08710801393728224 0.6086105675146771 0.0627177700348432 0.6125244618395304 0.059233449477351915 0.6125244618395304 0.04878048780487805 0.6144814090019569 0.04878048780487805 0.6164383561643836 0.041811846689895474
0 0.4187866927592955 0.2578397212543554 0.43052837573385516 0.2578397212543554 0.43052837573385516 0.27177700348432055 0.4324853228962818 0.27526132404181186 0.4324853228962818 0.2961672473867596 0.42661448140900193 0.29965156794425085 0.42857142857142855 0.2961672473867596 0.42857142857142855 0.28222996515679444 0.4246575342465753 0.2787456445993031 0.4246575342465753 0.2682926829268293 0.4227005870841487 0.26480836236933797 0.4187866927592955 0.26480836236933797 0.4187866927592955 0.2613240418118467
0 0.45792563600782776 0.2229965156794425 0.4598825831702544 0.2229965156794425 0.4598825831702544 0.25435540069686413 0.45596868884540115 0.2578397212543554 0.45792563600782776 0.25435540069686413 0.45792563600782776 0.2264808362369338
0 0.4461839530332681 0.30662020905923343 0.4520547945205479 0.30662020905923343 0.45401174168297453 0.313588850174216 0.45401174168297453 0.3310104529616725 0.4500978473581213 0.3344947735191638 0.4500978473581213 0.32752613240418116 0.4461839530332681 0.3240418118466899 0.4461839530332681 0.31010452961672474
0 0.461839530332681 0.5644599303135889 0.4637964774951076 0.5644599303135889 0.461839530332681 0.5644599303135889 0.4598825831702544 0.5714285714285714 0.4637964774951076 0.5749128919860628 0.4657534246575342 0.5818815331010453 0.46771037181996084 0.5818815331010453 0.46771037181996084 0.6097560975609756 0.4598825831702544 0.6132404181184669 0.461839530332681 0.6062717770034843 0.45792563600782776 0.6027874564459931 0.45792563600782776 0.5853658536585366 0.45401174168297453 0.5818815331010453 0.45401174168297453 0.5749128919860628 0.4500978473581213 0.5714285714285714 0.4500978473581213 0.5679442508710801 0.4598825831702544 0.5679442508710801
0 0.40313111545988256 0 0.410958904109589 0 0.410958904109589 0.03832752613240418 0.4070450097847358 0.041811846689895474 0.4070450097847358 0.0313588850174216 0.40313111545988256 0.027874564459930314 0.40313111545988256 0.003484320557491289
0 0.46771037181996084 0.627177700348432 0.46771037181996084 0.6550522648083623 0.4657534246575342 0.6585365853658537 0.4637964774951076 0.6585365853658537 0.4657534246575342 0.6515679442508711 0.4637964774951076 0.6480836236933798 0.4598825831702544 0.6480836236933798 0.4598825831702544 0.6376306620209059 0.45596868884540115 0.6341463414634146 0.45596868884540115 0.627177700348432 0.45401174168297453 0.6236933797909407 0.4500978473581213 0.6236933797909407 0.4500978473581213 0.6202090592334495 0.45792563600782776 0.6167247386759582 0.4598825831702544 0.6202090592334495 0.4637964774951076 0.6202090592334495 0.4657534246575342 0.627177700348432
0 0.47162426614481406 0.30662020905923343 0.47162426614481406 0.3170731707317073 0.4755381604696673 0.3205574912891986 0.4755381604696673 0.34146341463414637 0.4735812133072407 0.34494773519163763 0.46966731898238745 0.34494773519163763 0.46771037181996084 0.33797909407665505 0.4637964774951076 0.3344947735191638 0.4637964774951076 0.3205574912891986 0.461839530332681 0.3170731707317073 0.45792563600782776 0.3170731707317073 0.45792563600782776 0.30662020905923343 0.46966731898238745 0.30662020905923343
0 0.5968688845401174 0.5435540069686411 0.6105675146771037 0.5435540069686411 0.6105675146771037 0.5888501742160279 0.6027397260273972 0.5958188153310104 0.6007827788649707 0.6027874564459931 0.5968688845401174 0.6027874564459931 0.5949119373776908 0.6062717770034843 0.5929549902152642 0.6027874564459931 0.589041095890411 0.6027874564459931 0.589041095890411 0.5888501742160279 0.5851272015655578 0.5853658536585366 0.5851272015655578 0.5749128919860628 0.589041095890411 0.5714285714285714 0.5909980430528375 0.5609756097560976 0.5949119373776908 0.5574912891986062 0.5968688845401174 0.5470383275261324
0 0.4598825831702544 0.2264808362369338 0.4637964774951076 0.2264808362369338 0.4657534246575342 0.23344947735191637 0.4735812133072407 0.23693379790940766 0.4735812133072407 0.24390243902439024 0.4774951076320939 0.24738675958188153 0.4774951076320939 0.2578397212543554 0.47162426614481406 0.2578397212543554 0.46771037181996084 0.26480836236933797 0.4657534246575342 0.2578397212543554 0.4657534246575342 0.24041811846689895 0.4637964774951076 0.23693379790940766 0.4598825831702544 0.23693379790940766 0.4598825831702544 0.22996515679442509
0 0.4774951076320939 0.2508710801393728 0.4794520547945205 0.2508710801393728 0.4794520547945205 0.2857142857142857 0.4755381604696673 0.289198606271777 0.4735812133072407 0.2857142857142857 0.46966731898238745 0.2857142857142857 0.46966731898238745 0.2787456445993031 0.4755381604696673 0.2787456445993031 0.4774951076320939 0.27526132404181186 0.4774951076320939 0.2682926829268293 0.4755381604696673 0.26480836236933797 0.46966731898238745 0.26480836236933797 0.46966731898238745 0.2578397212543554 0.4755381604696673 0.2578397212543554 0.4774951076320939 0.25435540069686413