0 0.591796875 0.5923344947735192 0.599609375 0.5923344947735192 0.599609375 0.6515679442508711 0.595703125 0.6515679442508711 0.59375 0.6550522648083623 0.587890625 0.6550522648083623 0.5859375 0.6480836236933798 0.5859375 0.6306620209059234 0.587890625 0.627177700348432 0.587890625 0.6167247386759582 0.591796875 0.6132404181184669 0.591796875 0.5958188153310104
0 0.46484375 0.8013937282229965 0.470703125 0.8083623693379791 0.470703125 0.8153310104529616 0.47265625 0.818815331010453 0.47265625 0.8222996515679443 0.46875 0.8222996515679443 0.46875 0.8153310104529616 0.46484375 0.8118466898954704 0.46484375 0.8048780487804879
0 0.6418539325842697 0.1267822886896606 0.0109155547752809 0.05111380808832166
0 0.541015625 0.9337979094076655 0.54296875 0.9337979094076655 0.54296875 0.9372822299651568 0.546875 0.9407665505226481 0.548828125 0.9477351916376306 0.55078125 0.9477351916376306 0.55078125 0.9965156794425087 0.541015625 0.9965156794425087 0.537109375 0.9930313588850174 0.537109375 0.9407665505226481 0.541015625 0.9372822299651568
0 0.474609375 0.8083623693379791 0.478515625 0.8118466898954704 0.478515625 0.8257839721254355 0.474609375 0.8222996515679443 0.474609375 0.8118466898954704
0 0.587890625 0.6968641114982579 0.587890625 0.7526132404181185 0.578125 0.7665505226480837 0.57421875 0.7665505226480837 0.572265625 0.7700348432055749 0.5703125 0.7665505226480837 0.5703125 0.7317073170731707 0.57421875 0.7212543554006968 0.580078125 0.7142857142857143 0.58203125 0.7038327526132404 0.5859375 0.7003484320557491
0 0.458984375 0.07317073170731707 0.47265625 0.08013937282229965 0.47265625 0.08710801393728224 0.470703125 0.09059233449477352 0.470703125 0.11149825783972125 0.47265625 0.11498257839721254 0.47265625 0.15331010452961671 0.46484375 0.17421602787456447 0.458984375 0.17421602787456447 0.453125 0.18118466898954705 0.44921875 0.18118466898954705 0.4453125 0.17421602787456447 0.4453125 0.14982578397212543 0.443359375 0.14634146341463414 0.443359375 0.13937282229965156 0.4453125 0.13937282229965156 0.451171875 0.1289198606271777 0.451171875 0.12195121951219512 0.455078125 0.11846689895470383 0.45703125 0.10801393728222997 0.462890625 0.0975609756097561 0.462890625 0.08710801393728224 0.458984375 0.07665505226480836
0 0.490234375 0.4634146341463415 0.49609375 0.4634146341463415 0.49609375 0.47038327526132406 0.498046875 0.4738675958188153 0.498046875 0.4808362369337979 0.49609375 0.4808362369337979 0.498046875 0.4738675958188153 0.490234375 0.46689895470383275
0 0.61328125 0.9303135888501742 0.6171875 0.926829268292683 0.623046875 0.926829268292683 0.623046875 0.9512195121951219 0.62109375 0.9547038327526133 0.619140625 0.9477351916376306 0.61328125 0.9442508710801394 0.61328125 0.9337979094076655
0 0.5078125 0.0627177700348432 0.51953125 0.0627177700348432 0.525390625 0.06968641114982578 0.529296875 0.06968641114982578 0.541015625 0.08013937282229965 0.548828125 0.09407665505226481 0.548828125 0.10801393728222997 0.544921875 0.10801393728222997 0.533203125 0.09407665505226481 0.515625 0.09059233449477352 0.51171875 0.08710801393728224 0.5078125 0.07317073170731707 0.50390625 0.06968641114982578 0.5078125 0.06620209059233449
0 0.45703125 0.4076655052264808 0.462890625 0.4076655052264808 0.462890625 0.42160278745644597 0.4609375 0.42160278745644597 0.45703125 0.41114982578397213
0 0.462890625 0.759581881533101 0.466796875 0.7560975609756098 0.47265625 0.7560975609756098 0.47265625 0.759581881533101 0.4765625 0.7630662020905923 0.4765625 0.7735191637630662 0.474609375 0.7770034843205574 0.466796875 0.7735191637630662 0.462890625 0.7630662020905923
0 0.46875 0.3832752613240418 0.474609375 0.3832752613240418 0.474609375 0.3867595818815331 0.478515625 0.3902439024390244 0.478515625 0.4076655052264808 0.4765625 0.4076655052264808 0.4765625 0.40418118466898956 0.47265625 0.40069686411149824 0.47265625 0.3902439024390244 0.46875 0.3867595818815331
0 0.4453125 0.36585365853658536 0.447265625 0.37282229965156793 0.455078125 0.37630662020905925 0.455078125 0.3832752613240418 0.447265625 0.3797909407665505 0.4453125 0.37630662020905925 0.4453125 0.3693379790940767
0 0.458984375 0.32752613240418116 0.46484375 0.32752613240418116 0.46484375 0.3344947735191638 0.466796875 0.33797909407665505 0.466796875 0.34146341463414637 0.462890625 0.34146341463414637 0.462890625 0.3344947735191638 0.458984375 0.3310104529616725
0 0.513671875 0.8083623693379791 0.517578125 0.8118466898954704 0.517578125 0.8222996515679443 0.5234375 0.8292682926829268 0.5234375 0.8641114982578397 0.51953125 0.8606271777003485 0.51953125 0.8536585365853658 0.515625 0.8501742160278746 0.515625 0.8432055749128919 0.513671875 0.8397212543554007 0.513671875 0.8222996515679443 0.509765625 0.818815331010453 0.509765625 0.8118466898954704 0.51171875 0.8118466898954704
0 0.490234375 0.8432055749128919 0.49609375 0.8432055749128919 0.49609375 0.8571428571428571 0.498046875 0.8641114982578397 0.50390625 0.8710801393728222 0.50390625 0.8989547038327527 0.505859375 0.9024390243902439 0.498046875 0.8954703832752613 0.49609375 0.8780487804878049 0.4921875 0.8745644599303136 0.4921875 0.8536585365853658 0.490234375 0.8466898954703833
0 0.45703125 0.7630662020905923 0.462890625 0.7630662020905923 0.462890625 0.7700348432055749 0.466796875 0.7735191637630662 0.466796875 0.7839721254355401 0.462890625 0.7839721254355401 0.45703125 0.7770034843205574 0.455078125 0.7700348432055749 0.453125 0.7700348432055749 0.45703125 0.7665505226480837
0 0.3046875 0.24738675958188153 0.310546875 0.24390243902439024 0.310546875 0.27177700348432055 0.3046875 0.27177700348432055 0.3046875 0.2508710801393728
0 0.4375 0.3832752613240418 0.451171875 0.3867595818815331 0.451171875 0.40069686411149824 0.44921875 0.40418118466898956 0.4453125 0.40069686411149824 0.4453125 0.3902439024390244 0.443359375 0.3867595818815331 0.4375 0.3867595818815331
0 0.44140625 0.4425087108013937 0.447265625 0.4425087108013937 0.447265625 0.44947735191637633 0.451171875 0.4529616724738676 0.44921875 0.45993031358885017 0.447265625 0.4529616724738676 0.44140625 0.4529616724738676 0.44140625 0.445993031358885
0 0.634765625 0.0313588850174216 0.638671875 0.0313588850174216 0.638671875 0.03484320557491289 0.642578125 0.03832752613240418 0.642578125 0.06620209059233449 0.640625 0.06620209059233449 0.638671875 0.05574912891986063 0.634765625 0.05226480836236934 0.634765625 0.041811846689895474 0.6328125 0.03832752613240418 0.634765625 0.03484320557491289
0 0.517578125 0.39372822299651566 0.5234375 0.39372822299651566 0.5234375 0.4425087108013937 0.521484375 0.4425087108013937 0.521484375 0.4355400696864111 0.517578125 0.43205574912891986 0.517578125 0.4146341463414634 0.521484375 0.41114982578397213 0.521484375 0.40418118466898956 0.517578125 0.40069686411149824 0.517578125 0.397212543554007
0 0.4453125 0.40418118466898956 0.451171875 0.4076655052264808 0.451171875 0.4146341463414634 0.4453125 0.41114982578397213 0.4453125 0.4076655052264808
0 0.45703125 0.7700348432055749 0.45703125 0.7909407665505227 0.453125 0.7909407665505227 0.453125 0.7839721254355401 0.451171875 0.7804878048780488 0.447265625 0.7804878048780488 0.447265625 0.7735191637630662 0.455078125 0.7700348432055749
0 0.638671875 0.11498257839721254 0.638671875 0.14285714285714285 0.640625 0.14634146341463414 0.640625 0.14982578397212543 0.63671875 0.14982578397212543 0.638671875 0.14634146341463414 0.638671875 0.11846689895470383
0 0.560546875 0.6062717770034843 0.56640625 0.6062717770034843 0.5703125 0.6097560975609756 0.5703125 0.6132404181184669 0.576171875 0.6202090592334495 0.576171875 0.627177700348432 0.578125 0.6306620209059234 0.578125 0.7038327526132404 0.576171875 0.7073170731707317 0.572265625 0.7038327526132404 0.560546875 0.7038327526132404 0.560546875 0.7003484320557491 0.56640625 0.6933797909407665 0.56640625 0.6794425087108014 0.5625 0.6759581881533101 0.5625 0.6550522648083623 0.560546875 0.6480836236933798 0.556640625 0.6445993031358885 0.556640625 0.6376306620209059 0.560546875 0.6341463414634146 0.560546875 0.6097560975609756
0 0.4280898876404495 -0.006514504952433152 0.0159717345505618 0.029064714403163293
0 0.4679775280898877 0.3507810359002467 0.012600948033707865 0.012026778373722742
0 0.48046875 0.41114982578397213 0.486328125 0.41114982578397213 0.48828125 0.4181184668989547 0.498046875 0.42857142857142855 0.498046875 0.43902439024390244 0.49609375 0.43902439024390244 0.498046875 0.4355400696864111 0.49609375 0.43205574912891986 0.484375 0.4181184668989547 0.48046875 0.4181184668989547 0.48046875 0.4146341463414634
0 0.6015625 0.09407665505226481 0.599609375 0.14634146341463414 0.595703125 0.14982578397212543 0.59375 0.14634146341463414 0.59375 0.12195121951219512 0.59765625 0.11846689895470383 0.59765625 0.10801393728222997 0.6015625 0.10452961672473868 0.6015625 0.0975609756097561
0 0.474609375 0.7526132404181185 0.48046875 0.7491289198606271 0.48046875 0.7665505226480837 0.482421875 0.7700348432055749 0.482421875 0.7735191637630662 0.478515625 0.7735191637630662 0.482421875 0.7700348432055749 0.478515625 0.7665505226480837 0.474609375 0.7560975609756098