0 0.5859375 0.1284722222222222 0.599609375 0.14930555555555555 0.599609375 0.22569444444444445 0.58203125 0.22569444444444445 0.591796875 0.21875 0.595703125 0.21180555555555555 0.595703125 0.2013888888888889 0.58984375 0.19444444444444445 0.587890625 0.1875 0.583984375 0.1875 0.583984375 0.1840277777777778 0.578125 0.17708333333333334 0.576171875 0.16319444444444445 0.568359375 0.1527777777777778 0.564453125 0.1527777777777778 0.564453125 0.14583333333333334 0.560546875 0.1423611111111111 0.55859375 0.13541666666666666 0.55859375 0.11805555555555555 0.560546875 0.1111111111111111 0.568359375 0.1111111111111111 0.572265625 0.12152777777777778 0.576171875 0.12152777777777778 0.583984375 0.1284722222222222
0 0.6171875 0.6354166666666666 0.62109375 0.6319444444444444 0.62109375 0.625 0.630859375 0.625 0.630859375 0.6909722222222222 0.60546875 0.6909722222222222 0.6015625 0.6875 0.6015625 0.6701388888888888 0.60546875 0.6666666666666666 0.60546875 0.6597222222222222 0.607421875 0.6597222222222222 0.609375 0.6527777777777778 0.611328125 0.6527777777777778 0.61328125 0.6458333333333334 0.6171875 0.6423611111111112 0.6171875 0.6388888888888888
0 0.572265625 0.9861111111111112 0.580078125 0.9861111111111112 0.58203125 0.9930555555555556 0.58984375 0.9930555555555556 0.58984375 0.9965277777777778 0.572265625 0.9965277777777778 0.572265625 0.9895833333333334
0 0.50390625 0.4340277777777778 0.513671875 0.4340277777777778 0.515625 0.4375 0.51953125 0.4375 0.521484375 0.4444444444444444 0.525390625 0.4444444444444444 0.525390625 0.4583333333333333 0.517578125 0.4618055555555556 0.513671875 0.4513888888888889 0.509765625 0.4513888888888889 0.509765625 0.4409722222222222 0.5078125 0.4375 0.50390625 0.4375
0 0.45703125 0.3333333333333333 0.45703125 0.3263888888888889 0.4609375 0.3263888888888889 0.462890625 0.3333333333333333 0.47265625 0.3333333333333333 0.474609375 0.3368055555555556 0.478515625 0.3368055555555556 0.478515625 0.3506944444444444 0.462890625 0.34375 0.462890625 0.3368055555555556 0.458984375 0.3333333333333333
0 0.642578125 0.9305555555555556 0.646484375 0.9305555555555556 0.6484375 0.9270833333333334 0.658203125 0.9270833333333334 0.658203125 0.9513888888888888 0.654296875 0.9513888888888888 0.65234375 0.9548611111111112 0.6484375 0.9513888888888888 0.642578125 0.9513888888888888 0.642578125 0.9340277777777778
0 0.49609375 0.0625 0.5 0.0625 0.501953125 0.06597222222222222 0.51953125 0.06597222222222222 0.51953125 0.06944444444444445 0.51171875 0.0798611111111111 0.51171875 0.09375 0.513671875 0.10069444444444445 0.517578125 0.10416666666666667 0.517578125 0.125 0.513671875 0.1284722222222222 0.513671875 0.13541666666666666 0.509765625 0.1388888888888889 0.505859375 0.14930555555555555 0.494140625 0.1597222222222222 0.48828125 0.1597222222222222 0.478515625 0.1527777777777778 0.478515625 0.1284722222222222 0.474609375 0.125 0.474609375 0.11805555555555555 0.482421875 0.11805555555555555 0.486328125 0.1111111111111111 0.486328125 0.10416666666666667 0.48828125 0.10416666666666667 0.4921875 0.09375 0.501953125 0.08333333333333333 0.501953125 0.07291666666666667 0.49609375 0.06597222222222222
0 0.58203125 0.7291666666666666 0.58203125 0.7534722222222222 0.578125 0.7534722222222222 0.576171875 0.7569444444444444 0.57421875 0.7534722222222222 0.57421875 0.7395833333333334 0.572265625 0.7361111111111112 0.564453125 0.7361111111111112 0.564453125 0.7326388888888888 0.580078125 0.7291666666666666
0 0.484375 0.3472222222222222 0.484375 0.3263888888888889 0.501953125 0.3263888888888889 0.501953125 0.3506944444444444 0.486328125 0.3472222222222222
0 0.490234375 0.7152777777777778 0.490234375 0.7222222222222222 0.494140625 0.7256944444444444 0.494140625 0.7291666666666666 0.484375 0.7291666666666666 0.484375 0.7256944444444444 0.48046875 0.7222222222222222 0.48046875 0.7048611111111112 0.486328125 0.7048611111111112 0.486328125 0.7118055555555556 0.48828125 0.7152777777777778
0 0.544921875 0.4201388888888889 0.546875 0.4201388888888889 0.548828125 0.4131944444444444 0.58203125 0.4131944444444444 0.58203125 0.4236111111111111 0.546875 0.4236111111111111
0 0.626953125 0.5520833333333334 0.6328125 0.5520833333333334 0.6328125 0.5555555555555556 0.63671875 0.5590277777777778 0.63671875 0.6111111111111112 0.625 0.6111111111111112 0.623046875 0.6145833333333334 0.615234375 0.6111111111111112 0.615234375 0.5798611111111112 0.619140625 0.5763888888888888 0.619140625 0.5694444444444444 0.62109375 0.5694444444444444 0.623046875 0.5625 0.626953125 0.5590277777777778 0.626953125 0.5555555555555556
0 0.451171875 0.3715277777777778 0.47265625 0.3715277777777778 0.4765625 0.375 0.47265625 0.3784722222222222 0.466796875 0.3784722222222222 0.46484375 0.375 0.45703125 0.375 0.453125 0.3715277777777778
0 0.4765625 0.3819444444444444 0.484375 0.3819444444444444 0.484375 0.3888888888888889 0.486328125 0.3923611111111111 0.494140625 0.3923611111111111 0.494140625 0.3993055555555556 0.490234375 0.3993055555555556 0.48828125 0.4027777777777778 0.486328125 0.3993055555555556 0.4765625 0.3993055555555556 0.4765625 0.3854166666666667
0 0.62890625 0.6215277777777778 0.630859375 0.6215277777777778 0.6328125 0.6145833333333334 0.646484375 0.6145833333333334 0.646484375 0.6180555555555556 0.650390625 0.6215277777777778 0.650390625 0.6354166666666666 0.658203125 0.6423611111111112 0.658203125 0.6944444444444444 0.6484375 0.6944444444444444 0.646484375 0.6979166666666666 0.640625 0.6944444444444444 0.640625 0.6909722222222222 0.63671875 0.6875 0.63671875 0.6736111111111112 0.6328125 0.6701388888888888 0.6328125 0.6666666666666666 0.63671875 0.6631944444444444 0.63671875 0.6527777777777778 0.6328125 0.6493055555555556 0.6328125 0.625 0.630859375 0.6215277777777778
0 0.52734375 0.7013888888888888 0.537109375 0.7013888888888888 0.537109375 0.7118055555555556 0.5390625 0.7152777777777778 0.54296875 0.7152777777777778 0.54296875 0.75 0.5390625 0.75 0.5390625 0.7430555555555556 0.537109375 0.7395833333333334 0.533203125 0.7395833333333334 0.533203125 0.7152777777777778 0.53125 0.7118055555555556 0.521484375 0.7083333333333334 0.525390625 0.7083333333333334 0.52734375 0.7048611111111112
0 0.6640625 0.10416666666666667 0.67578125 0.10416666666666667 0.67578125 0.13541666666666666 0.673828125 0.13194444444444445 0.669921875 0.13194444444444445 0.669921875 0.125 0.66796875 0.12152777777777778 0.6640625 0.12152777777777778 0.6640625 0.1076388888888889
0 0.4765625 0.7395833333333334 0.486328125 0.7395833333333334 0.48828125 0.7430555555555556 0.4921875 0.7430555555555556 0.494140625 0.75 0.498046875 0.75 0.498046875 0.7569444444444444 0.494140625 0.7604166666666666 0.48828125 0.7604166666666666 0.486328125 0.7569444444444444 0.4765625 0.7534722222222222 0.4765625 0.7430555555555556
0 0.34175824175824177 0.9807081807081808 0.019166380494505496 0.012156593406593407
0 0.556640625 0.6736111111111112 0.580078125 0.6736111111111112 0.58203125 0.6666666666666666 0.5859375 0.6666666666666666 0.5859375 0.6701388888888888 0.58984375 0.6736111111111112 0.58984375 0.6770833333333334 0.5859375 0.6770833333333334 0.583984375 0.6805555555555556 0.560546875 0.6805555555555556 0.556640625 0.6770833333333334
0 0.57421875 0.6875 0.58203125 0.6875 0.58203125 0.6979166666666666 0.578125 0.6979166666666666 0.576171875 0.7013888888888888 0.564453125 0.6979166666666666 0.564453125 0.6944444444444444 0.572265625 0.6944444444444444 0.57421875 0.6909722222222222
0 0.4609375 0.40625 0.470703125 0.40625 0.47265625 0.4097222222222222 0.47265625 0.4166666666666667 0.470703125 0.4201388888888889 0.46875 0.4201388888888889 0.466796875 0.4166666666666667 0.466796875 0.4097222222222222 0.462890625 0.40625
0 0.474609375 0.3819444444444444 0.482421875 0.3819444444444444 0.482421875 0.3923611111111111 0.478515625 0.3958333333333333 0.474609375 0.3923611111111111 0.474609375 0.3854166666666667
0 0.541015625 0.3506944444444444 0.548828125 0.3506944444444444 0.548828125 0.3958333333333333 0.541015625 0.3993055555555556 0.541015625 0.3923611111111111 0.5390625 0.3888888888888889 0.53125 0.3888888888888889 0.53125 0.375 0.5390625 0.375 0.541015625 0.3715277777777778 0.541015625 0.3611111111111111 0.5390625 0.3576388888888889 0.53125 0.3576388888888889 0.5390625 0.3576388888888889 0.541015625 0.3541666666666667
0 0.52734375 0.7777777777777778 0.529296875 0.78125 0.529296875 0.8020833333333334 0.525390625 0.8055555555555556 0.517578125 0.8020833333333334 0.517578125 0.78125 0.525390625 0.7777777777777778
0 0.482421875 0.7048611111111112 0.482421875 0.6979166666666666 0.5 0.6979166666666666 0.5 0.7222222222222222 0.4921875 0.7222222222222222 0.4921875 0.7083333333333334 0.490234375 0.7048611111111112 0.484375 0.7048611111111112
0 0.658203125 0.9722222222222222 0.669921875 0.9722222222222222 0.669921875 0.9965277777777778 0.658203125 0.9965277777777778 0.658203125 0.9756944444444444
0 0.5 0.3923611111111111 0.515625 0.3993055555555556 0.515625 0.4097222222222222 0.51171875 0.4131944444444444 0.509765625 0.40625 0.5 0.4027777777777778 0.5 0.3958333333333333
0 0.599609375 0.6979166666666666 0.603515625 0.6944444444444444 0.609375 0.6944444444444444 0.611328125 0.6979166666666666 0.6171875 0.6979166666666666 0.6171875 0.7013888888888888 0.62109375 0.7048611111111112 0.62109375 0.7395833333333334 0.60546875 0.7395833333333334 0.603515625 0.7430555555555556 0.603515625 0.7361111111111112 0.599609375 0.7326388888888888 0.59765625 0.7256944444444444 0.591796875 0.7222222222222222 0.591796875 0.71875 0.595703125 0.7152777777777778 0.595703125 0.7048611111111112 0.599609375 0.7013888888888888
0 0.4765625 0.3298611111111111 0.484375 0.3298611111111111 0.486328125 0.3229166666666667 0.494140625 0.3229166666666667 0.494140625 0.3333333333333333 0.490234375 0.3333333333333333 0.48828125 0.3368055555555556 0.484375 0.3333333333333333 0.4765625 0.3333333333333333
0 0.494140625 0.3506944444444444 0.501953125 0.3506944444444444 0.50390625 0.3472222222222222 0.50390625 0.3402777777777778 0.51171875 0.3402777777777778 0.51171875 0.3715277777777778 0.505859375 0.3715277777777778 0.50390625 0.375 0.501953125 0.3715277777777778 0.494140625 0.3715277777777778 0.494140625 0.3541666666666667
0 0.50390625 0.7291666666666666 0.525390625 0.7291666666666666 0.525390625 0.7743055555555556 0.521484375 0.7743055555555556 0.51953125 0.7777777777777778 0.517578125 0.7777777777777778 0.513671875 0.7673611111111112 0.509765625 0.7673611111111112 0.509765625 0.7534722222222222 0.513671875 0.7534722222222222 0.515625 0.75 0.515625 0.7361111111111112 0.505859375 0.7291666666666666
0 0.55859375 0.7118055555555556 0.56640625 0.7118055555555556 0.56640625 0.71875 0.560546875 0.71875 0.55859375 0.7222222222222222 0.5546875 0.71875 0.548828125 0.71875 0.556640625 0.71875 0.55859375 0.7152777777777778