0 0.599609375 0.5888501742160279 0.599609375 0.6411149825783972 0.595703125 0.6445993031358885 0.578125 0.6445993031358885 0.578125 0.6376306620209059 0.57421875 0.6341463414634146 0.57421875 0.6236933797909407 0.578125 0.6202090592334495 0.578125 0.5993031358885017 0.58203125 0.5958188153310104 0.58203125 0.578397212543554 0.595703125 0.578397212543554 0.595703125 0.5853658536585366 0.59765625 0.5888501742160279
0 0.435546875 0.3554006968641115 0.435546875 0.34843205574912894 0.44140625 0.34843205574912894 0.443359375 0.3554006968641115 0.451171875 0.3554006968641115 0.455078125 0.3588850174216028 0.455078125 0.36585365853658536 0.443359375 0.36585365853658536 0.439453125 0.3623693379790941 0.4375 0.3554006968641115
0 0.4609375 0.7909407665505227 0.46484375 0.7909407665505227 0.46484375 0.794425087108014 0.466796875 0.7979094076655052 0.470703125 0.7979094076655052 0.47265625 0.8048780487804879 0.47265625 0.8083623693379791 0.46875 0.8083623693379791 0.466796875 0.8118466898954704 0.46484375 0.8048780487804879 0.455078125 0.8013937282229965 0.455078125 0.7979094076655052 0.458984375 0.7979094076655052 0.4609375 0.794425087108014
0 0.439453125 0.397212543554007 0.451171875 0.397212543554007 0.451171875 0.4076655052264808 0.44921875 0.40418118466898956 0.4453125 0.40418118466898956 0.4453125 0.40069686411149824 0.44140625 0.397212543554007
0 0.505859375 0.041811846689895474 0.513671875 0.04878048780487805 0.51953125 0.04878048780487805 0.525390625 0.05574912891986063 0.53125 0.05574912891986063 0.53515625 0.0627177700348432 0.54296875 0.06620209059233449 0.546875 0.07665505226480836 0.546875 0.08013937282229965 0.54296875 0.08362369337979095 0.537109375 0.08362369337979095 0.529296875 0.07317073170731707 0.517578125 0.07317073170731707 0.515625 0.06968641114982578 0.505859375 0.06968641114982578 0.50390625 0.06620209059233449 0.5 0.06620209059233449 0.5 0.0627177700348432 0.494140625 0.05574912891986063 0.494140625 0.04529616724738676 0.498046875 0.041811846689895474 0.50390625 0.041811846689895474
0 0.529296875 0.9337979094076655 0.533203125 0.9337979094076655 0.53515625 0.9303135888501742 0.53515625 0.9094076655052264 0.5390625 0.9094076655052264 0.541015625 0.9163763066202091 0.544921875 0.9163763066202091 0.546875 0.9198606271777003 0.546875 0.9825783972125436 0.54296875 0.9825783972125436 0.541015625 0.9860627177700348 0.5390625 0.9825783972125436 0.53515625 0.9825783972125436 0.53515625 0.9616724738675958 0.533203125 0.9581881533101045 0.529296875 0.9581881533101045 0.529296875 0.9372822299651568
0 0.576171875 0.6968641114982579 0.578125 0.6968641114982579 0.580078125 0.6898954703832753 0.5859375 0.6898954703832753 0.5859375 0.7491289198606271 0.580078125 0.7491289198606271 0.568359375 0.759581881533101 0.56640625 0.7560975609756098 0.556640625 0.7560975609756098 0.556640625 0.7247386759581882 0.5625 0.7212543554006968 0.564453125 0.7142857142857143 0.568359375 0.710801393728223 0.568359375 0.7073170731707317 0.576171875 0.7003484320557491
0 0.634765625 0.13240418118466898 0.642578125 0.13240418118466898 0.642578125 0.14634146341463414 0.638671875 0.14982578397212543 0.634765625 0.14634146341463414 0.634765625 0.13588850174216027
0 0.453125 0.05574912891986063 0.455078125 0.0627177700348432 0.462890625 0.0627177700348432 0.46484375 0.06620209059233449 0.46875 0.06620209059233449 0.470703125 0.0627177700348432 0.470703125 0.07665505226480836 0.46875 0.08013937282229965 0.46875 0.09407665505226481 0.470703125 0.0975609756097561 0.470703125 0.13937282229965156 0.46875 0.14634146341463414 0.466796875 0.14634146341463414 0.46484375 0.15331010452961671 0.45703125 0.16376306620209058 0.44921875 0.17073170731707318 0.44140625 0.17073170731707318 0.439453125 0.1672473867595819 0.439453125 0.1602787456445993 0.435546875 0.156794425087108 0.435546875 0.13240418118466898 0.43359375 0.1289198606271777 0.43359375 0.1254355400696864 0.4375 0.1254355400696864 0.44140625 0.11498257839721254 0.447265625 0.10801393728222997 0.447265625 0.10104529616724739 0.44921875 0.10104529616724739 0.453125 0.09059233449477352 0.45703125 0.09059233449477352 0.458984375 0.08710801393728224 0.458984375 0.07317073170731707 0.453125 0.06620209059233449 0.453125 0.059233449477351915
0 0.513671875 0.6515679442508711 0.515625 0.6515679442508711 0.517578125 0.6445993031358885 0.5546875 0.6445993031358885 0.5546875 0.6550522648083623 0.513671875 0.6550522648083623
0 0.63671875 0.09407665505226481 0.640625 0.09407665505226481 0.640625 0.10452961672473868 0.63671875 0.10452961672473868 0.63671875 0.0975609756097561
0 0.462890625 0.759581881533101 0.462890625 0.7456445993031359 0.4765625 0.7456445993031359 0.478515625 0.7526132404181185 0.478515625 0.7630662020905923 0.474609375 0.7665505226480837 0.46484375 0.759581881533101
0 0.447265625 0.3205574912891986 0.46875 0.3205574912891986 0.46875 0.3310104529616725 0.46484375 0.3344947735191638 0.4609375 0.3344947735191638 0.458984375 0.32752613240418116 0.453125 0.32752613240418116 0.453125 0.3240418118466899 0.44921875 0.3205574912891986
0 0.6015625 0.9198606271777003 0.60546875 0.9198606271777003 0.607421875 0.9163763066202091 0.607421875 0.9094076655052264 0.6171875 0.9094076655052264 0.619140625 0.9163763066202091 0.623046875 0.9163763066202091 0.623046875 0.9337979094076655 0.607421875 0.9337979094076655 0.607421875 0.9303135888501742 0.60546875 0.926829268292683 0.6015625 0.926829268292683 0.6015625 0.9233449477351916
0 0.470703125 0.8118466898954704 0.470703125 0.794425087108014 0.478515625 0.794425087108014 0.478515625 0.8118466898954704 0.47265625 0.8118466898954704
0 0.55078125 0.5853658536585366 0.5546875 0.5818815331010453 0.5546875 0.5749128919860628 0.560546875 0.5749128919860628 0.560546875 0.5818815331010453 0.564453125 0.5853658536585366 0.564453125 0.5888501742160279 0.568359375 0.5923344947735192 0.5703125 0.5993031358885017 0.576171875 0.6027874564459931 0.576171875 0.6829268292682927 0.5703125 0.6829268292682927 0.568359375 0.686411149825784 0.56640625 0.6829268292682927 0.55078125 0.6829268292682927 0.55078125 0.6794425087108014 0.556640625 0.6794425087108014 0.5625 0.6724738675958188 0.5625 0.662020905923345 0.55859375 0.6585365853658537 0.556640625 0.6515679442508711 0.5546875 0.6515679442508711 0.5546875 0.6306620209059234 0.55078125 0.627177700348432 0.548828125 0.6202090592334495 0.546875 0.6202090592334495 0.546875 0.6132404181184669 0.55078125 0.6097560975609756 0.55078125 0.5888501742160279
0 0.4375 0.4355400696864111 0.4375 0.42857142857142855 0.44140625 0.42857142857142855 0.443359375 0.4355400696864111 0.44921875 0.4355400696864111 0.447265625 0.4425087108013937 0.439453125 0.4355400696864111
0 0.44921875 0.397212543554007 0.4609375 0.397212543554007 0.4609375 0.4146341463414634 0.458984375 0.4181184668989547 0.4609375 0.4146341463414634 0.4609375 0.40418118466898956 0.451171875 0.397212543554007
0 0.6286516853932584 1.006741573033708 0.0237842345505618 0.025580393845672005
0 0.458984375 0.3797909407665505 0.458984375 0.3693379790940767 0.462890625 0.3693379790940767 0.46484375 0.37630662020905925 0.46875 0.37630662020905925 0.470703125 0.3832752613240418 0.474609375 0.3832752613240418 0.474609375 0.3902439024390244 0.4765625 0.39372822299651566 0.48046875 0.39372822299651566 0.48046875 0.40069686411149824 0.470703125 0.40069686411149824 0.46875 0.39372822299651566 0.46484375 0.39372822299651566 0.46484375 0.3832752613240418 0.4609375 0.3797909407665505
0 0.482421875 0.8397212543554007 0.482421875 0.8327526132404182 0.4921875 0.8327526132404182 0.4921875 0.8432055749128919 0.50390625 0.8536585365853658 0.50390625 0.8885017421602788 0.494140625 0.8815331010452961 0.494140625 0.8745644599303136 0.490234375 0.8710801393728222 0.490234375 0.8571428571428571 0.486328125 0.8536585365853658 0.486328125 0.8432055749128919 0.484375 0.8397212543554007
0 0.462890625 0.7560975609756098 0.46875 0.7630662020905923 0.46875 0.7735191637630662 0.453125 0.7665505226480837 0.453125 0.7491289198606271 0.458984375 0.7491289198606271 0.4609375 0.7560975609756098
0 0.5078125 0.8153310104529616 0.513671875 0.8083623693379791 0.513671875 0.8153310104529616 0.517578125 0.818815331010453 0.51953125 0.8257839721254355 0.521484375 0.8257839721254355 0.521484375 0.8327526132404182 0.5234375 0.8362369337979094 0.5234375 0.8536585365853658 0.517578125 0.8571428571428571 0.51953125 0.8536585365853658 0.515625 0.8501742160278746 0.515625 0.8432055749128919 0.51171875 0.8397212543554007 0.51171875 0.8327526132404182 0.5078125 0.8292682926829268 0.5078125 0.818815331010453
0 0.3125 0.2229965156794425 0.3125 0.24738675958188153 0.30859375 0.24738675958188153 0.306640625 0.25435540069686413 0.30078125 0.25435540069686413 0.298828125 0.2578397212543554 0.296875 0.25435540069686413 0.291015625 0.25435540069686413 0.291015625 0.23693379790940766 0.294921875 0.23693379790940766 0.296875 0.22996515679442509 0.310546875 0.2229965156794425
0 0.4296875 0.3693379790940767 0.4296875 0.3623693379790941 0.439453125 0.3623693379790941 0.44140625 0.3693379790940767 0.451171875 0.37282229965156793 0.451171875 0.3867595818815331 0.435546875 0.3797909407665505 0.435546875 0.37282229965156793 0.431640625 0.3693379790940767
0 0.62109375 0.013937282229965157 0.630859375 0.013937282229965157 0.638671875 0.020905923344947737 0.642578125 0.020905923344947737 0.642578125 0.04878048780487805 0.638671875 0.04878048780487805 0.63671875 0.04529616724738676 0.6328125 0.04529616724738676 0.630859375 0.03832752613240418 0.626953125 0.03832752613240418 0.626953125 0.0313588850174216 0.625 0.027874564459930314 0.62109375 0.027874564459930314 0.62109375 0.017421602787456445
0 0.470703125 0.397212543554007 0.47265625 0.397212543554007 0.474609375 0.3902439024390244 0.48046875 0.3902439024390244 0.48046875 0.397212543554007 0.482421875 0.40069686411149824 0.49609375 0.41114982578397213 0.49609375 0.4146341463414634 0.5 0.4181184668989547 0.5 0.42857142857142855 0.490234375 0.42160278745644597 0.490234375 0.4181184668989547 0.486328125 0.4146341463414634 0.486328125 0.41114982578397213 0.482421875 0.4076655052264808 0.48046875 0.40069686411149824 0.474609375 0.40069686411149824 0.47265625 0.397212543554007
0 0.61328125 0.7560975609756098 0.615234375 0.7560975609756098 0.6171875 0.7491289198606271 0.623046875 0.7491289198606271 0.623046875 0.7526132404181185 0.626953125 0.7560975609756098 0.626953125 0.7665505226480837 0.634765625 0.7735191637630662 0.634765625 0.7804878048780488 0.63671875 0.7839721254355401 0.642578125 0.7874564459930313 0.642578125 0.8466898954703833 0.638671875 0.8501742160278746 0.625 0.8501742160278746 0.625 0.8466898954703833 0.62109375 0.8432055749128919 0.62109375 0.8292682926829268 0.6171875 0.8257839721254355 0.6171875 0.8118466898954704 0.61328125 0.8083623693379791 0.61328125 0.7804878048780488 0.6171875 0.7770034843205574 0.6171875 0.7630662020905923 0.61328125 0.759581881533101
0 0.44140625 0.7665505226480837 0.455078125 0.7665505226480837 0.455078125 0.7770034843205574 0.451171875 0.7804878048780488 0.451171875 0.7735191637630662 0.44921875 0.7700348432055749 0.44140625 0.7700348432055749
0 0.59765625 0.0975609756097561 0.59765625 0.14285714285714285 0.591796875 0.14285714285714285 0.58984375 0.14634146341463414 0.5859375 0.14285714285714285 0.5859375 0.11498257839721254 0.58984375 0.11498257839721254 0.591796875 0.10801393728222997 0.595703125 0.10801393728222997 0.59765625 0.10104529616724739
0 0.484375 0.44947735191637633 0.49609375 0.44947735191637633 0.49609375 0.46689895470383275 0.494140625 0.4634146341463415 0.490234375 0.4634146341463415 0.490234375 0.45993031358885017 0.48828125 0.4564459930313589 0.484375 0.4564459930313589 0.484375 0.4529616724738676
0 0.51171875 0.3832752613240418 0.515625 0.3832752613240418 0.517578125 0.37630662020905925 0.5234375 0.37630662020905925 0.5234375 0.42857142857142855 0.517578125 0.42857142857142855 0.517578125 0.42160278745644597 0.515625 0.4181184668989547 0.51171875 0.4181184668989547 0.51171875 0.397212543554007 0.515625 0.397212543554007 0.517578125 0.39372822299651566 0.517578125 0.3867595818815331 0.513671875 0.3832752613240418