0 0.22265625 0.45993031358885017 0.23046875 0.45993031358885017 0.23046875 0.4808362369337979 0.224609375 0.4808362369337979 0.22265625 0.4843205574912892 0.19921875 0.4843205574912892 0.197265625 0.4878048780487805 0.17578125 0.4878048780487805 0.173828125 0.4843205574912892 0.1796875 0.4843205574912892 0.185546875 0.47735191637630664 0.189453125 0.47735191637630664 0.197265625 0.47038327526132406 0.203125 0.47038327526132406 0.205078125 0.46689895470383275 0.220703125 0.46689895470383275 0.22265625 0.4634146341463415
0 0.720703125 0.42160278745644597 0.728515625 0.4146341463414634 0.77734375 0.4146341463414634 0.77734375 0.4250871080139373 0.767578125 0.4250871080139373 0.76171875 0.43205574912891986 0.7421875 0.43205574912891986 0.740234375 0.42857142857142855 0.720703125 0.4250871080139373
0 0.109375 0.4843205574912892 0.115234375 0.47735191637630664 0.119140625 0.47735191637630664 0.126953125 0.47038327526132406 0.15625 0.46689895470383275 0.158203125 0.4634146341463415 0.197265625 0.46689895470383275 0.1953125 0.4738675958188153 0.18359375 0.47735191637630664 0.177734375 0.4843205574912892 0.150390625 0.4878048780487805 0.1484375 0.4912891986062718 0.119140625 0.4912891986062718 0.111328125 0.4843205574912892
0 0.5546875 0.20905923344947736 0.556640625 0.20905923344947736 0.560546875 0.1986062717770035 0.572265625 0.1986062717770035 0.57421875 0.1951219512195122 0.630859375 0.1916376306620209 0.630859375 0.21951219512195122 0.626953125 0.21951219512195122 0.625 0.2229965156794425 0.5859375 0.2264808362369338 0.583984375 0.2229965156794425 0.5625 0.2229965156794425 0.556640625 0.21254355400696864 0.5546875 0.21254355400696864
0 0.77734375 0.4181184668989547 0.791015625 0.4181184668989547 0.79296875 0.4250871080139373 0.798828125 0.4250871080139373 0.80078125 0.42857142857142855 0.80078125 0.4564459930313589 0.796875 0.4564459930313589 0.79296875 0.4634146341463415 0.791015625 0.45993031358885017 0.77734375 0.4634146341463415 0.771484375 0.4564459930313589 0.76171875 0.4564459930313589 0.759765625 0.4529616724738676 0.759765625 0.4355400696864111 0.763671875 0.42857142857142855 0.775390625 0.4250871080139373 0.77734375 0.42160278745644597
0 0.572265625 0.6759581881533101 0.583984375 0.6724738675958188 0.587890625 0.6829268292682927 0.59375 0.686411149825784 0.59765625 0.6933797909407665 0.6015625 0.6933797909407665 0.62890625 0.7282229965156795 0.6328125 0.7282229965156795 0.642578125 0.7456445993031359 0.6484375 0.7456445993031359 0.658203125 0.7526132404181185 0.658203125 0.7560975609756098 0.654296875 0.759581881533101 0.64453125 0.759581881533101 0.642578125 0.7560975609756098 0.6328125 0.7560975609756098 0.630859375 0.7526132404181185 0.625 0.7526132404181185 0.623046875 0.7491289198606271 0.61328125 0.7456445993031359 0.60546875 0.735191637630662 0.59765625 0.7317073170731707 0.58984375 0.7177700348432056 0.58203125 0.710801393728223 0.57421875 0.6968641114982579 0.5703125 0.6829268292682927 0.572265625 0.6794425087108014
0 0.5625 0.44947735191637633 0.576171875 0.44947735191637633 0.578125 0.4564459930313589 0.59375 0.4564459930313589 0.59375 0.46689895470383275 0.583984375 0.4738675958188153 0.55859375 0.4738675958188153 0.548828125 0.46689895470383275 0.541015625 0.46689895470383275 0.541015625 0.4634146341463415 0.544921875 0.4634146341463415 0.552734375 0.4564459930313589 0.560546875 0.4564459930313589 0.5625 0.4529616724738676
0 0.267578125 0.21254355400696864 0.31640625 0.21254355400696864 0.31640625 0.2264808362369338 0.30859375 0.22996515679442509 0.302734375 0.23693379790940766 0.2890625 0.23693379790940766 0.287109375 0.24041811846689895 0.25 0.24041811846689895 0.248046875 0.23693379790940766 0.240234375 0.23693379790940766 0.240234375 0.23344947735191637 0.244140625 0.22996515679442509 0.248046875 0.22996515679442509 0.25390625 0.2229965156794425 0.259765625 0.2229965156794425 0.267578125 0.21602787456445993
0 0.3671875 0.28222996515679444 0.37109375 0.289198606271777 0.369140625 0.2961672473867596 0.369140625 0.313588850174216 0.36328125 0.313588850174216 0.361328125 0.3170731707317073 0.33984375 0.3170731707317073 0.337890625 0.313588850174216 0.33203125 0.313588850174216 0.33203125 0.31010452961672474 0.3359375 0.30662020905923343 0.3359375 0.2926829268292683 0.337890625 0.289198606271777 0.349609375 0.2857142857142857 0.357421875 0.2787456445993031 0.36328125 0.2787456445993031 0.365234375 0.28222996515679444
0 0.671875 0.4146341463414634 0.671875 0.42857142857142855 0.65625 0.42857142857142855 0.654296875 0.43205574912891986 0.64453125 0.43205574912891986 0.642578125 0.4355400696864111 0.623046875 0.4355400696864111 0.619140625 0.43205574912891986 0.6171875 0.4250871080139373 0.615234375 0.4250871080139373 0.615234375 0.4181184668989547 0.619140625 0.4146341463414634 0.6328125 0.4146341463414634 0.634765625 0.41114982578397213 0.669921875 0.4146341463414634
0 0.66796875 0.2787456445993031 0.669921875 0.28222996515679444 0.677734375 0.28222996515679444 0.67578125 0.289198606271777 0.671875 0.289198606271777 0.669921875 0.2926829268292683 0.646484375 0.2926829268292683 0.64453125 0.2961672473867596 0.6328125 0.2961672473867596 0.630859375 0.2926829268292683 0.626953125 0.2926829268292683 0.625 0.289198606271777 0.625 0.28222996515679444 0.630859375 0.27526132404181186 0.65625 0.27526132404181186 0.658203125 0.2787456445993031 0.666015625 0.2787456445993031
0 0.1796875 0.3902439024390244 0.1796875 0.4076655052264808 0.171875 0.4076655052264808 0.1640625 0.4146341463414634 0.1484375 0.4146341463414634 0.146484375 0.4181184668989547 0.103515625 0.4181184668989547 0.1015625 0.4146341463414634 0.09375 0.4146341463414634 0.087890625 0.4076655052264808 0.087890625 0.40069686411149824 0.08984375 0.397212543554007 0.09375 0.39372822299651566 0.115234375 0.39372822299651566 0.1171875 0.3902439024390244 0.16015625 0.3902439024390244 0.162109375 0.3867595818815331 0.171875 0.3867595818815331 0.173828125 0.3902439024390244 0.177734375 0.3902439024390244
0 0.439453125 0.23693379790940766 0.4609375 0.22996515679442509 0.4609375 0.2508710801393728 0.45703125 0.2508710801393728 0.453125 0.2578397212543554 0.44140625 0.2613240418118467 0.439453125 0.2578397212543554 0.439453125 0.2508710801393728 0.435546875 0.24738675958188153 0.435546875 0.24390243902439024 0.439453125 0.24041811846689895
0 0.626953125 0.14634146341463414 0.62890625 0.14982578397212543 0.62890625 0.18118466898954705 0.625 0.18466898954703834 0.6171875 0.18466898954703834 0.615234375 0.18815331010452963 0.587890625 0.18815331010452963 0.5859375 0.1916376306620209 0.580078125 0.1916376306620209 0.578125 0.18815331010452963 0.56640625 0.18815331010452963 0.564453125 0.18466898954703834 0.564453125 0.17421602787456447 0.56640625 0.1672473867595819 0.5703125 0.16376306620209058 0.576171875 0.16376306620209058 0.583984375 0.156794425087108 0.599609375 0.156794425087108 0.615234375 0.14634146341463414 0.625 0.14634146341463414
0 0.94921875 0.6167247386759582 0.953125 0.6167247386759582 0.955078125 0.6132404181184669 0.958984375 0.6167247386759582 0.9765625 0.6167247386759582 0.978515625 0.6236933797909407 0.98828125 0.6236933797909407 0.998046875 0.6306620209059234 0.998046875 0.6515679442508711 0.99609375 0.6550522648083623 0.9375 0.6585365853658537 0.935546875 0.6550522648083623 0.9296875 0.6550522648083623 0.92578125 0.6515679442508711 0.92578125 0.6341463414634146 0.94140625 0.6236933797909407 0.947265625 0.6236933797909407 0.94921875 0.6202090592334495
0 0.658203125 0.47038327526132406 0.662109375 0.47038327526132406 0.669921875 0.45993031358885017 0.67578125 0.45993031358885017 0.677734375 0.4564459930313589 0.68359375 0.4564459930313589 0.693359375 0.44947735191637633 0.703125 0.44947735191637633 0.705078125 0.445993031358885 0.734375 0.445993031358885 0.736328125 0.4425087108013937 0.7421875 0.4425087108013937 0.7421875 0.4529616724738676 0.73046875 0.4564459930313589 0.712890625 0.47038327526132406 0.705078125 0.47038327526132406 0.703125 0.4738675958188153 0.6953125 0.4738675958188153 0.693359375 0.47735191637630664 0.677734375 0.47735191637630664 0.67578125 0.4808362369337979 0.662109375 0.4808362369337979 0.658203125 0.47735191637630664 0.658203125 0.4738675958188153
0 0.62890625 0.2229965156794425 0.62890625 0.24041811846689895 0.619140625 0.24041811846689895 0.6171875 0.24390243902439024 0.60546875 0.24390243902439024 0.603515625 0.24738675958188153 0.57421875 0.24738675958188153 0.5703125 0.24041811846689895 0.564453125 0.24041811846689895 0.564453125 0.23344947735191637 0.56640625 0.22996515679442509 0.603515625 0.23344947735191637 0.60546875 0.22996515679442509 0.626953125 0.22996515679442509 0.62890625 0.2264808362369338
0 0.580078125 0.14634146341463414 0.578125 0.13937282229965156 0.580078125 0.13240418118466898 0.583984375 0.13240418118466898 0.591796875 0.12195121951219512 0.611328125 0.11846689895470383 0.61328125 0.11498257839721254 0.623046875 0.11498257839721254 0.626953125 0.12195121951219512 0.626953125 0.14285714285714285 0.623046875 0.14634146341463414 0.609375 0.14634146341463414 0.607421875 0.14982578397212543 0.58984375 0.14982578397212543 0.587890625 0.14634146341463414 0.58203125 0.14634146341463414
0 0.3046875 0.3902439024390244 0.306640625 0.3902439024390244 0.30859375 0.3832752613240418 0.314453125 0.37630662020905925 0.326171875 0.37282229965156793 0.33203125 0.36585365853658536 0.34765625 0.3623693379790941 0.35546875 0.3554006968641115 0.365234375 0.3554006968641115 0.365234375 0.37282229965156793 0.361328125 0.3797909407665505 0.35546875 0.3797909407665505 0.34765625 0.3867595818815331 0.33203125 0.3902439024390244 0.330078125 0.39372822299651566 0.3125 0.39372822299651566 0.310546875 0.3902439024390244 0.306640625 0.3902439024390244
0 0.248046875 0.397212543554007 0.25 0.40069686411149824 0.271484375 0.40069686411149824 0.271484375 0.4146341463414634 0.259765625 0.4146341463414634 0.244140625 0.4250871080139373 0.216796875 0.43205574912891986 0.20703125 0.43902439024390244 0.150390625 0.4355400696864111 0.1484375 0.43205574912891986 0.1484375 0.4250871080139373 0.150390625 0.42160278745644597 0.154296875 0.4181184668989547 0.16015625 0.4181184668989547 0.166015625 0.41114982578397213 0.185546875 0.4076655052264808 0.1875 0.40418118466898956 0.203125 0.40418118466898956 0.205078125 0.40069686411149824 0.2421875 0.40069686411149824 0.24609375 0.397212543554007
0 0.283203125 0.3240418118466899 0.283203125 0.3310104529616725 0.279296875 0.3344947735191638 0.27734375 0.33797909407665505 0.27734375 0.34494773519163763 0.271484375 0.3519163763066202 0.25 0.3554006968641115 0.244140625 0.3623693379790941 0.23828125 0.3623693379790941 0.236328125 0.36585365853658536 0.212890625 0.3623693379790941 0.2109375 0.3588850174216028 0.20703125 0.3693379790940767 0.193359375 0.3693379790940767 0.19140625 0.36585365853658536 0.185546875 0.36585365853658536 0.18359375 0.3623693379790941 0.18359375 0.3519163763066202 0.185546875 0.34843205574912894 0.19921875 0.34494773519163763 0.21484375 0.3344947735191638 0.22265625 0.3344947735191638 0.224609375 0.3310104529616725 0.23828125 0.3310104529616725 0.240234375 0.32752613240418116 0.25390625 0.32752613240418116 0.255859375 0.3240418118466899 0.28125 0.3240418118466899
0 0.330078125 0.41114982578397213 0.330078125 0.42160278745644597 0.328125 0.4250871080139373 0.32421875 0.4250871080139373 0.3203125 0.43205574912891986 0.314453125 0.43205574912891986 0.306640625 0.43902439024390244 0.294921875 0.43902439024390244 0.28515625 0.43205574912891986 0.2890625 0.42857142857142855 0.291015625 0.4181184668989547 0.306640625 0.4146341463414634 0.30859375 0.41114982578397213 0.318359375 0.41114982578397213 0.3203125 0.4146341463414634 0.322265625 0.41114982578397213 0.328125 0.41114982578397213
0 0.50390625 0.34843205574912894 0.5078125 0.34146341463414637 0.521484375 0.33797909407665505 0.529296875 0.3310104529616725 0.54296875 0.3310104529616725 0.544921875 0.33797909407665505 0.544921875 0.3588850174216028 0.513671875 0.3623693379790941 0.51171875 0.3588850174216028 0.5078125 0.3588850174216028 0.505859375 0.3519163763066202
0 0.34375 0.3310104529616725 0.34375 0.34146341463414637 0.341796875 0.34494773519163763 0.330078125 0.34843205574912894 0.326171875 0.3554006968641115 0.306640625 0.3693379790940767 0.29296875 0.3693379790940767 0.291015625 0.36585365853658536 0.287109375 0.36585365853658536 0.287109375 0.3554006968641115 0.29296875 0.34843205574912894 0.296875 0.34843205574912894 0.302734375 0.34146341463414637 0.30859375 0.34146341463414637 0.310546875 0.33797909407665505 0.341796875 0.3344947735191638
0 0.24609375 0.24738675958188153 0.279296875 0.24738675958188153 0.28125 0.25435540069686413 0.296875 0.25435540069686413 0.298828125 0.2578397212543554 0.302734375 0.2578397212543554 0.302734375 0.26480836236933797 0.283203125 0.26480836236933797 0.28125 0.2682926829268293 0.2578125 0.2682926829268293 0.255859375 0.27177700348432055 0.248046875 0.27177700348432055 0.24609375 0.2682926829268293 0.22265625 0.26480836236933797 0.22265625 0.2578397212543554 0.2265625 0.2578397212543554 0.228515625 0.25435540069686413 0.244140625 0.25435540069686413 0.24609375 0.2508710801393728
0 0.04296875 0.4878048780487805 0.046875 0.4808362369337979 0.0546875 0.4808362369337979 0.0625 0.4738675958188153 0.07421875 0.4738675958188153 0.076171875 0.47038327526132406 0.11328125 0.47038327526132406 0.115234375 0.46689895470383275 0.1328125 0.46689895470383275 0.1328125 0.47038327526132406 0.125 0.47735191637630664 0.12109375 0.47735191637630664 0.1015625 0.4912891986062718 0.08203125 0.49477351916376305 0.06640625 0.5052264808362369 0.0546875 0.5052264808362369 0.052734375 0.5017421602787456 0.046875 0.5017421602787456 0.044921875 0.4912891986062718
0 0.876953125 0.46689895470383275 0.927734375 0.46689895470383275 0.9296875 0.4738675958188153 0.95703125 0.4738675958188153 0.958984375 0.47735191637630664 0.958984375 0.4843205574912892 0.92578125 0.4843205574912892 0.923828125 0.4878048780487805 0.912109375 0.4878048780487805 0.91015625 0.4912891986062718 0.890625 0.4912891986062718 0.888671875 0.4878048780487805 0.873046875 0.4878048780487805 0.87109375 0.4843205574912892 0.859375 0.4843205574912892 0.85546875 0.4808362369337979 0.861328125 0.4738675958188153 0.875 0.4738675958188153 0.876953125 0.47038327526132406
0 0.423828125 0.4355400696864111 0.427734375 0.43205574912891986 0.43359375 0.43205574912891986 0.435546875 0.42857142857142855 0.453125 0.42857142857142855 0.453125 0.4425087108013937 0.443359375 0.44947735191637633 0.4375 0.44947735191637633 0.435546875 0.4529616724738676 0.423828125 0.44947735191637633 0.423828125 0.43902439024390244
0 0.234375 0.34843205574912894 0.236328125 0.3519163763066202 0.23828125 0.34843205574912894 0.26953125 0.34843205574912894 0.26953125 0.3554006968641115 0.26171875 0.3554006968641115 0.25390625 0.3623693379790941 0.2421875 0.36585365853658536 0.240234375 0.3693379790940767 0.21484375 0.37282229965156793 0.212890625 0.37630662020905925 0.20703125 0.37630662020905925 0.197265625 0.3832752613240418 0.189453125 0.3832752613240418 0.1875 0.3867595818815331 0.171875 0.3867595818815331 0.169921875 0.3832752613240418 0.162109375 0.3832752613240418 0.166015625 0.37630662020905925 0.181640625 0.37282229965156793 0.185546875 0.36585365853658536 0.197265625 0.36585365853658536 0.201171875 0.3588850174216028 0.20703125 0.3588850174216028 0.212890625 0.3519163763066202 0.224609375 0.3519163763066202 0.2265625 0.34843205574912894 0.232421875 0.34843205574912894
0 0.47265625 0.156794425087108 0.490234375 0.156794425087108 0.4921875 0.16376306620209058 0.501953125 0.16376306620209058 0.513671875 0.17421602787456447 0.513671875 0.1951219512195122 0.5078125 0.1951219512195122 0.505859375 0.1986062717770035 0.482421875 0.1951219512195122 0.466796875 0.18466898954703834 0.466796875 0.17770034843205576 0.4609375 0.1672473867595819 0.462890625 0.16376306620209058 0.470703125 0.16376306620209058 0.47265625 0.1602787456445993
0 0.8515625 0.5609756097560976 0.90234375 0.5609756097560976 0.904296875 0.5679442508710801 0.916015625 0.5679442508710801 0.91796875 0.5714285714285714 0.92578125 0.5714285714285714 0.93359375 0.578397212543554 0.953125 0.5818815331010453 0.953125 0.5923344947735192 0.931640625 0.5923344947735192 0.9296875 0.5958188153310104 0.8828125 0.5958188153310104 0.880859375 0.5923344947735192 0.861328125 0.5923344947735192 0.859375 0.5888501742160279 0.853515625 0.5888501742160279 0.841796875 0.5749128919860628 0.841796875 0.5714285714285714 0.8515625 0.5644599303135889
0 0.330078125 0.445993031358885 0.33203125 0.445993031358885 0.337890625 0.4355400696864111 0.349609375 0.4355400696864111 0.3515625 0.43205574912891986 0.373046875 0.43205574912891986 0.375 0.4355400696864111 0.375 0.4564459930313589 0.357421875 0.45993031358885017 0.35546875 0.4564459930313589 0.34375 0.4564459930313589 0.341796875 0.4529616724738676 0.3359375 0.4529616724738676 0.33203125 0.445993031358885
0 0.275390625 0.20557491289198607 0.275390625 0.21254355400696864 0.259765625 0.21951219512195122 0.251953125 0.2264808362369338 0.25 0.23344947735191637 0.244140625 0.24041811846689895 0.234375 0.24041811846689895 0.232421875 0.24390243902439024 0.224609375 0.24390243902439024 0.22265625 0.24738675958188153 0.21484375 0.24738675958188153 0.212890625 0.2508710801393728 0.193359375 0.2508710801393728 0.19140625 0.24738675958188153 0.1875 0.24738675958188153 0.1875 0.24041811846689895 0.19921875 0.2264808362369338 0.205078125 0.2264808362369338 0.2109375 0.21951219512195122 0.21875 0.21951219512195122 0.224609375 0.21254355400696864 0.232421875 0.21254355400696864 0.234375 0.20905923344947736 0.2734375 0.20557491289198607
0 0.15625 0.3554006968641115 0.15625 0.36585365853658536 0.146484375 0.37282229965156793 0.140625 0.37282229965156793 0.134765625 0.3797909407665505 0.12890625 0.3797909407665505 0.126953125 0.3832752613240418 0.11328125 0.3867595818815331 0.111328125 0.3902439024390244 0.09765625 0.3902439024390244 0.091796875 0.397212543554007 0.076171875 0.397212543554007 0.07421875 0.40069686411149824 0.0703125 0.397212543554007 0.060546875 0.397212543554007 0.060546875 0.3867595818815331 0.06640625 0.3797909407665505 0.08203125 0.37630662020905925 0.091796875 0.3693379790940767 0.1015625 0.3693379790940767 0.103515625 0.36585365853658536 0.13671875 0.3623693379790941 0.138671875 0.3588850174216028 0.150390625 0.3588850174216028 0.154296875 0.3554006968641115
0 0.1953125 0.34494773519163763 0.205078125 0.33797909407665505 0.2109375 0.33797909407665505 0.212890625 0.3344947735191638 0.236328125 0.3310104529616725 0.23828125 0.32752613240418116 0.251953125 0.32752613240418116 0.25390625 0.3240418118466899 0.283203125 0.3240418118466899 0.283203125 0.3310104529616725 0.275390625 0.34146341463414637 0.265625 0.34146341463414637 0.263671875 0.34494773519163763 0.2265625 0.34494773519163763 0.224609375 0.34843205574912894 0.20703125 0.34843205574912894 0.205078125 0.34494773519163763 0.197265625 0.34494773519163763
0 0.09765625 0.2857142857142857 0.099609375 0.289198606271777 0.111328125 0.289198606271777 0.12109375 0.2961672473867596 0.12890625 0.2961672473867596 0.12890625 0.31010452961672474 0.123046875 0.31010452961672474 0.12109375 0.30662020905923343 0.107421875 0.31010452961672474 0.103515625 0.3205574912891986 0.103515625 0.32752613240418116 0.09765625 0.32752613240418116 0.095703125 0.3310104529616725 0.08984375 0.3310104529616725 0.080078125 0.3170731707317073 0.076171875 0.3170731707317073 0.07421875 0.313588850174216 0.0390625 0.31010452961672474 0.033203125 0.30313588850174217 0.033203125 0.2961672473867596 0.037109375 0.289198606271777 0.041015625 0.289198606271777 0.04296875 0.2857142857142857 0.095703125 0.2857142857142857
0 0.357421875 0.627177700348432 0.361328125 0.6306620209059234 0.3671875 0.6306620209059234 0.3671875 0.662020905923345 0.361328125 0.6759581881533101 0.361328125 0.710801393728223 0.36328125 0.7142857142857143 0.36328125 0.7282229965156795 0.359375 0.735191637630662 0.35546875 0.7386759581881533 0.337890625 0.7386759581881533 0.3359375 0.7421602787456446 0.326171875 0.7421602787456446 0.32421875 0.7386759581881533 0.27734375 0.7386759581881533 0.27734375 0.7282229965156795 0.2734375 0.7247386759581882 0.26953125 0.710801393728223 0.259765625 0.6898954703832753 0.259765625 0.6794425087108014 0.275390625 0.6829268292682927 0.2890625 0.6968641114982579 0.302734375 0.7003484320557491 0.32421875 0.6655052264808362 0.330078125 0.6585365853658537 0.333984375 0.6585365853658537 0.337890625 0.6515679442508711 0.349609375 0.6411149825783972 0.357421875 0.6376306620209059 0.359375 0.6306620209059234
0 0.677734375 0.20209059233449478 0.705078125 0.2264808362369338 0.705078125 0.24390243902439024 0.701171875 0.24738675958188153 0.69140625 0.24738675958188153 0.681640625 0.25435540069686413 0.677734375 0.25435540069686413 0.67578125 0.2508710801393728 0.662109375 0.2508710801393728 0.66015625 0.24738675958188153 0.6484375 0.24390243902439024 0.64453125 0.23693379790940766 0.62890625 0.23344947735191637 0.62890625 0.2229965156794425 0.63671875 0.21602787456445993 0.6484375 0.21602787456445993 0.666015625 0.20209059233449478 0.67578125 0.20209059233449478
0 0.36328125 0.4355400696864111 0.3671875 0.43902439024390244 0.37109375 0.4564459930313589 0.3671875 0.4564459930313589 0.365234375 0.45993031358885017 0.345703125 0.4564459930313589 0.34375 0.4529616724738676 0.333984375 0.4529616724738676 0.333984375 0.445993031358885 0.337890625 0.43902439024390244 0.361328125 0.4355400696864111
0 0.826171875 0.3588850174216028 0.828125 0.3623693379790941 0.841796875 0.3623693379790941 0.84375 0.36585365853658536 0.861328125 0.36585365853658536 0.861328125 0.3797909407665505 0.859375 0.3797909407665505 0.853515625 0.3902439024390244 0.84375 0.3902439024390244 0.841796875 0.3867595818815331 0.783203125 0.3902439024390244 0.78125 0.3867595818815331 0.76953125 0.3867595818815331 0.765625 0.3832752613240418 0.765625 0.37282229965156793 0.767578125 0.37282229965156793 0.76953125 0.36585365853658536 0.775390625 0.36585365853658536 0.77734375 0.3623693379790941 0.7890625 0.3623693379790941 0.791015625 0.3588850174216028 0.82421875 0.3588850174216028
0 0.17578125 0.6167247386759582 0.177734375 0.6202090592334495 0.185546875 0.6202090592334495 0.1875 0.6236933797909407 0.197265625 0.627177700348432 0.220703125 0.6515679442508711 0.23046875 0.6550522648083623 0.232421875 0.6585365853658537 0.232421875 0.6759581881533101 0.228515625 0.6794425087108014 0.216796875 0.6794425087108014 0.21484375 0.6829268292682927 0.19921875 0.6829268292682927 0.201171875 0.6794425087108014 0.197265625 0.6724738675958188 0.181640625 0.6585365853658537 0.177734375 0.6585365853658537 0.171875 0.6515679442508711 0.16796875 0.6515679442508711 0.16015625 0.6445993031358885 0.1484375 0.6411149825783972 0.1484375 0.6341463414634146 0.15234375 0.627177700348432 0.1640625 0.6167247386759582 0.173828125 0.6167247386759582