0 0.6223091976516634 0.5331010452961672 0.6223091976516634 0.5644599303135889 0.5968688845401174 0.5644599303135889 0.5949119373776908 0.5609756097560976 0.5831702544031311 0.5574912891986062 0.5733855185909981 0.5505226480836237 0.5733855185909981 0.5435540069686411 0.5792563600782779 0.5365853658536586 0.589041095890411 0.5331010452961672 0.5909980430528375 0.5261324041811847 0.6144814090019569 0.5261324041811847 0.6164383561643836 0.5331010452961672 0.6203522504892368 0.5331010452961672
0 0.4461839530332681 0.11846689895470383 0.45401174168297453 0.11846689895470383 0.45596868884540115 0.11149825783972125 0.47162426614481406 0.11149825783972125 0.47162426614481406 0.1289198606271777 0.4461839530332681 0.1289198606271777 0.4461839530332681 0.12195121951219512
0 0.2876712328767123 0.45993031358885017 0.29549902152641877 0.45993031358885017 0.3131115459882583 0.4738675958188153 0.32289628180039137 0.4738675958188153 0.324853228962818 0.47038327526132406 0.3287671232876712 0.47038327526132406 0.33268101761252444 0.4634146341463415 0.34637964774951074 0.4634146341463415 0.36007827788649704 0.4738675958188153 0.3679060665362035 0.4878048780487805 0.37573385518590996 0.4912891986062718 0.37573385518590996 0.49477351916376305 0.34442270058708413 0.49477351916376305 0.3424657534246575 0.4912891986062718 0.33268101761252444 0.4912891986062718 0.33072407045009783 0.4878048780487805 0.31702544031311153 0.4878048780487805 0.30724070450097846 0.5087108013937283 0.30332681017612523 0.5052264808362369 0.30724070450097846 0.4912891986062718 0.30724070450097846 0.4843205574912892 0.299412915851272 0.47038327526132406 0.29354207436399216 0.46689895470383275 0.2896281800391389 0.45993031358885017
0 0.26810176125244617 0.7630662020905923 0.2759295499021526 0.759581881533101 0.27788649706457924 0.7526132404181185 0.29354207436399216 0.7526132404181185 0.29354207436399216 0.7700348432055749 0.26810176125244617 0.7700348432055749 0.26810176125244617 0.7665505226480837
0 0.4637964774951076 0.156794425087108 0.4637964774951076 0.1672473867595819 0.45401174168297453 0.1672473867595819 0.4520547945205479 0.17073170731707318 0.4481409001956947 0.1672473867595819 0.4383561643835616 0.1672473867595819 0.4383561643835616 0.1602787456445993 0.4520547945205479 0.156794425087108 0.45401174168297453 0.14982578397212543 0.45596868884540115 0.14982578397212543 0.45792563600782776 0.156794425087108 0.461839530332681 0.156794425087108
0 0.530050495201694 1.026359109680529 0.07732350194891748 0.07494352786435249
0 0.5048923679060665 0.9198606271777003 0.5048923679060665 0.9407665505226481 0.49510763209393344 0.9512195121951219 0.4892367906066536 0.9512195121951219 0.48532289628180036 0.9547038327526133 0.4794520547945205 0.9477351916376306 0.4755381604696673 0.9477351916376306 0.4755381604696673 0.9442508710801394 0.4794520547945205 0.9442508710801394 0.48532289628180036 0.9372822299651568 0.4911937377690802 0.9372822299651568 0.49510763209393344 0.9337979094076655 0.49706457925636005 0.926829268292683 0.50293542074364 0.9233449477351916
0 0.410958904109589 0.42160278745644597 0.41682974559686886 0.4146341463414634 0.4187866927592955 0.42160278745644597 0.4227005870841487 0.42160278745644597 0.43052837573385516 0.42857142857142855 0.43052837573385516 0.44947735191637633 0.42661448140900193 0.4529616724738676 0.4187866927592955 0.4529616724738676 0.41682974559686886 0.4564459930313589 0.41487279843444225 0.4529616724738676 0.410958904109589 0.4529616724738676 0.410958904109589 0.4250871080139373
0 0.5675146771037182 0.9094076655052264 0.5714285714285714 0.9059233449477352 0.5772994129158513 0.9059233449477352 0.5831702544031311 0.8989547038327527 0.589041095890411 0.8989547038327527 0.5909980430528375 0.89198606271777 0.5929549902152642 0.89198606271777 0.5929549902152642 0.9303135888501742 0.5870841487279843 0.9303135888501742 0.5851272015655578 0.9337979094076655 0.5714285714285714 0.9303135888501742 0.5675146771037182 0.926829268292683 0.5675146771037182 0.9128919860627178
0 0.3679060665362035 0.14982578397212543 0.37377690802348335 0.14982578397212543 0.37573385518590996 0.14285714285714285 0.3835616438356164 0.14285714285714285 0.38551859099804303 0.14982578397212543 0.3953033268101761 0.14982578397212543 0.3972602739726027 0.15331010452961671 0.40117416829745595 0.15331010452961671 0.40117416829745595 0.1602787456445993 0.3679060665362035 0.1602787456445993 0.3679060665362035 0.15331010452961671
0 0.6203522504892368 0.47038327526132406 0.6203522504892368 0.5087108013937283 0.6125244618395304 0.5121951219512195 0.6027397260273972 0.5052264808362369 0.5949119373776908 0.5052264808362369 0.5949119373776908 0.49477351916376305 0.598825831702544 0.49477351916376305 0.6027397260273972 0.4912891986062718 0.6046966731898239 0.4843205574912892 0.6086105675146771 0.4843205574912892 0.6105675146771037 0.47735191637630664 0.6183953033268101 0.4738675958188153
0 0.45596868884540115 0.6097560975609756 0.46966731898238745 0.6097560975609756 0.47162426614481406 0.6132404181184669 0.4774951076320939 0.6132404181184669 0.48140900195694714 0.6167247386759582 0.48336594911937375 0.6236933797909407 0.48532289628180036 0.6236933797909407 0.48532289628180036 0.6411149825783972 0.48336594911937375 0.6411149825783972 0.48140900195694714 0.6480836236933798 0.4755381604696673 0.6480836236933798 0.47162426614481406 0.6515679442508711 0.4637964774951076 0.6445993031358885 0.4637964774951076 0.6411149825783972 0.46771037181996084 0.6376306620209059 0.4637964774951076 0.6341463414634146 0.4637964774951076 0.627177700348432 0.461839530332681 0.6236933797909407 0.45596868884540115 0.6202090592334495 0.45596868884540115 0.6132404181184669
0 0.2857142857142857 0.4634146341463415 0.2857142857142857 0.4808362369337979 0.27984344422700586 0.4808362369337979 0.27788649706457924 0.4843205574912892 0.26418786692759294 0.4808362369337979 0.26418786692759294 0.46689895470383275 0.26810176125244617 0.46689895470383275 0.2700587084148728 0.4634146341463415 0.2837573385518591 0.4634146341463415
0 0.37181996086105673 0.7735191637630662 0.37181996086105673 0.7909407665505227 0.3287671232876712 0.7909407665505227 0.32289628180039137 0.7839721254355401 0.32289628180039137 0.7770034843205574 0.33072407045009783 0.7700348432055749 0.33463796477495106 0.759581881533101 0.3561643835616438 0.759581881533101 0.35812133072407043 0.7665505226480837 0.36203522504892366 0.7665505226480837 0.3698630136986301 0.7735191637630662
0 0.4735812133072407 0.15331010452961671 0.4794520547945205 0.14634146341463414 0.48336594911937375 0.14634146341463414 0.48532289628180036 0.13937282229965156 0.49706457925636005 0.13937282229965156 0.49902152641878667 0.14634146341463414 0.50293542074364 0.14634146341463414 0.5048923679060665 0.13937282229965156 0.5205479452054794 0.13937282229965156 0.5244618395303327 0.15331010452961671 0.5244618395303327 0.16376306620209058 0.4892367906066536 0.16376306620209058 0.487279843444227 0.1602787456445993 0.4735812133072407 0.1602787456445993 0.4735812133072407 0.156794425087108
0 0.3268101761252446 0.10104529616724739 0.3287671232876712 0.10452961672473868 0.3287671232876712 0.11149825783972125 0.32093933463796476 0.11149825783972125 0.31898238747553814 0.11498257839721254 0.3150684931506849 0.11498257839721254 0.3131115459882583 0.11149825783972125 0.30332681017612523 0.11149825783972125 0.29549902152641877 0.10452961672473868 0.299412915851272 0.10104529616724739 0.324853228962818 0.10104529616724739
0 0.2583170254403131 0.5470383275261324 0.26418786692759294 0.5435540069686411 0.26614481409001955 0.5365853658536586 0.27788649706457924 0.5365853658536586 0.27788649706457924 0.5679442508710801 0.2583170254403131 0.5679442508710801 0.2583170254403131 0.5505226480836237
0 0.5205479452054794 0.07665505226480836 0.5225048923679061 0.07665505226480836 0.5244618395303327 0.08362369337979095 0.5283757338551859 0.08362369337979095 0.5420743639921722 0.09407665505226481 0.5655577299412916 0.0975609756097561 0.5675146771037182 0.10104529616724739 0.5694716242661448 0.0975609756097561 0.6046966731898239 0.10104529616724739 0.6105675146771037 0.09059233449477352 0.6105675146771037 0.0975609756097561 0.6046966731898239 0.10801393728222997 0.5812133072407045 0.1289198606271777 0.5792563600782779 0.13240418118466898 0.5792563600782779 0.14285714285714285 0.5753424657534246 0.14982578397212543 0.5636007827788649 0.14982578397212543 0.5616438356164384 0.15331010452961671 0.5557729941291585 0.15331010452961671 0.5538160469667319 0.14982578397212543 0.5362035225048923 0.14982578397212543 0.5322896281800391 0.14634146341463414 0.5264187866927593 0.13240418118466898 0.5244618395303327 0.13240418118466898 0.5244618395303327 0.12195121951219512 0.5205479452054794 0.10452961672473868 0.5146771037181996 0.0975609756097561 0.5146771037181996 0.08710801393728224 0.5205479452054794 0.08013937282229965
0 0.5557729941291585 0.34843205574912894 0.5655577299412916 0.34843205574912894 0.5753424657534246 0.3344947735191638 0.5792563600782779 0.3344947735191638 0.5870841487279843 0.32752613240418116 0.5929549902152642 0.32752613240418116 0.5949119373776908 0.3205574912891986 0.6007827788649707 0.3205574912891986 0.6046966731898239 0.3310104529616725 0.6086105675146771 0.3310104529616725 0.6125244618395304 0.33797909407665505 0.6125244618395304 0.34843205574912894 0.6086105675146771 0.3554006968641115 0.6046966731898239 0.3554006968641115 0.6027397260273972 0.3588850174216028 0.5929549902152642 0.3588850174216028 0.5909980430528375 0.3623693379790941 0.5851272015655578 0.3623693379790941 0.5831702544031311 0.3588850174216028 0.5714285714285714 0.3588850174216028 0.5694716242661448 0.3623693379790941 0.5655577299412916 0.3623693379790941 0.5636007827788649 0.3588850174216028 0.5596868884540117 0.3588850174216028 0.5596868884540117 0.3554006968641115 0.5557729941291585 0.3519163763066202
0 0.512720156555773 0.7142857142857143 0.512720156555773 0.710801393728223 0.5146771037181996 0.7177700348432056 0.5225048923679061 0.7177700348432056 0.5303326810176126 0.7282229965156795 0.5440313111545988 0.7282229965156795 0.5459882583170255 0.7317073170731707 0.5440313111545988 0.735191637630662 0.5440313111545988 0.7421602787456446 0.5557729941291585 0.7560975609756098 0.5753424657534246 0.7560975609756098 0.5772994129158513 0.759581881533101 0.5909980430528375 0.759581881533101 0.5929549902152642 0.7630662020905923 0.6027397260273972 0.7630662020905923 0.6046966731898239 0.7665505226480837 0.6223091976516634 0.7665505226480837 0.6223091976516634 0.8815331010452961 0.6183953033268101 0.8815331010452961 0.6125244618395304 0.8606271777003485 0.6125244618395304 0.8466898954703833 0.6086105675146771 0.8432055749128919 0.6086105675146771 0.8397212543554007 0.6007827788649707 0.8257839721254355 0.5929549902152642 0.8222996515679443 0.5812133072407045 0.8083623693379791 0.5772994129158513 0.8083623693379791 0.5714285714285714 0.7979094076655052 0.5636007827788649 0.794425087108014 0.5538160469667319 0.7804878048780488 0.5499021526418787 0.7804878048780488 0.5440313111545988 0.7735191637630662 0.5420743639921722 0.7770034843205574 0.5244618395303327 0.7735191637630662 0.5166340508806262 0.7839721254355401 0.5068493150684932 0.7839721254355401 0.5068493150684932 0.7770034843205574 0.5107632093933464 0.7735191637630662 0.5107632093933464 0.759581881533101 0.512720156555773 0.7560975609756098 0.512720156555773 0.7177700348432056
0 0.4050880626223092 0.3902439024390244 0.4050880626223092 0.3832752613240418 0.4207436399217221 0.3832752613240418 0.4207436399217221 0.3902439024390244 0.4227005870841487 0.39372822299651566 0.42661448140900193 0.39372822299651566 0.42661448140900193 0.4146341463414634 0.4207436399217221 0.4146341463414634 0.4187866927592955 0.4181184668989547 0.410958904109589 0.4146341463414634 0.410958904109589 0.39372822299651566 0.4070450097847358 0.3902439024390244
0 0.2700587084148728 0.3623693379790941 0.27788649706457924 0.3623693379790941 0.28180039138943247 0.36585365853658536 0.2837573385518591 0.37282229965156793 0.29158512720156554 0.3832752613240418 0.3131115459882583 0.3867595818815331 0.3131115459882583 0.4076655052264808 0.3013698630136986 0.4076655052264808 0.299412915851272 0.4146341463414634 0.29354207436399216 0.4146341463414634 0.29158512720156554 0.4181184668989547 0.2857142857142857 0.4181184668989547 0.2837573385518591 0.4146341463414634 0.2563600782778865 0.4146341463414634 0.25244618395303325 0.41114982578397213 0.25244618395303325 0.3832752613240418 0.2602739726027397 0.3797909407665505 0.2700587084148728 0.36585365853658536
0 0.4755381604696673 0.3519163763066202 0.4755381604696673 0.3693379790940767 0.46966731898238745 0.3693379790940767 0.46771037181996084 0.37282229965156793 0.4500978473581213 0.36585365853658536 0.4500978473581213 0.3554006968641115 0.45401174168297453 0.3554006968641115 0.45596868884540115 0.3519163763066202 0.4735812133072407 0.3519163763066202
0 0.2759295499021526 0.49825783972125437 0.30332681017612523 0.49825783972125437 0.30724070450097846 0.5052264808362369 0.31702544031311153 0.5052264808362369 0.31702544031311153 0.5156794425087108 0.299412915851272 0.5156794425087108 0.29549902152641877 0.519163763066202 0.29354207436399216 0.5156794425087108 0.27984344422700586 0.5121951219512195 0.27984344422700586 0.5052264808362369 0.2759295499021526 0.5017421602787456
0 0.40313111545988256 0.5470383275261324 0.4187866927592955 0.5470383275261324 0.4207436399217221 0.554006968641115 0.4324853228962818 0.554006968641115 0.4324853228962818 0.5644599303135889 0.41487279843444225 0.5644599303135889 0.410958904109589 0.5679442508710801 0.4090019569471624 0.5644599303135889 0.3953033268101761 0.5644599303135889 0.3953033268101761 0.5574912891986062 0.40313111545988256 0.5505226480836237