0 0.623046875 0.4965277777777778 0.626953125 0.5 0.6328125 0.5 0.62890625 0.5104166666666666 0.634765625 0.5277777777777778 0.634765625 0.5520833333333334 0.62890625 0.5659722222222222 0.625 0.5659722222222222 0.625 0.5555555555555556 0.623046875 0.5520833333333334 0.623046875 0.5173611111111112 0.625 0.5138888888888888 0.625 0.5069444444444444 0.623046875 0.5
0 0.50390625 0.0625 0.5078125 0.0625 0.509765625 0.06597222222222222 0.513671875 0.0625 0.51953125 0.0625 0.51171875 0.0763888888888889 0.515625 0.08680555555555555 0.515625 0.10416666666666667 0.51171875 0.11805555555555555 0.5 0.13541666666666666 0.4921875 0.13541666666666666 0.490234375 0.13194444444444445 0.490234375 0.1076388888888889 0.48828125 0.10416666666666667 0.48828125 0.09722222222222222 0.494140625 0.09722222222222222 0.498046875 0.08680555555555555 0.505859375 0.0763888888888889 0.505859375 0.06944444444444445 0.50390625 0.06597222222222222
0 0.595703125 0.7048611111111112 0.6015625 0.7048611111111112 0.603515625 0.6979166666666666 0.609375 0.6909722222222222 0.609375 0.6979166666666666 0.607421875 0.7013888888888888 0.61328125 0.7083333333333334 0.611328125 0.7152777777777778 0.611328125 0.7256944444444444 0.59765625 0.7256944444444444 0.6015625 0.7152777777777778 0.6015625 0.7118055555555556 0.59765625 0.7083333333333334
0 0.435546875 0 0.4375 0 0.439453125 0.006944444444444444 0.439453125 0.04861111111111111 0.4375 0.052083333333333336 0.4375 0.059027777777777776 0.435546875 0.059027777777777776 0.435546875 0.052083333333333336 0.43359375 0.04861111111111111 0.43359375 0.006944444444444444 0.435546875 0.003472222222222222
0 0.501953125 0.2951388888888889 0.50390625 0.3020833333333333 0.50390625 0.3125 0.505859375 0.3159722222222222 0.50390625 0.3298611111111111 0.5 0.2986111111111111
0 0.63671875 0.8958333333333334 0.642578125 0.9131944444444444 0.642578125 0.9270833333333334 0.638671875 0.9270833333333334 0.634765625 0.9201388888888888 0.63671875 0.8993055555555556
0 0.34401041666666665 0.9365740740740741 0.0046875 0.01574074074074074
0 0.548828125 0.4166666666666667 0.572265625 0.4166666666666667 0.572265625 0.4201388888888889 0.552734375 0.4201388888888889 0.55078125 0.4236111111111111 0.548828125 0.4236111111111111 0.548828125 0.4201388888888889
0 0.65703125 0.1597222222222222 0.0026041666666666665 0.01759259259259259
0 0.580078125 0.2048611111111111 0.583984375 0.2048611111111111 0.595703125 0.2152777777777778 0.603515625 0.22916666666666666 0.607421875 0.24305555555555555 0.607421875 0.2916666666666667 0.60546875 0.2951388888888889 0.60546875 0.3194444444444444 0.609375 0.3368055555555556 0.607421875 0.3368055555555556 0.6015625 0.3263888888888889 0.59375 0.3263888888888889 0.591796875 0.3298611111111111 0.591796875 0.3263888888888889 0.599609375 0.3159722222222222 0.599609375 0.3020833333333333 0.59375 0.2916666666666667 0.587890625 0.2638888888888889 0.58203125 0.2569444444444444 0.580078125 0.20833333333333334
0 0.453125 0.3125 0.45703125 0.3159722222222222 0.4609375 0.3333333333333333 0.4609375 0.34375 0.458984375 0.34375 0.458984375 0.3368055555555556 0.453125 0.3229166666666667 0.453125 0.3159722222222222
0 0.470703125 0.2673611111111111 0.47265625 0.2673611111111111 0.47265625 0.28125 0.474609375 0.2847222222222222 0.474609375 0.2951388888888889 0.47265625 0.3020833333333333 0.470703125 0.2986111111111111 0.47265625 0.2951388888888889 0.470703125 0.2708333333333333
0 0.64453125 0.5590277777777778 0.6484375 0.5590277777777778 0.650390625 0.5729166666666666 0.65625 0.5902777777777778 0.65625 0.6145833333333334 0.6484375 0.6145833333333334 0.64453125 0.6006944444444444 0.64453125 0.5625
0 0.611328125 0.5 0.6171875 0.5 0.6171875 0.5173611111111112 0.62109375 0.5277777777777778 0.62109375 0.5486111111111112 0.619140625 0.5555555555555556 0.6171875 0.5590277777777778 0.609375 0.5590277777777778 0.609375 0.5173611111111112 0.611328125 0.5138888888888888 0.611328125 0.5034722222222222
0 0.4609375 0.3506944444444444 0.46484375 0.3645833333333333 0.46484375 0.3715277777777778 0.4609375 0.3680555555555556 0.4609375 0.3541666666666667
0 0.474609375 0.3333333333333333 0.4765625 0.3333333333333333 0.482421875 0.3576388888888889 0.482421875 0.3680555555555556 0.48046875 0.3645833333333333 0.4765625 0.3541666666666667 0.474609375 0.3368055555555556
0 0.482421875 0.2777777777777778 0.484375 0.2777777777777778 0.486328125 0.2847222222222222 0.486328125 0.2986111111111111 0.482421875 0.2986111111111111 0.482421875 0.28125
0 0.501953125 0.5833333333333334 0.50390625 0.5833333333333334 0.50390625 0.5902777777777778 0.51171875 0.6076388888888888 0.51171875 0.6215277777777778 0.509765625 0.6180555555555556 0.501953125 0.5868055555555556
0 0.630859375 0.034722222222222224 0.634765625 0.041666666666666664 0.634765625 0.08680555555555555 0.6328125 0.09027777777777778 0.6328125 0.10069444444444445 0.62890625 0.08680555555555555 0.62890625 0.052083333333333336 0.630859375 0.04861111111111111 0.630859375 0.03819444444444445
0 0.46484375 0.6354166666666666 0.4765625 0.6458333333333334 0.478515625 0.6527777777777778 0.4765625 0.6597222222222222 0.4765625 0.6736111111111112 0.478515625 0.6805555555555556 0.474609375 0.6805555555555556 0.46484375 0.6597222222222222 0.46484375 0.6388888888888888
0 0.49609375 0.2743055555555556 0.498046875 0.2986111111111111 0.49609375 0.3020833333333333 0.494140625 0.2951388888888889 0.494140625 0.2777777777777778
0 0.4921875 0.6006944444444444 0.49609375 0.6006944444444444 0.49609375 0.6076388888888888 0.501953125 0.625 0.501953125 0.6493055555555556 0.498046875 0.6458333333333334 0.4921875 0.6041666666666666
0 0.494140625 0.6493055555555556 0.498046875 0.6493055555555556 0.50390625 0.6666666666666666 0.50390625 0.6875 0.501953125 0.6875 0.498046875 0.6770833333333334 0.494140625 0.6527777777777778
0 0.65234375 0.5 0.65625 0.5 0.65625 0.5104166666666666 0.658203125 0.5138888888888888 0.658203125 0.5590277777777778 0.650390625 0.5416666666666666 0.650390625 0.5277777777777778 0.654296875 0.5173611111111112 0.65234375 0.5034722222222222
0 0.49609375 0.3472222222222222 0.498046875 0.3472222222222222 0.498046875 0.3576388888888889 0.501953125 0.3645833333333333 0.501953125 0.3784722222222222 0.5 0.3784722222222222 0.49609375 0.3645833333333333 0.49609375 0.3506944444444444
0 0.609375 0.5902777777777778 0.61328125 0.5868055555555556 0.615234375 0.5694444444444444 0.619140625 0.5590277777777778 0.62109375 0.5590277777777778 0.62109375 0.5659722222222222 0.623046875 0.5694444444444444 0.623046875 0.6041666666666666 0.62109375 0.6111111111111112 0.61328125 0.625 0.609375 0.625 0.609375 0.6180555555555556 0.607421875 0.6145833333333334 0.607421875 0.5972222222222222 0.609375 0.59375
0 0.53125 0.2986111111111111 0.53515625 0.3020833333333333 0.53515625 0.34375 0.533203125 0.3472222222222222 0.53125 0.34375 0.53125 0.3020833333333333
0 0.498046875 0.3958333333333333 0.501953125 0.3993055555555556 0.501953125 0.40625 0.50390625 0.4097222222222222 0.50390625 0.4236111111111111 0.501953125 0.4236111111111111 0.5 0.4027777777777778 0.498046875 0.3993055555555556