0 0.947265625 0.24738675958188153 0.9609375 0.24738675958188153 0.962890625 0.25435540069686413 0.96875 0.25435540069686413 0.96875 0.26480836236933797 0.966796875 0.27177700348432055 0.943359375 0.27526132404181186 0.94140625 0.27177700348432055 0.931640625 0.27177700348432055 0.931640625 0.26480836236933797 0.93359375 0.26480836236933797 0.935546875 0.2578397212543554 0.939453125 0.2578397212543554 0.947265625 0.2508710801393728
0 0.73828125 0.1951219512195122 0.75390625 0.1951219512195122 0.755859375 0.20209059233449478 0.763671875 0.20209059233449478 0.771484375 0.20905923344947736 0.779296875 0.20905923344947736 0.783203125 0.21602787456445993 0.787109375 0.21602787456445993 0.7890625 0.2229965156794425 0.7890625 0.23344947735191637 0.78125 0.23344947735191637 0.771484375 0.2264808362369338 0.763671875 0.2264808362369338 0.76171875 0.2229965156794425 0.748046875 0.21951219512195122 0.74609375 0.21254355400696864 0.732421875 0.20557491289198607 0.732421875 0.20209059233449478 0.736328125 0.20209059233449478 0.73828125 0.1986062717770035
0 0.794921875 0.3693379790940767 0.796875 0.3693379790940767 0.80078125 0.3588850174216028 0.845703125 0.3588850174216028 0.84765625 0.3623693379790941 0.85546875 0.3623693379790941 0.85546875 0.36585365853658536 0.859375 0.3693379790940767 0.859375 0.37630662020905925 0.794921875 0.37630662020905925 0.794921875 0.37282229965156793
0 0.92578125 0.34146341463414637 0.9375 0.34146341463414637 0.939453125 0.34843205574912894 0.943359375 0.34843205574912894 0.94921875 0.3554006968641115 0.96875 0.3588850174216028 0.96875 0.37282229965156793 0.93359375 0.37282229965156793 0.931640625 0.3693379790940767 0.919921875 0.36585365853658536 0.919921875 0.34843205574912894 0.923828125 0.34843205574912894 0.92578125 0.34494773519163763
0 0.8671875 0.30313588850174217 0.87109375 0.29965156794425085 0.89453125 0.30313588850174217 0.908203125 0.313588850174216 0.908203125 0.3170731707317073 0.912109375 0.3205574912891986 0.912109375 0.3310104529616725 0.896484375 0.3310104529616725 0.89453125 0.32752613240418116 0.888671875 0.32752613240418116 0.88671875 0.3240418118466899 0.875 0.3205574912891986 0.873046875 0.313588850174216 0.8671875 0.30662020905923343
0 0.875 0.17073170731707318 0.875 0.16376306620209058 0.87890625 0.1602787456445993 0.8828125 0.14982578397212543 0.892578125 0.14285714285714285 0.8984375 0.14285714285714285 0.900390625 0.13937282229965156 0.904296875 0.14285714285714285 0.90234375 0.156794425087108 0.88671875 0.17073170731707318 0.876953125 0.17073170731707318
0 0.919921875 0.3205574912891986 0.92578125 0.3205574912891986 0.927734375 0.32752613240418116 0.9375 0.32752613240418116 0.9375 0.3310104529616725 0.93359375 0.3344947735191638 0.927734375 0.3344947735191638 0.92578125 0.3310104529616725 0.919921875 0.3310104529616725 0.919921875 0.3240418118466899
0 0.154296875 0.3344947735191638 0.15625 0.3344947735191638 0.16015625 0.3240418118466899 0.185546875 0.3240418118466899 0.189453125 0.3344947735191638 0.189453125 0.3623693379790941 0.1875 0.3623693379790941 0.185546875 0.3693379790940767 0.154296875 0.3693379790940767 0.1484375 0.3623693379790941 0.1484375 0.34494773519163763 0.154296875 0.33797909407665505
0 0.91015625 0.4425087108013937 0.91015625 0.4634146341463415 0.90625 0.4738675958188153 0.896484375 0.47735191637630664 0.89453125 0.4808362369337979 0.89453125 0.4878048780487805 0.88671875 0.49477351916376305 0.869140625 0.49477351916376305 0.873046875 0.4808362369337979 0.876953125 0.47735191637630664 0.8828125 0.47735191637630664 0.884765625 0.47038327526132406 0.892578125 0.46689895470383275 0.896484375 0.4564459930313589 0.900390625 0.4529616724738676 0.90625 0.4529616724738676 0.91015625 0.445993031358885
0 0.955078125 0.32752613240418116 0.955078125 0.31010452961672474 0.962890625 0.30313588850174217 0.984375 0.30313588850174217 0.984375 0.31010452961672474 0.98046875 0.31010452961672474 0.9765625 0.3205574912891986 0.97265625 0.3205574912891986 0.966796875 0.32752613240418116 0.95703125 0.32752613240418116
0 1.018151815181518 0.19429399385931626 0.0645240305280528 0.10705948643644853