0 0.609375 0.6006944444444444 0.61328125 0.6041666666666666 0.61328125 0.6145833333333334 0.6171875 0.625 0.6171875 0.6458333333333334 0.61328125 0.65625 0.611328125 0.6597222222222222 0.60546875 0.6597222222222222 0.603515625 0.6527777777777778 0.603515625 0.6354166666666666 0.60546875 0.6319444444444444 0.607421875 0.6041666666666666
0 0.49609375 0.7951388888888888 0.501953125 0.8090277777777778 0.501953125 0.8125 0.498046875 0.8125 0.49609375 0.7986111111111112
0 0.4765625 0.4236111111111111 0.478515625 0.4236111111111111 0.482421875 0.4340277777777778 0.482421875 0.4409722222222222 0.48046875 0.4409722222222222 0.4765625 0.4270833333333333
0 0.564453125 0.8958333333333334 0.568359375 0.9131944444444444 0.568359375 0.9548611111111112 0.56640625 0.9618055555555556 0.564453125 0.9652777777777778 0.564453125 0.9548611111111112 0.5625 0.9513888888888888 0.5625 0.8993055555555556
0 0.54296875 0.4131944444444444 0.5546875 0.4131944444444444 0.556640625 0.4166666666666667 0.5625 0.4166666666666667 0.560546875 0.4201388888888889 0.55078125 0.4201388888888889 0.546875 0.4270833333333333 0.546875 0.4618055555555556 0.544921875 0.4618055555555556 0.544921875 0.4479166666666667 0.54296875 0.4444444444444444 0.54296875 0.4270833333333333 0.544921875 0.4236111111111111 0.54296875 0.4166666666666667
0 0.529296875 0.09375 0.53515625 0.09027777777777778 0.546875 0.10069444444444445 0.55078125 0.10069444444444445 0.556640625 0.1076388888888889 0.5625 0.12152777777777778 0.55078125 0.12152777777777778 0.548828125 0.11805555555555555 0.5390625 0.11805555555555555 0.537109375 0.11458333333333333 0.533203125 0.11458333333333333 0.52734375 0.10069444444444445 0.529296875 0.09722222222222222
0 0.5994791666666667 0.7236111111111111 0.010416666666666666 0.058333333333333334
0 0.51953125 0.4722222222222222 0.5234375 0.4826388888888889 0.5234375 0.4930555555555556 0.521484375 0.4930555555555556 0.51953125 0.4895833333333333 0.51953125 0.4756944444444444
0 0.50390625 0.8020833333333334 0.505859375 0.8020833333333334 0.505859375 0.8125 0.5078125 0.8159722222222222 0.50390625 0.8125 0.50390625 0.8055555555555556
0 0.578125 0.6527777777777778 0.578125 0.65625 0.572265625 0.6631944444444444 0.548828125 0.6631944444444444 0.548828125 0.6597222222222222 0.552734375 0.6597222222222222 0.5546875 0.65625 0.572265625 0.65625 0.576171875 0.6527777777777778
0 0.6546875 0.19351851851851853 0.007291666666666667 0.05185185185185185
0 0.6328125 0.9201388888888888 0.630859375 0.9131944444444444 0.630859375 0.9027777777777778 0.6328125 0.8993055555555556 0.63671875 0.9027777777777778 0.63671875 0.9131944444444444 0.638671875 0.9166666666666666 0.63671875 0.9236111111111112 0.634765625 0.9201388888888888
0 0.58203125 0.5833333333333334 0.5859375 0.5868055555555556 0.587890625 0.6006944444444444 0.591796875 0.6111111111111112 0.591796875 0.625 0.59375 0.6284722222222222 0.591796875 0.6666666666666666 0.59765625 0.6770833333333334 0.595703125 0.6805555555555556 0.591796875 0.6736111111111112 0.587890625 0.6736111111111112 0.58203125 0.6805555555555556 0.58203125 0.6736111111111112 0.5859375 0.6666666666666666 0.583984375 0.6458333333333334 0.58203125 0.6423611111111112 0.58203125 0.6284722222222222 0.578125 0.6215277777777778 0.580078125 0.6145833333333334 0.580078125 0.5902777777777778 0.58203125 0.5868055555555556
0 0.498046875 0.4131944444444444 0.501953125 0.4131944444444444 0.5078125 0.4270833333333333 0.5078125 0.4340277777777778 0.505859375 0.4340277777777778 0.5 0.4166666666666667
0 0.486328125 0.4236111111111111 0.48828125 0.4236111111111111 0.4921875 0.4375 0.4921875 0.4513888888888889 0.48828125 0.4409722222222222 0.486328125 0.4270833333333333
0 0.646484375 0.9826388888888888 0.650390625 0.9861111111111112 0.650390625 0.9965277777777778 0.646484375 0.9965277777777778 0.646484375 0.9861111111111112
0 0.474609375 0.4548611111111111 0.482421875 0.4722222222222222 0.482421875 0.4756944444444444 0.48046875 0.4756944444444444 0.4765625 0.46875 0.474609375 0.4583333333333333
0 0.490234375 0.7604166666666666 0.4921875 0.7604166666666666 0.498046875 0.7708333333333334 0.498046875 0.7777777777777778 0.49609375 0.7777777777777778 0.490234375 0.7638888888888888
0 0.482421875 0.3888888888888889 0.48828125 0.3993055555555556 0.48828125 0.4027777777777778 0.486328125 0.4027777777777778 0.48046875 0.3923611111111111 0.4765625 0.3923611111111111 0.474609375 0.3958333333333333 0.48046875 0.3888888888888889
0 0.5390625 0.8159722222222222 0.54296875 0.8194444444444444 0.548828125 0.84375 0.548828125 0.8645833333333334 0.544921875 0.8576388888888888 0.54296875 0.8506944444444444 0.54296875 0.8402777777777778 0.541015625 0.8368055555555556 0.541015625 0.8229166666666666 0.5390625 0.8194444444444444
0 0.51953125 0.8472222222222222 0.5234375 0.8472222222222222 0.52734375 0.8541666666666666 0.529296875 0.8715277777777778 0.533203125 0.8819444444444444 0.533203125 0.8923611111111112 0.529296875 0.8923611111111112 0.5234375 0.875 0.5234375 0.8645833333333334 0.51953125 0.8506944444444444
0 0.47265625 0.3958333333333333 0.474609375 0.3958333333333333 0.474609375 0.3993055555555556 0.48046875 0.4097222222222222 0.48046875 0.4201388888888889 0.4765625 0.4201388888888889 0.4765625 0.4131944444444444 0.47265625 0.3993055555555556
0 0.3442708333333333 0.9634259259259258 0.005208333333333333 0.013888888888888888
0 0.515625 0.4340277777777778 0.517578125 0.4340277777777778 0.525390625 0.4479166666666667 0.525390625 0.4583333333333333 0.515625 0.4375
0 0.640625 0.7708333333333334 0.650390625 0.7743055555555556 0.650390625 0.7916666666666666 0.65625 0.8055555555555556 0.65625 0.8159722222222222 0.658203125 0.8194444444444444 0.658203125 0.8506944444444444 0.654296875 0.8576388888888888 0.6484375 0.8576388888888888 0.6484375 0.8472222222222222 0.64453125 0.8333333333333334 0.64453125 0.7986111111111112 0.646484375 0.7951388888888888 0.646484375 0.7847222222222222 0.642578125 0.7743055555555556
0 0.5036458333333333 0.7606481481481482 0.011458333333333333 0.02314814814814815
0 0.484375 0.11458333333333333 0.490234375 0.12152777777777778 0.5 0.12152777777777778 0.5 0.125 0.4921875 0.13541666666666666 0.494140625 0.16319444444444445 0.49609375 0.16666666666666666 0.494140625 0.1875 0.482421875 0.2152777777777778 0.474609375 0.2152777777777778 0.47265625 0.20833333333333334 0.47265625 0.1840277777777778 0.470703125 0.18055555555555555 0.470703125 0.1736111111111111 0.4765625 0.16666666666666666 0.48046875 0.14583333333333334 0.48828125 0.13541666666666666 0.48828125 0.1284722222222222 0.484375 0.11805555555555555
0 0.482421875 0.7708333333333334 0.484375 0.7708333333333334 0.486328125 0.7777777777777778 0.486328125 0.7847222222222222 0.484375 0.7847222222222222 0.482421875 0.7743055555555556
0 0.6111979166666667 0.18888888888888888 0.008854166666666666 0.053703703703703705
0 0.6484375 0.059027777777777776 0.65234375 0.0625 0.658203125 0.09027777777777778 0.658203125 0.1076388888888889 0.654296875 0.10416666666666667 0.654296875 0.09722222222222222 0.650390625 0.09027777777777778 0.650390625 0.08333333333333333 0.6484375 0.0798611111111111 0.6484375 0.0625
0 0.490234375 0.3472222222222222 0.49609375 0.3472222222222222 0.49609375 0.3576388888888889 0.498046875 0.3611111111111111 0.498046875 0.3680555555555556 0.49609375 0.3680555555555556 0.4921875 0.3611111111111111 0.490234375 0.3506944444444444
0 0.544921875 0.4166666666666667 0.546875 0.4166666666666667 0.546875 0.4618055555555556 0.544921875 0.4618055555555556 0.544921875 0.4513888888888889 0.54296875 0.4479166666666667 0.54296875 0.4270833333333333 0.544921875 0.4201388888888889
0 0.470703125 0.9479166666666666 0.47265625 0.9479166666666666 0.474609375 0.9548611111111112 0.474609375 0.9756944444444444 0.4765625 0.9791666666666666 0.474609375 0.9826388888888888 0.470703125 0.9791666666666666 0.470703125 0.9513888888888888