0 0.1796875 0.42857142857142855 0.203125 0.42857142857142855 0.203125 0.44947735191637633 0.201171875 0.4564459930313589 0.19140625 0.4564459930313589 0.189453125 0.45993031358885017 0.146484375 0.45993031358885017 0.1484375 0.45993031358885017 0.15234375 0.44947735191637633 0.162109375 0.445993031358885 0.1640625 0.43902439024390244 0.177734375 0.4355400696864111 0.1796875 0.43205574912891986
0 0.123046875 0.5923344947735192 0.16015625 0.5923344947735192 0.16015625 0.5958188153310104 0.166015625 0.6027874564459931 0.166015625 0.6236933797909407 0.1640625 0.6236933797909407 0.162109375 0.6306620209059234 0.15625 0.6306620209059234 0.150390625 0.6376306620209059 0.12890625 0.6376306620209059 0.126953125 0.627177700348432 0.123046875 0.6236933797909407 0.123046875 0.6027874564459931 0.12109375 0.5993031358885017 0.123046875 0.5958188153310104
0 0.78515625 0.3240418118466899 0.849609375 0.32752613240418116 0.8515625 0.3310104529616725 0.869140625 0.3310104529616725 0.87109375 0.3344947735191638 0.880859375 0.3344947735191638 0.8828125 0.33797909407665505 0.8984375 0.33797909407665505 0.900390625 0.34494773519163763 0.908203125 0.34494773519163763 0.908203125 0.3554006968641115 0.888671875 0.3554006968641115 0.88671875 0.3519163763066202 0.86328125 0.3519163763066202 0.861328125 0.3554006968641115 0.80078125 0.3554006968641115 0.798828125 0.3519163763066202 0.787109375 0.34843205574912894 0.78515625 0.34494773519163763 0.78515625 0.32752613240418116
0 0.61328125 0.24041811846689895 0.615234375 0.24390243902439024 0.625 0.24390243902439024 0.634765625 0.2508710801393728 0.650390625 0.25435540069686413 0.65234375 0.2613240418118467 0.6640625 0.26480836236933797 0.666015625 0.2682926829268293 0.669921875 0.2682926829268293 0.669921875 0.27177700348432055 0.607421875 0.27177700348432055 0.60546875 0.2682926829268293 0.599609375 0.2682926829268293 0.59765625 0.26480836236933797 0.587890625 0.2613240418118467 0.5859375 0.25435540069686413 0.58203125 0.2508710801393728 0.58203125 0.24390243902439024 0.5859375 0.24041811846689895 0.611328125 0.24041811846689895
0 0.671875 0.41114982578397213 0.67578125 0.4076655052264808 0.720703125 0.4076655052264808 0.72265625 0.41114982578397213 0.734375 0.41114982578397213 0.744140625 0.4181184668989547 0.751953125 0.4181184668989547 0.751953125 0.43205574912891986 0.6875 0.43205574912891986 0.685546875 0.42857142857142855 0.673828125 0.4250871080139373 0.671875 0.42160278745644597 0.671875 0.4146341463414634
0 0.61328125 0.686411149825784 0.615234375 0.6898954703832753 0.62890625 0.6898954703832753 0.630859375 0.6933797909407665 0.63671875 0.6933797909407665 0.63671875 0.710801393728223 0.623046875 0.710801393728223 0.62109375 0.7142857142857143 0.544921875 0.7142857142857143 0.54296875 0.710801393728223 0.5390625 0.710801393728223 0.533203125 0.7003484320557491 0.533203125 0.6933797909407665 0.53515625 0.6898954703832753 0.5390625 0.686411149825784 0.546875 0.686411149825784 0.548828125 0.6829268292682927 0.59375 0.6829268292682927 0.595703125 0.686411149825784 0.611328125 0.686411149825784
0 0.599609375 0.08013937282229965 0.615234375 0.08013937282229965 0.6171875 0.08710801393728224 0.6171875 0.11846689895470383 0.572265625 0.11846689895470383 0.5703125 0.11498257839721254 0.564453125 0.11498257839721254 0.564453125 0.11149825783972125 0.560546875 0.10801393728222997 0.5625 0.10801393728222997 0.564453125 0.10104529616724739 0.5703125 0.09407665505226481 0.58203125 0.09059233449477352 0.583984375 0.08710801393728224 0.59765625 0.08710801393728224 0.599609375 0.08362369337979095
0 0.3359375 0.3205574912891986 0.337890625 0.3205574912891986 0.337890625 0.3519163763066202 0.31640625 0.3519163763066202 0.314453125 0.34843205574912894 0.3046875 0.34843205574912894 0.30078125 0.34494773519163763 0.3125 0.3310104529616725 0.322265625 0.3310104529616725 0.32421875 0.32752613240418116 0.333984375 0.32752613240418116 0.3359375 0.3240418118466899
0 0.2578125 0.18118466898954705 0.2734375 0.18118466898954705 0.275390625 0.18815331010452963 0.283203125 0.18815331010452963 0.28515625 0.1916376306620209 0.291015625 0.1916376306620209 0.29296875 0.1951219512195122 0.302734375 0.1986062717770035 0.3046875 0.20557491289198607 0.3125 0.20905923344947736 0.31640625 0.21602787456445993 0.326171875 0.21951219512195122 0.326171875 0.2229965156794425 0.330078125 0.2264808362369338 0.330078125 0.23344947735191637 0.31640625 0.23344947735191637 0.314453125 0.22996515679442509 0.3046875 0.22996515679442509 0.302734375 0.2264808362369338 0.27734375 0.2229965156794425 0.275390625 0.21602787456445993 0.26953125 0.21254355400696864 0.265625 0.20557491289198607 0.26171875 0.20557491289198607 0.259765625 0.1986062717770035 0.25390625 0.1916376306620209 0.25390625 0.18815331010452963 0.2578125 0.18466898954703834
0 0.783203125 0.3797909407665505 0.78515625 0.3832752613240418 0.796875 0.3832752613240418 0.796875 0.39372822299651566 0.73828125 0.39372822299651566 0.732421875 0.3867595818815331 0.732421875 0.3832752613240418 0.73828125 0.37630662020905925 0.767578125 0.37630662020905925 0.76953125 0.3797909407665505 0.78125 0.3797909407665505
0 0.58984375 0.4146341463414634 0.609375 0.4146341463414634 0.611328125 0.42160278745644597 0.6328125 0.4250871080139373 0.6328125 0.43902439024390244 0.599609375 0.43902439024390244 0.59765625 0.4425087108013937 0.595703125 0.43902439024390244 0.583984375 0.43902439024390244 0.583984375 0.4250871080139373 0.58984375 0.4181184668989547
0 0.205078125 0.3170731707317073 0.208984375 0.313588850174216 0.21484375 0.313588850174216 0.220703125 0.30662020905923343 0.2265625 0.30662020905923343 0.232421875 0.29965156794425085 0.287109375 0.289198606271777 0.287109375 0.30662020905923343 0.28515625 0.31010452961672474 0.27734375 0.31010452961672474 0.267578125 0.3240418118466899 0.259765625 0.3240418118466899 0.24609375 0.3344947735191638 0.240234375 0.3344947735191638 0.23828125 0.33797909407665505 0.234375 0.33797909407665505 0.2265625 0.34494773519163763 0.220703125 0.34494773519163763 0.21875 0.34843205574912894 0.18359375 0.34843205574912894 0.1796875 0.34494773519163763 0.1796875 0.34146341463414637 0.185546875 0.3344947735191638 0.205078125 0.3205574912891986
0 0.1328125 0.42857142857142855 0.138671875 0.42857142857142855 0.1484375 0.42160278745644597 0.15625 0.42160278745644597 0.158203125 0.4181184668989547 0.17578125 0.4181184668989547 0.177734375 0.4146341463414634 0.19140625 0.4146341463414634 0.193359375 0.41114982578397213 0.19921875 0.41114982578397213 0.19921875 0.4250871080139373 0.19140625 0.4250871080139373 0.189453125 0.43205574912891986 0.185546875 0.4355400696864111 0.1796875 0.4355400696864111 0.16015625 0.44947735191637633 0.119140625 0.44947735191637633 0.119140625 0.4425087108013937 0.126953125 0.43902439024390244 0.1328125 0.43205574912891986
0 0.55859375 0.2578397212543554 0.56640625 0.2578397212543554 0.56640625 0.289198606271777 0.544921875 0.289198606271777 0.54296875 0.2926829268292683 0.5390625 0.289198606271777 0.529296875 0.289198606271777 0.529296875 0.2787456445993031 0.537109375 0.27526132404181186 0.5390625 0.2682926829268293 0.54296875 0.2682926829268293 0.544921875 0.26480836236933797 0.556640625 0.26480836236933797 0.55859375 0.2613240418118467
0 0.123046875 0.313588850174216 0.13671875 0.313588850174216 0.138671875 0.3205574912891986 0.15234375 0.3205574912891986 0.154296875 0.313588850174216 0.15625 0.313588850174216 0.15625 0.32752613240418116 0.1484375 0.3310104529616725 0.146484375 0.33797909407665505 0.142578125 0.34146341463414637 0.134765625 0.34146341463414637 0.126953125 0.34843205574912894 0.11328125 0.34843205574912894 0.111328125 0.3519163763066202 0.068359375 0.3519163763066202 0.064453125 0.34494773519163763 0.06640625 0.3344947735191638 0.0703125 0.3310104529616725 0.078125 0.3310104529616725 0.080078125 0.32752613240418116 0.087890625 0.32752613240418116 0.08984375 0.3240418118466899 0.12109375 0.3205574912891986 0.123046875 0.3170731707317073
0 0.748046875 0.3902439024390244 0.779296875 0.3902439024390244 0.78125 0.397212543554007 0.80078125 0.397212543554007 0.802734375 0.40069686411149824 0.826171875 0.40418118466898956 0.828125 0.4076655052264808 0.837890625 0.4076655052264808 0.841796875 0.40418118466898956 0.841796875 0.42160278745644597 0.83984375 0.4250871080139373 0.81640625 0.4250871080139373 0.814453125 0.42857142857142855 0.755859375 0.42857142857142855 0.75390625 0.4250871080139373 0.748046875 0.4250871080139373 0.73828125 0.4181184668989547 0.73828125 0.40418118466898956 0.7421875 0.397212543554007 0.74609375 0.397212543554007 0.748046875 0.39372822299651566
0 0.294921875 0.36585365853658536 0.3203125 0.36585365853658536 0.3203125 0.3832752613240418 0.318359375 0.3832752613240418 0.314453125 0.39372822299651566 0.310546875 0.39372822299651566 0.30859375 0.397212543554007 0.271484375 0.397212543554007 0.275390625 0.39372822299651566 0.275390625 0.3867595818815331 0.279296875 0.3832752613240418 0.28125 0.37630662020905925 0.29296875 0.37282229965156793 0.294921875 0.3693379790940767
0 0.322265625 0.289198606271777 0.3359375 0.289198606271777 0.337890625 0.2961672473867596 0.337890625 0.313588850174216 0.3359375 0.3170731707317073 0.326171875 0.3170731707317073 0.32421875 0.3205574912891986 0.2734375 0.3205574912891986 0.2734375 0.30662020905923343 0.27734375 0.30313588850174217 0.283203125 0.30313588850174217 0.29296875 0.2961672473867596 0.3203125 0.2961672473867596 0.322265625 0.2926829268292683
0 0.05859375 0.42160278745644597 0.1015625 0.42160278745644597 0.103515625 0.42857142857142855 0.125 0.42857142857142855 0.125 0.4425087108013937 0.123046875 0.44947735191637633 0.10546875 0.44947735191637633 0.103515625 0.4529616724738676 0.03515625 0.4529616724738676 0.033203125 0.44947735191637633 0.033203125 0.4425087108013937 0.037109375 0.43902439024390244 0.0390625 0.43205574912891986 0.056640625 0.42857142857142855 0.05859375 0.4250871080139373
0 0.904296875 0.43902439024390244 0.943359375 0.43902439024390244 0.9453125 0.445993031358885 0.984375 0.445993031358885 0.984375 0.46689895470383275 0.966796875 0.46689895470383275 0.96484375 0.47038327526132406 0.88671875 0.47038327526132406 0.884765625 0.46689895470383275 0.880859375 0.46689895470383275 0.880859375 0.44947735191637633 0.884765625 0.44947735191637633 0.88671875 0.445993031358885 0.90234375 0.445993031358885 0.904296875 0.4425087108013937
0 0.189453125 0.6236933797909407 0.203125 0.6236933797909407 0.203125 0.6550522648083623 0.201171875 0.6585365853658537 0.1953125 0.6585365853658537 0.193359375 0.662020905923345 0.158203125 0.662020905923345 0.158203125 0.6515679442508711 0.16015625 0.6515679442508711 0.162109375 0.6445993031358885 0.166015625 0.6411149825783972 0.166015625 0.6376306620209059 0.173828125 0.6376306620209059 0.189453125 0.627177700348432
0 0.25 0.1951219512195122 0.2734375 0.1951219512195122 0.275390625 0.20209059233449478 0.279296875 0.20209059233449478 0.28125 0.20557491289198607 0.28125 0.21951219512195122 0.2578125 0.21951219512195122 0.255859375 0.2229965156794425 0.22265625 0.2229965156794425 0.220703125 0.21951219512195122 0.212890625 0.21951219512195122 0.212890625 0.21254355400696864 0.21484375 0.21254355400696864 0.216796875 0.20557491289198607 0.22265625 0.20557491289198607 0.224609375 0.20209059233449478 0.248046875 0.20209059233449478 0.25 0.1986062717770035
0 0.66796875 0.3693379790940767 0.669921875 0.37282229965156793 0.669921875 0.3867595818815331 0.65234375 0.3867595818815331 0.650390625 0.3902439024390244 0.642578125 0.3902439024390244 0.630859375 0.40069686411149824 0.58203125 0.40069686411149824 0.58203125 0.39372822299651566 0.578125 0.3902439024390244 0.58203125 0.3867595818815331 0.58203125 0.3797909407665505 0.583984375 0.37630662020905925 0.599609375 0.37630662020905925 0.6015625 0.37282229965156793 0.626953125 0.37282229965156793 0.62890625 0.3693379790940767 0.666015625 0.3693379790940767
0 0.994140625 0.4878048780487805 0.998046875 0.49477351916376305 0.998046875 0.5296167247386759 0.9921875 0.5261324041811847 0.990234375 0.5296167247386759 0.984375 0.5296167247386759 0.98046875 0.5331010452961672 0.98046875 0.5296167247386759 0.9765625 0.5261324041811847 0.974609375 0.5296167247386759 0.9765625 0.5331010452961672 0.97265625 0.5365853658536586 0.9453125 0.5400696864111498 0.939453125 0.5470383275261324 0.92578125 0.5505226480836237 0.91796875 0.5574912891986062 0.90625 0.5574912891986062 0.904296875 0.5609756097560976 0.84765625 0.5609756097560976 0.845703125 0.5574912891986062 0.8359375 0.5574912891986062 0.8359375 0.554006968641115 0.849609375 0.5365853658536586 0.85546875 0.5365853658536586 0.857421875 0.5331010452961672 0.87109375 0.5331010452961672 0.873046875 0.5296167247386759 0.88671875 0.5296167247386759 0.888671875 0.5226480836236934 0.947265625 0.5226480836236934 0.94921875 0.519163763066202 0.9609375 0.5156794425087108 0.966796875 0.5052264808362369 0.970703125 0.5052264808362369 0.974609375 0.49825783972125437 0.982421875 0.49825783972125437 0.986328125 0.4878048780487805 0.9921875 0.4878048780487805
0 0.181640625 0.3310104529616725 0.181640625 0.3623693379790941 0.169921875 0.3623693379790941 0.162109375 0.37630662020905925 0.140625 0.37630662020905925 0.130859375 0.3832752613240418 0.08203125 0.3832752613240418 0.078125 0.37282229965156793 0.0859375 0.3623693379790941 0.09375 0.3623693379790941 0.095703125 0.3554006968641115 0.103515625 0.3554006968641115 0.10546875 0.3519163763066202 0.1328125 0.34843205574912894 0.134765625 0.34494773519163763 0.154296875 0.34146341463414637 0.16015625 0.3344947735191638 0.1796875 0.3310104529616725
0 0.263671875 0.34843205574912894 0.263671875 0.3693379790940767 0.25390625 0.3693379790940767 0.24609375 0.37630662020905925 0.23046875 0.3797909407665505 0.220703125 0.3867595818815331 0.162109375 0.3867595818815331 0.16015625 0.3832752613240418 0.1640625 0.37630662020905925 0.16796875 0.37282229965156793 0.173828125 0.37282229965156793 0.17578125 0.36585365853658536 0.18359375 0.36585365853658536 0.189453125 0.3588850174216028 0.20703125 0.3588850174216028 0.208984375 0.3554006968641115 0.220703125 0.3554006968641115 0.22265625 0.3519163763066202 0.2578125 0.3519163763066202 0.26171875 0.34843205574912894
0 0.25 0.15331010452961671 0.26953125 0.15331010452961671 0.271484375 0.1602787456445993 0.28125 0.1602787456445993 0.28125 0.17421602787456447 0.27734375 0.17770034843205576 0.267578125 0.17770034843205576 0.265625 0.18466898954703834 0.248046875 0.18815331010452963 0.24609375 0.1916376306620209 0.21484375 0.1916376306620209 0.212890625 0.1951219512195122 0.181640625 0.1916376306620209 0.18359375 0.1916376306620209 0.189453125 0.17770034843205576 0.203125 0.17421602787456447 0.205078125 0.1672473867595819 0.236328125 0.16376306620209058 0.23828125 0.1602787456445993 0.248046875 0.1602787456445993 0.25 0.156794425087108
0 0.0078125 0.34494773519163763 0.044921875 0.34494773519163763 0.044921875 0.3693379790940767 0.03515625 0.3693379790940767 0.033203125 0.37282229965156793 0.009765625 0.3693379790940767 0.0078125 0.3623693379790941 0.00390625 0.3588850174216028 0.00390625 0.3519163763066202 0.0078125 0.34843205574912894
0 0.84765625 0.5365853658536586 0.8515625 0.5365853658536586 0.859375 0.5296167247386759 0.876953125 0.5296167247386759 0.87890625 0.5261324041811847 0.890625 0.5261324041811847 0.892578125 0.5226480836236934 0.951171875 0.5226480836236934 0.953125 0.519163763066202 0.966796875 0.5156794425087108 0.966796875 0.5331010452961672 0.9609375 0.5331010452961672 0.958984375 0.5400696864111498 0.94921875 0.5400696864111498 0.943359375 0.5470383275261324 0.9375 0.5470383275261324 0.935546875 0.5505226480836237 0.9296875 0.5505226480836237 0.919921875 0.5574912891986062 0.908203125 0.5574912891986062 0.90625 0.5609756097560976 0.849609375 0.5609756097560976 0.83984375 0.554006968641115 0.84765625 0.5400696864111498
0 0.0546875 0.24041811846689895 0.09375 0.24041811846689895 0.095703125 0.24738675958188153 0.10546875 0.24738675958188153 0.107421875 0.2508710801393728 0.12109375 0.25435540069686413 0.12109375 0.27526132404181186 0.11328125 0.28222996515679444 0.107421875 0.28222996515679444 0.10546875 0.2857142857142857 0.068359375 0.2857142857142857 0.064453125 0.2787456445993031 0.029296875 0.27526132404181186 0.021484375 0.2682926829268293 0.021484375 0.2613240418118467 0.0234375 0.2613240418118467 0.02734375 0.2508710801393728 0.033203125 0.2508710801393728 0.03515625 0.24738675958188153 0.052734375 0.24738675958188153 0.0546875 0.24390243902439024
0 0.625 0.2787456445993031 0.6328125 0.2787456445993031 0.6328125 0.313588850174216 0.630859375 0.3205574912891986 0.6171875 0.3310104529616725 0.587890625 0.3310104529616725 0.587890625 0.3240418118466899 0.591796875 0.3205574912891986 0.591796875 0.313588850174216 0.59375 0.313588850174216 0.595703125 0.30662020905923343 0.599609375 0.30662020905923343 0.6015625 0.30313588850174217 0.6015625 0.2961672473867596 0.607421875 0.2961672473867596 0.611328125 0.289198606271777 0.6171875 0.289198606271777 0.625 0.28222996515679444
0 0.35546875 0.5958188153310104 0.359375 0.5958188153310104 0.359375 0.6062717770034843 0.35546875 0.6097560975609756 0.353515625 0.6202090592334495 0.349609375 0.627177700348432 0.349609375 0.6376306620209059 0.34765625 0.6411149825783972 0.34765625 0.6550522648083623 0.349609375 0.6585365853658537 0.3515625 0.6829268292682927 0.349609375 0.686411149825784 0.34765625 0.7142857142857143 0.341796875 0.7212543554006968 0.330078125 0.7177700348432056 0.328125 0.7142857142857143 0.32421875 0.7142857142857143 0.318359375 0.7247386759581882 0.30859375 0.7247386759581882 0.306640625 0.7282229965156795 0.287109375 0.7282229965156795 0.28515625 0.7247386759581882 0.27734375 0.7247386759581882 0.275390625 0.7212543554006968 0.255859375 0.7212543554006968 0.25 0.7317073170731707 0.248046875 0.7456445993031359 0.244140625 0.7526132404181185 0.23046875 0.7560975609756098 0.228515625 0.7526132404181185 0.220703125 0.7526132404181185 0.224609375 0.7456445993031359 0.2265625 0.735191637630662 0.23046875 0.7317073170731707 0.23046875 0.7247386759581882 0.2265625 0.7212543554006968 0.224609375 0.7142857142857143 0.21875 0.710801393728223 0.21484375 0.7003484320557491 0.212890625 0.7003484320557491 0.212890625 0.6933797909407665 0.22265625 0.686411149825784 0.23046875 0.686411149825784 0.232421875 0.6898954703832753 0.259765625 0.6898954703832753 0.271484375 0.6724738675958188 0.271484375 0.6655052264808362 0.2734375 0.6655052264808362 0.28515625 0.6411149825783972 0.2890625 0.6411149825783972 0.294921875 0.6306620209059234 0.302734375 0.627177700348432 0.306640625 0.6202090592334495 0.310546875 0.6202090592334495 0.326171875 0.6062717770034843 0.33203125 0.6062717770034843 0.333984375 0.6027874564459931 0.353515625 0.6027874564459931 0.35546875 0.5993031358885017
0 0.162109375 0.3832752613240418 0.169921875 0.3832752613240418 0.171875 0.3902439024390244 0.177734375 0.3902439024390244 0.1796875 0.3832752613240418 0.19140625 0.3832752613240418 0.193359375 0.3902439024390244 0.197265625 0.3902439024390244 0.197265625 0.4076655052264808 0.140625 0.4076655052264808 0.140625 0.40418118466898956 0.142578125 0.40069686411149824 0.146484375 0.40069686411149824 0.1484375 0.39372822299651566 0.16015625 0.3902439024390244 0.162109375 0.3867595818815331
0 0.384765625 0.5331010452961672 0.392578125 0.5400696864111498 0.3984375 0.5400696864111498 0.3984375 0.5609756097560976 0.392578125 0.5609756097560976 0.390625 0.5644599303135889 0.337890625 0.5644599303135889 0.337890625 0.5609756097560976 0.34375 0.554006968641115 0.3515625 0.554006968641115 0.35546875 0.5400696864111498 0.359375 0.5400696864111498 0.365234375 0.5331010452961672 0.3828125 0.5331010452961672