0 0.669921875 0.3832752613240418 0.669921875 0.445993031358885 0.669921875 0.4425087108013937 0.6640625 0.43205574912891986 0.65625 0.42857142857142855 0.650390625 0.42160278745644597 0.650390625 0.41114982578397213 0.654296875 0.397212543554007 0.658203125 0.3902439024390244 0.66796875 0.3832752613240418
0 0.65234375 0.04878048780487805 0.65234375 0.05574912891986063 0.654296875 0.059233449477351915 0.65234375 0.0627177700348432 0.642578125 0.0627177700348432 0.638671875 0.059233449477351915 0.640625 0.059233449477351915 0.64453125 0.04878048780487805 0.650390625 0.04878048780487805
0 0.4921875 0 0.509765625 0 0.509765625 0.017421602787456445 0.51171875 0.020905923344947737 0.51171875 0.0313588850174216 0.509765625 0.03484320557491289 0.505859375 0.03484320557491289 0.501953125 0.0313588850174216 0.5 0.013937282229965157 0.4921875 0.006968641114982578 0.4921875 0.003484320557491289
0 0.5703125 0.7526132404181185 0.5703125 0.7909407665505227 0.568359375 0.794425087108014 0.564453125 0.794425087108014 0.564453125 0.7735191637630662 0.5703125 0.7665505226480837 0.5703125 0.7560975609756098
0 0.5625 0.6306620209059234 0.564453125 0.6306620209059234 0.564453125 0.6341463414634146 0.5703125 0.6411149825783972 0.583984375 0.6411149825783972 0.5859375 0.6445993031358885 0.583984375 0.6585365853658537 0.5859375 0.662020905923345 0.591796875 0.662020905923345 0.595703125 0.6585365853658537 0.591796875 0.6655052264808362 0.59765625 0.6759581881533101 0.6171875 0.6759581881533101 0.619140625 0.6794425087108014 0.626953125 0.6794425087108014 0.62890625 0.6829268292682927 0.63671875 0.6829268292682927 0.638671875 0.686411149825784 0.6484375 0.686411149825784 0.66796875 0.7003484320557491 0.666015625 0.6968641114982579 0.662109375 0.6968641114982579 0.658203125 0.7038327526132404 0.650390625 0.7038327526132404 0.6484375 0.7073170731707317 0.646484375 0.7142857142857143 0.6484375 0.7177700348432056 0.6484375 0.7247386759581882 0.646484375 0.7282229965156795 0.646484375 0.7421602787456446 0.642578125 0.759581881533101 0.638671875 0.7560975609756098 0.63671875 0.7491289198606271 0.619140625 0.735191637630662 0.609375 0.7177700348432056 0.603515625 0.7142857142857143 0.595703125 0.7003484320557491 0.58984375 0.6968641114982579 0.5859375 0.6898954703832753 0.58203125 0.6933797909407665 0.56640625 0.6898954703832753 0.556640625 0.7003484320557491 0.548828125 0.6968641114982579 0.552734375 0.6933797909407665 0.552734375 0.686411149825784 0.5546875 0.6829268292682927 0.5546875 0.6585365853658537 0.556640625 0.6550522648083623 0.55859375 0.6376306620209059 0.5625 0.6341463414634146
0 0.533203125 0.4076655052264808 0.53515625 0.4076655052264808 0.54296875 0.3867595818815331 0.552734375 0.37282229965156793 0.556640625 0.3693379790940767 0.564453125 0.3693379790940767 0.56640625 0.36585365853658536 0.5703125 0.3693379790940767 0.5703125 0.40418118466898956 0.56640625 0.4076655052264808 0.5625 0.42160278745644597 0.55859375 0.42160278745644597 0.552734375 0.43205574912891986 0.546875 0.43205574912891986 0.54296875 0.4425087108013937 0.537109375 0.445993031358885 0.537109375 0.4355400696864111 0.533203125 0.43205574912891986 0.533203125 0.41114982578397213
0 0.4140625 0 0.431640625 0 0.43359375 0.003484320557491289 0.431640625 0.010452961672473868 0.42578125 0.010452961672473868 0.423828125 0.013937282229965157 0.421875 0.010452961672473868 0.416015625 0.010452961672473868 0.4140625 0.003484320557491289
0 0.57421875 0.39372822299651566 0.580078125 0.3902439024390244 0.5859375 0.3797909407665505 0.60546875 0.3588850174216028 0.61328125 0.34494773519163763 0.626953125 0.34494773519163763 0.62890625 0.34146341463414637 0.638671875 0.34146341463414637 0.640625 0.33797909407665505 0.654296875 0.33797909407665505 0.662109375 0.34494773519163763 0.66015625 0.3623693379790941 0.654296875 0.37282229965156793 0.650390625 0.37630662020905925 0.642578125 0.37630662020905925 0.634765625 0.3832752613240418 0.62890625 0.39372822299651566 0.62890625 0.4355400696864111 0.62109375 0.42857142857142855 0.6171875 0.4146341463414634 0.6171875 0.4076655052264808 0.61328125 0.40069686411149824 0.603515625 0.40418118466898956 0.591796875 0.4146341463414634 0.5859375 0.4250871080139373 0.583984375 0.4250871080139373 0.58203125 0.43205574912891986 0.578125 0.43205574912891986 0.5625 0.45993031358885017 0.548828125 0.5052264808362369 0.541015625 0.519163763066202 0.537109375 0.5156794425087108 0.541015625 0.5121951219512195 0.55078125 0.4843205574912892 0.55859375 0.4355400696864111 0.5625 0.42857142857142855 0.5625 0.42160278745644597 0.57421875 0.40069686411149824 0.57421875 0.397212543554007
0 0.642578125 0.8885017421602788 0.650390625 0.8989547038327527 0.654296875 0.9128919860627178 0.654296875 0.926829268292683 0.646484375 0.926829268292683 0.638671875 0.9198606271777003 0.6328125 0.9198606271777003 0.619140625 0.8989547038327527 0.6171875 0.8989547038327527 0.6171875 0.8954703832752613 0.623046875 0.8885017421602788 0.640625 0.8885017421602788
0 0.365234375 0.12195121951219512 0.373046875 0.12195121951219512 0.375 0.1289198606271777 0.388671875 0.13240418118466898 0.388671875 0.13588850174216027 0.369140625 0.13937282229965156 0.361328125 0.13240418118466898 0.36328125 0.13240418118466898 0.365234375 0.1254355400696864
0 0.6125296912114014 0.8331912569210524 0.021127152612826605 0.043434000678656264
0 0.568359375 0.6306620209059234 0.572265625 0.6376306620209059 0.587890625 0.6376306620209059 0.58984375 0.6411149825783972 0.587890625 0.6550522648083623 0.58984375 0.6585365853658537 0.59375 0.6585365853658537 0.591796875 0.662020905923345 0.595703125 0.6759581881533101 0.59375 0.6829268292682927 0.58984375 0.686411149825784 0.583984375 0.686411149825784 0.58203125 0.6898954703832753 0.578125 0.6898954703832753 0.576171875 0.686411149825784 0.564453125 0.686411149825784 0.556640625 0.6968641114982579 0.552734375 0.6968641114982579 0.556640625 0.6411149825783972 0.560546875 0.6306620209059234 0.56640625 0.6306620209059234
0 0.39453125 0.05574912891986063 0.408203125 0.05574912891986063 0.408203125 0.06620209059233449 0.404296875 0.06968641114982578 0.392578125 0.06968641114982578 0.390625 0.0627177700348432 0.39453125 0.059233449477351915
0 0.423828125 0.08013937282229965 0.427734375 0.07665505226480836 0.4453125 0.07665505226480836 0.447265625 0.08362369337979095 0.4375 0.09407665505226481 0.427734375 0.09407665505226481 0.423828125 0.09059233449477352 0.423828125 0.08362369337979095
0 0.333984375 0.1602787456445993 0.33984375 0.1672473867595819 0.33984375 0.1951219512195122 0.330078125 0.1951219512195122 0.3203125 0.20209059233449478 0.310546875 0.1951219512195122 0.310546875 0.17421602787456447 0.3125 0.17421602787456447 0.3203125 0.156794425087108 0.330078125 0.156794425087108 0.33203125 0.1602787456445993
0 0.611328125 0.07317073170731707 0.615234375 0.07317073170731707 0.6171875 0.06968641114982578 0.630859375 0.06968641114982578 0.634765625 0.08013937282229965 0.62890625 0.08710801393728224 0.6171875 0.08710801393728224 0.611328125 0.08013937282229965 0.611328125 0.07665505226480836
0 0.529296875 0.2508710801393728 0.52734375 0.2857142857142857 0.521484375 0.289198606271777 0.51953125 0.2857142857142857 0.5078125 0.2857142857142857 0.505859375 0.28222996515679444 0.505859375 0.26480836236933797 0.51171875 0.2578397212543554 0.52734375 0.2578397212543554 0.529296875 0.25435540069686413
0 0.498046875 0.20557491289198607 0.5078125 0.21254355400696864 0.515625 0.21254355400696864 0.517578125 0.21602787456445993 0.515625 0.21951219512195122 0.515625 0.22996515679442509 0.5078125 0.23344947735191637 0.505859375 0.22996515679442509 0.498046875 0.22996515679442509 0.498046875 0.20905923344947736