0 0.576241150390625 0.8715744808362369 0.58185247265625 0.8736156411149826 0.58559335546875 0.8705539024390244 0.586216837890625 0.8532040592334494 0.580605513671875 0.8297307421602788 0.576864630859375 0.8276895853658537 0.576241150390625 0.8266690069686411 0.568135904296875 0.8317718989547038 0.56377154296875 0.8307513205574912 0.56252458203125 0.842998268292683 0.571876787109375 0.8491217456445993 0.576241150390625 0.8715744808362369
0 0.102058076171875 0.18880711846689896 0.103317130859375 0.16023090592334494 0.099539966796875 0.16023090592334494 0.09513327734375 0.16941611846689894 0.10142855078125 0.21636275261324042 0.103946658203125 0.21942448780487805 0.102058076171875 0.22146564808362368 0.10142855078125 0.23167143902439027 0.103317130859375 0.23983606968641116 0.112130513671875 0.24595954355400698 0.116537203125 0.24187722648083623 0.11401909375 0.23881549128919863 0.116537203125 0.23473317421602788 0.1127600390625 0.23167143902439027 0.116537203125 0.22554796167247387 0.1102419296875 0.22248622648083624 0.106464767578125 0.21636275261324042 0.109612404296875 0.21228043554006967 0.102058076171875 0.18880711846689896
0 0.75402540625 0.5664213554006968 0.746741892578125 0.5633596202090593 0.74370709375 0.5633596202090593 0.72731918359375 0.5674419337979094 0.726712224609375 0.5756065679442509 0.731567900390625 0.5837711986062718 0.74249317578125 0.5909152508710802 0.76009500390625 0.5919358327526132 0.760701962890625 0.5756065679442509 0.75402540625 0.5664213554006968
0 0.633462796875 0.6746027317073171 0.6358813359375 0.6786850487804879 0.63527669921875 0.6827673623693379 0.64918329296875 0.691952574912892 0.66308988671875 0.6929731533101046 0.668531595703125 0.6899114181184669 0.669740865234375 0.6827673623693379 0.6649037890625 0.6705204146341464 0.657043541015625 0.6623557839721255 0.6449508515625 0.6592940452961672 0.644346216796875 0.6592940452961672 0.6389045078125 0.6613352055749129 0.634672064453125 0.6674586794425087 0.633462796875 0.6746027317073171
0 0.950993224609375 0.588874094076655 0.96164093359375 0.58683293728223 0.966651619140625 0.5827506202090592 0.96164093359375 0.5674419337979094 0.96226726953125 0.5388657212543554 0.95850925390625 0.5133512473867595 0.95788291796875 0.512330668989547 0.95537757421875 0.5307010905923345 0.950366888671875 0.5378451428571429 0.944103529296875 0.558256724738676 0.944103529296875 0.5766271463414635 0.950993224609375 0.588874094076655
0 0.342509744140625 0.6103062543554006 0.33273142578125 0.5756065679442509 0.324786541015625 0.5674419337979094 0.317452802734375 0.5654007770034843 0.316230513671875 0.5633596202090593 0.3119525 0.5725448292682928 0.32050852734375 0.6062239372822299 0.324175396484375 0.6123474111498258 0.33517600390625 0.6184708850174216 0.341287453125 0.615409149825784 0.342509744140625 0.6103062543554006
0 0.68665975390625 0.729714 0.692271078125 0.7286934181184669 0.6985058828125 0.7144053135888502 0.69788240234375 0.7082818397212544 0.70162328515625 0.6980760487804878 0.703493724609375 0.6837879442508711 0.702870244140625 0.6746027317073171 0.6985058828125 0.6684792578397212 0.696635439453125 0.6684792578397212 0.6885301953125 0.6746027317073171 0.67980146875 0.6980760487804878 0.67980146875 0.7133847351916377 0.68665975390625 0.729714
0 0.36710928515625 0.7470638432055748 0.3634376328125 0.7348168954703833 0.35854209765625 0.7348168954703833 0.35242267578125 0.7440021045296167 0.34813908203125 0.7705371602787456 0.337124123046875 0.797072212543554 0.339571892578125 0.8021751080139373 0.3591540390625 0.7940104773519164 0.36710928515625 0.7766606341463415 0.36710928515625 0.7470638432055748
0 0.77467533984375 0.6990966271777004 0.78011224609375 0.7052201010452962 0.79400656640625 0.711343574912892 0.80065167578125 0.7072612613240418 0.8024639765625 0.7021583658536585 0.801859876953125 0.693993731707317 0.798235271484375 0.6827673623693379 0.789777859375 0.671540993031359 0.778299943359375 0.6643969407665504 0.771050734375 0.663376362369338 0.76984253125 0.663376362369338 0.765613826171875 0.6705204146341464 0.765613826171875 0.6827673623693379 0.77467533984375 0.6990966271777004
0 0.82704080859375 0.5654007770034843 0.8276356015625 0.5592773031358885 0.821092876953125 0.5470303554006969 0.804438669921875 0.539886299651568 0.79968032421875 0.539886299651568 0.777672978515625 0.5470303554006969 0.776483392578125 0.5521332508710801 0.781241736328125 0.5623390383275261 0.79849073828125 0.57152425087108 0.820498083984375 0.5725448292682928 0.82704080859375 0.5654007770034843
0 0.427151541015625 0.6888908362369338 0.427750017578125 0.6756233101045296 0.423560685546875 0.6603146236933798 0.41218964453125 0.6490882578397212 0.39603079296875 0.6419442020905923 0.38884908203125 0.6317384111498258 0.388250603515625 0.6317384111498258 0.383462796875 0.643985362369338 0.393636888671875 0.663376362369338 0.393038412109375 0.6674586794425087 0.415182021484375 0.6899114181184669 0.427151541015625 0.6888908362369338
0 0.394025109375 0.4684457700348432 0.4055236484375 0.4908985087108014 0.416417 0.5000837177700348 0.422468861328125 0.4990631393728223 0.42488960546875 0.4868161916376307 0.416417 0.4602811358885017 0.40673401953125 0.4408901358885018 0.397051041015625 0.4337460836236934 0.394630294921875 0.4337460836236934 0.389788806640625 0.436807818815331 0.38918362109375 0.44191071428571427 0.389788806640625 0.45313708362369337 0.394025109375 0.4684457700348432
0 0.685942044921875 1 0.685753099609375 0.9960851219512196 0.683979865234375 0.988941069686411 0.67866016796875 0.988941069686411 0.680433400390625 0.9868999128919861 0.679842322265625 0.9838381742160279 0.678069087890625 0.9879204912891987 0.673931544921875 0.988941069686411 0.675704779296875 0.9930233867595818 0.672749388671875 0.9960851219512196 0.666838611328125 0.995064543554007 0.66447430078125 0.9981262822299651 0.662701068359375 0.9940439651567944 0.65560813671875 0.9960851219512196 0.65324382421875 0.9930233867595818 0.66388322265625 0.9777147003484321 0.66861184375 0.9817970174216027 0.668020767578125 0.9736323832752614 0.665065376953125 0.9777147003484321 0.662701068359375 0.9756735435540069 0.662109990234375 0.9726118048780488 0.66447430078125 0.968529487804878 0.660927833984375 0.9644471742160279 0.6585635234375 0.9644471742160279 0.64260442578125 0.9705706480836238 0.639649037109375 0.9736323832752614 0.642013345703125 0.9777147003484321 0.637875802734375 0.9807764390243903 0.638466880859375 0.9858793310104529 0.632556103515625 0.9838381742160279 0.629009638671875 0.988941069686411 0.62516670703125 1 0.63369170703125 1 0.639057958984375 0.988941069686411 0.64674196875 0.9899616480836236 0.648515201171875 0.9960851219512196 0.655884046875 1 0.685942044921875 1
0 0.470775380859375 0.5194747212543555 0.464171107421875 0.5153924041811847 0.460969234375 0.5153924041811847 0.44615944921875 0.5194747212543555 0.438954787109375 0.5296805121951219 0.442557119140625 0.5358039860627177 0.45996838671875 0.549071512195122 0.445559060546875 0.5633596202090593 0.4431575078125 0.5745859860627178 0.444958673828125 0.5807094634146341 0.45096255859375 0.579688881533101 0.44856100390625 0.5766271463414635 0.449161392578125 0.5735654076655052 0.462369939453125 0.5786683031358885 0.47317693359375 0.560297881533101 0.47137576953125 0.5562155644599304 0.48038159765625 0.5449891951219512 0.477379654296875 0.5307010905923345 0.470775380859375 0.5194747212543555
0 0.36122575390625 0.23065085714285716 0.371968251953125 0.23269201742160275 0.39345325 0.21125985714285714 0.395840470703125 0.2010540662020906 0.401211720703125 0.19288943554006968 0.406582970703125 0.17656017073170732 0.405389359375 0.17145727526132404 0.39643727734375 0.16839553658536585 0.39106602734375 0.16839553658536585 0.380920333984375 0.17349843205574914 0.37316186328125 0.1877865400696864 0.3594353359375 0.22554796167247387 0.36122575390625 0.23065085714285716
0 0.524920509765625 0.4031287142857143 0.5225577734375 0.40619044947735194 0.510744103515625 0.4051698710801394 0.5072 0.4184373972125435 0.501883849609375 0.4225197142857143 0.511925470703125 0.42456087108013935 0.523739140625 0.43578724041811845 0.537915546875 0.4429312926829268 0.556226736328125 0.44191071428571427 0.563314939453125 0.43782840069686413 0.563905625 0.4306843449477352 0.55918015625 0.41639624041811846 0.547366484375 0.4051698710801394 0.53496212890625 0.4021081324041812 0.533190078125 0.4021081324041812 0.524920509765625 0.4031287142857143
0 0.84600033984375 0.37047018466898957 0.838888640625 0.37251134146341464 0.82703580859375 0.3816965540069686 0.815182978515625 0.4031287142857143 0.815182978515625 0.408231606271777 0.804515427734375 0.41435508013937283 0.8092565625 0.4255814494773519 0.808663919921875 0.4306843449477352 0.811627126953125 0.43272550522648084 0.815775619140625 0.4286431881533101 0.831184298828125 0.426602031358885 0.85133411328125 0.408231606271777 0.859631095703125 0.3939435017421603 0.86081637890625 0.38067597560975613 0.85548260546875 0.37251134146341464 0.849556189453125 0.37047018466898957 0.84600033984375 0.37047018466898957
0 0.30117531640625 0.1959511707317073 0.30650527734375 0.20819811846689895 0.3248640234375 0.23269201742160275 0.333155072265625 0.23779491289198607 0.339077248046875 0.23065085714285716 0.339077248046875 0.21636275261324042 0.33256285546875 0.19391001393728224 0.3248640234375 0.17758074912891986 0.313611888671875 0.16533380139372822 0.294660921875 0.16227206271777003 0.291699833984375 0.16227206271777003 0.291107615234375 0.1816630662020906 0.2816321328125 0.19697174912891988 0.30117531640625 0.1959511707317073
0 0.583317962890625 0.5980593066202091 0.575647951171875 0.6133679895470383 0.56974794140625 0.6327589930313589 0.557947921875 0.643985362369338 0.563257931640625 0.6480676759581881 0.5679779375 0.6654175191637631 0.577417953125 0.6490882578397212 0.597477986328125 0.6378618885017422 0.615178015625 0.6103062543554006 0.62225802734375 0.5919358327526132 0.619308021484375 0.5837711986062718 0.615768017578125 0.5817300418118467 0.612424482421875 0.5817300418118467 0.598657990234375 0.5837711986062718 0.583317962890625 0.5980593066202091
0 0.039730744140625 0.7348168954703833 0.03620879296875 0.7399197874564459 0.037969767578125 0.7511461567944251 0.03679578515625 0.7593107909407666 0.0385567578125 0.7633931080139372 0.053818544921875 0.7644136864111498 0.062623419921875 0.7746194738675958 0.079059189453125 0.7817635296167247 0.107234791015625 0.7838046864111498 0.113104708984375 0.7787017909407665 0.108995767578125 0.7613519477351915 0.103712841796875 0.7521667386759582 0.09608194921875 0.7460432613240419 0.077298212890625 0.7399197874564459 0.053231552734375 0.7429815261324042 0.042078708984375 0.7348168954703833 0.039730744140625 0.7348168954703833
0 0.145538123046875 0.4255814494773519 0.130610064453125 0.40108755400696866 0.13001294140625 0.40006697560975607 0.124041716796875 0.4072110278745644 0.119264736328125 0.4225197142857143 0.116279123046875 0.45313708362369337 0.108516533203125 0.465384031358885 0.1031424296875 0.4684457700348432 0.106725166015625 0.47048692682926835 0.109113654296875 0.47865156097560974 0.110307900390625 0.5072277735191638 0.130610064453125 0.49191908710801396 0.134192798828125 0.4796721393728223 0.137775533203125 0.474569243902439 0.1437467578125 0.4755898222996516 0.1431496328125 0.4684457700348432 0.14971798046875 0.45415766202090585 0.14971798046875 0.4449724529616725 0.145538123046875 0.4255814494773519
0 0.15372255859375 0.6970554703832753 0.15372255859375 0.6817467839721254 0.1442744296875 0.6501088362369337 0.151360525390625 0.6368413066202091 0.15372255859375 0.6184708850174216 0.149589 0.6123474111498258 0.141912396484375 0.6103062543554006 0.140140873046875 0.6103062543554006 0.1330547734375 0.6113268327526132 0.12242562890625 0.6184708850174216 0.108253435546875 0.6460265191637631 0.091128701171875 0.6521499930313589 0.0993958125 0.6552117317073172 0.103529369140625 0.6603146236933798 0.10530089453125 0.6643969407665504 0.102938861328125 0.671540993031359 0.11061546875 0.6694998362369339 0.114158517578125 0.6654175191637631 0.130102236328125 0.6654175191637631 0.13718833203125 0.6786850487804879 0.13718833203125 0.6827673623693379 0.148407984375 0.701137787456446 0.150770017578125 0.701137787456446 0.15372255859375 0.6970554703832753
0 0.81733101953125 0.8001339512195121 0.81435571875 0.8001339512195121 0.811380416015625 0.8042162682926829 0.811380416015625 0.8123808989547039 0.818521142578125 0.8389159547038327 0.817926080078125 0.852183480836237 0.823281623046875 0.8623892717770034 0.823281623046875 0.8664715888501742 0.832207529296875 0.8736156411149826 0.845893916015625 0.8746362195121951 0.855414880859375 0.8797391149825784 0.8589852421875 0.8766773763066201 0.861960544921875 0.8705539024390244 0.860770423828125 0.8562657979094077 0.85124945703125 0.8276895853658537 0.843513673828125 0.8123808989547039 0.83161246875 0.8011545296167247 0.81733101953125 0.8001339512195121
0 0.742452375 0.11634600696864111 0.745404916015625 0.10409905923344948 0.756034060546875 0.08981095470383275 0.757805583984375 0.0796051637630662 0.76666320703125 0.06123474216027874 0.76725371484375 0.05102895121951219 0.7772923515625 0.03265852961672474 0.7761113359375 0.02245273867595819 0.77079676171875 0.02245273867595819 0.755443552734375 0.03572026480836237 0.751900505859375 0.041843738675958184 0.737137802734375 0.04388489895470383 0.7270991640625 0.055111268292682924 0.725327640625 0.06225532055749129 0.71647001953125 0.07756400696864112 0.714698494140625 0.08572863763066202 0.71587951171875 0.10920195470383275 0.720603576171875 0.11226369337979093 0.718832052734375 0.11532542857142858 0.720013068359375 0.12451064111498258 0.723556115234375 0.12349006271777004 0.7270991640625 0.11328427177700348 0.731823228515625 0.10920195470383275 0.735956787109375 0.11532542857142858 0.742452375 0.11634600696864111
0 0.5014139453125 0.08266689895470383 0.5055363828125 0.06735821602787456 0.5061253046875 0.03367910801393728 0.5014139453125 0.02245273867595819 0.497291509765625 0.019391 0.494935830078125 0.019391 0.4890466328125 0.0204115818815331 0.479623919921875 0.03265852961672474 0.474912560546875 0.04694663414634147 0.469023365234375 0.08164632055749128 0.464900927734375 0.08981095470383275 0.456067130859375 0.09389326829268294 0.441933060546875 0.09491385017421602 0.437810623046875 0.10103732404181184 0.45488929296875 0.10511963763066202 0.460778490234375 0.11226369337979093 0.45901173046875 0.12144890243902438 0.46136741015625 0.12655179790940765 0.46961228515625 0.11838716724738677 0.484335275390625 0.11328427177700348 0.490813392578125 0.09695500696864112 0.5014139453125 0.08266689895470383
0 0.101373076171875 0.8991301149825784 0.124209611328125 0.8981095365853657 0.1370917578125 0.8817802717770036 0.138848416015625 0.8736156411149826 0.1370917578125 0.8715744808362369 0.135335103515625 0.8511629024390244 0.1300651328125 0.8532040592334494 0.117182984375 0.8389159547038327 0.111327462890625 0.8358542160278746 0.093760896484375 0.8338130592334495 0.08966203125 0.8338130592334495 0.072681017578125 0.8358542160278746 0.07560877734375 0.8389159547038327 0.069753255859375 0.8470805853658537 0.0562855546875 0.8481011637630662 0.053943345703125 0.854224637630662 0.06448328515625 0.8603481114982579 0.065654390625 0.8644304285714286 0.062141078125 0.8664715888501742 0.063897732421875 0.8705539024390244 0.071509912109375 0.8746362195121951 0.073266568359375 0.8776979581881533 0.071509912109375 0.8817802717770036 0.076194330078125 0.8838214320557491 0.0767798828125 0.8889243240418119 0.0873198203125 0.8960683797909408 0.101373076171875 0.8991301149825784
0 0.27568152734375 0.8174837944250871 0.2727204375 0.8205455331010453 0.276273744140625 0.8236072682926829 0.276273744140625 0.8276895853658537 0.282195921875 0.8378953763066203 0.283380357421875 0.844018850174216 0.2863414453125 0.8450394285714286 0.294632494140625 0.8378953763066203 0.3082535 0.8215661114982579 0.311214587890625 0.8134014773519164 0.311806806640625 0.7929898989547038 0.308845716796875 0.7909487386759582 0.307661283203125 0.7858458432055749 0.317728984375 0.7521667386759582 0.32305894140625 0.7195082090592334 0.31062237109375 0.6970554703832753 0.309437935546875 0.6970554703832753 0.307661283203125 0.6980760487804878 0.30706906640625 0.7082818397212544 0.301146888671875 0.7184876306620209 0.292263623046875 0.7286934181184669 0.27508930859375 0.7572696306620209 0.267982697265625 0.7593107909407666 0.265613826171875 0.769516581881533 0.26620604296875 0.777681212543554 0.269759349609375 0.7838046864111498 0.269759349609375 0.7909487386759582 0.27153600390625 0.7940104773519164 0.2691671328125 0.7980927944250871 0.272128220703125 0.8011545296167247 0.2691671328125 0.8062574250871081 0.27508930859375 0.8082985818815331 0.27568152734375 0.8174837944250871
0 0.27744590625 0.6327589930313589 0.286375916015625 0.6276560975609756 0.28816191796875 0.6133679895470383 0.286375916015625 0.5909152508710802 0.28101791015625 0.5858123554006969 0.2667298984375 0.560297881533101 0.264943896484375 0.549071512195122 0.260181224609375 0.539886299651568 0.25899055859375 0.5184541428571429 0.26077655859375 0.5102895087108014 0.27208790234375 0.4990631393728223 0.270897234375 0.49191908710801396 0.263753228515625 0.4878367700348432 0.2619672265625 0.4878367700348432 0.247679212890625 0.4888573484320558 0.242321208984375 0.4980425609756098 0.238153873046875 0.5143718257839721 0.239939873046875 0.5245776167247387 0.239344541015625 0.5449891951219512 0.24113054296875 0.5480509337979094 0.24053520703125 0.5613184599303136 0.242321208984375 0.5643801986062718 0.246488546875 0.5970387247386759 0.25899055859375 0.6256149372822299 0.25899055859375 0.6603146236933798 0.263753228515625 0.6705204146341464 0.2714925703125 0.671540993031359 0.276255240234375 0.6582734668989547 0.27565990625 0.6368413066202091 0.27744590625 0.6327589930313589
0 0.610836849609375 1 0.61710928515625 0.9960851219512196 0.61710928515625 0.9807764390243903 0.610101384765625 0.9634265923344947 0.614189326171875 0.9583237003484321 0.598421552734375 0.9552619616724739 0.59783755859375 0.9511796445993032 0.580317810546875 0.9419944355400697 0.565134025390625 0.9409738571428572 0.56396604296875 0.9409738571428572 0.5487822578125 0.9430150139372823 0.54644629296875 0.9481179094076656 0.533014484375 0.9532208048780487 0.524838599609375 0.968529487804878 0.524838599609375 0.9736323832752614 0.521334650390625 0.9807764390243903 0.5236706171875 0.9848587526132405 0.521918642578125 0.9920028048780488 0.538854400390625 0.9899616480836236 0.54703028515625 0.9981262822299651 0.550859470703125 1 0.610836849609375 1
0 0 0.3862981707317073 0.008347521484375 0.388840606271777 0.01883711328125 0.39802581881533106 0.02932670703125 0.39904639721254354 0.04156456640625 0.3908817630662021 0.0456438515625 0.38373771080139374 0.0526369140625 0.38067597560975613 0.07303334765625 0.3919023449477352 0.082357431640625 0.3919023449477352 0.105667638671875 0.3765936585365854 0.105667638671875 0.3684290243902439 0.0963435546875 0.3551614982578397 0.088767736328125 0.34801744599303136 0.0753643671875 0.3429145505226481 0.07303334765625 0.3214823902439024 0.062543751953125 0.3163794947735192 0.05729895703125 0.3163794947735192 0.04156456640625 0.322502968641115 0.03049221875 0.3367910766550523 0.022916400390625 0.3572026550522648 0.019419869140625 0.37455250174216026 0 0.3826501219512195 0 0.3862981707317073
0 0.44920893359375 0.2531035958188153 0.460866396484375 0.2582064912891986 0.46902662109375 0.2582064912891986 0.494090166015625 0.24595954355400698 0.514490724609375 0.22656854355400696 0.52265094921875 0.20819811846689895 0.5261481875 0.18880711846689896 0.512159232421875 0.16533380139372822 0.50516475390625 0.16839553658536585 0.49817027734375 0.16533380139372822 0.49525591015625 0.16533380139372822 0.477769716796875 0.16941611846689894 0.468443748046875 0.17758074912891986 0.453871919921875 0.19799233101045297 0.442797330078125 0.20717754006968642 0.441631583984375 0.21942448780487805 0.43871721875 0.2245273832752613 0.42064815234375 0.22350680487804875 0.421231025390625 0.22758912195121953 0.42764262890625 0.23371259581881532 0.431722740234375 0.24289780487804877 0.431722740234375 0.2520830174216028 0.425894009765625 0.26841228222996516 0.425894009765625 0.27351517770034844 0.429391248046875 0.27351517770034844 0.439882962890625 0.2592270696864111 0.44920893359375 0.2531035958188153
0 0.444982544921875 1 0.449227388671875 0.9930233867595818 0.457959640625 0.949138487804878 0.46261683984375 0.9430150139372823 0.462034689453125 0.9389326968641115 0.464363291015625 0.9338298013937283 0.46261683984375 0.9226034320557492 0.464363291015625 0.9144388013937282 0.459123939453125 0.894027219512195 0.454466740234375 0.8858625888501742 0.450973837890625 0.8460600069686411 0.44282373828125 0.8144220557491288 0.43991298828125 0.8093191637630662 0.440495138671875 0.8052368466898954 0.431762888671875 0.7858458432055749 0.427687837890625 0.7705371602787456 0.41662698828125 0.7511461567944251 0.4125519375 0.7501255783972126 0.411969787109375 0.749105 0.41138763671875 0.7552284738675958 0.41662698828125 0.7817635296167247 0.420702037109375 0.7899281602787457 0.416044837890625 0.7909487386759582 0.413716236328125 0.7950310557491289 0.39974463671875 0.797072212543554 0.3927588359375 0.8042162682926829 0.3892659375 0.8134014773519164 0.37704078515625 0.8287101637630663 0.374712185546875 0.842998268292683 0.367726384765625 0.8603481114982579 0.35142618359375 0.8746362195121951 0.364233484375 0.8848420104529616 0.367726384765625 0.9042330104529618 0.370054984375 0.9062741672473867 0.376458634765625 0.8858625888501742 0.382280134765625 0.8756567979094076 0.396251736328125 0.8695333240418118 0.4014910859375 0.8613686933797909 0.40847688671875 0.8583069547038327 0.4212841875 0.842998268292683 0.4212841875 0.8378953763066203 0.430598587890625 0.8389159547038327 0.425941388671875 0.842998268292683 0.427687837890625 0.8552452195121951 0.423030638671875 0.8858625888501742 0.424777087890625 0.8930066411149826 0.41953773828125 0.900150693379791 0.4212841875 0.9062741672473867 0.42535923828125 0.9083153275261325 0.4212841875 0.9103564843205575 0.41953773828125 0.9164799581881532 0.420702037109375 0.9277063275261324 0.417791287109375 0.9317886445993031 0.418955587890625 0.9409738571428572 0.417791287109375 0.9552619616724739 0.416044837890625 0.9583237003484321 0.417791287109375 0.9695500696864112 0.4154626875 0.9777147003484321 0.41953773828125 0.9817970174216027 0.418955587890625 0.9858793310104529 0.4212841875 0.988941069686411 0.418955587890625 0.9930233867595818 0.420486181640625 1 0.444982544921875 1
0 0.605430759765625 0.8817802717770036 0.611096505859375 0.8828008501742161 0.613614615234375 0.8817802717770036 0.614244142578125 0.8776979581881533 0.61865083203125 0.8787185365853658 0.623057521484375 0.8746362195121951 0.626834685546875 0.863409850174216 0.623057521484375 0.8583069547038327 0.62116894140625 0.8583069547038327 0.60983744921875 0.8664715888501742 0.606060287109375 0.8746362195121951 0.607319341796875 0.8776979581881533 0.605430759765625 0.8817802717770036