0 0.71875 0.7083333333333334 0.734375 0.7083333333333334 0.734375 0.71875 0.732421875 0.7222222222222222 0.71875 0.7326388888888888 0.71484375 0.7291666666666666 0.71484375 0.7222222222222222 0.71875 0.7118055555555556
0 0.615234375 0.7569444444444444 0.6171875 0.7604166666666666 0.62890625 0.7638888888888888 0.630859375 0.7708333333333334 0.630859375 0.7847222222222222 0.62890625 0.7881944444444444 0.609375 0.7881944444444444 0.59765625 0.7743055555555556 0.59375 0.7743055555555556 0.59375 0.7638888888888888 0.599609375 0.7569444444444444 0.61328125 0.7569444444444444
0 0.529296875 0.4895833333333333 0.544921875 0.5034722222222222 0.544921875 0.5069444444444444 0.55078125 0.5138888888888888 0.548828125 0.5243055555555556 0.5390625 0.5243055555555556 0.529296875 0.5104166666666666 0.525390625 0.5104166666666666 0.517578125 0.5034722222222222 0.515625 0.4965277777777778 0.517578125 0.4930555555555556 0.521484375 0.4895833333333333 0.52734375 0.4895833333333333
0 0.1171875 0.375 0.119140625 0.375 0.107421875 0.4027777777777778 0.107421875 0.4097222222222222 0.109375 0.4131944444444444 0.115234375 0.4131944444444444 0.1171875 0.4166666666666667 0.10546875 0.4166666666666667 0.1015625 0.4201388888888889 0.099609375 0.4236111111111111 0.099609375 0.4375 0.09765625 0.4409722222222222 0.09375 0.4409722222222222 0.064453125 0.46875 0.029296875 0.46875 0.025390625 0.4652777777777778 0.025390625 0.4583333333333333 0.03125 0.4479166666666667 0.03125 0.4444444444444444 0.033203125 0.4444444444444444 0.046875 0.4166666666666667 0.052734375 0.4131944444444444 0.056640625 0.4027777777777778 0.080078125 0.4027777777777778 0.08203125 0.3993055555555556 0.095703125 0.3993055555555556 0.103515625 0.3888888888888889 0.107421875 0.3888888888888889 0.109375 0.3819444444444444 0.115234375 0.375
0 0.2265625 0.020833333333333332 0.23046875 0.020833333333333332 0.232421875 0.017361111111111112 0.25390625 0.020833333333333332 0.259765625 0.027777777777777776 0.263671875 0.03819444444444445 0.263671875 0.05555555555555555 0.2578125 0.0625 0.251953125 0.0625 0.248046875 0.05555555555555555 0.236328125 0.04861111111111111 0.232421875 0.03819444444444445 0.228515625 0.03819444444444445 0.2265625 0.034722222222222224 0.2265625 0.024305555555555556
0 0.654296875 0.4930555555555556 0.6640625 0.5 0.671875 0.5173611111111112 0.671875 0.5520833333333334 0.669921875 0.5590277777777778 0.6640625 0.5555555555555556 0.66015625 0.5416666666666666 0.65625 0.5381944444444444 0.65625 0.5347222222222222 0.650390625 0.5243055555555556 0.6484375 0.5 0.65234375 0.4965277777777778
0 0.8445312500000001 0.7027777777777778 0.010937500000000001 0.027777777777777776
0 0.755859375 0.15625 0.76171875 0.16666666666666666 0.76171875 0.17708333333333334 0.7578125 0.1840277777777778 0.75 0.1840277777777778 0.748046875 0.18055555555555555 0.734375 0.17708333333333334 0.734375 0.16666666666666666 0.73828125 0.1597222222222222 0.7421875 0.1597222222222222 0.744140625 0.15625 0.75390625 0.15625
0 0.40625 0.2326388888888889 0.412109375 0.2361111111111111 0.41796875 0.2465277777777778 0.41796875 0.2569444444444444 0.416015625 0.2604166666666667 0.40625 0.2604166666666667 0.40625 0.2361111111111111
0 0.59765625 0.6701388888888888 0.603515625 0.6840277777777778 0.60546875 0.6979166666666666 0.595703125 0.7118055555555556 0.587890625 0.7118055555555556 0.580078125 0.7048611111111112 0.578125 0.6979166666666666 0.578125 0.6944444444444444 0.58984375 0.6736111111111112 0.595703125 0.6701388888888888
0 0.765625 0.3715277777777778 0.767578125 0.3784722222222222 0.759765625 0.3993055555555556 0.74609375 0.3993055555555556 0.744140625 0.3958333333333333 0.744140625 0.3854166666666667 0.748046875 0.375 0.751953125 0.3715277777777778 0.7578125 0.3715277777777778 0.759765625 0.3680555555555556 0.763671875 0.3715277777777778