0 0.6796875 0.5470383275261324 0.68359375 0.5470383275261324 0.68359375 0.6062717770034843 0.6796875 0.6062717770034843 0.6796875 0.5505226480836237
0 0.478515625 0.6411149825783972 0.4921875 0.6411149825783972 0.4921875 0.6550522648083623 0.49609375 0.6585365853658537 0.49609375 0.6724738675958188 0.486328125 0.6724738675958188 0.478515625 0.6655052264808362 0.478515625 0.6445993031358885
0 0.6171875 0.7003484320557491 0.619140625 0.7003484320557491 0.62109375 0.7073170731707317 0.63671875 0.7073170731707317 0.638671875 0.7003484320557491 0.646484375 0.7003484320557491 0.646484375 0.7073170731707317 0.642578125 0.710801393728223 0.642578125 0.7177700348432056 0.646484375 0.7212543554006968 0.646484375 0.7735191637630662 0.634765625 0.7735191637630662 0.634765625 0.7665505226480837 0.630859375 0.7630662020905923 0.630859375 0.7560975609756098 0.625 0.7491289198606271 0.630859375 0.7421602787456446 0.630859375 0.7282229965156795 0.634765625 0.7247386759581882 0.634765625 0.7177700348432056 0.626953125 0.7073170731707317 0.62109375 0.7073170731707317 0.6171875 0.7038327526132404
0 0.513671875 0.3867595818815331 0.52734375 0.3867595818815331 0.52734375 0.4181184668989547 0.5234375 0.4181184668989547 0.521484375 0.41114982578397213 0.513671875 0.41114982578397213 0.513671875 0.3902439024390244
0 0.486328125 0.024390243902439025 0.4921875 0.024390243902439025 0.4921875 0.041811846689895474 0.486328125 0.041811846689895474 0.482421875 0.04878048780487805 0.47265625 0.04878048780487805 0.470703125 0.05226480836236934 0.466796875 0.04878048780487805 0.470703125 0.04529616724738676 0.470703125 0.03832752613240418 0.474609375 0.03832752613240418 0.486328125 0.027874564459930314
0 0.62109375 0.25435540069686413 0.625 0.25435540069686413 0.626953125 0.2613240418118467 0.638671875 0.26480836236933797 0.642578125 0.27526132404181186 0.646484375 0.2787456445993031 0.65234375 0.2926829268292683 0.654296875 0.2926829268292683 0.654296875 0.29965156794425085 0.65625 0.30313588850174217 0.654296875 0.37282229965156793 0.658203125 0.3832752613240418 0.658203125 0.397212543554007 0.650390625 0.3902439024390244 0.64453125 0.3902439024390244 0.640625 0.397212543554007 0.63671875 0.397212543554007 0.63671875 0.3902439024390244 0.638671875 0.3902439024390244 0.64453125 0.37630662020905925 0.64453125 0.36585365853658536 0.6328125 0.34843205574912894 0.6328125 0.34146341463414637 0.62890625 0.33797909407665505 0.626953125 0.3240418118466899 0.6171875 0.3170731707317073 0.6171875 0.31010452961672474 0.619140625 0.30662020905923343 0.619140625 0.2926829268292683 0.6171875 0.289198606271777 0.6171875 0.2613240418118467 0.62109375 0.2578397212543554
0 0.478515625 0.3240418118466899 0.4921875 0.3240418118466899 0.4921875 0.33797909407665505 0.48828125 0.33797909407665505 0.486328125 0.3310104529616725 0.478515625 0.3310104529616725 0.478515625 0.32752613240418116
0 0.501953125 0.31010452961672474 0.505859375 0.31010452961672474 0.505859375 0.32752613240418116 0.50390625 0.3310104529616725 0.501953125 0.3310104529616725 0.501953125 0.313588850174216
0 0.654296875 0.5017421602787456 0.654296875 0.5609756097560976 0.646484375 0.5609756097560976 0.64453125 0.5644599303135889 0.6328125 0.5609756097560976 0.6328125 0.5226480836236934 0.63671875 0.5226480836236934 0.638671875 0.5156794425087108 0.642578125 0.5121951219512195 0.642578125 0.5052264808362369 0.646484375 0.5017421602787456 0.65234375 0.5017421602787456
0 0.513671875 0.24390243902439024 0.521484375 0.24390243902439024 0.5234375 0.2508710801393728 0.52734375 0.2508710801393728 0.52734375 0.28222996515679444 0.513671875 0.28222996515679444 0.513671875 0.24738675958188153
0 0.5390625 0.059233449477351915 0.541015625 0.06620209059233449 0.552734375 0.06620209059233449 0.5546875 0.06968641114982578 0.55859375 0.06620209059233449 0.548828125 0.07317073170731707 0.552734375 0.07665505226480836 0.552734375 0.09059233449477352 0.55078125 0.09059233449477352 0.544921875 0.10452961672473868 0.533203125 0.11846689895470383 0.525390625 0.11846689895470383 0.5234375 0.12195121951219512 0.521484375 0.11846689895470383 0.515625 0.11846689895470383 0.515625 0.09407665505226481 0.513671875 0.09059233449477352 0.513671875 0.08362369337979095 0.509765625 0.08013937282229965 0.521484375 0.08013937282229965 0.5390625 0.0627177700348432
0 0.662109375 0.9512195121951219 0.673828125 0.9512195121951219 0.673828125 0.975609756097561 0.662109375 0.975609756097561 0.662109375 0.9547038327526133
0 0.47265625 0.2787456445993031 0.486328125 0.2787456445993031 0.486328125 0.31010452961672474 0.482421875 0.313588850174216 0.482421875 0.30662020905923343 0.48046875 0.30313588850174217 0.47265625 0.30313588850174217 0.47265625 0.28222996515679444
0 0.505859375 0.32752613240418116 0.505859375 0.3519163763066202 0.50390625 0.3554006968641115 0.501953125 0.3554006968641115 0.501953125 0.3344947735191638 0.5 0.3310104529616725 0.4921875 0.3310104529616725 0.5 0.3310104529616725 0.50390625 0.32752613240418116
0 0.501953125 0.2613240418118467 0.505859375 0.2613240418118467 0.505859375 0.27526132404181186 0.501953125 0.27526132404181186 0.501953125 0.26480836236933797
0 0.595703125 0.6724738675958188 0.599609375 0.6724738675958188 0.599609375 0.686411149825784 0.5859375 0.686411149825784 0.59375 0.686411149825784 0.595703125 0.6829268292682927 0.595703125 0.6759581881533101
0 0.650390625 0.47735191637630664 0.666015625 0.47735191637630664 0.666015625 0.5505226480836237 0.66015625 0.5505226480836237 0.658203125 0.554006968641115 0.650390625 0.5505226480836237 0.650390625 0.5261324041811847 0.6484375 0.5226480836236934 0.64453125 0.5226480836236934 0.64453125 0.49825783972125437 0.6484375 0.49825783972125437 0.650390625 0.49477351916376305 0.650390625 0.4808362369337979
0 0.671875 0.09059233449477352 0.671875 0.1289198606271777 0.669921875 0.13588850174216027 0.65625 0.14634146341463414 0.65625 0.13240418118466898 0.66015625 0.1289198606271777 0.66015625 0.11149825783972125 0.662109375 0.11149825783972125 0.6640625 0.10452961672473868 0.666015625 0.10452961672473868 0.66796875 0.0975609756097561 0.671875 0.09407665505226481
0 0.486328125 0.6341463414634146 0.498046875 0.6341463414634146 0.498046875 0.6724738675958188 0.490234375 0.6724738675958188 0.490234375 0.662020905923345 0.486328125 0.6585365853658537 0.486328125 0.6376306620209059
0 0.462890625 0.027874564459930314 0.466796875 0.0313588850174216 0.466796875 0.08013937282229965 0.462890625 0.08013937282229965 0.4609375 0.08710801393728224 0.45703125 0.08710801393728224 0.458984375 0.08013937282229965 0.455078125 0.07665505226480836 0.455078125 0.0313588850174216 0.4609375 0.027874564459930314
0 0.572265625 0.4250871080139373 0.6015625 0.4250871080139373 0.6015625 0.4355400696864111 0.580078125 0.4355400696864111 0.578125 0.43902439024390244 0.568359375 0.4355400696864111 0.568359375 0.43205574912891986 0.572265625 0.42857142857142855
0 0.51171875 0.25435540069686413 0.515625 0.25435540069686413 0.515625 0.27526132404181186 0.51171875 0.2787456445993031 0.509765625 0.27526132404181186 0.501953125 0.27526132404181186 0.501953125 0.2613240418118467 0.509765625 0.2613240418118467 0.51171875 0.2578397212543554
0 0.51953125 0.26480836236933797 0.533203125 0.26480836236933797 0.533203125 0.30313588850174217 0.529296875 0.30313588850174217 0.52734375 0.30662020905923343 0.529296875 0.30313588850174217 0.529296875 0.2961672473867596 0.52734375 0.2926829268292683 0.51953125 0.2926829268292683 0.51953125 0.2682926829268293
0 0.658203125 0.5574912891986062 0.662109375 0.5574912891986062 0.662109375 0.6062717770034843 0.654296875 0.6167247386759582 0.6484375 0.6167247386759582 0.646484375 0.6202090592334495 0.640625 0.6167247386759582 0.640625 0.6132404181184669 0.63671875 0.6097560975609756 0.63671875 0.5993031358885017 0.640625 0.5958188153310104 0.640625 0.5853658536585366 0.642578125 0.578397212543554 0.650390625 0.5714285714285714 0.65234375 0.5644599303135889 0.65625 0.5644599303135889 0.658203125 0.5609756097560976
0 0.513671875 0.554006968641115 0.5234375 0.554006968641115 0.525390625 0.5609756097560976 0.525390625 0.5818815331010453 0.5234375 0.578397212543554 0.51953125 0.578397212543554 0.51953125 0.5679442508710801 0.517578125 0.5644599303135889 0.513671875 0.5644599303135889 0.513671875 0.5574912891986062
0 0.498046875 0.5818815331010453 0.5078125 0.5818815331010453 0.509765625 0.5888501742160279 0.513671875 0.5888501742160279 0.515625 0.5923344947735192 0.515625 0.6202090592334495 0.51171875 0.6236933797909407 0.509765625 0.6202090592334495 0.509765625 0.6097560975609756 0.5078125 0.6062717770034843 0.50390625 0.6062717770034843 0.50390625 0.5958188153310104 0.501953125 0.5923344947735192 0.498046875 0.5923344947735192 0.498046875 0.5853658536585366
0 0.34375 0.4181184668989547 0.357421875 0.4181184668989547 0.357421875 0.4425087108013937 0.34375 0.43902439024390244 0.34375 0.42160278745644597
0 0.509765625 0.3240418118466899 0.51953125 0.3240418118466899 0.51953125 0.3310104529616725 0.521484375 0.3344947735191638 0.525390625 0.3344947735191638 0.52734375 0.34146341463414637 0.52734375 0.3693379790940767 0.525390625 0.36585365853658536 0.521484375 0.36585365853658536 0.51953125 0.3588850174216028 0.515625 0.3588850174216028 0.513671875 0.3519163763066202 0.509765625 0.3519163763066202 0.509765625 0.32752613240418116
0 0.498046875 0.6306620209059234 0.5078125 0.6306620209059234 0.509765625 0.6376306620209059 0.515625 0.6411149825783972 0.515625 0.662020905923345 0.51171875 0.6655052264808362 0.513671875 0.662020905923345 0.509765625 0.6585365853658537 0.509765625 0.6515679442508711 0.505859375 0.6480836236933798 0.505859375 0.6411149825783972 0.501953125 0.6376306620209059 0.5 0.6306620209059234
0 0.560546875 0.27526132404181186 0.564453125 0.27526132404181186 0.564453125 0.3205574912891986 0.560546875 0.3240418118466899 0.556640625 0.3205574912891986 0.55078125 0.3205574912891986 0.55078125 0.30662020905923343 0.55859375 0.30662020905923343 0.560546875 0.30313588850174217 0.560546875 0.2787456445993031
0 0.58203125 0.6445993031358885 0.5859375 0.6445993031358885 0.5859375 0.662020905923345 0.580078125 0.662020905923345 0.578125 0.6655052264808362 0.576171875 0.662020905923345 0.572265625 0.662020905923345 0.572265625 0.6515679442508711 0.580078125 0.6515679442508711 0.58203125 0.6480836236933798