0 0.66015625 0.4250871080139373 0.662109375 0.43205574912891986 0.669921875 0.43902439024390244 0.669921875 0.44947735191637633 0.671875 0.4529616724738676 0.669921875 0.4564459930313589 0.669921875 0.4634146341463415 0.6640625 0.47038327526132406 0.66015625 0.45993031358885017 0.65625 0.4564459930313589 0.65625 0.43205574912891986 0.66015625 0.42857142857142855
0 0.59375 0.03832752613240418 0.607421875 0.041811846689895474 0.607421875 0.05574912891986063 0.609375 0.059233449477351915 0.609375 0.0627177700348432 0.603515625 0.06968641114982578 0.59375 0.06968641114982578 0.59375 0.06620209059233449 0.58984375 0.0627177700348432 0.59375 0.059233449477351915 0.59375 0.041811846689895474
0 0.64453125 0.6515679442508711 0.6484375 0.6515679442508711 0.654296875 0.6585365853658537 0.66015625 0.6585365853658537 0.662109375 0.662020905923345 0.669921875 0.6585365853658537 0.673828125 0.6689895470383276 0.6796875 0.6759581881533101 0.677734375 0.6794425087108014 0.677734375 0.6898954703832753 0.6796875 0.6933797909407665 0.6796875 0.7038327526132404 0.677734375 0.7073170731707317 0.673828125 0.710801393728223 0.650390625 0.710801393728223 0.64453125 0.7212543554006968 0.638671875 0.7212543554006968 0.634765625 0.7177700348432056 0.634765625 0.7142857142857143 0.63671875 0.7142857142857143 0.640625 0.7038327526132404 0.640625 0.686411149825784 0.642578125 0.6829268292682927 0.642578125 0.662020905923345 0.64453125 0.6550522648083623
0 0.587890625 0.49825783972125437 0.59375 0.49825783972125437 0.595703125 0.5017421602787456 0.599609375 0.5017421602787456 0.6015625 0.49825783972125437 0.61328125 0.49825783972125437 0.6171875 0.5052264808362369 0.6171875 0.5121951219512195 0.619140625 0.5156794425087108 0.619140625 0.5261324041811847 0.6171875 0.5296167247386759 0.603515625 0.5226480836236934 0.59765625 0.5156794425087108 0.58984375 0.49825783972125437
0 0.587890625 0.554006968641115 0.58984375 0.5644599303135889 0.5859375 0.5679442508710801 0.57421875 0.5679442508710801 0.57421875 0.5574912891986062 0.576171875 0.554006968641115 0.5859375 0.554006968641115
0 0.591796875 0.41114982578397213 0.591796875 0.4250871080139373 0.587890625 0.42857142857142855 0.583984375 0.42857142857142855 0.58203125 0.4250871080139373 0.583984375 0.42160278745644597 0.587890625 0.42160278745644597 0.58984375 0.4146341463414634
0 0.7109375 0.8362369337979094 0.7109375 0.8745644599303136 0.69921875 0.8745644599303136 0.69921875 0.8710801393728222 0.693359375 0.8641114982578397 0.693359375 0.8536585365853658 0.6953125 0.8536585365853658 0.69921875 0.8432055749128919 0.708984375 0.8362369337979094
0 0.638671875 0.020905923344947737 0.64453125 0.027874564459930314 0.65234375 0.027874564459930314 0.6640625 0.03832752613240418 0.69140625 0.03832752613240418 0.693359375 0.041811846689895474 0.70703125 0.020905923344947737 0.70703125 0.03484320557491289 0.69921875 0.04878048780487805 0.69921875 0.05226480836236934 0.685546875 0.06620209059233449 0.677734375 0.06968641114982578 0.67578125 0.07665505226480836 0.671875 0.07665505226480836 0.669921875 0.08013937282229965 0.65625 0.08013937282229965 0.654296875 0.08362369337979095 0.650390625 0.08013937282229965 0.64453125 0.08013937282229965 0.64453125 0.07665505226480836 0.638671875 0.06620209059233449 0.634765625 0.04878048780487805 0.62890625 0.03832752613240418 0.626953125 0.0313588850174216 0.62890625 0.024390243902439025 0.630859375 0.020905923344947737 0.63671875 0.020905923344947737
0 0.68359375 0.31010452961672474 0.689453125 0.3170731707317073 0.69140625 0.313588850174216 0.6953125 0.313588850174216 0.701171875 0.30313588850174217 0.703125 0.30313588850174217 0.703125 0.313588850174216 0.70703125 0.32752613240418116 0.703125 0.3344947735191638 0.69921875 0.3344947735191638 0.69140625 0.34146341463414637 0.685546875 0.34146341463414637 0.67578125 0.3519163763066202 0.671875 0.3519163763066202 0.669921875 0.3588850174216028 0.673828125 0.3623693379790941 0.673828125 0.3693379790940767 0.66796875 0.3693379790940767 0.662109375 0.3623693379790941 0.65625 0.3623693379790941 0.650390625 0.37282229965156793 0.650390625 0.37630662020905925 0.6484375 0.37630662020905925 0.640625 0.34146341463414637 0.650390625 0.34494773519163763 0.66015625 0.3240418118466899 0.66015625 0.3170731707317073 0.66796875 0.31010452961672474 0.681640625 0.31010452961672474
0 0.412109375 0.39372822299651566 0.412109375 0.40069686411149824 0.4140625 0.40418118466898956 0.42578125 0.40418118466898956 0.43359375 0.4146341463414634 0.43359375 0.4250871080139373 0.431640625 0.42857142857142855 0.419921875 0.4250871080139373 0.41015625 0.4076655052264808 0.408203125 0.4076655052264808 0.412109375 0.40418118466898956 0.412109375 0.397212543554007
0 0.423828125 0.03832752613240418 0.42578125 0.041811846689895474 0.42578125 0.04878048780487805 0.423828125 0.05226480836236934 0.4140625 0.05226480836236934 0.412109375 0.04878048780487805 0.412109375 0.03832752613240418 0.4140625 0.03484320557491289 0.419921875 0.03484320557491289 0.421875 0.03832752613240418
0 0.451171875 0.027874564459930314 0.458984375 0.027874564459930314 0.458984375 0.041811846689895474 0.4453125 0.03832752613240418 0.451171875 0.0313588850174216
0 0.615234375 0.8885017421602788 0.61328125 0.9128919860627178 0.603515625 0.9198606271777003 0.595703125 0.9128919860627178 0.595703125 0.89198606271777 0.61328125 0.89198606271777
0 0.74609375 0.40069686411149824 0.751953125 0.40069686411149824 0.751953125 0.4564459930313589 0.732421875 0.4425087108013937 0.732421875 0.43205574912891986 0.736328125 0.4250871080139373 0.736328125 0.4181184668989547 0.74609375 0.40418118466898956
0 0.388671875 0 0.3984375 0 0.3984375 0.006968641114982578 0.39453125 0.006968641114982578 0.392578125 0.010452961672473868 0.388671875 0.010452961672473868 0.388671875 0.003484320557491289
0 0.427734375 0.006968641114982578 0.4375 0.017421602787456445 0.4375 0.024390243902439025 0.43359375 0.027874564459930314 0.427734375 0.027874564459930314 0.423828125 0.024390243902439025 0.423828125 0.010452961672473868 0.42578125 0.010452961672473868
0 0.50390625 0.003484320557491289 0.509765625 0.003484320557491289 0.513671875 0.006968641114982578 0.513671875 0.013937282229965157 0.515625 0.017421602787456445 0.513671875 0.024390243902439025 0.5078125 0.024390243902439025 0.50390625 0.020905923344947737 0.50390625 0.006968641114982578
0 0.611328125 0.2508710801393728 0.61328125 0.2508710801393728 0.61328125 0.2613240418118467 0.611328125 0.26480836236933797 0.6171875 0.27177700348432055 0.62109375 0.27177700348432055 0.62109375 0.28222996515679444 0.623046875 0.2857142857142857 0.62109375 0.29965156794425085 0.603515625 0.30662020905923343 0.6015625 0.30313588850174217 0.591796875 0.30313588850174217 0.587890625 0.2961672473867596 0.58203125 0.2961672473867596 0.580078125 0.289198606271777 0.580078125 0.2787456445993031 0.59375 0.28222996515679444 0.59765625 0.27526132404181186 0.6015625 0.27526132404181186 0.609375 0.2682926829268293 0.611328125 0.26480836236933797 0.611328125 0.25435540069686413
0 0.388671875 0.2857142857142857 0.404296875 0.27526132404181186 0.4140625 0.27526132404181186 0.4140625 0.2961672473867596 0.412109375 0.30313588850174217 0.408203125 0.31010452961672474 0.404296875 0.31010452961672474 0.40234375 0.313588850174216 0.39453125 0.313588850174216 0.390625 0.31010452961672474 0.388671875 0.30662020905923343 0.388671875 0.289198606271777
0 0.46484375 0.10104529616724739 0.466796875 0.11498257839721254 0.46484375 0.11846689895470383 0.4609375 0.11846689895470383 0.458984375 0.11498257839721254 0.4609375 0.10801393728222997 0.46484375 0.10452961672473868
0 0.61328125 0.3519163763066202 0.61328125 0.36585365853658536 0.609375 0.36585365853658536 0.599609375 0.37630662020905925 0.591796875 0.37630662020905925 0.59375 0.36585365853658536 0.59765625 0.3588850174216028 0.611328125 0.3554006968641115
0 0.669921875 0.010452961672473868 0.671875 0.013937282229965157 0.671875 0.024390243902439025 0.66796875 0.0313588850174216 0.6640625 0.0313588850174216 0.6640625 0.020905923344947737 0.666015625 0.013937282229965157 0.66796875 0.013937282229965157