0 0.638671875 0.6097560975609756 0.63671875 0.6236933797909407 0.638671875 0.627177700348432 0.638671875 0.6411149825783972 0.640625 0.6445993031358885 0.640625 0.662020905923345 0.63671875 0.6724738675958188 0.6328125 0.6724738675958188 0.630859375 0.6759581881533101 0.630859375 0.6689895470383276 0.626953125 0.6655052264808362 0.626953125 0.6445993031358885 0.630859375 0.6411149825783972 0.634765625 0.6236933797909407 0.634765625 0.6132404181184669 0.6328125 0.6062717770034843 0.63671875 0.6097560975609756
0 0.53125 0.8432055749128919 0.533203125 0.8432055749128919 0.533203125 0.867595818815331 0.53515625 0.8710801393728222 0.53515625 0.8954703832752613 0.53515625 0.8850174216027874 0.53125 0.867595818815331 0.53125 0.8536585365853658 0.52734375 0.8501742160278746 0.53125 0.8466898954703833
0 0.486328125 0.4181184668989547 0.48828125 0.4181184668989547 0.48828125 0.42857142857142855 0.4921875 0.4425087108013937 0.490234375 0.445993031358885 0.486328125 0.4425087108013937 0.486328125 0.43205574912891986 0.484375 0.42857142857142855 0.486328125 0.42160278745644597
0 0.58203125 0.9686411149825784 0.583984375 0.9686411149825784 0.5859375 0.975609756097561 0.5859375 0.9860627177700348 0.587890625 0.9895470383275261 0.587890625 0.9965156794425087 0.58203125 0.9965156794425087 0.58203125 0.9721254355400697
0 0.53125 0.4878048780487805 0.53515625 0.4912891986062718 0.53515625 0.5121951219512195 0.533203125 0.5087108013937283 0.53515625 0.5052264808362369 0.53125 0.5017421602787456 0.53125 0.4912891986062718
0 0.474609375 0.024390243902439025 0.4765625 0.0313588850174216 0.46875 0.04529616724738676 0.466796875 0.041811846689895474 0.466796875 0.03832752613240418 0.46875 0.03832752613240418 0.470703125 0.0313588850174216 0.474609375 0.027874564459930314
0 0.501953125 0.10104529616724739 0.509765625 0.10801393728222997 0.517578125 0.10801393728222997 0.517578125 0.11149825783972125 0.515625 0.11149825783972125 0.509765625 0.12195121951219512 0.509765625 0.1289198606271777 0.513671875 0.14285714285714285 0.513671875 0.17770034843205576 0.51171875 0.18118466898954705 0.51171875 0.18815331010452963 0.50390625 0.20557491289198607 0.5 0.20905923344947736 0.4921875 0.20905923344947736 0.490234375 0.17073170731707318 0.48828125 0.16376306620209058 0.490234375 0.16376306620209058 0.49609375 0.15331010452961671 0.498046875 0.13937282229965156 0.501953125 0.1289198606271777 0.505859375 0.1254355400696864 0.505859375 0.11498257839721254 0.501953125 0.10452961672473868
0 0.568359375 0.7665505226480837 0.5703125 0.7665505226480837 0.572265625 0.7735191637630662 0.572265625 0.7839721254355401 0.568359375 0.7700348432055749
0 0.57421875 0.6933797909407665 0.59375 0.6933797909407665 0.595703125 0.6968641114982579 0.59375 0.7003484320557491 0.57421875 0.7003484320557491 0.572265625 0.7038327526132404 0.56640625 0.7003484320557491 0.572265625 0.7003484320557491 0.57421875 0.6968641114982579
0 0.48046875 0.4634146341463415 0.486328125 0.4634146341463415 0.48828125 0.47038327526132406 0.48828125 0.47735191637630664 0.486328125 0.47735191637630664 0.48046875 0.47038327526132406 0.48046875 0.46689895470383275
0 0.509765625 0.41114982578397213 0.513671875 0.41114982578397213 0.515625 0.4146341463414634 0.515625 0.42160278745644597 0.51953125 0.42857142857142855 0.51953125 0.43205574912891986 0.515625 0.4355400696864111 0.515625 0.42857142857142855 0.513671875 0.42160278745644597 0.509765625 0.4181184668989547 0.509765625 0.4146341463414634
0 0.560546875 0.10104529616724739 0.578125 0.11498257839721254 0.587890625 0.13240418118466898 0.58984375 0.13937282229965156 0.58984375 0.15331010452961671 0.591796875 0.156794425087108 0.587890625 0.1602787456445993 0.583984375 0.1602787456445993 0.58203125 0.156794425087108 0.583984375 0.14982578397212543 0.58203125 0.14285714285714285 0.5703125 0.13240418118466898 0.55859375 0.1289198606271777 0.55859375 0.12195121951219512 0.5546875 0.11498257839721254 0.5546875 0.10452961672473868 0.55859375 0.10104529616724739
0 0.498046875 0.43205574912891986 0.501953125 0.4355400696864111 0.501953125 0.4529616724738676 0.501953125 0.445993031358885 0.498046875 0.4425087108013937 0.498046875 0.4355400696864111
0 0.49609375 0.7770034843205574 0.501953125 0.7909407665505227 0.501953125 0.8013937282229965 0.49609375 0.7979094076655052 0.49609375 0.7804878048780488
0 0.505859375 0.7770034843205574 0.51171875 0.7909407665505227 0.51171875 0.794425087108014 0.509765625 0.794425087108014 0.505859375 0.7874564459930313 0.505859375 0.7804878048780488
0 0.48046875 0.39372822299651566 0.482421875 0.39372822299651566 0.484375 0.40069686411149824 0.4921875 0.40418118466898956 0.4921875 0.4076655052264808 0.490234375 0.4076655052264808 0.48046875 0.397212543554007
0 0.548828125 0.8153310104529616 0.552734375 0.8118466898954704 0.55859375 0.8397212543554007 0.55859375 0.8536585365853658 0.560546875 0.8571428571428571 0.55859375 0.8606271777003485 0.55859375 0.867595818815331 0.556640625 0.867595818815331 0.556640625 0.8606271777003485 0.552734375 0.8501742160278746 0.55078125 0.818815331010453
0 0.517578125 0.7700348432055749 0.51953125 0.7735191637630662 0.51953125 0.7874564459930313 0.515625 0.7839721254355401 0.517578125 0.7804878048780488 0.517578125 0.7735191637630662
0 0.626953125 0.7142857142857143 0.626953125 0.7247386759581882 0.62890625 0.7282229965156795 0.630859375 0.7456445993031359 0.625 0.7665505226480837 0.6171875 0.7630662020905923 0.6171875 0.7421602787456446 0.62109375 0.7386759581881533 0.6171875 0.7282229965156795 0.619140625 0.7282229965156795 0.62109375 0.7247386759581882 0.62109375 0.7177700348432056 0.625 0.7142857142857143
0 0.5234375 0.43205574912891986 0.525390625 0.43205574912891986 0.52734375 0.4425087108013937 0.533203125 0.4564459930313589 0.533203125 0.45993031358885017 0.53125 0.45993031358885017 0.53125 0.4564459930313589 0.5234375 0.4425087108013937 0.5234375 0.4355400696864111
0 0.662109375 0.7526132404181185 0.666015625 0.7526132404181185 0.671875 0.7874564459930313 0.67578125 0.7979094076655052 0.67578125 0.8327526132404182 0.673828125 0.8397212543554007 0.669921875 0.8432055749128919 0.6640625 0.8397212543554007 0.66015625 0.8222996515679443 0.66015625 0.8118466898954704 0.658203125 0.8083623693379791 0.658203125 0.7770034843205574 0.66015625 0.7735191637630662 0.66015625 0.7630662020905923 0.662109375 0.7560975609756098
0 0.49609375 0.3623693379790941 0.501953125 0.3623693379790941 0.505859375 0.3693379790940767 0.505859375 0.37630662020905925 0.501953125 0.37630662020905925 0.501953125 0.37282229965156793 0.49609375 0.36585365853658536
0 0.607421875 0.6515679442508711 0.611328125 0.6515679442508711 0.615234375 0.6655052264808362 0.615234375 0.6794425087108014 0.619140625 0.6933797909407665 0.619140625 0.710801393728223 0.615234375 0.7247386759581882 0.615234375 0.7386759581881533 0.611328125 0.7386759581881533 0.609375 0.7038327526132404 0.60546875 0.6898954703832753 0.6015625 0.686411149825784 0.6015625 0.6829268292682927 0.60546875 0.6794425087108014 0.60546875 0.6585365853658537 0.607421875 0.6550522648083623
0 0.48038674033149176 0.41445319267715175 0.00828729281767956 0.012813059464454156
0 0.5546875 0.4181184668989547 0.560546875 0.4181184668989547 0.560546875 0.4355400696864111 0.5625 0.43902439024390244 0.560546875 0.445993031358885 0.560546875 0.4634146341463415 0.55859375 0.4634146341463415 0.556640625 0.4564459930313589 0.556640625 0.42160278745644597
0 0.533203125 0.8432055749128919 0.533203125 0.8536585365853658 0.5390625 0.8606271777003485 0.5390625 0.8710801393728222 0.541015625 0.8745644599303136 0.541015625 0.9024390243902439 0.5390625 0.9024390243902439 0.53515625 0.8850174216027874 0.533203125 0.8606271777003485 0.53125 0.8536585365853658 0.52734375 0.8501742160278746 0.53125 0.8466898954703833
0 0.64453125 0.08710801393728224 0.642578125 0.13588850174216027 0.638671875 0.14285714285714285 0.63671875 0.13937282229965156 0.63671875 0.11846689895470383 0.640625 0.11498257839721254 0.64453125 0.09059233449477352
0 0.67578125 0.08013937282229965 0.681640625 0.09059233449477352 0.681640625 0.13240418118466898 0.681640625 0.1289198606271777 0.677734375 0.1254355400696864 0.677734375 0.0975609756097561 0.67578125 0.09407665505226481 0.67578125 0.08362369337979095