0 0.3125 0.975609756097561 0.3203125 0.975609756097561 0.322265625 0.9721254355400697 0.326171875 0.9721254355400697 0.328125 0.975609756097561 0.33984375 0.975609756097561 0.33984375 0.9860627177700348 0.341796875 0.9895470383275261 0.34765625 0.9895470383275261 0.34765625 0.9965156794425087 0.306640625 0.9965156794425087 0.306640625 0.9895470383275261 0.310546875 0.9895470383275261 0.3125 0.9860627177700348 0.3125 0.9790940766550522
0 0.91015625 0.2926829268292683 0.912109375 0.2926829268292683 0.9140625 0.30313588850174217 0.92578125 0.3205574912891986 0.927734375 0.32752613240418116 0.927734375 0.3588850174216028 0.9296875 0.3623693379790941 0.9296875 0.3867595818815331 0.92578125 0.3902439024390244 0.921875 0.3867595818815331 0.916015625 0.3867595818815331 0.912109375 0.37630662020905925 0.90234375 0.37630662020905925 0.900390625 0.37282229965156793 0.900390625 0.36585365853658536 0.904296875 0.3623693379790941 0.904296875 0.34494773519163763 0.90234375 0.34146341463414637 0.90234375 0.32752613240418116 0.8984375 0.3170731707317073 0.90625 0.30313588850174217 0.90625 0.29965156794425085 0.91015625 0.2961672473867596
0 0.732421875 0.6376306620209059 0.732421875 0.6515679442508711 0.734375 0.6550522648083623 0.734375 0.662020905923345 0.732421875 0.6655052264808362 0.732421875 0.6968641114982579 0.728515625 0.7038327526132404 0.712890625 0.7073170731707317 0.72265625 0.6933797909407665 0.72265625 0.6585365853658537 0.7265625 0.6445993031358885 0.73046875 0.6445993031358885 0.732421875 0.6411149825783972
0 0.4765625 0.3205574912891986 0.4921875 0.3205574912891986 0.494140625 0.32752613240418116 0.501953125 0.3310104529616725 0.501953125 0.33797909407665505 0.50390625 0.34146341463414637 0.501953125 0.34494773519163763 0.501953125 0.3519163763066202 0.494140625 0.3588850174216028 0.484375 0.3588850174216028 0.482421875 0.3623693379790941 0.4609375 0.3623693379790941 0.458984375 0.36585365853658536 0.453125 0.3588850174216028 0.453125 0.34843205574912894 0.455078125 0.34843205574912894 0.4609375 0.3344947735191638 0.4765625 0.3240418118466899
0 0.466796875 0.7665505226480837 0.482421875 0.7665505226480837 0.484375 0.7735191637630662 0.484375 0.7874564459930313 0.482421875 0.7874564459930313 0.4765625 0.7979094076655052 0.4765625 0.8013937282229965 0.47265625 0.8048780487804879 0.46484375 0.8048780487804879 0.462890625 0.8083623693379791 0.44140625 0.8083623693379791 0.439453125 0.8048780487804879 0.435546875 0.8048780487804879 0.435546875 0.8013937282229965 0.443359375 0.7979094076655052 0.453125 0.7804878048780488 0.466796875 0.7700348432055749
0 0.4765625 0.43205574912891986 0.482421875 0.445993031358885 0.482421875 0.4738675958188153 0.48046875 0.47735191637630664 0.478515625 0.5052264808362369 0.470703125 0.5226480836236934 0.46875 0.5365853658536586 0.466796875 0.5435540069686411 0.462890625 0.5470383275261324 0.462890625 0.554006968641115 0.4609375 0.5574912891986062 0.4609375 0.5749128919860628 0.462890625 0.5818815331010453 0.458984375 0.5853658536585366 0.44921875 0.5679442508710801 0.44921875 0.5156794425087108 0.451171875 0.5121951219512195 0.451171875 0.49825783972125437 0.45703125 0.47735191637630664 0.458984375 0.45993031358885017 0.46484375 0.445993031358885 0.474609375 0.4355400696864111
0 0.330078125 0.9024390243902439 0.333984375 0.9024390243902439 0.3359375 0.8989547038327527 0.357421875 0.8989547038327527 0.3671875 0.9094076655052264 0.3671875 0.9233449477351916 0.365234375 0.926829268292683 0.359375 0.926829268292683 0.35546875 0.9303135888501742 0.353515625 0.926829268292683 0.33984375 0.9233449477351916 0.33203125 0.9094076655052264 0.330078125 0.9094076655052264 0.330078125 0.9059233449477352
0 0.81640625 0.6724738675958188 0.830078125 0.6724738675958188 0.83203125 0.6898954703832753 0.818359375 0.7003484320557491 0.81640625 0.7073170731707317 0.80859375 0.7177700348432056 0.798828125 0.7177700348432056 0.796875 0.7212543554006968 0.787109375 0.7212543554006968 0.783203125 0.7177700348432056 0.783203125 0.7142857142857143 0.787109375 0.710801393728223 0.787109375 0.7038327526132404 0.79296875 0.6898954703832753 0.80078125 0.6829268292682927 0.806640625 0.6829268292682927 0.81640625 0.6759581881533101
0 0.59765625 0.5226480836236934 0.59765625 0.5365853658536586 0.595703125 0.5435540069686411 0.591796875 0.5470383275261324 0.5859375 0.5679442508710801 0.564453125 0.5679442508710801 0.564453125 0.5574912891986062 0.576171875 0.5331010452961672 0.583984375 0.5296167247386759 0.58984375 0.5226480836236934 0.595703125 0.5226480836236934
0 0.333984375 0.7491289198606271 0.345703125 0.7386759581881533 0.35546875 0.7386759581881533 0.357421875 0.7421602787456446 0.357421875 0.7526132404181185 0.35546875 0.7560975609756098 0.35546875 0.7770034843205574 0.34765625 0.7909407665505227 0.33984375 0.794425087108014 0.33203125 0.8083623693379791 0.330078125 0.8083623693379791 0.32421875 0.818815331010453 0.322265625 0.8292682926829268 0.318359375 0.8327526132404182 0.31640625 0.8327526132404182 0.314453125 0.8257839721254355 0.314453125 0.8153310104529616 0.306640625 0.8048780487804879 0.30859375 0.8013937282229965 0.314453125 0.8013937282229965 0.3203125 0.7909407665505227 0.3203125 0.7839721254355401 0.32421875 0.7804878048780488 0.32421875 0.7735191637630662 0.333984375 0.7526132404181185
0 0.134765625 0.23693379790940766 0.146484375 0.23693379790940766 0.1484375 0.24390243902439024 0.1484375 0.27177700348432055 0.14453125 0.2787456445993031 0.14453125 0.2857142857142857 0.140625 0.2961672473867596 0.138671875 0.29965156794425085 0.134765625 0.29965156794425085 0.130859375 0.30662020905923343 0.123046875 0.31010452961672474 0.119140625 0.3170731707317073 0.119140625 0.3344947735191638 0.115234375 0.3344947735191638 0.107421875 0.3205574912891986 0.099609375 0.313588850174216 0.099609375 0.31010452961672474 0.103515625 0.30662020905923343 0.103515625 0.289198606271777 0.111328125 0.2613240418118467 0.12109375 0.24738675958188153 0.126953125 0.24738675958188153 0.134765625 0.24041811846689895
0 0.4296875 0.39372822299651566 0.4375 0.397212543554007 0.439453125 0.40418118466898956 0.439453125 0.4146341463414634 0.4375 0.4181184668989547 0.4375 0.43902439024390244 0.4296875 0.4529616724738676 0.4296875 0.4564459930313589 0.42578125 0.4564459930313589 0.419921875 0.4634146341463415 0.408203125 0.4634146341463415 0.40625 0.46689895470383275 0.40234375 0.46689895470383275 0.400390625 0.4529616724738676 0.404296875 0.44947735191637633 0.408203125 0.4355400696864111 0.412109375 0.43205574912891986 0.423828125 0.4076655052264808 0.427734375 0.4076655052264808 0.431640625 0.397212543554007
0 0.296875 0.7038327526132404 0.310546875 0.7038327526132404 0.3125 0.710801393728223 0.322265625 0.7142857142857143 0.32421875 0.7177700348432056 0.32421875 0.7421602787456446 0.314453125 0.759581881533101 0.3125 0.759581881533101 0.29296875 0.7979094076655052 0.283203125 0.8048780487804879 0.275390625 0.8048780487804879 0.255859375 0.8222996515679443 0.2421875 0.8222996515679443 0.236328125 0.8153310104529616 0.228515625 0.8153310104529616 0.208984375 0.8466898954703833 0.193359375 0.8501742160278746 0.193359375 0.8466898954703833 0.203125 0.8292682926829268 0.203125 0.8118466898954704 0.19921875 0.8048780487804879 0.203125 0.794425087108014 0.224609375 0.7909407665505227 0.23046875 0.7804878048780488 0.23046875 0.7735191637630662 0.234375 0.7700348432055749 0.23828125 0.759581881533101 0.248046875 0.7491289198606271 0.25 0.7421602787456446 0.259765625 0.735191637630662 0.27734375 0.7142857142857143 0.294921875 0.710801393728223 0.296875 0.7073170731707317
0 0.142578125 0.289198606271777 0.146484375 0.2857142857142857 0.150390625 0.27177700348432055 0.158203125 0.2578397212543554 0.158203125 0.2508710801393728 0.1796875 0.21951219512195122 0.18359375 0.21951219512195122 0.1953125 0.20905923344947736 0.216796875 0.20905923344947736 0.216796875 0.2508710801393728 0.208984375 0.26480836236933797 0.201171875 0.2857142857142857 0.193359375 0.2961672473867596 0.193359375 0.29965156794425085 0.185546875 0.313588850174216 0.18359375 0.3240418118466899 0.181640625 0.3240418118466899 0.169921875 0.34843205574912894 0.158203125 0.34494773519163763 0.154296875 0.3519163763066202 0.146484375 0.4076655052264808 0.140625 0.4146341463414634 0.138671875 0.41114982578397213 0.140625 0.4076655052264808 0.140625 0.3867595818815331 0.138671875 0.3832752613240418 0.140625 0.3797909407665505 0.140625 0.37282229965156793 0.134765625 0.3588850174216028 0.125 0.3588850174216028 0.123046875 0.3623693379790941 0.10546875 0.3623693379790941 0.10546875 0.3588850174216028 0.109375 0.3588850174216028 0.11328125 0.3519163763066202 0.1171875 0.3519163763066202 0.13671875 0.33797909407665505 0.138671875 0.3344947735191638 0.138671875 0.30662020905923343 0.142578125 0.2926829268292683
0 0.390625 0.7247386759581882 0.40625 0.7247386759581882 0.41015625 0.735191637630662 0.41015625 0.7560975609756098 0.404296875 0.7560975609756098 0.40234375 0.759581881533101 0.400390625 0.7560975609756098 0.390625 0.7560975609756098 0.388671875 0.7526132404181185 0.373046875 0.7456445993031359 0.373046875 0.735191637630662 0.376953125 0.735191637630662 0.37890625 0.7317073170731707 0.388671875 0.7317073170731707 0.390625 0.7282229965156795
0 0.37109375 0.33797909407665505 0.37890625 0.33797909407665505 0.380859375 0.34146341463414637 0.380859375 0.39372822299651566 0.376953125 0.40069686411149824 0.376953125 0.4076655052264808 0.373046875 0.4076655052264808 0.3671875 0.4146341463414634 0.365234375 0.41114982578397213 0.361328125 0.41114982578397213 0.35546875 0.40069686411149824 0.3515625 0.40069686411149824 0.3515625 0.39372822299651566 0.359375 0.39372822299651566 0.365234375 0.3867595818815331 0.3671875 0.3797909407665505 0.3671875 0.3693379790940767 0.369140625 0.36585365853658536 0.369140625 0.34494773519163763 0.37109375 0.34146341463414637
0 0.3359375 0.8048780487804879 0.349609375 0.8048780487804879 0.3515625 0.8118466898954704 0.349609375 0.8432055749128919 0.34765625 0.8501742160278746 0.330078125 0.8501742160278746 0.326171875 0.8536585365853658 0.31640625 0.8466898954703833 0.31640625 0.8432055749128919 0.3203125 0.8397212543554007 0.322265625 0.8257839721254355 0.328125 0.8153310104529616 0.3359375 0.8083623693379791
0 0.9453125 0.7770034843205574 0.955078125 0.7874564459930313 0.955078125 0.8013937282229965 0.951171875 0.8048780487804879 0.927734375 0.8048780487804879 0.92578125 0.8013937282229965 0.919921875 0.8013937282229965 0.91796875 0.7979094076655052 0.90625 0.794425087108014 0.90625 0.7804878048780488 0.912109375 0.7804878048780488 0.919921875 0.7735191637630662 0.94140625 0.7735191637630662 0.943359375 0.7770034843205574
0 0.90234375 0.06620209059233449 0.90625 0.06968641114982578 0.908203125 0.07665505226480836 0.90625 0.08362369337979095 0.90625 0.0975609756097561 0.904296875 0.10104529616724739 0.890625 0.10104529616724739 0.880859375 0.10801393728222997 0.861328125 0.10801393728222997 0.85546875 0.10104529616724739 0.841796875 0.10452961672473868 0.841796875 0.08710801393728224 0.837890625 0.08362369337979095 0.837890625 0.08013937282229965 0.845703125 0.08013937282229965 0.857421875 0.06968641114982578 0.865234375 0.06968641114982578 0.873046875 0.0627177700348432 0.8984375 0.0627177700348432 0.900390625 0.06620209059233449
0 0.697265625 0.5470383275261324 0.71484375 0.5470383275261324 0.71484375 0.5679442508710801 0.7109375 0.5749128919860628 0.70703125 0.5923344947735192 0.69140625 0.6167247386759582 0.6875 0.6167247386759582 0.6796875 0.6236933797909407 0.67578125 0.6202090592334495 0.662109375 0.6202090592334495 0.662109375 0.6167247386759582 0.669921875 0.6132404181184669 0.67578125 0.6027874564459931 0.677734375 0.5888501742160279 0.685546875 0.5644599303135889 0.697265625 0.5505226480836237
0 0 0.6794425087108014 0.015625 0.6794425087108014 0.015625 0.7038327526132404 0.013671875 0.710801393728223 0.009765625 0.710801393728223 0.0078125 0.7177700348432056 0.00390625 0.7177700348432056 0.001953125 0.7212543554006968 0 0.7212543554006968 0 0.6829268292682927
0 0.1875 0.17770034843205576 0.19921875 0.17770034843205576 0.19921875 0.20557491289198607 0.193359375 0.20557491289198607 0.181640625 0.21602787456445993 0.177734375 0.2229965156794425 0.173828125 0.2229965156794425 0.16796875 0.23344947735191637 0.166015625 0.23344947735191637 0.162109375 0.24390243902439024 0.154296875 0.24738675958188153 0.15625 0.21951219512195122 0.16015625 0.20905923344947736 0.173828125 0.18815331010452963 0.1796875 0.18815331010452963 0.1875 0.18118466898954705
0 0.56640625 0.5714285714285714 0.58984375 0.5714285714285714 0.58984375 0.5749128919860628 0.59765625 0.5853658536585366 0.59765625 0.5923344947735192 0.599609375 0.5958188153310104 0.59765625 0.5993031358885017 0.59765625 0.6097560975609756 0.591796875 0.6097560975609756 0.58984375 0.6132404181184669 0.578125 0.6097560975609756 0.568359375 0.5958188153310104 0.560546875 0.5958188153310104 0.560546875 0.5888501742160279 0.56640625 0.5749128919860628
0 0.0390625 0.17421602787456447 0.04296875 0.17073170731707318 0.04296875 0.1602787456445993 0.046875 0.14982578397212543 0.046875 0.14285714285714285 0.056640625 0.1254355400696864 0.060546875 0.1254355400696864 0.064453125 0.11846689895470383 0.0703125 0.11846689895470383 0.0703125 0.1254355400696864 0.072265625 0.1289198606271777 0.0703125 0.18815331010452963 0.06640625 0.1986062717770035 0.06640625 0.20557491289198607 0.0625 0.21951219512195122 0.05859375 0.2264808362369338 0.0546875 0.2264808362369338 0.052734375 0.22996515679442509 0.052734375 0.24390243902439024 0.0546875 0.2508710801393728 0.05859375 0.25435540069686413 0.05859375 0.26480836236933797 0.052734375 0.2682926829268293 0.0546875 0.26480836236933797 0.052734375 0.2613240418118467 0.052734375 0.25435540069686413 0.041015625 0.23693379790940766 0.037109375 0.23693379790940766 0.03515625 0.23344947735191637 0.03125 0.23693379790940766 0.021484375 0.23693379790940766 0.0234375 0.23693379790940766 0.02734375 0.2264808362369338 0.033203125 0.2229965156794425 0.0390625 0.21254355400696864 0.0390625 0.17770034843205576
0 0.9296875 0.11846689895470383 0.94921875 0.11846689895470383 0.94921875 0.12195121951219512 0.953125 0.1254355400696864 0.962890625 0.14634146341463414 0.962890625 0.17421602787456447 0.958984375 0.17770034843205576 0.943359375 0.17770034843205576 0.939453125 0.18466898954703834 0.935546875 0.18466898954703834 0.927734375 0.17421602787456447 0.9140625 0.17421602787456447 0.91015625 0.16376306620209058 0.8984375 0.1672473867595819 0.900390625 0.1672473867595819 0.90625 0.15331010452961671 0.904296875 0.13240418118466898 0.921875 0.13588850174216027 0.9296875 0.12195121951219512
0 0.771091880859375 0.9410666341463414 0.762258818359375 0.9229281637630662 0.7527462890625 0.9143924111498258 0.747310560546875 0.9047896898954704 0.74323376171875 0.9047896898954704 0.73847749609375 0.9186602857142857 0.74323376171875 0.9399996655052264 0.754784689453125 0.9634729825783973 0.76701508203125 0.9677408606271777 0.771091880859375 0.9624060139372823 0.771091880859375 0.9410666341463414
0 1 0.8503742717770034 0.999606640625 0.8503742717770034 0.992567189453125 0.8514412404181185 0.970443193359375 0.8717136515679442 0.9664206484375 0.8781154668989547 0.965750224609375 0.8855842473867596 0.9711136171875 0.886651219512195 0.971784041015625 0.89198606271777 0.9664206484375 0.8962539372822299 0.9804995546875 0.9005218153310105 0.99323761328125 0.9239951324041812 1 0.9320668048780488 1 0.8503742717770034
0 0.7241529609375 0.9197272543554007 0.721448115234375 0.9239951324041812 0.70995252734375 0.9239951324041812 0.707923892578125 0.9165263484320558 0.703190416015625 0.9239951324041812 0.705219048828125 0.9271960383275261 0.703190416015625 0.9335978536585366 0.707923892578125 0.9378657282229965 0.71265737109375 0.9335978536585366 0.734296126953125 0.9282630069686411 0.73700097265625 0.9122584738675957 0.731591283203125 0.9069236271777004 0.727534015625 0.9069236271777004 0.720095693359375 0.9143924111498258 0.7241529609375 0.9197272543554007