0 0.140625 0.42857142857142855 0.14453125 0.42857142857142855 0.150390625 0.42160278745644597 0.15625 0.42160278745644597 0.162109375 0.4146341463414634 0.185546875 0.41114982578397213 0.1875 0.40418118466898956 0.1953125 0.40418118466898956 0.1953125 0.42160278745644597 0.1875 0.42857142857142855 0.142578125 0.43205574912891986
0 0.724609375 0.3623693379790941 0.724609375 0.37282229965156793 0.7109375 0.37282229965156793 0.708984375 0.37630662020905925 0.6796875 0.37630662020905925 0.677734375 0.37282229965156793 0.66796875 0.37282229965156793 0.671875 0.3623693379790941 0.6875 0.3623693379790941 0.689453125 0.3554006968641115 0.712890625 0.3554006968641115 0.71484375 0.3623693379790941 0.72265625 0.3623693379790941
0 0.076171875 0.42857142857142855 0.080078125 0.42857142857142855 0.0859375 0.42160278745644597 0.10546875 0.4181184668989547 0.107421875 0.4146341463414634 0.1640625 0.4146341463414634 0.1640625 0.4181184668989547 0.15625 0.4250871080139373 0.150390625 0.4250871080139373 0.14453125 0.43205574912891986 0.1171875 0.43205574912891986 0.115234375 0.4355400696864111 0.0859375 0.4355400696864111 0.083984375 0.43205574912891986 0.076171875 0.43205574912891986
0 0.58203125 0.14982578397212543 0.58203125 0.17421602787456447 0.568359375 0.17421602787456447 0.56640625 0.17770034843205576 0.51953125 0.17770034843205576 0.517578125 0.17421602787456447 0.509765625 0.17421602787456447 0.505859375 0.17073170731707318 0.505859375 0.1672473867595819 0.5078125 0.1672473867595819 0.51171875 0.156794425087108 0.521484375 0.156794425087108 0.5234375 0.15331010452961671 0.560546875 0.15331010452961671 0.5625 0.14982578397212543 0.580078125 0.14982578397212543
0 0.701171875 0.3797909407665505 0.70703125 0.37282229965156793 0.716796875 0.3693379790940767 0.71875 0.3623693379790941 0.740234375 0.3623693379790941 0.7421875 0.3693379790940767 0.74609375 0.3693379790940767 0.74609375 0.4076655052264808 0.716796875 0.4076655052264808 0.701171875 0.397212543554007 0.701171875 0.3832752613240418
0 0.5234375 0.6167247386759582 0.525390625 0.6167247386759582 0.52734375 0.6097560975609756 0.533203125 0.6097560975609756 0.53515625 0.6167247386759582 0.5390625 0.6167247386759582 0.55078125 0.627177700348432 0.5546875 0.6341463414634146 0.560546875 0.6376306620209059 0.56640625 0.6480836236933798 0.5859375 0.6655052264808362 0.59375 0.6794425087108014 0.599609375 0.6794425087108014 0.607421875 0.686411149825784 0.607421875 0.6898954703832753 0.603515625 0.6933797909407665 0.59375 0.6933797909407665 0.591796875 0.6898954703832753 0.58203125 0.6898954703832753 0.57421875 0.6829268292682927 0.568359375 0.6829268292682927 0.564453125 0.6759581881533101 0.556640625 0.6724738675958188 0.546875 0.6585365853658537 0.54296875 0.6585365853658537 0.53515625 0.6445993031358885 0.53125 0.6445993031358885 0.53125 0.6411149825783972 0.525390625 0.6306620209059234 0.5234375 0.6202090592334495
0 0.548828125 0.40069686411149824 0.548828125 0.4181184668989547 0.49609375 0.4181184668989547 0.4921875 0.4146341463414634 0.4921875 0.40418118466898956 0.49609375 0.40418118466898956 0.498046875 0.40069686411149824 0.5078125 0.40069686411149824 0.509765625 0.39372822299651566 0.541015625 0.39372822299651566 0.54296875 0.40069686411149824 0.546875 0.40069686411149824
0 0.2109375 0.17770034843205576 0.21484375 0.17770034843205576 0.228515625 0.1672473867595819 0.27734375 0.1672473867595819 0.27734375 0.18118466898954705 0.26171875 0.1916376306620209 0.228515625 0.1916376306620209 0.2265625 0.1951219512195122 0.216796875 0.1951219512195122 0.21484375 0.1916376306620209 0.205078125 0.1916376306620209 0.205078125 0.18815331010452963 0.2109375 0.18118466898954705
0 0.9453125 0.34843205574912894 0.9609375 0.33797909407665505 0.97265625 0.33797909407665505 0.974609375 0.3344947735191638 0.982421875 0.3344947735191638 0.984375 0.3310104529616725 0.998046875 0.3310104529616725 0.998046875 0.3519163763066202 0.99609375 0.3554006968641115 0.94921875 0.3554006968641115 0.9453125 0.3519163763066202
0 0.326171875 0.23344947735191637 0.330078125 0.24041811846689895 0.330078125 0.26480836236933797 0.3125 0.26480836236933797 0.310546875 0.2682926829268293 0.30078125 0.2682926829268293 0.298828125 0.26480836236933797 0.294921875 0.26480836236933797 0.296875 0.2613240418118467 0.296875 0.24390243902439024 0.310546875 0.23344947735191637 0.31640625 0.23344947735191637 0.318359375 0.2264808362369338 0.322265625 0.2264808362369338 0.32421875 0.23344947735191637
0 0.62109375 0.3623693379790941 0.62109375 0.3797909407665505 0.591796875 0.3797909407665505 0.58984375 0.3832752613240418 0.57421875 0.3832752613240418 0.572265625 0.3797909407665505 0.568359375 0.3797909407665505 0.568359375 0.36585365853658536 0.5703125 0.3623693379790941 0.576171875 0.3623693379790941 0.578125 0.3554006968641115 0.609375 0.3554006968641115 0.611328125 0.3623693379790941 0.619140625 0.3623693379790941
0 0.583984375 0.2264808362369338 0.607421875 0.2264808362369338 0.609375 0.23344947735191637 0.61328125 0.23344947735191637 0.615234375 0.23693379790940766 0.625 0.23693379790940766 0.625 0.24390243902439024 0.595703125 0.24390243902439024 0.59375 0.24738675958188153 0.583984375 0.24738675958188153 0.58203125 0.24390243902439024 0.576171875 0.24390243902439024 0.576171875 0.23693379790940766 0.580078125 0.23693379790940766 0.583984375 0.22996515679442509
0 0.052734375 0.34843205574912894 0.060546875 0.34146341463414637 0.072265625 0.34146341463414637 0.07421875 0.33797909407665505 0.126953125 0.33797909407665505 0.12890625 0.3310104529616725 0.138671875 0.3310104529616725 0.140625 0.33797909407665505 0.1484375 0.33797909407665505 0.1484375 0.3519163763066202 0.146484375 0.3554006968641115 0.142578125 0.3588850174216028 0.134765625 0.3588850174216028 0.1328125 0.3623693379790941 0.076171875 0.36585365853658536 0.07421875 0.3623693379790941 0.056640625 0.3623693379790941 0.052734375 0.3519163763066202
0 0.392578125 0.18815331010452963 0.40625 0.18815331010452963 0.408203125 0.18118466898954705 0.41796875 0.18118466898954705 0.41796875 0.20557491289198607 0.416015625 0.20557491289198607 0.4140625 0.21254355400696864 0.392578125 0.21254355400696864 0.392578125 0.20557491289198607 0.388671875 0.20209059233449478 0.388671875 0.1951219512195122 0.392578125 0.1916376306620209
0 0.517578125 0.12195121951219512 0.5234375 0.12195121951219512 0.533203125 0.11498257839721254 0.552734375 0.11149825783972125 0.5546875 0.10801393728222997 0.5625 0.10801393728222997 0.564453125 0.10452961672473868 0.568359375 0.10452961672473868 0.5703125 0.0975609756097561 0.578125 0.0975609756097561 0.58203125 0.10801393728222997 0.58203125 0.13937282229965156 0.578125 0.14285714285714285 0.541015625 0.14285714285714285 0.5390625 0.14634146341463414 0.533203125 0.14634146341463414 0.53125 0.14285714285714285 0.513671875 0.14285714285714285 0.513671875 0.13240418118466898 0.515625 0.13240418118466898 0.517578125 0.1254355400696864
0 0.927734375 0.5644599303135889 0.9296875 0.5679442508710801 0.95703125 0.5679442508710801 0.9609375 0.5714285714285714 0.9609375 0.5853658536585366 0.9453125 0.5853658536585366 0.943359375 0.5888501742160279 0.939453125 0.5853658536585366 0.9375 0.5888501742160279 0.92578125 0.5888501742160279 0.923828125 0.5923344947735192 0.916015625 0.5923344947735192 0.9140625 0.5958188153310104 0.869140625 0.5958188153310104 0.869140625 0.5679442508710801 0.87890625 0.5574912891986062 0.88671875 0.5574912891986062 0.888671875 0.5505226480836237 0.900390625 0.5505226480836237 0.90234375 0.5574912891986062 0.91015625 0.5574912891986062 0.91796875 0.5644599303135889 0.92578125 0.5644599303135889
0 0.61328125 0.4076655052264808 0.6171875 0.4076655052264808 0.625 0.40069686411149824 0.634765625 0.40069686411149824 0.64453125 0.39372822299651566 0.662109375 0.39372822299651566 0.6640625 0.3867595818815331 0.689453125 0.3867595818815331 0.689453125 0.397212543554007 0.685546875 0.40069686411149824 0.677734375 0.40069686411149824 0.673828125 0.40418118466898956 0.671875 0.41114982578397213 0.66796875 0.41114982578397213 0.662109375 0.4181184668989547 0.65234375 0.4181184668989547 0.650390625 0.42160278745644597 0.642578125 0.42160278745644597 0.640625 0.4250871080139373 0.60546875 0.4250871080139373 0.60546875 0.42160278745644597 0.607421875 0.42160278745644597 0.61328125 0.41114982578397213
0 0.513671875 0.18118466898954705 0.572265625 0.18118466898954705 0.57421875 0.17421602787456447 0.58203125 0.17421602787456447 0.58203125 0.1951219512195122 0.578125 0.1986062717770035 0.54296875 0.1986062717770035 0.541015625 0.20209059233449478 0.53515625 0.20209059233449478 0.533203125 0.1986062717770035 0.517578125 0.1986062717770035 0.513671875 0.1951219512195122 0.513671875 0.18466898954703834
0 0.55859375 0.07317073170731707 0.576171875 0.07317073170731707 0.578125 0.08013937282229965 0.578125 0.10452961672473868 0.55078125 0.10452961672473868 0.548828125 0.10801393728222997 0.546875 0.10452961672473868 0.529296875 0.10452961672473868 0.529296875 0.09407665505226481 0.53125 0.09059233449477352 0.53515625 0.09059233449477352 0.54296875 0.08362369337979095 0.548828125 0.08362369337979095 0.55078125 0.08013937282229965 0.556640625 0.08013937282229965 0.55859375 0.07665505226480836
0 0.265625 0.3344947735191638 0.26953125 0.3310104529616725 0.275390625 0.3310104529616725 0.279296875 0.3240418118466899 0.28515625 0.3240418118466899 0.287109375 0.3205574912891986 0.29296875 0.3205574912891986 0.294921875 0.3170731707317073 0.30078125 0.3170731707317073 0.310546875 0.31010452961672474 0.326171875 0.30662020905923343 0.326171875 0.32752613240418116 0.31640625 0.3344947735191638 0.310546875 0.3344947735191638 0.30859375 0.33797909407665505 0.29296875 0.33797909407665505 0.291015625 0.34146341463414637 0.2734375 0.34146341463414637 0.271484375 0.33797909407665505 0.265625 0.33797909407665505
0 0.205078125 0.34494773519163763 0.216796875 0.34494773519163763 0.21875 0.3519163763066202 0.232421875 0.3519163763066202 0.234375 0.34843205574912894 0.234375 0.3623693379790941 0.22265625 0.36585365853658536 0.220703125 0.3693379790940767 0.21484375 0.3693379790940767 0.212890625 0.37282229965156793 0.20703125 0.37282229965156793 0.205078125 0.37630662020905925 0.197265625 0.37630662020905925 0.1875 0.3832752613240418 0.115234375 0.3832752613240418 0.115234375 0.37630662020905925 0.119140625 0.3693379790940767 0.125 0.3693379790940767 0.140625 0.3588850174216028 0.1484375 0.3588850174216028 0.150390625 0.3554006968641115 0.169921875 0.3554006968641115 0.171875 0.3519163763066202 0.203125 0.3519163763066202 0.205078125 0.34843205574912894
0 0.154296875 0.2961672473867596 0.16015625 0.2961672473867596 0.162109375 0.2926829268292683 0.16796875 0.2926829268292683 0.177734375 0.2857142857142857 0.185546875 0.2857142857142857 0.1875 0.28222996515679444 0.1953125 0.28222996515679444 0.197265625 0.2787456445993031 0.212890625 0.2787456445993031 0.21484375 0.27177700348432055 0.244140625 0.27177700348432055 0.244140625 0.2857142857142857 0.23828125 0.30313588850174217 0.216796875 0.30662020905923343 0.205078125 0.3170731707317073 0.18359375 0.3170731707317073 0.181640625 0.313588850174216 0.177734375 0.313588850174216 0.17578125 0.3170731707317073 0.150390625 0.3170731707317073 0.1484375 0.313588850174216 0.1484375 0.30662020905923343 0.154296875 0.29965156794425085
0 0.291015625 0.3623693379790941 0.291015625 0.37630662020905925 0.287109375 0.37630662020905925 0.28515625 0.3797909407665505 0.2734375 0.3797909407665505 0.271484375 0.3832752613240418 0.255859375 0.3832752613240418 0.25390625 0.3797909407665505 0.24609375 0.3797909407665505 0.24609375 0.37630662020905925 0.251953125 0.3693379790940767 0.265625 0.36585365853658536 0.267578125 0.3623693379790941 0.2890625 0.3623693379790941
0 0.455078125 0.2961672473867596 0.470703125 0.2857142857142857 0.48046875 0.2857142857142857 0.482421875 0.2787456445993031 0.498046875 0.2787456445993031 0.5 0.2857142857142857 0.5 0.31010452961672474 0.4609375 0.31010452961672474 0.455078125 0.30313588850174217 0.455078125 0.29965156794425085
0 0.24609375 0.31010452961672474 0.248046875 0.31010452961672474 0.25390625 0.2961672473867596 0.2578125 0.2961672473867596 0.259765625 0.2926829268292683 0.265625 0.2926829268292683 0.275390625 0.2857142857142857 0.298828125 0.2857142857142857 0.30078125 0.2787456445993031 0.306640625 0.2787456445993031 0.306640625 0.289198606271777 0.3046875 0.2926829268292683 0.29296875 0.2961672473867596 0.291015625 0.30313588850174217 0.275390625 0.3170731707317073 0.24609375 0.3170731707317073 0.24609375 0.313588850174216
0 0.265625 0.20557491289198607 0.265625 0.21951219512195122 0.232421875 0.21951219512195122 0.23046875 0.2229965156794425 0.205078125 0.2229965156794425 0.203125 0.21951219512195122 0.1875 0.21951219512195122 0.181640625 0.21254355400696864 0.181640625 0.20905923344947736 0.185546875 0.20557491289198607 0.1953125 0.20557491289198607 0.197265625 0.20209059233449478 0.2578125 0.20209059233449478 0.259765625 0.20557491289198607 0.263671875 0.20557491289198607
0 0.013671875 0.4355400696864111 0.01953125 0.42857142857142855 0.025390625 0.42857142857142855 0.03515625 0.42160278745644597 0.05078125 0.42160278745644597 0.052734375 0.4181184668989547 0.083984375 0.4181184668989547 0.0859375 0.4146341463414634 0.099609375 0.4146341463414634 0.09765625 0.42160278745644597 0.083984375 0.43205574912891986 0.078125 0.43205574912891986 0.0703125 0.43902439024390244 0.0625 0.43902439024390244 0.052734375 0.445993031358885 0.0234375 0.44947735191637633 0.021484375 0.445993031358885 0.017578125 0.445993031358885 0.017578125 0.43902439024390244 0.015625 0.4355400696864111
0 0.892578125 0.4146341463414634 0.89453125 0.4181184668989547 0.900390625 0.4181184668989547 0.900390625 0.43205574912891986 0.853515625 0.43205574912891986 0.8515625 0.4355400696864111 0.80078125 0.43205574912891986 0.796875 0.42857142857142855 0.796875 0.4181184668989547 0.814453125 0.4146341463414634 0.81640625 0.4076655052264808 0.869140625 0.4076655052264808 0.87109375 0.4146341463414634 0.890625 0.4146341463414634
0 0.37890625 0.3797909407665505 0.39453125 0.37630662020905925 0.396484375 0.3693379790940767 0.412109375 0.3693379790940767 0.412109375 0.3902439024390244 0.41015625 0.39372822299651566 0.388671875 0.397212543554007 0.38671875 0.39372822299651566 0.37890625 0.39372822299651566 0.37890625 0.3832752613240418
0 0.998046875 0.43205574912891986 0.998046875 0.4634146341463415 0.98046875 0.4564459930313589 0.978515625 0.4529616724738676 0.978515625 0.445993031358885 0.974609375 0.4425087108013937 0.974609375 0.4355400696864111 0.978515625 0.43205574912891986 0.99609375 0.43205574912891986
0 0.150390625 0.3170731707317073 0.154296875 0.313588850174216 0.162109375 0.313588850174216 0.16796875 0.30662020905923343 0.17578125 0.30662020905923343 0.1796875 0.30313588850174217 0.181640625 0.2961672473867596 0.232421875 0.2961672473867596 0.232421875 0.30313588850174217 0.208984375 0.313588850174216 0.20703125 0.3205574912891986 0.197265625 0.3205574912891986 0.1953125 0.3240418118466899 0.185546875 0.3240418118466899 0.18359375 0.32752613240418116 0.171875 0.32752613240418116 0.1640625 0.3344947735191638 0.12890625 0.3344947735191638 0.134765625 0.32752613240418116 0.1484375 0.3240418118466899 0.150390625 0.3205574912891986
0 0.453125 0.11498257839721254 0.46875 0.1254355400696864 0.46875 0.15331010452961671 0.4453125 0.15331010452961671 0.443359375 0.14982578397212543 0.4296875 0.14634146341463414 0.421875 0.13937282229965156 0.421875 0.1289198606271777 0.41796875 0.1254355400696864 0.416015625 0.11846689895470383 0.4296875 0.11498257839721254 0.431640625 0.10801393728222997 0.4375 0.10801393728222997 0.439453125 0.11498257839721254 0.451171875 0.11498257839721254
0 0.85546875 0.5052264808362369 0.865234375 0.5121951219512195 0.873046875 0.5121951219512195 0.87890625 0.519163763066202 0.892578125 0.519163763066202 0.89453125 0.5261324041811847 0.89453125 0.5365853658536586 0.80859375 0.5365853658536586 0.806640625 0.5331010452961672 0.794921875 0.5296167247386759 0.787109375 0.5226480836236934 0.787109375 0.5156794425087108 0.783203125 0.5121951219512195 0.783203125 0.5087108013937283 0.787109375 0.5052264808362369 0.79296875 0.5052264808362369 0.794921875 0.49825783972125437 0.83203125 0.49825783972125437 0.833984375 0.5052264808362369 0.853515625 0.5052264808362369
0 0.2890625 0.3902439024390244 0.294921875 0.3832752613240418 0.302734375 0.3832752613240418 0.3046875 0.37630662020905925 0.333984375 0.37630662020905925 0.333984375 0.40069686411149824 0.326171875 0.40069686411149824 0.32421875 0.40418118466898956 0.318359375 0.40418118466898956 0.31640625 0.40069686411149824 0.29296875 0.40069686411149824 0.2890625 0.397212543554007 0.2890625 0.39372822299651566
0 0.166015625 0.18118466898954705 0.173828125 0.17421602787456447 0.181640625 0.17421602787456447 0.1875 0.1672473867595819 0.208984375 0.16376306620209058 0.2109375 0.156794425087108 0.23828125 0.156794425087108 0.23828125 0.1672473867595819 0.234375 0.17073170731707318 0.228515625 0.17073170731707318 0.220703125 0.17770034843205576 0.216796875 0.18815331010452963 0.205078125 0.1986062717770035 0.197265625 0.1986062717770035 0.1953125 0.20209059233449478 0.150390625 0.20209059233449478 0.150390625 0.1986062717770035 0.15625 0.1916376306620209 0.166015625 0.18466898954703834
0 0.04296875 0.3240418118466899 0.060546875 0.3205574912891986 0.0625 0.3170731707317073 0.0703125 0.3170731707317073 0.072265625 0.313588850174216 0.0859375 0.313588850174216 0.087890625 0.31010452961672474 0.107421875 0.31010452961672474 0.109375 0.30662020905923343 0.119140625 0.30662020905923343 0.12109375 0.29965156794425085 0.125 0.29965156794425085 0.125 0.313588850174216 0.12109375 0.3170731707317073 0.11328125 0.3170731707317073 0.109375 0.3205574912891986 0.107421875 0.32752613240418116 0.1015625 0.32752613240418116 0.08984375 0.33797909407665505 0.07421875 0.33797909407665505 0.064453125 0.34494773519163763 0.046875 0.34494773519163763 0.044921875 0.34843205574912894 0.041015625 0.34843205574912894 0.0390625 0.34494773519163763 0.029296875 0.34494773519163763 0.025390625 0.34146341463414637 0.03515625 0.3310104529616725 0.041015625 0.3310104529616725 0.04296875 0.32752613240418116
0 0.228515625 0.27177700348432055 0.24609375 0.27177700348432055 0.24609375 0.2857142857142857 0.244140625 0.2857142857142857 0.23828125 0.2961672473867596 0.234375 0.2961672473867596 0.232421875 0.2926829268292683 0.23046875 0.2961672473867596 0.16015625 0.2961672473867596 0.1640625 0.2961672473867596 0.171875 0.289198606271777 0.19140625 0.2857142857142857 0.193359375 0.28222996515679444 0.208984375 0.28222996515679444 0.2109375 0.2787456445993031 0.2265625 0.2787456445993031 0.228515625 0.27526132404181186
0 0.06640625 0.24041811846689895 0.068359375 0.24390243902439024 0.080078125 0.24390243902439024 0.087890625 0.2508710801393728 0.095703125 0.2508710801393728 0.099609375 0.25435540069686413 0.099609375 0.2682926829268293 0.09375 0.2613240418118467 0.080078125 0.2613240418118467 0.078125 0.26480836236933797 0.07421875 0.26480836236933797 0.0703125 0.2787456445993031 0.064453125 0.2787456445993031 0.0625 0.28222996515679444 0.04296875 0.2682926829268293 0.0234375 0.2682926829268293 0.021484375 0.26480836236933797 0.009765625 0.26480836236933797 0 0.2578397212543554 0 0.2508710801393728 0.01171875 0.24041811846689895 0.064453125 0.24041811846689895
0 0.32421875 0.5679442508710801 0.326171875 0.5679442508710801 0.326171875 0.6097560975609756 0.322265625 0.6202090592334495 0.322265625 0.627177700348432 0.32421875 0.6306620209059234 0.32421875 0.6655052264808362 0.31640625 0.6759581881533101 0.294921875 0.6759581881533101 0.29296875 0.6794425087108014 0.291015625 0.6759581881533101 0.27734375 0.6759581881533101 0.275390625 0.6724738675958188 0.240234375 0.6759581881533101 0.240234375 0.662020905923345 0.232421875 0.6515679442508711 0.22265625 0.6236933797909407 0.224609375 0.6167247386759582 0.228515625 0.6167247386759582 0.23046875 0.6202090592334495 0.23828125 0.6202090592334495 0.248046875 0.6306620209059234 0.263671875 0.6376306620209059 0.2734375 0.627177700348432 0.28125 0.6097560975609756 0.287109375 0.6062717770034843 0.29296875 0.5958188153310104 0.30078125 0.5923344947735192 0.310546875 0.5818815331010453 0.314453125 0.5818815331010453 0.318359375 0.5749128919860628 0.322265625 0.5749128919860628 0.32421875 0.5714285714285714
0 0.642578125 0.17073170731707318 0.654296875 0.18118466898954705 0.654296875 0.1951219512195122 0.650390625 0.20209059233449478 0.634765625 0.20209059233449478 0.6328125 0.20557491289198607 0.60546875 0.20209059233449478 0.6015625 0.1951219512195122 0.59765625 0.1951219512195122 0.591796875 0.18815331010452963 0.583984375 0.18815331010452963 0.58203125 0.18466898954703834 0.58203125 0.17770034843205576 0.5859375 0.17073170731707318 0.59765625 0.17073170731707318 0.599609375 0.1672473867595819 0.603515625 0.1672473867595819 0.611328125 0.156794425087108 0.62890625 0.156794425087108 0.640625 0.17073170731707318
0 0.291015625 0.39372822299651566 0.29296875 0.39372822299651566 0.296875 0.3832752613240418 0.30078125 0.3832752613240418 0.302734375 0.3797909407665505 0.328125 0.3797909407665505 0.330078125 0.3867595818815331 0.330078125 0.40069686411149824 0.326171875 0.40418118466898956 0.318359375 0.40418118466898956 0.31640625 0.40069686411149824 0.294921875 0.40069686411149824 0.291015625 0.397212543554007
0 0.8046875 0.3170731707317073 0.8046875 0.3310104529616725 0.798828125 0.33797909407665505 0.71484375 0.33797909407665505 0.712890625 0.3344947735191638 0.712890625 0.3205574912891986 0.716796875 0.313588850174216 0.7265625 0.313588850174216 0.728515625 0.30662020905923343 0.783203125 0.30662020905923343 0.78515625 0.313588850174216 0.80078125 0.313588850174216 0.802734375 0.3170731707317073
0 0.16015625 0.5644599303135889 0.177734375 0.5853658536585366 0.18359375 0.5853658536585366 0.1875 0.5958188153310104 0.19921875 0.5993031358885017 0.19921875 0.6132404181184669 0.193359375 0.6202090592334495 0.166015625 0.6202090592334495 0.162109375 0.6167247386759582 0.16015625 0.6097560975609756 0.15625 0.6097560975609756 0.146484375 0.5993031358885017 0.142578125 0.5993031358885017 0.13671875 0.5923344947735192 0.12890625 0.5923344947735192 0.12890625 0.5888501742160279 0.123046875 0.5818815331010453 0.111328125 0.5818815331010453 0.111328125 0.5749128919860628 0.123046875 0.5609756097560976 0.125 0.554006968641115 0.146484375 0.554006968641115 0.1484375 0.5609756097560976 0.158203125 0.5644599303135889