0 0.39453125 0 0.435546875 0 0.447265625 0.034722222222222224 0.447265625 0.04513888888888889 0.4453125 0.04861111111111111 0.4375 0.04861111111111111 0.423828125 0.03819444444444445 0.4140625 0.034722222222222224 0.408203125 0.024305555555555556 0.400390625 0.017361111111111112 0.39453125 0.003472222222222222
0 0.689453125 0.8472222222222222 0.69140625 0.8541666666666666 0.69140625 0.8680555555555556 0.68359375 0.8854166666666666 0.673828125 0.8854166666666666 0.66796875 0.8784722222222222 0.66015625 0.8645833333333334 0.66015625 0.8611111111111112 0.6640625 0.8506944444444444 0.6640625 0.84375 0.67578125 0.8229166666666666 0.681640625 0.8298611111111112 0.6875 0.8472222222222222
0 0.478515625 0.017361111111111112 0.48828125 0.024305555555555556 0.49609375 0.024305555555555556 0.501953125 0.013888888888888888 0.505859375 0.017361111111111112 0.505859375 0.03125 0.498046875 0.03819444444444445 0.490234375 0.06944444444444445 0.474609375 0.09722222222222222 0.45703125 0.11458333333333333 0.43359375 0.11458333333333333 0.421875 0.1284722222222222 0.4140625 0.1284722222222222 0.4140625 0.125 0.42578125 0.1111111111111111 0.4375 0.06944444444444445 0.443359375 0.059027777777777776 0.443359375 0.05555555555555555 0.46875 0.013888888888888888 0.474609375 0.013888888888888888 0.4765625 0.017361111111111112
0 0.650390625 0.8958333333333334 0.65625 0.9027777777777778 0.66796875 0.9027777777777778 0.671875 0.9097222222222222 0.658203125 0.9340277777777778 0.650390625 0.9409722222222222 0.63671875 0.9409722222222222 0.634765625 0.9375 0.630859375 0.9375 0.626953125 0.9340277777777778 0.623046875 0.9236111111111112 0.625 0.90625 0.630859375 0.8958333333333334 0.634765625 0.8958333333333334 0.63671875 0.8923611111111112 0.6484375 0.8958333333333334
0 0.998046875 0.14583333333333334 0.998046875 0.2847222222222222 0.98828125 0.2777777777777778 0.98828125 0.2638888888888889 0.986328125 0.2604166666666667 0.986328125 0.2326388888888889 0.984375 0.22916666666666666 0.984375 0.1736111111111111 0.990234375 0.1527777777777778 0.99609375 0.14583333333333334
0 0.349609375 0 0.390625 0 0.39453125 0.013888888888888888 0.396484375 0.03819444444444445 0.400390625 0.052083333333333336 0.400390625 0.0625 0.412109375 0.08680555555555555 0.412109375 0.09375 0.41015625 0.09375 0.39453125 0.06944444444444445 0.38671875 0.0625 0.3828125 0.0625 0.375 0.052083333333333336 0.369140625 0.04861111111111111 0.359375 0.03125 0.349609375 0.003472222222222222
0 0.7421875 0.041666666666666664 0.75 0.041666666666666664 0.751953125 0.04513888888888889 0.78125 0.041666666666666664 0.787109375 0.052083333333333336 0.79296875 0.07291666666666667 0.802734375 0.09027777777777778 0.798828125 0.09375 0.791015625 0.08680555555555555 0.78515625 0.08680555555555555 0.783203125 0.08333333333333333 0.767578125 0.0763888888888889 0.759765625 0.06597222222222222 0.75 0.059027777777777776 0.7421875 0.04513888888888889
0 0.23046875 0 0.23828125 0 0.23828125 0.006944444444444444 0.244140625 0.020833333333333332 0.2421875 0.024305555555555556 0.234375 0.024305555555555556 0.232421875 0.020833333333333332 0.23046875 0.003472222222222222
0 0.33203125 0.0763888888888889 0.333984375 0.0763888888888889 0.345703125 0.10069444444444445 0.34765625 0.11458333333333333 0.3515625 0.125 0.349609375 0.1284722222222222 0.349609375 0.1423611111111111 0.34375 0.15625 0.33984375 0.15625 0.328125 0.1388888888888889 0.32421875 0.14583333333333334 0.3203125 0.14583333333333334 0.318359375 0.1111111111111111 0.3203125 0.1076388888888889 0.326171875 0.1111111111111111 0.33203125 0.10069444444444445 0.33203125 0.09375 0.333984375 0.09027777777777778 0.333984375 0.08333333333333333 0.33203125 0.0798611111111111
0 0.892578125 0.11805555555555555 0.8984375 0.1284722222222222 0.90625 0.13541666666666666 0.919921875 0.13541666666666666 0.92578125 0.1423611111111111 0.927734375 0.1388888888888889 0.927734375 0.125 0.92578125 0.12152777777777778 0.9296875 0.12152777777777778 0.931640625 0.13194444444444445 0.939453125 0.14930555555555555 0.939453125 0.15625 0.970703125 0.2361111111111111 0.974609375 0.2638888888888889 0.984375 0.2986111111111111 0.98828125 0.3263888888888889 0.99609375 0.3402777777777778 0.998046875 0.3541666666666667 0.994140625 0.3541666666666667 0.9921875 0.3472222222222222 0.978515625 0.3263888888888889 0.94921875 0.2986111111111111 0.9296875 0.2673611111111111 0.9296875 0.2638888888888889 0.9140625 0.22916666666666666 0.90234375 0.1875 0.90234375 0.17708333333333334 0.8984375 0.1701388888888889 0.8984375 0.16319444444444445 0.89453125 0.14930555555555555 0.888671875 0.1388888888888889 0.884765625 0.13541666666666666 0.87890625 0.13541666666666666 0.876953125 0.13194444444444445 0.876953125 0.1284722222222222 0.884765625 0.11805555555555555 0.890625 0.11805555555555555
0 0.720703125 0.7743055555555556 0.724609375 0.7777777777777778 0.724609375 0.7847222222222222 0.73046875 0.8055555555555556 0.7421875 0.8298611111111112 0.74609375 0.8472222222222222 0.74609375 0.8611111111111112 0.748046875 0.8645833333333334 0.748046875 0.8784722222222222 0.744140625 0.8819444444444444 0.734375 0.8819444444444444 0.732421875 0.8784722222222222 0.728515625 0.8784722222222222 0.724609375 0.8715277777777778 0.71875 0.8680555555555556 0.703125 0.8368055555555556 0.703125 0.8229166666666666 0.69921875 0.8055555555555556 0.6953125 0.8020833333333334 0.6953125 0.7881944444444444 0.69921875 0.7881944444444444 0.703125 0.7951388888888888 0.720703125 0.7951388888888888 0.72265625 0.7916666666666666 0.72265625 0.78125 0.720703125 0.7777777777777778
0 0.0234375 0 0.03125 0.013888888888888888 0.046875 0.0625 0.056640625 0.0798611111111111 0.064453125 0.08680555555555555 0.064453125 0.09027777777777778 0.056640625 0.08680555555555555 0.052734375 0.0798611111111111 0.048828125 0.0798611111111111 0.046875 0.0763888888888889 0.025390625 0.06597222222222222 0.01953125 0.059027777777777776 0.015625 0.059027777777777776 0.00390625 0.034722222222222224 0 0.03125 0 0.003472222222222222 0.00390625 0 0.021484375 0
0 0.4296875 0.9444444444444444 0.439453125 0.9444444444444444 0.435546875 0.9548611111111112 0.435546875 0.96875 0.439453125 0.9756944444444444 0.443359375 0.9965277777777778 0.4140625 0.9965277777777778 0.4140625 0.9826388888888888 0.416015625 0.9791666666666666 0.412109375 0.9618055555555556 0.412109375 0.9548611111111112 0.41796875 0.9652777777777778 0.419921875 0.9652777777777778 0.423828125 0.9618055555555556 0.4296875 0.9513888888888888 0.4296875 0.9479166666666666