0 0.578125 0.4444444444444444 0.583984375 0.4513888888888889 0.583984375 0.4652777777777778 0.587890625 0.4722222222222222 0.587890625 0.4791666666666667 0.583984375 0.4791666666666667 0.58203125 0.4826388888888889 0.578125 0.4791666666666667 0.578125 0.4722222222222222 0.576171875 0.46875 0.576171875 0.4513888888888889 0.578125 0.4479166666666667
0 0.521484375 0.1111111111111111 0.525390625 0.1111111111111111 0.533203125 0.12152777777777778 0.533203125 0.13541666666666666 0.51953125 0.13541666666666666 0.51953125 0.12152777777777778 0.521484375 0.11458333333333333
0 0.564453125 0.6388888888888888 0.576171875 0.6493055555555556 0.587890625 0.6493055555555556 0.591796875 0.6631944444444444 0.591796875 0.6736111111111112 0.595703125 0.6805555555555556 0.595703125 0.6840277777777778 0.587890625 0.6909722222222222 0.5703125 0.6909722222222222 0.564453125 0.7013888888888888 0.560546875 0.7013888888888888 0.55859375 0.6944444444444444 0.560546875 0.6909722222222222 0.560546875 0.6770833333333334 0.5625 0.6736111111111112 0.5625 0.6458333333333334 0.564453125 0.6423611111111112
0 0.51953125 0.5034722222222222 0.521484375 0.5069444444444444 0.53515625 0.5069444444444444 0.5390625 0.5104166666666666 0.54296875 0.5208333333333334 0.54296875 0.53125 0.541015625 0.5347222222222222 0.537109375 0.5347222222222222 0.53515625 0.53125 0.53125 0.53125 0.51953125 0.5104166666666666 0.51953125 0.5069444444444444
0 0.501953125 0.5659722222222222 0.505859375 0.5555555555555556 0.51171875 0.5555555555555556 0.515625 0.5659722222222222 0.51171875 0.5659722222222222 0.509765625 0.5694444444444444 0.505859375 0.5694444444444444 0.50390625 0.5659722222222222
0 0.6158854166666666 0.8171296296296297 0.015104166666666667 0.03981481481481482
0 0.403125 0.10925925925925925 0.011458333333333333 0.018518518518518517
0 0.568359375 0.3923611111111111 0.568359375 0.3854166666666667 0.564453125 0.375 0.56640625 0.3680555555555556 0.568359375 0.3680555555555556 0.578125 0.3506944444444444 0.595703125 0.3506944444444444 0.6015625 0.3402777777777778 0.607421875 0.3402777777777778 0.607421875 0.3576388888888889 0.609375 0.3611111111111111 0.607421875 0.3680555555555556 0.59765625 0.3680555555555556 0.587890625 0.3784722222222222 0.5859375 0.3819444444444444 0.5859375 0.3888888888888889 0.587890625 0.3923611111111111 0.5859375 0.3993055555555556 0.58203125 0.3993055555555556 0.578125 0.3923611111111111 0.5703125 0.3923611111111111
0 0.365234375 0.4201388888888889 0.37109375 0.4270833333333333 0.37890625 0.4270833333333333 0.3828125 0.4305555555555556 0.384765625 0.4375 0.384765625 0.4479166666666667 0.375 0.4479166666666667 0.3671875 0.4340277777777778 0.365234375 0.4340277777777778 0.365234375 0.4236111111111111
0 0.369140625 0.1076388888888889 0.373046875 0.11458333333333333 0.37109375 0.12152777777777778 0.36328125 0.12152777777777778 0.359375 0.11805555555555555 0.359375 0.1111111111111111 0.361328125 0.1076388888888889 0.3671875 0.1076388888888889
0 0.341796875 0.06597222222222222 0.349609375 0.06597222222222222 0.3515625 0.06944444444444445 0.349609375 0.0798611111111111 0.345703125 0.08333333333333333 0.341796875 0.0798611111111111 0.341796875 0.06944444444444445
0 0.3828125 0.09375 0.3828125 0.10069444444444445 0.373046875 0.10069444444444445 0.373046875 0.08680555555555555 0.375 0.08333333333333333 0.376953125 0.08333333333333333 0.380859375 0.09375
0 0.619140625 0.08680555555555555 0.619140625 0.09722222222222222 0.6171875 0.10416666666666667 0.60546875 0.1284722222222222 0.59765625 0.13541666666666666 0.591796875 0.13541666666666666 0.58203125 0.1423611111111111 0.568359375 0.1423611111111111 0.564453125 0.1388888888888889 0.55078125 0.1076388888888889 0.55078125 0.10069444444444445 0.5546875 0.09375 0.5625 0.09375 0.572265625 0.10416666666666667 0.578125 0.10416666666666667 0.580078125 0.1076388888888889 0.59765625 0.1076388888888889 0.599609375 0.1111111111111111 0.609375 0.1111111111111111 0.615234375 0.10069444444444445 0.6171875 0.09027777777777778
0 0.4453125 0.08333333333333333 0.451171875 0.08333333333333333 0.453125 0.09027777777777778 0.453125 0.09722222222222222 0.44921875 0.10069444444444445 0.4453125 0.09722222222222222 0.443359375 0.09027777777777778 0.4453125 0.08680555555555555
0 0.53515625 0.2881944444444444 0.53515625 0.3020833333333333 0.544921875 0.3159722222222222 0.546875 0.3298611111111111 0.544921875 0.3333333333333333 0.5390625 0.3333333333333333 0.533203125 0.3402777777777778 0.529296875 0.3402777777777778 0.525390625 0.3333333333333333 0.51171875 0.3298611111111111 0.509765625 0.3125 0.521484375 0.3159722222222222 0.533203125 0.3020833333333333 0.533203125 0.2916666666666667
0 0.515625 0.4340277777777778 0.517578125 0.4340277777777778 0.51953125 0.4409722222222222 0.51953125 0.4444444444444444 0.515625 0.4479166666666667 0.51171875 0.4479166666666667 0.51171875 0.4409722222222222 0.515625 0.4375
0 0.3671875 0.041666666666666664 0.380859375 0.04513888888888889 0.380859375 0.052083333333333336 0.376953125 0.052083333333333336 0.375 0.05555555555555555 0.3671875 0.05555555555555555 0.3671875 0.04513888888888889
0 0.40625 0.16666666666666666 0.41015625 0.16666666666666666 0.412109375 0.1701388888888889 0.412109375 0.17708333333333334 0.41015625 0.18055555555555555 0.40625 0.17708333333333334 0.40625 0.1701388888888889
0 0.36328125 0.3159722222222222 0.365234375 0.3229166666666667 0.361328125 0.3333333333333333 0.361328125 0.3402777777777778 0.357421875 0.3472222222222222 0.349609375 0.3472222222222222 0.34375 0.3402777777777778 0.341796875 0.3368055555555556 0.341796875 0.3263888888888889 0.35546875 0.3159722222222222 0.361328125 0.3159722222222222
0 0.5234375 0.8472222222222222 0.537109375 0.8472222222222222 0.537109375 0.8541666666666666 0.53125 0.8715277777777778 0.52734375 0.8715277777777778 0.521484375 0.8645833333333334 0.5234375 0.8506944444444444
0 0.640625 0.4548611111111111 0.640625 0.4479166666666667 0.650390625 0.4236111111111111 0.658203125 0.4236111111111111 0.658203125 0.46875 0.654296875 0.46875 0.642578125 0.4548611111111111
0 0.5278645833333333 0.39444444444444443 0.019270833333333334 0.024074074074074074
0 0.583984375 0.08680555555555555 0.5859375 0.09027777777777778 0.5859375 0.09722222222222222 0.58203125 0.10416666666666667 0.580078125 0.10069444444444445 0.58203125 0.09027777777777778