0 0.517578125 0.31010452961672474 0.529296875 0.31010452961672474 0.529296875 0.3205574912891986 0.517578125 0.3205574912891986 0.517578125 0.313588850174216
0 0.65234375 0.5574912891986062 0.662109375 0.5574912891986062 0.6640625 0.5644599303135889 0.6640625 0.627177700348432 0.662109375 0.6306620209059234 0.646484375 0.6306620209059234 0.646484375 0.6202090592334495 0.642578125 0.6167247386759582 0.642578125 0.6097560975609756 0.646484375 0.6062717770034843 0.646484375 0.5923344947735192 0.6484375 0.5923344947735192 0.65234375 0.5818815331010453 0.65234375 0.5609756097560976
0 0.5234375 0.7665505226480837 0.53125 0.7665505226480837 0.53125 0.7735191637630662 0.53515625 0.7770034843205574 0.53515625 0.7979094076655052 0.533203125 0.7979094076655052 0.5234375 0.7909407665505227 0.5234375 0.7700348432055749
0 0.6015625 0.9094076655052264 0.603515625 0.9094076655052264 0.603515625 0.9128919860627178 0.607421875 0.9163763066202091 0.609375 0.9233449477351916 0.615234375 0.926829268292683 0.615234375 0.9965156794425087 0.609375 0.9965156794425087 0.609375 0.9895470383275261 0.60546875 0.9860627177700348 0.60546875 0.975609756097561 0.6015625 0.9721254355400697 0.6015625 0.9547038327526133 0.59765625 0.9512195121951219 0.59765625 0.926829268292683 0.6015625 0.9233449477351916 0.6015625 0.9128919860627178
0 0.548828125 0.42857142857142855 0.560546875 0.4425087108013937 0.560546875 0.45993031358885017 0.552734375 0.45993031358885017 0.552734375 0.4529616724738676 0.548828125 0.44947735191637633 0.548828125 0.43205574912891986
0 0.51953125 0.041811846689895474 0.525390625 0.041811846689895474 0.52734375 0.04878048780487805 0.5390625 0.05226480836236934 0.5390625 0.059233449477351915 0.53515625 0.059233449477351915 0.533203125 0.0627177700348432 0.533203125 0.07665505226480836 0.537109375 0.08013937282229965 0.537109375 0.09059233449477352 0.5390625 0.09407665505226481 0.5390625 0.1254355400696864 0.537109375 0.13240418118466898 0.53515625 0.13240418118466898 0.533203125 0.13937282229965156 0.521484375 0.156794425087108 0.5078125 0.156794425087108 0.5078125 0.15331010452961671 0.50390625 0.14982578397212543 0.50390625 0.1289198606271777 0.501953125 0.1254355400696864 0.501953125 0.11846689895470383 0.498046875 0.11498257839721254 0.505859375 0.11149825783972125 0.509765625 0.10452961672473868 0.509765625 0.0975609756097561 0.513671875 0.09407665505226481 0.515625 0.08013937282229965 0.517578125 0.08013937282229965 0.5234375 0.06968641114982578 0.5234375 0.05574912891986063 0.51953125 0.04529616724738676
0 0.58984375 0.6411149825783972 0.62109375 0.6411149825783972 0.62109375 0.6515679442508711 0.595703125 0.6515679442508711 0.59375 0.6550522648083623 0.583984375 0.6515679442508711 0.587890625 0.6515679442508711 0.58984375 0.6445993031358885
0 0.490234375 0.3623693379790941 0.51171875 0.3623693379790941 0.51171875 0.37282229965156793 0.5078125 0.37630662020905925 0.50390625 0.37282229965156793 0.490234375 0.37282229965156793 0.490234375 0.36585365853658536
0 0.529296875 0.7212543554006968 0.54296875 0.7212543554006968 0.54296875 0.7456445993031359 0.529296875 0.7456445993031359 0.529296875 0.7247386759581882
0 0.67578125 0.9024390243902439 0.6796875 0.9024390243902439 0.6796875 0.9059233449477352 0.68359375 0.9094076655052264 0.685546875 0.9163763066202091 0.6875 0.9163763066202091 0.6875 0.9303135888501742 0.69140625 0.9337979094076655 0.693359375 0.9407665505226481 0.693359375 0.9547038327526133 0.67578125 0.9547038327526133 0.67578125 0.9303135888501742 0.671875 0.926829268292683 0.671875 0.9094076655052264 0.67578125 0.9059233449477352
0 0.521484375 0.37630662020905925 0.525390625 0.37630662020905925 0.525390625 0.40069686411149824 0.521484375 0.397212543554007 0.521484375 0.3797909407665505
0 0.62109375 0.5958188153310104 0.630859375 0.5958188153310104 0.638671875 0.6027874564459931 0.638671875 0.6097560975609756 0.642578125 0.6132404181184669 0.642578125 0.6898954703832753 0.62890625 0.6898954703832753 0.62890625 0.6689895470383276 0.625 0.6655052264808362 0.625 0.6515679442508711 0.62109375 0.6480836236933798 0.62109375 0.6411149825783972 0.6171875 0.6376306620209059 0.6171875 0.6062717770034843 0.619140625 0.6062717770034843 0.62109375 0.5993031358885017
0 0.5703125 0.3623693379790941 0.583984375 0.3623693379790941 0.583984375 0.37630662020905925 0.587890625 0.3797909407665505 0.587890625 0.4146341463414634 0.578125 0.4146341463414634 0.578125 0.41114982578397213 0.57421875 0.4076655052264808 0.57421875 0.3902439024390244 0.578125 0.3867595818815331 0.578125 0.37630662020905925 0.5703125 0.3693379790940767 0.5703125 0.36585365853658536
0 0.5 0.4146341463414634 0.5078125 0.4146341463414634 0.51171875 0.4181184668989547 0.51171875 0.43205574912891986 0.50390625 0.42857142857142855 0.50390625 0.42160278745644597 0.5 0.4181184668989547
0 0.5703125 0.03484320557491289 0.576171875 0.03484320557491289 0.578125 0.041811846689895474 0.59765625 0.05226480836236934 0.6015625 0.0627177700348432 0.60546875 0.0627177700348432 0.61328125 0.07317073170731707 0.61328125 0.09407665505226481 0.611328125 0.0975609756097561 0.60546875 0.0975609756097561 0.607421875 0.09059233449477352 0.603515625 0.08362369337979095 0.591796875 0.08013937282229965 0.58984375 0.07317073170731707 0.578125 0.07317073170731707 0.57421875 0.06968641114982578 0.57421875 0.06620209059233449 0.5703125 0.0627177700348432 0.5703125 0.05574912891986063 0.568359375 0.05226480836236934 0.568359375 0.041811846689895474 0.5703125 0.03832752613240418
0 0.51171875 0.7317073170731707 0.517578125 0.7317073170731707 0.51953125 0.7386759581881533 0.529296875 0.7456445993031359 0.529296875 0.7630662020905923 0.5234375 0.7630662020905923 0.515625 0.7560975609756098 0.515625 0.7491289198606271 0.51171875 0.7456445993031359 0.51171875 0.735191637630662
0 0.51953125 0.735191637630662 0.53515625 0.735191637630662 0.537109375 0.7386759581881533 0.537109375 0.7526132404181185 0.525390625 0.7491289198606271 0.525390625 0.7421602787456446 0.5234375 0.7386759581881533 0.51953125 0.7386759581881533
0 0.62890625 0.6933797909407665 0.640625 0.6933797909407665 0.640625 0.7386759581881533 0.62890625 0.7386759581881533 0.62890625 0.6968641114982579
0 0.5625 0.7735191637630662 0.57421875 0.7735191637630662 0.57421875 0.7770034843205574 0.578125 0.7804878048780488 0.578125 0.7839721254355401 0.58203125 0.7874564459930313 0.583984375 0.794425087108014 0.583984375 0.8327526132404182 0.580078125 0.8292682926829268 0.578125 0.8222996515679443 0.576171875 0.8222996515679443 0.576171875 0.8083623693379791 0.572265625 0.8048780487804879 0.572265625 0.7874564459930313 0.568359375 0.7839721254355401 0.56640625 0.7770034843205574 0.5625 0.7770034843205574
0 0.3671875 0.2229965156794425 0.375 0.2229965156794425 0.375 0.24390243902439024 0.37109375 0.24738675958188153 0.37109375 0.25435540069686413 0.36328125 0.25435540069686413 0.36328125 0.22996515679442509 0.3671875 0.2264808362369338
0 0.64453125 0.6585365853658537 0.650390625 0.6585365853658537 0.650390625 0.6759581881533101 0.654296875 0.6794425087108014 0.654296875 0.7212543554006968 0.65234375 0.7212543554006968 0.650390625 0.7282229965156795 0.6328125 0.7317073170731707 0.63671875 0.7282229965156795 0.63671875 0.6689895470383276 0.64453125 0.662020905923345
0 0.5234375 0.3623693379790941 0.533203125 0.3623693379790941 0.541015625 0.3693379790940767 0.541015625 0.3797909407665505 0.53515625 0.3797909407665505 0.533203125 0.37630662020905925 0.529296875 0.37630662020905925 0.529296875 0.3693379790940767 0.52734375 0.36585365853658536 0.5234375 0.36585365853658536
0 0.6796875 0.9024390243902439 0.685546875 0.9024390243902439 0.685546875 0.9337979094076655 0.673828125 0.9337979094076655 0.673828125 0.9094076655052264 0.677734375 0.9094076655052264 0.6796875 0.9059233449477352
0 0.68359375 0.7421602787456446 0.697265625 0.7421602787456446 0.697265625 0.7456445993031359 0.701171875 0.7491289198606271 0.701171875 0.8083623693379791 0.6875 0.8083623693379791 0.6875 0.8048780487804879 0.68359375 0.8013937282229965 0.68359375 0.794425087108014 0.6796875 0.7909407665505227 0.6796875 0.7770034843205574 0.67578125 0.7735191637630662 0.67578125 0.7560975609756098 0.677734375 0.7560975609756098 0.6796875 0.7491289198606271 0.68359375 0.7456445993031359
0 0.50390625 0.37282229965156793 0.505859375 0.37282229965156793 0.5078125 0.3797909407665505 0.515625 0.3832752613240418 0.515625 0.397212543554007 0.5078125 0.397212543554007 0.50390625 0.39372822299651566 0.50390625 0.37630662020905925
0 0.515625 0.7421602787456446 0.51953125 0.7421602787456446 0.51953125 0.7665505226480837 0.505859375 0.7630662020905923 0.505859375 0.7526132404181185 0.513671875 0.7526132404181185 0.515625 0.7456445993031359
0 0.50390625 0.34843205574912894 0.515625 0.34843205574912894 0.517578125 0.3519163763066202 0.517578125 0.3588850174216028 0.509765625 0.3588850174216028 0.509765625 0.3519163763066202 0.505859375 0.34843205574912894
0 0.69140625 0.9686411149825784 0.69921875 0.9686411149825784 0.69921875 0.9860627177700348 0.703125 0.9895470383275261 0.703125 0.9965156794425087 0.69140625 0.9965156794425087 0.69140625 0.9721254355400697
0 0.533203125 0.37630662020905925 0.5390625 0.37630662020905925 0.541015625 0.3832752613240418 0.55859375 0.397212543554007 0.55859375 0.41114982578397213 0.556640625 0.41114982578397213 0.544921875 0.40069686411149824 0.54296875 0.39372822299651566 0.533203125 0.3867595818815331 0.533203125 0.3797909407665505
0 0.544921875 0.8048780487804879 0.552734375 0.8048780487804879 0.552734375 0.8153310104529616 0.564453125 0.8257839721254355 0.56640625 0.8327526132404182 0.56640625 0.8641114982578397 0.55859375 0.8641114982578397 0.5546875 0.8606271777003485 0.552734375 0.8536585365853658 0.552734375 0.8362369337979094 0.548828125 0.8327526132404182 0.548828125 0.8153310104529616 0.544921875 0.8118466898954704 0.544921875 0.8083623693379791
0 0.666015625 0.05226480836236934 0.666015625 0.0975609756097561 0.66015625 0.0975609756097561 0.658203125 0.10104529616724739 0.654296875 0.0975609756097561 0.654296875 0.07665505226480836 0.658203125 0.07665505226480836 0.66015625 0.07317073170731707 0.66015625 0.06620209059233449 0.6640625 0.06620209059233449 0.666015625 0.0627177700348432 0.666015625 0.05574912891986063
0 0.689453125 0.017421602787456445 0.69921875 0.017421602787456445 0.70703125 0.024390243902439025 0.70703125 0.10452961672473868 0.70703125 0.09059233449477352 0.705078125 0.08710801393728224 0.6953125 0.08710801393728224 0.6953125 0.07317073170731707 0.69921875 0.07317073170731707 0.701171875 0.06968641114982578 0.701171875 0.059233449477351915 0.705078125 0.059233449477351915 0.70703125 0.05226480836236934 0.705078125 0.04878048780487805 0.701171875 0.04878048780487805 0.69921875 0.041811846689895474 0.6953125 0.041811846689895474 0.6953125 0.0313588850174216 0.693359375 0.027874564459930314 0.689453125 0.027874564459930314 0.689453125 0.020905923344947737