0 0.6015625 0.34494773519163763 0.6015625 0.3623693379790941 0.59375 0.37630662020905925 0.59375 0.3797909407665505 0.572265625 0.40069686411149824 0.56640625 0.41114982578397213 0.5703125 0.4181184668989547 0.5625 0.41114982578397213 0.55859375 0.41114982578397213 0.5546875 0.40418118466898956 0.544921875 0.40418118466898956 0.541015625 0.40069686411149824 0.541015625 0.397212543554007 0.544921875 0.39372822299651566 0.546875 0.3797909407665505 0.55078125 0.37282229965156793 0.5546875 0.37282229965156793 0.560546875 0.36585365853658536 0.59375 0.3588850174216028 0.599609375 0.34843205574912894
0 0.490234375 0.12195121951219512 0.494140625 0.11149825783972125 0.51953125 0.11149825783972125 0.521484375 0.11498257839721254 0.533203125 0.11498257839721254 0.53515625 0.11846689895470383 0.5390625 0.11846689895470383 0.541015625 0.11498257839721254 0.55078125 0.11498257839721254 0.55859375 0.12195121951219512 0.568359375 0.12195121951219512 0.57421875 0.11498257839721254 0.57421875 0.12195121951219512 0.5625 0.13937282229965156 0.55859375 0.13937282229965156 0.55078125 0.14634146341463414 0.533203125 0.14982578397212543 0.53125 0.15331010452961671 0.529296875 0.14982578397212543 0.51171875 0.15331010452961671 0.498046875 0.13937282229965156 0.498046875 0.13588850174216027 0.4921875 0.1289198606271777 0.4921875 0.1254355400696864
0 0.474609375 0.3170731707317073 0.486328125 0.31010452961672474 0.486328125 0.32752613240418116 0.4765625 0.3310104529616725 0.474609375 0.32752613240418116 0.474609375 0.3205574912891986
0 0.548828125 0.4808362369337979 0.548828125 0.5296167247386759 0.54296875 0.5296167247386759 0.541015625 0.5331010452961672 0.53515625 0.5331010452961672 0.533203125 0.5261324041811847 0.529296875 0.5226480836236934 0.52734375 0.49825783972125437 0.529296875 0.4912891986062718 0.537109375 0.4878048780487805 0.541015625 0.4808362369337979 0.546875 0.4808362369337979
0 0.462890625 0.11149825783972125 0.474609375 0.12195121951219512 0.478515625 0.12195121951219512 0.478515625 0.14285714285714285 0.4765625 0.14634146341463414 0.470703125 0.14634146341463414 0.466796875 0.13588850174216027 0.458984375 0.1289198606271777 0.45703125 0.12195121951219512 0.458984375 0.11498257839721254 0.4609375 0.11498257839721254
0 0.453125 0.5609756097560976 0.45703125 0.5644599303135889 0.46875 0.5644599303135889 0.470703125 0.5609756097560976 0.4765625 0.5609756097560976 0.484375 0.5679442508710801 0.486328125 0.5714285714285714 0.486328125 0.5923344947735192 0.478515625 0.5923344947735192 0.4765625 0.5888501742160279 0.470703125 0.5888501742160279 0.466796875 0.5853658536585366 0.455078125 0.5609756097560976
0 0.47265625 0.34146341463414637 0.484375 0.34146341463414637 0.484375 0.34494773519163763 0.490234375 0.3519163763066202 0.490234375 0.37282229965156793 0.474609375 0.3797909407665505 0.47265625 0.3867595818815331 0.46875 0.3867595818815331 0.46484375 0.3797909407665505 0.447265625 0.37630662020905925 0.447265625 0.3693379790940767 0.44140625 0.3623693379790941 0.453125 0.36585365853658536 0.458984375 0.3554006968641115 0.462890625 0.3554006968641115 0.47265625 0.34494773519163763
0 0.509765625 0.7212543554006968 0.515625 0.7177700348432056 0.51953125 0.7247386759581882 0.525390625 0.7247386759581882 0.52734375 0.7282229965156795 0.54296875 0.7282229965156795 0.54296875 0.7421602787456446 0.544921875 0.7456445993031359 0.548828125 0.7421602787456446 0.546875 0.7491289198606271 0.548828125 0.7560975609756098 0.548828125 0.7700348432055749 0.5390625 0.7770034843205574 0.515625 0.7770034843205574 0.5078125 0.7874564459930313 0.505859375 0.7839721254355401 0.5 0.7839721254355401 0.5 0.7804878048780488 0.50390625 0.7770034843205574 0.50390625 0.7665505226480837 0.505859375 0.7630662020905923 0.505859375 0.7317073170731707 0.509765625 0.7247386759581882
0 0.361328125 0.07665505226480836 0.365234375 0.08013937282229965 0.37890625 0.08013937282229965 0.37890625 0.09407665505226481 0.376953125 0.0975609756097561 0.373046875 0.0975609756097561 0.375 0.09407665505226481 0.373046875 0.09059233449477352 0.3671875 0.09059233449477352 0.365234375 0.08362369337979095 0.361328125 0.08013937282229965
0 0.470703125 0.42160278745644597 0.48046875 0.42160278745644597 0.482421875 0.42857142857142855 0.4921875 0.42857142857142855 0.4921875 0.43205574912891986 0.48828125 0.43205574912891986 0.486328125 0.4355400696864111 0.46875 0.43902439024390244 0.462890625 0.43205574912891986 0.470703125 0.4250871080139373
0 0.302734375 0.08710801393728224 0.310546875 0.08710801393728224 0.3125 0.09407665505226481 0.318359375 0.09407665505226481 0.3203125 0.0975609756097561 0.3203125 0.11149825783972125 0.31640625 0.11498257839721254 0.310546875 0.11498257839721254 0.30859375 0.11149825783972125 0.302734375 0.11149825783972125 0.298828125 0.10801393728222997 0.296875 0.10104529616724739 0.294921875 0.10104529616724739 0.294921875 0.0975609756097561 0.302734375 0.09059233449477352
0 0.5390625 0.3902439024390244 0.548828125 0.3902439024390244 0.55078125 0.397212543554007 0.548828125 0.40418118466898956 0.556640625 0.42160278745644597 0.556640625 0.4425087108013937 0.53515625 0.4425087108013937 0.525390625 0.4564459930313589 0.5234375 0.4564459930313589 0.515625 0.4425087108013937 0.509765625 0.44947735191637633 0.5078125 0.45993031358885017 0.50390625 0.45993031358885017 0.5 0.4564459930313589 0.49609375 0.4425087108013937 0.49609375 0.4355400696864111 0.4921875 0.42857142857142855 0.4921875 0.4250871080139373 0.498046875 0.4250871080139373 0.505859375 0.43205574912891986 0.51171875 0.4250871080139373 0.51171875 0.4146341463414634 0.517578125 0.4076655052264808 0.537109375 0.397212543554007 0.5390625 0.39372822299651566
0 0.6015625 0.34494773519163763 0.6015625 0.3623693379790941 0.59375 0.37630662020905925 0.59375 0.3797909407665505 0.5859375 0.3902439024390244 0.580078125 0.39372822299651566 0.578125 0.40069686411149824 0.57421875 0.40418118466898956 0.576171875 0.4181184668989547 0.5625 0.4146341463414634 0.556640625 0.42857142857142855 0.556640625 0.43902439024390244 0.552734375 0.43902439024390244 0.55078125 0.4355400696864111 0.544921875 0.4355400696864111 0.54296875 0.43902439024390244 0.53125 0.43902439024390244 0.52734375 0.4425087108013937 0.525390625 0.44947735191637633 0.521484375 0.44947735191637633 0.515625 0.43902439024390244 0.51171875 0.43902439024390244 0.509765625 0.4425087108013937 0.509765625 0.44947735191637633 0.50390625 0.4564459930313589 0.505859375 0.45993031358885017 0.5078125 0.45993031358885017 0.50390625 0.4564459930313589 0.5 0.4564459930313589 0.5 0.4425087108013937 0.49609375 0.43205574912891986 0.490234375 0.4250871080139373 0.494140625 0.4250871080139373 0.49609375 0.42160278745644597 0.501953125 0.42857142857142855 0.509765625 0.42857142857142855 0.51171875 0.4250871080139373 0.51171875 0.4146341463414634 0.513671875 0.4076655052264808 0.533203125 0.39372822299651566 0.541015625 0.397212543554007 0.560546875 0.3693379790940767 0.56640625 0.3693379790940767 0.57421875 0.3623693379790941 0.587890625 0.3623693379790941 0.58984375 0.3588850174216028 0.59375 0.3588850174216028 0.599609375 0.34843205574912894
0 0.55859375 0.9128919860627178 0.568359375 0.9024390243902439 0.576171875 0.8989547038327527 0.576171875 0.9372822299651568 0.5625 0.9337979094076655 0.5625 0.9303135888501742 0.55859375 0.926829268292683 0.55859375 0.9163763066202091
0 0.28125 0.20905923344947736 0.294921875 0.20905923344947736 0.298828125 0.21254355400696864 0.298828125 0.22996515679442509 0.296875 0.23344947735191637 0.294921875 0.23344947735191637 0.296875 0.22996515679442509 0.294921875 0.2264808362369338 0.28125 0.21951219512195122 0.28125 0.21254355400696864
0 0.4609375 0.47038327526132406 0.4609375 0.4912891986062718 0.453125 0.49477351916376305 0.453125 0.4843205574912892 0.455078125 0.4843205574912892 0.45703125 0.47735191637630664 0.4609375 0.4738675958188153
0 0.447265625 0.710801393728223 0.447265625 0.7247386759581882 0.4453125 0.7247386759581882 0.44140625 0.735191637630662 0.435546875 0.735191637630662 0.43359375 0.7386759581881533 0.427734375 0.7386759581881533 0.41796875 0.7456445993031359 0.404296875 0.7456445993031359 0.40234375 0.7491289198606271 0.3984375 0.7456445993031359 0.404296875 0.7247386759581882 0.419921875 0.7142857142857143 0.4453125 0.7142857142857143
0 0.4921875 0.9477351916376306 0.4921875 0.9651567944250871 0.486328125 0.9721254355400697 0.48046875 0.9721254355400697 0.478515625 0.975609756097561 0.46875 0.975609756097561 0.46484375 0.9721254355400697 0.462890625 0.9686411149825784 0.462890625 0.9581881533101045 0.46484375 0.9512195121951219 0.46875 0.9477351916376306 0.490234375 0.9512195121951219
0 0.6171875 0.47038327526132406 0.62109375 0.47038327526132406 0.62109375 0.5296167247386759 0.6171875 0.5331010452961672 0.61328125 0.5226480836236934 0.607421875 0.5226480836236934 0.60546875 0.519163763066202 0.6015625 0.519163763066202 0.59765625 0.5121951219512195 0.591796875 0.5121951219512195 0.591796875 0.5052264808362369 0.59375 0.5052264808362369 0.595703125 0.49825783972125437 0.59765625 0.49825783972125437 0.599609375 0.4912891986062718 0.607421875 0.4808362369337979 0.607421875 0.47735191637630664 0.615234375 0.47735191637630664 0.6171875 0.4738675958188153
0 0.44140625 0.627177700348432 0.4453125 0.6236933797909407 0.466796875 0.6236933797909407 0.466796875 0.6341463414634146 0.44140625 0.6341463414634146 0.44140625 0.6306620209059234
0 0.287109375 0.11498257839721254 0.3046875 0.11498257839721254 0.3046875 0.11846689895470383 0.30859375 0.12195121951219512 0.30859375 0.1254355400696864 0.3046875 0.1289198606271777 0.296875 0.1289198606271777 0.294921875 0.1254355400696864 0.287109375 0.1254355400696864 0.287109375 0.11846689895470383
0 0.333984375 0.17770034843205576 0.337890625 0.17770034843205576 0.337890625 0.18815331010452963 0.3359375 0.1916376306620209 0.330078125 0.1916376306620209 0.330078125 0.18466898954703834 0.333984375 0.18118466898954705
0 0.291015625 0.4529616724738676 0.29296875 0.4529616724738676 0.29296875 0.47735191637630664 0.291015625 0.4843205574912892 0.287109375 0.4843205574912892 0.28125 0.47735191637630664 0.275390625 0.47735191637630664 0.28125 0.47735191637630664 0.283203125 0.4738675958188153 0.283203125 0.46689895470383275 0.28515625 0.46689895470383275 0.287109375 0.45993031358885017 0.291015625 0.4564459930313589
0 0.255859375 0.3554006968641115 0.259765625 0.3519163763066202 0.26953125 0.3519163763066202 0.271484375 0.34843205574912894 0.28515625 0.34494773519163763 0.28515625 0.3797909407665505 0.28125 0.3797909407665505 0.279296875 0.3832752613240418 0.259765625 0.3832752613240418 0.255859375 0.3797909407665505 0.255859375 0.3588850174216028
0 0.310546875 0.03484320557491289 0.3125 0.03832752613240418 0.31640625 0.03832752613240418 0.31640625 0.04878048780487805 0.3125 0.04878048780487805 0.310546875 0.05226480836236934 0.298828125 0.05226480836236934 0.294921875 0.04878048780487805 0.294921875 0.03832752613240418 0.298828125 0.03484320557491289 0.30859375 0.03484320557491289
0 0.546875 0.08710801393728224 0.546875 0.10104529616724739 0.54296875 0.10104529616724739 0.541015625 0.10452961672473868 0.5390625 0.10452961672473868 0.5390625 0.09059233449477352 0.544921875 0.08710801393728224