0 0.45703125 0 0.49609375 0 0.49609375 0.003472222222222222 0.486328125 0.020833333333333332 0.4765625 0.024305555555555556 0.46484375 0.034722222222222224 0.458984375 0.034722222222222224 0.45703125 0.03125 0.44140625 0.052083333333333336 0.439453125 0.052083333333333336 0.447265625 0.034722222222222224 0.447265625 0.024305555555555556 0.44140625 0.013888888888888888 0.43359375 0.006944444444444444 0.435546875 0.003472222222222222 0.4453125 0.010416666666666666 0.451171875 0.010416666666666666 0.45703125 0.003472222222222222
0 0.3203125 0.7465277777777778 0.322265625 0.75 0.322265625 0.7673611111111112 0.310546875 0.7916666666666666 0.310546875 0.8194444444444444 0.30859375 0.8263888888888888 0.298828125 0.84375 0.29296875 0.84375 0.291015625 0.8402777777777778 0.2890625 0.7951388888888888 0.29296875 0.78125 0.29296875 0.7708333333333334 0.30078125 0.75 0.306640625 0.7430555555555556 0.31640625 0.7430555555555556 0.318359375 0.7465277777777778
0 0.255859375 0.5416666666666666 0.2578125 0.5416666666666666 0.265625 0.5590277777777778 0.279296875 0.5625 0.287109375 0.5694444444444444 0.298828125 0.5902777777777778 0.30078125 0.5902777777777778 0.310546875 0.6145833333333334 0.310546875 0.6354166666666666 0.30859375 0.6388888888888888 0.30078125 0.6388888888888888 0.29296875 0.6319444444444444 0.279296875 0.6319444444444444 0.275390625 0.6284722222222222 0.26953125 0.6180555555555556 0.265625 0.6041666666666666 0.265625 0.5972222222222222 0.26171875 0.5868055555555556 0.26171875 0.5763888888888888 0.259765625 0.5729166666666666 0.259765625 0.5555555555555556 0.255859375 0.5451388888888888
0 0.8125 0.5416666666666666 0.81640625 0.5486111111111112 0.81640625 0.5659722222222222 0.810546875 0.5729166666666666 0.80078125 0.5729166666666666 0.791015625 0.5659722222222222 0.794921875 0.5555555555555556 0.810546875 0.5416666666666666
0 0.59375 0.9201388888888888 0.595703125 0.9236111111111112 0.603515625 0.9236111111111112 0.609375 0.9305555555555556 0.61328125 0.9305555555555556 0.62890625 0.9513888888888888 0.62890625 0.9618055555555556 0.626953125 0.9652777777777778 0.611328125 0.96875 0.6015625 0.9756944444444444 0.5703125 0.9722222222222222 0.5546875 0.9618055555555556 0.55078125 0.9618055555555556 0.54296875 0.96875 0.53515625 0.9652777777777778 0.53515625 0.9479166666666666 0.533203125 0.9444444444444444 0.533203125 0.9375 0.53515625 0.9340277777777778 0.55078125 0.9340277777777778 0.55859375 0.9236111111111112 0.568359375 0.9236111111111112 0.5703125 0.9201388888888888 0.591796875 0.9201388888888888
0 0.791015625 0.6840277777777778 0.796875 0.6944444444444444 0.796875 0.7013888888888888 0.794921875 0.7048611111111112 0.77734375 0.7048611111111112 0.767578125 0.6979166666666666 0.76171875 0.6875 0.763671875 0.6805555555555556 0.76953125 0.6805555555555556 0.771484375 0.6770833333333334 0.787109375 0.6805555555555556 0.7890625 0.6840277777777778
0 0.955078125 0.5208333333333334 0.955078125 0.5347222222222222 0.9375 0.5729166666666666 0.9296875 0.5763888888888888 0.91796875 0.59375 0.91015625 0.59375 0.90234375 0.6076388888888888 0.884765625 0.5902777777777778 0.884765625 0.5868055555555556 0.892578125 0.5868055555555556 0.896484375 0.5833333333333334 0.900390625 0.5763888888888888 0.90625 0.5555555555555556 0.921875 0.5277777777777778 0.93359375 0.5243055555555556 0.935546875 0.5208333333333334 0.953125 0.5208333333333334
0 0.52734375 0.7673611111111112 0.53125 0.7743055555555556 0.537109375 0.7777777777777778 0.5390625 0.7847222222222222 0.5390625 0.7916666666666666 0.537109375 0.7951388888888888 0.533203125 0.7951388888888888 0.521484375 0.78125 0.517578125 0.7708333333333334 0.51953125 0.7673611111111112 0.525390625 0.7673611111111112
0 0 0.8541666666666666 0.005859375 0.8541666666666666 0.01953125 0.8680555555555556 0.033203125 0.8923611111111112 0.041015625 0.9236111111111112 0.041015625 0.9340277777777778 0.0390625 0.9375 0.02734375 0.9375 0.025390625 0.9340277777777778 0 0.9305555555555556 0 0.8576388888888888
0 0.162109375 0.40625 0.171875 0.4236111111111111 0.173828125 0.4236111111111111 0.181640625 0.4409722222222222 0.181640625 0.4513888888888889 0.17578125 0.4652777777777778 0.17578125 0.4756944444444444 0.173828125 0.4791666666666667 0.169921875 0.4791666666666667 0.166015625 0.4722222222222222 0.162109375 0.4722222222222222 0.15625 0.4652777777777778 0.150390625 0.4652777777777778 0.15234375 0.4618055555555556 0.150390625 0.4270833333333333 0.15234375 0.4201388888888889 0.158203125 0.4097222222222222 0.16015625 0.4097222222222222
0 0.380859375 0.7083333333333334 0.388671875 0.7291666666666666 0.384765625 0.7569444444444444 0.37109375 0.7569444444444444 0.369140625 0.7534722222222222 0.375 0.7326388888888888 0.375 0.7118055555555556 0.37890625 0.7083333333333334
0 0.3359375 0.2048611111111111 0.337890625 0.2048611111111111 0.337890625 0.2222222222222222 0.353515625 0.24305555555555555 0.359375 0.2465277777777778 0.369140625 0.2638888888888889 0.375 0.2847222222222222 0.375 0.3020833333333333 0.37109375 0.3020833333333333 0.361328125 0.2916666666666667 0.349609375 0.2881944444444444 0.345703125 0.28125 0.345703125 0.2777777777777778 0.3359375 0.2604166666666667 0.3359375 0.2534722222222222 0.330078125 0.23958333333333334 0.33203125 0.22569444444444445 0.3359375 0.2152777777777778 0.3359375 0.20833333333333334
0 0.404296875 0.4236111111111111 0.41015625 0.4305555555555556 0.416015625 0.4548611111111111 0.421875 0.4652777777777778 0.419921875 0.4722222222222222 0.4140625 0.4722222222222222 0.40625 0.4652777777777778 0.396484375 0.4479166666666667 0.392578125 0.4236111111111111 0.39453125 0.4201388888888889 0.400390625 0.4201388888888889 0.40234375 0.4236111111111111
0 0.556640625 0.4305555555555556 0.560546875 0.4409722222222222 0.560546875 0.4618055555555556 0.55859375 0.4652777777777778 0.552734375 0.4652777777777778 0.548828125 0.4583333333333333 0.55078125 0.4340277777777778 0.5546875 0.4305555555555556
0 0.28802083333333334 0.6555555555555556 0.03229166666666666 0.04259259259259259
0 0.75390625 0.5763888888888888 0.7578125 0.5833333333333334 0.7578125 0.5902777777777778 0.75 0.5972222222222222 0.732421875 0.59375 0.728515625 0.5868055555555556 0.728515625 0.5798611111111112 0.751953125 0.5763888888888888
0 0.513671875 0.013888888888888888 0.51953125 0.024305555555555556 0.51953125 0.04513888888888889 0.517578125 0.04861111111111111 0.517578125 0.059027777777777776 0.51171875 0.0798611111111111 0.505859375 0.09027777777777778 0.50390625 0.10416666666666667 0.5 0.1111111111111111 0.4921875 0.11458333333333333 0.48828125 0.12152777777777778 0.486328125 0.13541666666666666 0.48046875 0.14930555555555555 0.48046875 0.12152777777777778 0.474609375 0.11458333333333333 0.462890625 0.11458333333333333 0.47265625 0.10416666666666667 0.478515625 0.10416666666666667 0.484375 0.09722222222222222 0.4921875 0.0625 0.4921875 0.052083333333333336 0.5 0.024305555555555556 0.51171875 0.013888888888888888
0 0.427734375 0.6597222222222222 0.4296875 0.6631944444444444 0.435546875 0.6631944444444444 0.439453125 0.6701388888888888 0.439453125 0.6770833333333334 0.44140625 0.6805555555555556 0.44140625 0.6944444444444444 0.439453125 0.6979166666666666 0.43359375 0.6979166666666666 0.427734375 0.6875 0.42578125 0.6770833333333334 0.41796875 0.6631944444444444 0.419921875 0.6597222222222222 0.42578125 0.6597222222222222
0 0.333984375 0.5763888888888888 0.33984375 0.5729166666666666 0.3515625 0.5833333333333334 0.361328125 0.6006944444444444 0.365234375 0.6180555555555556 0.36328125 0.625 0.349609375 0.6180555555555556 0.33984375 0.6006944444444444 0.333984375 0.5798611111111112
0 0.123046875 0.7256944444444444 0.130859375 0.7291666666666666 0.142578125 0.7430555555555556 0.1640625 0.7430555555555556 0.166015625 0.7465277777777778 0.171875 0.7465277777777778 0.18359375 0.7569444444444444 0.19140625 0.7743055555555556 0.19140625 0.7847222222222222 0.171875 0.7847222222222222 0.15625 0.7743055555555556 0.150390625 0.7743055555555556 0.142578125 0.7673611111111112 0.1328125 0.75 0.1328125 0.7430555555555556 0.125 0.7291666666666666 0.123046875 0.7291666666666666
0 0.32786458333333335 0.712037037037037 0.04010416666666666 0.07592592592592592
0 0.3286458333333333 0.799074074074074 0.022916666666666665 0.03518518518518518
0 0.12109375 0.3090277777777778 0.123046875 0.3125 0.12109375 0.3333333333333333 0.115234375 0.3506944444444444 0.103515625 0.375 0.103515625 0.3819444444444444 0.099609375 0.3888888888888889 0.091796875 0.3888888888888889 0.087890625 0.3958333333333333 0.083984375 0.3958333333333333 0.076171875 0.3888888888888889 0.08203125 0.3784722222222222 0.08203125 0.3576388888888889 0.0859375 0.3402777777777778 0.08984375 0.3298611111111111 0.099609375 0.3159722222222222 0.109375 0.3090277777777778 0.119140625 0.3090277777777778
0 0.04296875 0.7395833333333334 0.04296875 0.7534722222222222 0.041015625 0.7604166666666666 0.033203125 0.78125 0.01953125 0.8020833333333334 0.013671875 0.7951388888888888 0.013671875 0.7881944444444444 0.01953125 0.7708333333333334 0.01953125 0.7638888888888888 0.03125 0.7430555555555556 0.03515625 0.7395833333333334 0.041015625 0.7395833333333334
0 0.763671875 0.06944444444444445 0.765625 0.07291666666666667 0.77734375 0.0763888888888889 0.783203125 0.08333333333333333 0.78515625 0.08680555555555555 0.78515625 0.10069444444444445 0.775390625 0.10069444444444445 0.7734375 0.10416666666666667 0.74609375 0.10416666666666667 0.7421875 0.1076388888888889 0.73046875 0.13194444444444445 0.7265625 0.13194444444444445 0.720703125 0.14583333333333334 0.716796875 0.1423611111111111 0.712890625 0.1284722222222222 0.716796875 0.11805555555555555 0.716796875 0.1111111111111111 0.7265625 0.09375 0.7265625 0.09027777777777778 0.740234375 0.06944444444444445 0.76171875 0.06944444444444445
0 0.427734375 0.2013888888888889 0.431640625 0.2048611111111111 0.435546875 0.2152777777777778 0.43359375 0.2152777777777778 0.42578125 0.22916666666666666 0.4140625 0.23958333333333334 0.400390625 0.23958333333333334 0.39453125 0.2465277777777778 0.39453125 0.2326388888888889 0.392578125 0.22569444444444445 0.39453125 0.22569444444444445 0.3984375 0.2152777777777778 0.412109375 0.2013888888888889 0.42578125 0.2013888888888889
0 0.626953125 0.5694444444444444 0.62890625 0.5763888888888888 0.62109375 0.5972222222222222 0.60546875 0.6215277777777778 0.59375 0.625 0.587890625 0.6354166666666666 0.587890625 0.6423611111111112 0.5859375 0.6458333333333334 0.583984375 0.6423611111111112 0.583984375 0.6319444444444444 0.576171875 0.6215277777777778 0.583984375 0.6180555555555556 0.587890625 0.6111111111111112 0.591796875 0.59375 0.599609375 0.5798611111111112 0.611328125 0.5694444444444444 0.625 0.5694444444444444
0 0.7890625 0.7951388888888888 0.79296875 0.7986111111111112 0.794921875 0.8090277777777778 0.798828125 0.8159722222222222 0.814453125 0.8125 0.8203125 0.8194444444444444 0.82421875 0.8194444444444444 0.845703125 0.8506944444444444 0.845703125 0.8611111111111112 0.83984375 0.8680555555555556 0.8125 0.8680555555555556 0.80859375 0.8645833333333334 0.806640625 0.8576388888888888 0.798828125 0.8506944444444444 0.798828125 0.8368055555555556 0.791015625 0.8263888888888888 0.79296875 0.8055555555555556 0.7890625 0.7986111111111112
0 0.46484375 0.7256944444444444 0.466796875 0.7291666666666666 0.466796875 0.7465277777777778 0.45703125 0.7673611111111112 0.453125 0.78125 0.43359375 0.8125 0.427734375 0.8159722222222222 0.419921875 0.8298611111111112 0.408203125 0.8263888888888888 0.404296875 0.8159722222222222 0.3984375 0.8090277777777778 0.400390625 0.8055555555555556 0.41015625 0.8055555555555556 0.4140625 0.8020833333333334 0.41796875 0.7951388888888888 0.41796875 0.7881944444444444 0.421875 0.7743055555555556 0.44140625 0.7361111111111112 0.453125 0.7256944444444444 0.462890625 0.7256944444444444
0 0.154296875 0.6354166666666666 0.16015625 0.6354166666666666 0.16796875 0.6215277777777778 0.169921875 0.6111111111111112 0.181640625 0.59375 0.185546875 0.59375 0.1875 0.5902777777777778 0.197265625 0.5902777777777778 0.201171875 0.5972222222222222 0.19921875 0.6111111111111112 0.1796875 0.6423611111111112 0.17578125 0.6458333333333334 0.1640625 0.6458333333333334 0.158203125 0.6388888888888888 0.154296875 0.6388888888888888
0 0.40234375 0.8125 0.40625 0.8159722222222222 0.412109375 0.8159722222222222 0.412109375 0.8229166666666666 0.4140625 0.8263888888888888 0.41796875 0.8263888888888888 0.42578125 0.8472222222222222 0.423828125 0.8611111111111112 0.431640625 0.8958333333333334 0.431640625 0.9201388888888888 0.43359375 0.9236111111111112 0.43359375 0.9409722222222222 0.4375 0.9548611111111112 0.4375 0.9791666666666666 0.439453125 0.9826388888888888 0.439453125 0.9895833333333334 0.435546875 0.9965277777777778 0.400390625 0.9965277777777778 0.400390625 0.96875 0.404296875 0.9513888888888888 0.404296875 0.9340277777777778 0.40625 0.9305555555555556 0.40625 0.9131944444444444 0.408203125 0.9097222222222222 0.408203125 0.8854166666666666 0.41015625 0.8819444444444444 0.41015625 0.8645833333333334 0.412109375 0.8611111111111112 0.412109375 0.8472222222222222 0.40234375 0.8159722222222222
0 0.82421875 0.9756944444444444 0.828125 0.9583333333333334 0.833984375 0.9479166666666666 0.833984375 0.9444444444444444 0.84375 0.9305555555555556 0.84765625 0.9305555555555556 0.849609375 0.9270833333333334 0.859375 0.9270833333333334 0.861328125 0.9305555555555556 0.859375 0.9444444444444444 0.845703125 0.96875 0.83984375 0.96875 0.83203125 0.9756944444444444 0.826171875 0.9756944444444444
0 0.49609375 0.5381944444444444 0.49609375 0.5486111111111112 0.48828125 0.5555555555555556 0.4765625 0.5555555555555556 0.474609375 0.5520833333333334 0.470703125 0.5520833333333334 0.46875 0.5451388888888888 0.4765625 0.53125 0.486328125 0.53125 0.494140625 0.5381944444444444
0 0 0.3784722222222222 0.00390625 0.375 0.009765625 0.375 0.013671875 0.3819444444444444 0.009765625 0.4236111111111111 0.001953125 0.4409722222222222 0 0.4409722222222222 0 0.3819444444444444
0 0.505859375 0.2465277777777778 0.509765625 0.2534722222222222 0.51171875 0.2708333333333333 0.50390625 0.2708333333333333 0.494140625 0.2847222222222222 0.48828125 0.2847222222222222 0.48046875 0.2916666666666667 0.47265625 0.2916666666666667 0.470703125 0.2881944444444444 0.458984375 0.2881944444444444 0.45703125 0.2847222222222222 0.45703125 0.2777777777777778 0.466796875 0.2604166666666667 0.4765625 0.25 0.50390625 0.25
0 0.166015625 0.3576388888888889 0.166015625 0.3680555555555556 0.1640625 0.3680555555555556 0.1484375 0.3958333333333333 0.13671875 0.40625 0.130859375 0.40625 0.123046875 0.4131944444444444 0.1171875 0.4131944444444444 0.115234375 0.4027777777777778 0.111328125 0.3958333333333333 0.11328125 0.3923611111111111 0.1171875 0.3923611111111111 0.134765625 0.3576388888888889 0.138671875 0.3576388888888889 0.140625 0.3541666666666667 0.162109375 0.3541666666666667 0.1640625 0.3576388888888889
0 0.83984375 0.3645833333333333 0.84375 0.3680555555555556 0.84375 0.3923611111111111 0.841796875 0.3993055555555556 0.814453125 0.4375 0.81640625 0.4340277777777778 0.81640625 0.4201388888888889 0.8125 0.4131944444444444 0.818359375 0.40625 0.8203125 0.3923611111111111 0.828125 0.3784722222222222 0.828125 0.375 0.837890625 0.3645833333333333
0 0.672395833984375 0.6666666666666666 0.659895833984375 0.6648148159722223 0.655729166015625 0.6685185173611111 0.666666666015625 0.6731481493055556 0.671875 0.6712962951388889 0.678645833984375 0.68240740625 0.6796875 0.6768518506944444 0.688541666015625 0.6666666666666666 0.6921875 0.6546296284722222 0.6921875 0.6407407395833333 0.6890625 0.6351851840277778 0.6859375 0.6351851840277778 0.678125 0.6435185173611111 0.674479166015625 0.65740740625 0.675 0.6620370381944444 0.672395833984375 0.6666666666666666
0 0.103645833984375 0.12222222222222223 0.105729166015625 0.12962962847222223 0.119791666015625 0.13055555555555556 0.13125 0.12685185069444443 0.14375 0.11203703819444444 0.1453125 0.10555555555555556 0.144791666015625 0.09166666666666666 0.140625 0.08518518402777778 0.133333333984375 0.08611111111111111 0.130729166015625 0.08333333333333333 0.130208333984375 0.08240740625 0.124479166015625 0.08611111111111111 0.1203125 0.09351851736111111 0.115625 0.09537037152777778 0.103645833984375 0.12222222222222223
0 0.514583333984375 0.18333333333333332 0.509375 0.18333333333333332 0.4984375 0.17592592708333332 0.494791666015625 0.17685185069444442 0.49375 0.17870370486111112 0.4953125 0.18333333333333332 0.506770833984375 0.19629629513888888 0.508854166015625 0.20185185069444445 0.500520833984375 0.2259259270833333 0.5 0.23425926041666667 0.502604166015625 0.23425926041666667 0.509375 0.2222222222222222 0.515104166015625 0.21666666666666667 0.521875 0.2138888888888889 0.530208333984375 0.22499999999999998 0.534895833984375 0.22777777777777775 0.5671875 0.22314814930555554 0.577604166015625 0.2138888888888889 0.583333333984375 0.19907407291666668 0.583854166015625 0.18148148263888889 0.582291666015625 0.17314814930555555 0.569270833984375 0.1537037048611111 0.5625 0.14907407291666666 0.554166666015625 0.14814814930555553 0.553645833984375 0.14722222222222223 0.542708333984375 0.15092592708333333 0.520833333984375 0.16759259375 0.51875 0.17870370486111112 0.514583333984375 0.18333333333333332