0 0.8203125 0.375 0.828125 0.3819444444444444 0.828125 0.4131944444444444 0.82421875 0.40625 0.8203125 0.4097222222222222 0.8046875 0.40625 0.791015625 0.3888888888888889 0.791015625 0.3784722222222222 0.79296875 0.375 0.818359375 0.375
0 0.251953125 0.5659722222222222 0.25390625 0.5694444444444444 0.265625 0.5694444444444444 0.267578125 0.5729166666666666 0.283203125 0.5798611111111112 0.298828125 0.59375 0.302734375 0.6006944444444444 0.302734375 0.6354166666666666 0.29296875 0.6458333333333334 0.279296875 0.6458333333333334 0.27734375 0.6493055555555556 0.25 0.65625 0.2421875 0.6631944444444444 0.19140625 0.6631944444444444 0.189453125 0.6597222222222222 0.185546875 0.6597222222222222 0.18359375 0.65625 0.18359375 0.6284722222222222 0.1796875 0.625 0.1796875 0.6180555555555556 0.181640625 0.6180555555555556 0.18359375 0.6111111111111112 0.19140625 0.6006944444444444 0.201171875 0.6006944444444444 0.203125 0.5972222222222222 0.197265625 0.5902777777777778 0.201171875 0.5798611111111112 0.21875 0.5763888888888888 0.220703125 0.5729166666666666 0.228515625 0.5729166666666666 0.23046875 0.5694444444444444 0.2421875 0.5694444444444444 0.244140625 0.5659722222222222 0.25 0.5659722222222222
0 0.666015625 0.13194444444444445 0.666015625 0.16319444444444445 0.662109375 0.16666666666666666 0.634765625 0.16666666666666666 0.6328125 0.1701388888888889 0.625 0.1701388888888889 0.623046875 0.16666666666666666 0.6015625 0.16666666666666666 0.59765625 0.16319444444444445 0.59765625 0.1527777777777778 0.603515625 0.14583333333333334 0.61328125 0.14583333333333334 0.615234375 0.1423611111111111 0.65625 0.1423611111111111 0.666015625 0.13541666666666666
0 0.74609375 0.4097222222222222 0.74609375 0.4236111111111111 0.740234375 0.4340277777777778 0.732421875 0.4340277777777778 0.73046875 0.4375 0.703125 0.4340277777777778 0.6953125 0.4409722222222222 0.6875 0.4409722222222222 0.677734375 0.4340277777777778 0.685546875 0.4305555555555556 0.69140625 0.4236111111111111 0.69921875 0.4236111111111111 0.701171875 0.4201388888888889 0.716796875 0.4201388888888889 0.71875 0.4166666666666667 0.734375 0.4166666666666667 0.744140625 0.4097222222222222
0 0.634765625 0.6041666666666666 0.646484375 0.6041666666666666 0.65234375 0.6111111111111112 0.658203125 0.6111111111111112 0.673828125 0.625 0.677734375 0.6319444444444444 0.69140625 0.6423611111111112 0.708984375 0.6666666666666666 0.712890625 0.6666666666666666 0.734375 0.6875 0.73046875 0.6909722222222222 0.728515625 0.6840277777777778 0.724609375 0.6840277777777778 0.72265625 0.6805555555555556 0.70703125 0.6805555555555556 0.697265625 0.6701388888888888 0.693359375 0.6701388888888888 0.685546875 0.6631944444444444 0.677734375 0.6631944444444444 0.671875 0.65625 0.66796875 0.65625 0.66015625 0.6458333333333334 0.65625 0.6458333333333334 0.646484375 0.6354166666666666 0.642578125 0.6354166666666666 0.634765625 0.6215277777777778 0.634765625 0.6076388888888888
0 0.6640625 0.22569444444444445 0.666015625 0.2326388888888889 0.662109375 0.2465277777777778 0.658203125 0.2465277777777778 0.654296875 0.2534722222222222 0.630859375 0.2534722222222222 0.626953125 0.2465277777777778 0.63671875 0.2361111111111111 0.642578125 0.2361111111111111 0.65625 0.22569444444444445 0.662109375 0.22569444444444445
0 0.373046875 0.4409722222222222 0.376953125 0.4409722222222222 0.37890625 0.4375 0.390625 0.4375 0.392578125 0.4340277777777778 0.400390625 0.4340277777777778 0.408203125 0.4270833333333333 0.4140625 0.4270833333333333 0.4140625 0.4479166666666667 0.408203125 0.4479166666666667 0.40625 0.4513888888888889 0.388671875 0.4513888888888889 0.38671875 0.4548611111111111 0.3828125 0.4548611111111111 0.380859375 0.4513888888888889 0.375 0.4513888888888889 0.373046875 0.4444444444444444
0 0.58984375 0.3993055555555556 0.62109375 0.3993055555555556 0.62109375 0.4166666666666667 0.609375 0.4166666666666667 0.607421875 0.4201388888888889 0.59765625 0.4201388888888889 0.595703125 0.4236111111111111 0.591796875 0.4236111111111111 0.587890625 0.4166666666666667 0.587890625 0.40625 0.58984375 0.4027777777777778
0 0.15625 0.3333333333333333 0.158203125 0.3368055555555556 0.1796875 0.3368055555555556 0.181640625 0.3402777777777778 0.193359375 0.3402777777777778 0.1953125 0.34375 0.205078125 0.3368055555555556 0.208984375 0.3402777777777778 0.208984375 0.3541666666666667 0.20703125 0.3576388888888889 0.1953125 0.3541666666666667 0.193359375 0.3576388888888889 0.17578125 0.3576388888888889 0.173828125 0.3611111111111111 0.162109375 0.3611111111111111 0.16015625 0.3645833333333333 0.11328125 0.3645833333333333 0.111328125 0.3611111111111111 0.09765625 0.3576388888888889 0.09765625 0.3506944444444444 0.1015625 0.34375 0.10546875 0.34375 0.107421875 0.3402777777777778 0.154296875 0.3333333333333333
0 0.337890625 0.5833333333333334 0.34765625 0.5833333333333334 0.349609375 0.5902777777777778 0.35546875 0.5902777777777778 0.36328125 0.5972222222222222 0.375 0.6006944444444444 0.375 0.6076388888888888 0.369140625 0.6215277777777778 0.34765625 0.625 0.337890625 0.6180555555555556 0.330078125 0.6076388888888888 0.33203125 0.59375 0.337890625 0.5868055555555556
0 0.654296875 0.09722222222222222 0.66015625 0.09722222222222222 0.66015625 0.10069444444444445 0.666015625 0.1076388888888889 0.666015625 0.1284722222222222 0.65234375 0.1284722222222222 0.650390625 0.13194444444444445 0.62109375 0.13194444444444445 0.619140625 0.13541666666666666 0.611328125 0.13541666666666666 0.60546875 0.1284722222222222 0.60546875 0.11458333333333333 0.609375 0.11458333333333333 0.611328125 0.1111111111111111 0.63671875 0.1076388888888889 0.638671875 0.10416666666666667 0.65234375 0.10416666666666667 0.654296875 0.10069444444444445
0 0.404296875 0.3090277777777778 0.40625 0.3159722222222222 0.40234375 0.3159722222222222 0.3984375 0.3229166666666667 0.390625 0.3229166666666667 0.3828125 0.3298611111111111 0.376953125 0.3298611111111111 0.37109375 0.3368055555555556 0.361328125 0.3368055555555556 0.357421875 0.34375 0.357421875 0.3506944444444444 0.3515625 0.3506944444444444 0.349609375 0.3541666666666667 0.337890625 0.3541666666666667 0.3359375 0.3576388888888889 0.328125 0.3576388888888889 0.32421875 0.3506944444444444 0.3203125 0.3506944444444444 0.322265625 0.3506944444444444 0.32421875 0.34375 0.3359375 0.3333333333333333 0.34765625 0.3298611111111111 0.361328125 0.3194444444444444 0.37109375 0.3194444444444444 0.373046875 0.3159722222222222 0.384765625 0.3159722222222222 0.38671875 0.3125 0.3984375 0.3125 0.40234375 0.3090277777777778
0 0.76171875 0.3611111111111111 0.775390625 0.3611111111111111 0.77734375 0.3680555555555556 0.791015625 0.3680555555555556 0.79296875 0.3715277777777778 0.796875 0.3715277777777778 0.796875 0.3784722222222222 0.78515625 0.3784722222222222 0.783203125 0.3819444444444444 0.771484375 0.3819444444444444 0.76953125 0.3854166666666667 0.740234375 0.3854166666666667 0.73828125 0.3819444444444444 0.740234375 0.375 0.748046875 0.3680555555555556 0.759765625 0.3680555555555556 0.76171875 0.3645833333333333
0 0.23046875 0.3541666666666667 0.240234375 0.3541666666666667 0.240234375 0.3680555555555556 0.23828125 0.3715277777777778 0.22265625 0.375 0.216796875 0.3819444444444444 0.212890625 0.3819444444444444 0.205078125 0.3923611111111111 0.197265625 0.3923611111111111 0.19140625 0.3993055555555556 0.185546875 0.3993055555555556 0.17578125 0.40625 0.166015625 0.40625 0.15625 0.4131944444444444 0.146484375 0.4131944444444444 0.140625 0.40625 0.13671875 0.40625 0.158203125 0.3854166666666667 0.162109375 0.3854166666666667 0.17578125 0.375 0.193359375 0.3715277777777778 0.201171875 0.3645833333333333 0.228515625 0.3611111111111111 0.23046875 0.3576388888888889
0 0.234375 0.3125 0.248046875 0.3125 0.248046875 0.3159722222222222 0.251953125 0.3194444444444444 0.251953125 0.3298611111111111 0.248046875 0.3298611111111111 0.24609375 0.3333333333333333 0.22265625 0.3333333333333333 0.220703125 0.3298611111111111 0.21484375 0.3298611111111111 0.216796875 0.3298611111111111 0.22265625 0.3194444444444444 0.232421875 0.3194444444444444 0.234375 0.3159722222222222
0 0.64453125 0.059027777777777776 0.658203125 0.059027777777777776 0.66015625 0.06597222222222222 0.66015625 0.09027777777777778 0.6328125 0.09722222222222222 0.630859375 0.09375 0.625 0.09375 0.615234375 0.08680555555555555 0.615234375 0.0798611111111111 0.623046875 0.07291666666666667 0.63671875 0.06944444444444445 0.64453125 0.0625
0 0.236328125 0.3541666666666667 0.2421875 0.3541666666666667 0.2421875 0.3611111111111111 0.244140625 0.3645833333333333 0.25 0.3645833333333333 0.25 0.3715277777777778 0.251953125 0.375 0.255859375 0.375 0.263671875 0.3819444444444444 0.279296875 0.3819444444444444 0.28125 0.3784722222222222 0.29296875 0.375 0.29296875 0.3923611111111111 0.279296875 0.3923611111111111 0.27734375 0.3958333333333333 0.263671875 0.3993055555555556 0.2578125 0.4097222222222222 0.259765625 0.4131944444444444 0.259765625 0.4201388888888889 0.2578125 0.4236111111111111 0.251953125 0.4236111111111111 0.248046875 0.4166666666666667 0.201171875 0.4201388888888889 0.197265625 0.4166666666666667 0.197265625 0.40625 0.20703125 0.3958333333333333 0.220703125 0.3923611111111111 0.23046875 0.3854166666666667 0.240234375 0.3854166666666667 0.25 0.3784722222222222 0.251953125 0.375 0.25 0.3715277777777778 0.23828125 0.3715277777777778 0.240234375 0.3645833333333333 0.236328125 0.3611111111111111 0.236328125 0.3576388888888889
0 0.31640625 0.3923611111111111 0.31640625 0.3819444444444444 0.32421875 0.3715277777777778 0.361328125 0.3715277777777778 0.361328125 0.3819444444444444 0.341796875 0.3923611111111111 0.33984375 0.3958333333333333 0.322265625 0.3958333333333333 0.318359375 0.3923611111111111
0 0.337890625 0.3090277777777778 0.34375 0.3090277777777778 0.34375 0.3298611111111111 0.341796875 0.3333333333333333 0.337890625 0.3333333333333333 0.333984375 0.3402777777777778 0.32421875 0.3402777777777778 0.322265625 0.34375 0.3125 0.34375 0.310546875 0.3472222222222222 0.29296875 0.3472222222222222 0.291015625 0.34375 0.294921875 0.3333333333333333 0.298828125 0.3333333333333333 0.3125 0.3229166666666667 0.326171875 0.3194444444444444 0.328125 0.3159722222222222 0.3359375 0.3159722222222222 0.337890625 0.3125
0 0.21484375 0.2708333333333333 0.236328125 0.2708333333333333 0.23828125 0.2777777777777778 0.29296875 0.2777777777777778 0.29296875 0.2916666666666667 0.28515625 0.3020833333333333 0.255859375 0.3020833333333333 0.25390625 0.3055555555555556 0.244140625 0.3055555555555556 0.2421875 0.3090277777777778 0.21875 0.3090277777777778 0.21484375 0.3020833333333333 0.20703125 0.3020833333333333 0.197265625 0.2951388888888889 0.197265625 0.28125 0.201171875 0.2777777777777778 0.212890625 0.2777777777777778 0.21484375 0.2743055555555556
0 0.23828125 0.2361111111111111 0.23828125 0.22916666666666666 0.244140625 0.21875 0.25 0.21180555555555555 0.2578125 0.20833333333333334 0.265625 0.19791666666666666 0.275390625 0.19444444444444445 0.279296875 0.1875 0.29296875 0.1875 0.294921875 0.1840277777777778 0.3046875 0.1840277777777778 0.314453125 0.17708333333333334 0.31640625 0.17708333333333334 0.31640625 0.1875 0.310546875 0.19791666666666666 0.306640625 0.21180555555555555 0.306640625 0.2222222222222222 0.298828125 0.2222222222222222 0.296875 0.22569444444444445 0.2890625 0.22569444444444445 0.287109375 0.22916666666666666 0.271484375 0.22916666666666666 0.26953125 0.2326388888888889 0.26171875 0.2326388888888889 0.259765625 0.2361111111111111 0.240234375 0.2361111111111111
0 0.19140625 0.4166666666666667 0.193359375 0.4201388888888889 0.208984375 0.4201388888888889 0.208984375 0.4270833333333333 0.205078125 0.4305555555555556 0.185546875 0.4340277777777778 0.18359375 0.4375 0.17578125 0.4375 0.173828125 0.4409722222222222 0.162109375 0.4409722222222222 0.16015625 0.4444444444444444 0.146484375 0.4444444444444444 0.14453125 0.4479166666666667 0.115234375 0.4479166666666667 0.103515625 0.4583333333333333 0.095703125 0.4513888888888889 0.09375 0.4444444444444444 0.08984375 0.4409722222222222 0.091796875 0.4409722222222222 0.09765625 0.4305555555555556 0.12890625 0.4305555555555556 0.14453125 0.4201388888888889 0.158203125 0.4201388888888889 0.16015625 0.4166666666666667 0.189453125 0.4166666666666667
0 0.90625 0.4166666666666667 0.921875 0.4270833333333333 0.9375 0.4270833333333333 0.9375 0.4340277777777778 0.93359375 0.4375 0.9140625 0.4375 0.912109375 0.4409722222222222 0.892578125 0.4409722222222222 0.876953125 0.4236111111111111 0.876953125 0.4201388888888889 0.884765625 0.4131944444444444 0.904296875 0.4166666666666667
0 0.119140625 0.2708333333333333 0.138671875 0.2708333333333333 0.14453125 0.2777777777777778 0.1484375 0.2777777777777778 0.15234375 0.2847222222222222 0.15234375 0.2986111111111111 0.1484375 0.2986111111111111 0.146484375 0.3020833333333333 0.13671875 0.3020833333333333 0.125 0.2881944444444444 0.119140625 0.2743055555555556
0 0.3671875 0.3194444444444444 0.37109375 0.3194444444444444 0.369140625 0.3333333333333333 0.365234375 0.3333333333333333 0.361328125 0.34375 0.357421875 0.3472222222222222 0.357421875 0.3506944444444444 0.33984375 0.3541666666666667 0.337890625 0.3576388888888889 0.328125 0.3576388888888889 0.322265625 0.3506944444444444 0.3359375 0.3368055555555556 0.341796875 0.3368055555555556 0.34375 0.3333333333333333 0.349609375 0.3333333333333333 0.3515625 0.3298611111111111 0.365234375 0.3263888888888889 0.3671875 0.3229166666666667
0 0.6328125 0.3472222222222222 0.6328125 0.3819444444444444 0.62890625 0.3854166666666667 0.6015625 0.3854166666666667 0.599609375 0.3888888888888889 0.595703125 0.3888888888888889 0.591796875 0.3854166666666667 0.591796875 0.3645833333333333 0.603515625 0.3611111111111111 0.609375 0.3541666666666667 0.630859375 0.3506944444444444
0 0.869140625 0.4965277777777778 0.888671875 0.4965277777777778 0.890625 0.5034722222222222 0.9140625 0.5069444444444444 0.923828125 0.5138888888888888 0.939453125 0.5173611111111112 0.9453125 0.5243055555555556 0.94921875 0.5243055555555556 0.953125 0.53125 0.97265625 0.5347222222222222 0.97265625 0.5416666666666666 0.962890625 0.5486111111111112 0.95703125 0.5486111111111112 0.955078125 0.5451388888888888 0.94140625 0.5451388888888888 0.939453125 0.5416666666666666 0.90625 0.5416666666666666 0.904296875 0.5381944444444444 0.896484375 0.5381944444444444 0.888671875 0.53125 0.880859375 0.53125 0.865234375 0.5173611111111112 0.865234375 0.5138888888888888 0.861328125 0.5104166666666666 0.861328125 0.5034722222222222 0.8671875 0.5034722222222222 0.869140625 0.5
0 0.3671875 0.3854166666666667 0.392578125 0.3854166666666667 0.39453125 0.3888888888888889 0.416015625 0.3923611111111111 0.416015625 0.4027777777777778 0.388671875 0.4097222222222222 0.38671875 0.40625 0.369140625 0.4027777777777778 0.36328125 0.3958333333333333 0.36328125 0.3923611111111111 0.3671875 0.3888888888888889
0 0.197265625 0.21875 0.205078125 0.21180555555555555 0.208984375 0.21180555555555555 0.21875 0.2013888888888889 0.232421875 0.19791666666666666 0.234375 0.19444444444444445 0.244140625 0.1909722222222222 0.25 0.1840277777777778 0.27734375 0.18055555555555555 0.28125 0.17708333333333334 0.28125 0.1875 0.279296875 0.1909722222222222 0.267578125 0.2013888888888889 0.263671875 0.2013888888888889 0.255859375 0.21180555555555555 0.248046875 0.21875 0.23828125 0.2222222222222222 0.232421875 0.22916666666666666 0.216796875 0.22916666666666666 0.21484375 0.2326388888888889 0.20703125 0.2326388888888889 0.205078125 0.2361111111111111 0.1953125 0.2361111111111111 0.189453125 0.22916666666666666 0.197265625 0.2222222222222222
0 0.076171875 0.34375 0.0859375 0.3333333333333333 0.095703125 0.3333333333333333 0.09765625 0.3298611111111111 0.10546875 0.3298611111111111 0.107421875 0.3263888888888889 0.12109375 0.3263888888888889 0.123046875 0.3229166666666667 0.140625 0.3229166666666667 0.142578125 0.3194444444444444 0.15234375 0.3194444444444444 0.15234375 0.3298611111111111 0.1484375 0.3298611111111111 0.146484375 0.3333333333333333 0.130859375 0.3333333333333333 0.12890625 0.3368055555555556 0.119140625 0.3368055555555556 0.1171875 0.3402777777777778 0.10546875 0.3402777777777778 0.09765625 0.3576388888888889 0.0859375 0.3576388888888889 0.080078125 0.3506944444444444 0.076171875 0.3506944444444444 0.076171875 0.3472222222222222
0 0.759765625 0.3541666666666667 0.759765625 0.3472222222222222 0.76953125 0.3368055555555556 0.783203125 0.3333333333333333 0.79296875 0.3263888888888889 0.810546875 0.3263888888888889 0.8125 0.3298611111111111 0.8125 0.3472222222222222 0.810546875 0.3506944444444444 0.798828125 0.3541666666666667 0.796875 0.3576388888888889 0.763671875 0.3576388888888889 0.76171875 0.3541666666666667
0 0.40625 0.3090277777777778 0.41015625 0.3159722222222222 0.41015625 0.3402777777777778 0.400390625 0.3402777777777778 0.3984375 0.34375 0.380859375 0.3472222222222222 0.37890625 0.3506944444444444 0.359375 0.3506944444444444 0.357421875 0.3472222222222222 0.353515625 0.3472222222222222 0.353515625 0.34375 0.365234375 0.3298611111111111 0.373046875 0.3298611111111111 0.375 0.3263888888888889 0.38671875 0.3229166666666667 0.388671875 0.3159722222222222 0.404296875 0.3125
0 0.134765625 0.23958333333333334 0.13671875 0.24305555555555555 0.14453125 0.24305555555555555 0.14453125 0.2604166666666667 0.13671875 0.2569444444444444 0.134765625 0.2604166666666667 0.125 0.2604166666666667 0.123046875 0.2638888888888889 0.11328125 0.2604166666666667 0.111328125 0.2638888888888889 0.095703125 0.2638888888888889 0.09375 0.2673611111111111 0.056640625 0.2673611111111111 0.0546875 0.2638888888888889 0.05078125 0.2638888888888889 0.048828125 0.2604166666666667 0.048828125 0.2534722222222222 0.05859375 0.24305555555555555 0.064453125 0.24305555555555555 0.06640625 0.23958333333333334 0.083984375 0.23958333333333334 0.0859375 0.2361111111111111 0.126953125 0.2361111111111111 0.12890625 0.23958333333333334 0.1328125 0.23958333333333334
0 0.72265625 0.14930555555555555 0.732421875 0.1597222222222222 0.736328125 0.1597222222222222 0.744140625 0.16666666666666666 0.748046875 0.1736111111111111 0.748046875 0.1840277777777778 0.740234375 0.1909722222222222 0.73046875 0.1909722222222222 0.728515625 0.19444444444444445 0.71484375 0.19791666666666666 0.712890625 0.2013888888888889 0.701171875 0.2013888888888889 0.697265625 0.19791666666666666 0.69140625 0.17708333333333334 0.69140625 0.16319444444444445 0.697265625 0.1527777777777778 0.701171875 0.1527777777777778 0.703125 0.14930555555555555 0.720703125 0.14930555555555555