0 0.384765625 0.39372822299651566 0.388671875 0.39372822299651566 0.400390625 0.4076655052264808 0.404296875 0.4076655052264808 0.41015625 0.40069686411149824 0.423828125 0.40069686411149824 0.43359375 0.41114982578397213 0.439453125 0.42857142857142855 0.435546875 0.43205574912891986 0.431640625 0.4250871080139373 0.41796875 0.42857142857142855 0.408203125 0.42160278745644597 0.400390625 0.42160278745644597 0.3984375 0.42857142857142855 0.392578125 0.43902439024390244 0.390625 0.43902439024390244 0.390625 0.43205574912891986 0.39453125 0.4181184668989547 0.384765625 0.397212543554007
0 0.576171875 0.867595818815331 0.578125 0.867595818815331 0.578125 0.8815331010452961 0.57421875 0.8885017421602788 0.57421875 0.8989547038327527 0.5703125 0.9024390243902439 0.56640625 0.9024390243902439 0.564453125 0.8989547038327527 0.564453125 0.89198606271777 0.56640625 0.89198606271777 0.576171875 0.8745644599303136 0.576171875 0.8710801393728222
0 0.353515625 0.7038327526132404 0.357421875 0.7038327526132404 0.361328125 0.710801393728223 0.357421875 0.7212543554006968 0.353515625 0.7212543554006968 0.349609375 0.7177700348432056 0.353515625 0.7073170731707317
0 0.533203125 0.05574912891986063 0.5390625 0.04878048780487805 0.544921875 0.04878048780487805 0.548828125 0.05574912891986063 0.544921875 0.06620209059233449 0.541015625 0.06620209059233449 0.53515625 0.059233449477351915
0 0.58984375 0.9337979094076655 0.6015625 0.9337979094076655 0.6015625 0.9372822299651568 0.6171875 0.9616724738675958 0.619140625 0.9686411149825784 0.619140625 0.9790940766550522 0.62109375 0.9825783972125436 0.625 0.9860627177700348 0.6328125 0.9860627177700348 0.634765625 0.9895470383275261 0.634765625 0.9930313588850174 0.630859375 0.9930313588850174 0.62890625 0.9965156794425087 0.58984375 0.9965156794425087 0.576171875 0.9721254355400697 0.576171875 0.9581881533101045 0.58984375 0.9372822299651568
0 0.5390625 0.5505226480836237 0.54296875 0.5470383275261324 0.548828125 0.5470383275261324 0.5546875 0.554006968641115 0.556640625 0.5609756097560976 0.5546875 0.5679442508710801 0.556640625 0.5749128919860628 0.5546875 0.578397212543554 0.5546875 0.5923344947735192 0.55078125 0.5853658536585366 0.541015625 0.5505226480836237
0 0.5 0.43902439024390244 0.50390625 0.445993031358885 0.501953125 0.4529616724738676 0.4921875 0.4529616724738676 0.490234375 0.44947735191637633 0.490234375 0.445993031358885 0.498046875 0.43902439024390244
0 0.6594464500601684 0.8672981211503709 0.01684717208182912 0.045082328079598485
0 0.44921875 0.08013937282229965 0.451171875 0.08362369337979095 0.455078125 0.08362369337979095 0.458984375 0.09059233449477352 0.45703125 0.09407665505226481 0.4453125 0.09407665505226481 0.443359375 0.08710801393728224 0.447265625 0.08362369337979095
0 0.6015625 0.662020905923345 0.607421875 0.662020905923345 0.607421875 0.6655052264808362 0.61328125 0.6724738675958188 0.62890625 0.6724738675958188 0.62890625 0.686411149825784 0.63671875 0.7038327526132404 0.634765625 0.7142857142857143 0.626953125 0.7247386759581882 0.61328125 0.7247386759581882 0.611328125 0.7212543554006968 0.607421875 0.7282229965156795 0.599609375 0.7282229965156795 0.595703125 0.7317073170731707 0.59375 0.7282229965156795 0.59765625 0.7247386759581882 0.59765625 0.7073170731707317 0.599609375 0.7038327526132404 0.599609375 0.6689895470383276 0.6015625 0.6655052264808362
0 0.697265625 0.4076655052264808 0.697265625 0.4529616724738676 0.693359375 0.4529616724738676 0.68359375 0.4425087108013937 0.685546875 0.42857142857142855 0.689453125 0.42160278745644597 0.69140625 0.41114982578397213 0.6953125 0.4076655052264808
0 0.498046875 0.5505226480836237 0.5 0.554006968641115 0.498046875 0.5609756097560976 0.4921875 0.5609756097560976 0.4921875 0.554006968641115 0.49609375 0.5505226480836237
0 0.380859375 0.0313588850174216 0.396484375 0.0313588850174216 0.3984375 0.03832752613240418 0.3984375 0.04529616724738676 0.396484375 0.04878048780487805 0.388671875 0.04878048780487805 0.3828125 0.03832752613240418 0.3828125 0.03484320557491289
0 0.349609375 0.397212543554007 0.3515625 0.40418118466898956 0.3515625 0.4181184668989547 0.34375 0.4146341463414634 0.34375 0.40418118466898956 0.34765625 0.40418118466898956 0.349609375 0.40069686411149824
0 0.474609375 0.49825783972125437 0.48046875 0.4912891986062718 0.490234375 0.4912891986062718 0.498046875 0.49825783972125437 0.498046875 0.5052264808362369 0.490234375 0.5052264808362369 0.48828125 0.5087108013937283 0.4765625 0.5087108013937283 0.474609375 0.5017421602787456
0 0.423828125 0.710801393728223 0.431640625 0.7212543554006968 0.439453125 0.7177700348432056 0.4375 0.7212543554006968 0.4375 0.7386759581881533 0.421875 0.7386759581881533 0.419921875 0.7421602787456446 0.416015625 0.7386759581881533 0.408203125 0.7386759581881533 0.40234375 0.7282229965156795 0.40234375 0.7247386759581882 0.412109375 0.710801393728223 0.421875 0.710801393728223
0 0.68359375 0.003484320557491289 0.685546875 0.003484320557491289 0.685546875 0.010452961672473868 0.6796875 0.03484320557491289 0.673828125 0.04529616724738676 0.666015625 0.05226480836236934 0.658203125 0.05226480836236934 0.658203125 0.04878048780487805 0.654296875 0.04529616724738676 0.650390625 0.03484320557491289 0.64453125 0.027874564459930314 0.640625 0.027874564459930314 0.67578125 0.027874564459930314 0.681640625 0.017421602787456445 0.68359375 0.006968641114982578
0 0.369140625 0.13937282229965156 0.375 0.13937282229965156 0.37890625 0.14982578397212543 0.37109375 0.14982578397212543 0.369140625 0.14285714285714285
0 0.66015625 0.7003484320557491 0.662109375 0.7038327526132404 0.671875 0.7038327526132404 0.673828125 0.7073170731707317 0.681640625 0.7073170731707317 0.68359375 0.710801393728223 0.697265625 0.710801393728223 0.697265625 0.8327526132404182 0.69140625 0.8257839721254355 0.685546875 0.8048780487804879 0.685546875 0.794425087108014 0.68359375 0.7874564459930313 0.673828125 0.7700348432055749 0.662109375 0.7630662020905923 0.646484375 0.7386759581881533 0.62890625 0.7212543554006968 0.634765625 0.7142857142857143 0.638671875 0.7038327526132404 0.642578125 0.7038327526132404 0.64453125 0.7003484320557491 0.658203125 0.7003484320557491
0 0.359375 0.4355400696864111 0.361328125 0.4355400696864111 0.36328125 0.4425087108013937 0.3671875 0.4425087108013937 0.373046875 0.44947735191637633 0.376953125 0.445993031358885 0.376953125 0.4529616724738676 0.375 0.4564459930313589 0.36328125 0.4564459930313589 0.361328125 0.4529616724738676 0.35546875 0.4529616724738676 0.35546875 0.4425087108013937 0.359375 0.43902439024390244
0 0.341796875 0.47735191637630664 0.34375 0.47735191637630664 0.34765625 0.4878048780487805 0.345703125 0.5087108013937283 0.341796875 0.5121951219512195 0.33984375 0.5087108013937283 0.33984375 0.4843205574912892 0.341796875 0.4808362369337979
0 0.537109375 0.289198606271777 0.546875 0.289198606271777 0.546875 0.2926829268292683 0.55078125 0.2961672473867596 0.55078125 0.31010452961672474 0.548828125 0.313588850174216 0.544921875 0.313588850174216 0.537109375 0.30662020905923343 0.53515625 0.29965156794425085 0.537109375 0.2926829268292683
0 0.693359375 0.4738675958188153 0.697265625 0.47735191637630664 0.697265625 0.5087108013937283 0.689453125 0.5017421602787456 0.67578125 0.5017421602787456 0.673828125 0.49825783972125437 0.669921875 0.49825783972125437 0.658203125 0.4843205574912892 0.66796875 0.47038327526132406 0.685546875 0.47038327526132406 0.6875 0.4738675958188153 0.69140625 0.4738675958188153
0 0.677734375 0.2578397212543554 0.6875 0.2578397212543554 0.6875 0.2613240418118467 0.6953125 0.27177700348432055 0.6953125 0.2787456445993031 0.693359375 0.2787456445993031 0.689453125 0.289198606271777 0.681640625 0.2961672473867596 0.666015625 0.2961672473867596 0.6640625 0.2926829268292683 0.66015625 0.2926829268292683 0.654296875 0.29965156794425085 0.65234375 0.29965156794425085 0.65234375 0.2926829268292683 0.650390625 0.289198606271777 0.65234375 0.28222996515679444 0.654296875 0.2857142857142857 0.66015625 0.2857142857142857 0.666015625 0.27177700348432055 0.677734375 0.2613240418118467
0 0.4921875 0.34494773519163763 0.49609375 0.34494773519163763 0.5 0.3623693379790941 0.5 0.3797909407665505 0.498046875 0.3797909407665505 0.49609375 0.3693379790940767 0.4921875 0.36585365853658536 0.4921875 0.34843205574912894
0 0.607421875 0.662020905923345 0.61328125 0.6689895470383276 0.62890625 0.6689895470383276 0.62890625 0.686411149825784 0.6328125 0.6898954703832753 0.63671875 0.7003484320557491 0.66015625 0.7003484320557491 0.662109375 0.7038327526132404 0.673828125 0.7038327526132404 0.67578125 0.7073170731707317 0.68359375 0.7073170731707317 0.685546875 0.710801393728223 0.697265625 0.710801393728223 0.697265625 0.8327526132404182 0.6953125 0.8327526132404182 0.6875 0.8048780487804879 0.6875 0.794425087108014 0.685546875 0.7874564459930313 0.67578125 0.7700348432055749 0.6640625 0.7630662020905923 0.6484375 0.7386759581881533 0.64453125 0.7386759581881533 0.634765625 0.7247386759581882 0.630859375 0.7212543554006968 0.609375 0.7212543554006968 0.599609375 0.7317073170731707 0.59375 0.7282229965156795 0.59375 0.7247386759581882 0.59765625 0.7212543554006968 0.59765625 0.7038327526132404 0.599609375 0.7003484320557491 0.599609375 0.6689895470383276 0.60546875 0.662020905923345
0 0.5390625 0.08710801393728224 0.5390625 0.0975609756097561 0.53515625 0.10104529616724739 0.529296875 0.10104529616724739 0.525390625 0.0975609756097561 0.53125 0.09059233449477352 0.537109375 0.09059233449477352
0 0.345703125 0.29965156794425085 0.3515625 0.29965156794425085 0.35546875 0.313588850174216 0.365234375 0.3344947735191638 0.365234375 0.34843205574912894 0.36328125 0.3554006968641115 0.35546875 0.3554006968641115 0.353515625 0.3519163763066202 0.3359375 0.3519163763066202 0.3359375 0.3205574912891986 0.33984375 0.3170731707317073 0.345703125 0.30313588850174217
0 0.51953125 0.6376306620209059 0.5234375 0.6411149825783972 0.5234375 0.6515679442508711 0.525390625 0.6585365853658537 0.51953125 0.6689895470383276 0.513671875 0.6689895470383276 0.51171875 0.6655052264808362 0.513671875 0.6655052264808362 0.51953125 0.6515679442508711 0.51953125 0.6411149825783972