0 0.6484375 0.4425087108013937 0.669921875 0.4425087108013937 0.669921875 0.44947735191637633 0.6640625 0.4564459930313589 0.6640625 0.47038327526132406 0.66796875 0.4738675958188153 0.66796875 0.5052264808362369 0.666015625 0.5052264808362369 0.662109375 0.5156794425087108 0.658203125 0.5156794425087108 0.65625 0.519163763066202 0.6484375 0.5156794425087108 0.6484375 0.5052264808362369 0.64453125 0.5017421602787456 0.64453125 0.47735191637630664 0.646484375 0.47735191637630664 0.6484375 0.4738675958188153 0.6484375 0.46689895470383275 0.654296875 0.45993031358885017 0.654296875 0.4529616724738676 0.6484375 0.445993031358885
0 0.634765625 0.6898954703832753 0.640625 0.6898954703832753 0.640625 0.7038327526132404 0.638671875 0.7038327526132404 0.63671875 0.710801393728223 0.642578125 0.7177700348432056 0.642578125 0.7630662020905923 0.638671875 0.7630662020905923 0.6328125 0.7700348432055749 0.62890625 0.759581881533101 0.625 0.7560975609756098 0.623046875 0.7491289198606271 0.62109375 0.7491289198606271 0.62109375 0.7456445993031359 0.625 0.7421602787456446 0.625 0.7212543554006968 0.62890625 0.7177700348432056 0.62890625 0.7142857142857143 0.625 0.710801393728223 0.623046875 0.7038327526132404 0.62109375 0.7038327526132404 0.634765625 0.6933797909407665
0 0.5546875 0.24390243902439024 0.5625 0.24041811846689895 0.5625 0.289198606271777 0.55859375 0.289198606271777 0.556640625 0.2926829268292683 0.55078125 0.289198606271777 0.55078125 0.2578397212543554 0.5546875 0.25435540069686413 0.5546875 0.24738675958188153
0 0.484375 0.003484320557491289 0.484375 0.013937282229965157 0.482421875 0.017421602787456445 0.474609375 0.020905923344947737 0.466796875 0.0313588850174216 0.458984375 0.027874564459930314 0.470703125 0.013937282229965157 0.478515625 0.006968641114982578 0.482421875 0.006968641114982578
0 0.578125 0.6341463414634146 0.58203125 0.6341463414634146 0.58203125 0.6480836236933798 0.568359375 0.6480836236933798 0.568359375 0.6411149825783972 0.576171875 0.6411149825783972 0.578125 0.6376306620209059
0 0.50390625 0.21951219512195122 0.509765625 0.21951219512195122 0.509765625 0.24390243902439024 0.50390625 0.24390243902439024 0.501953125 0.23693379790940766 0.49609375 0.23693379790940766 0.49609375 0.22996515679442509 0.501953125 0.22996515679442509 0.50390625 0.2229965156794425
0 0.482421875 0.29965156794425085 0.486328125 0.29965156794425085 0.486328125 0.3170731707317073 0.482421875 0.3170731707317073 0.482421875 0.30313588850174217
0 0.662109375 0.9547038327526133 0.673828125 0.9547038327526133 0.673828125 0.9790940766550522 0.669921875 0.9825783972125436 0.666015625 0.9825783972125436 0.662109375 0.9790940766550522 0.66015625 0.9721254355400697 0.65625 0.9721254355400697 0.65625 0.9616724738675958 0.66015625 0.9616724738675958 0.662109375 0.9581881533101045
0 0.498046875 0.27177700348432055 0.501953125 0.27177700348432055 0.501953125 0.29965156794425085 0.498046875 0.29965156794425085 0.49609375 0.30313588850174217 0.494140625 0.29965156794425085 0.48828125 0.29965156794425085 0.48828125 0.2961672473867596 0.49609375 0.2961672473867596 0.498046875 0.2926829268292683 0.498046875 0.27526132404181186
0 0.638671875 0.4738675958188153 0.6484375 0.4738675958188153 0.6484375 0.47735191637630664 0.65234375 0.4808362369337979 0.65234375 0.5400696864111498 0.642578125 0.5400696864111498 0.63671875 0.5470383275261324 0.634765625 0.5400696864111498 0.626953125 0.5365853658536586 0.626953125 0.5226480836236934 0.630859375 0.519163763066202 0.630859375 0.5087108013937283 0.634765625 0.5052264808362369 0.634765625 0.4912891986062718 0.638671875 0.4878048780487805 0.638671875 0.47735191637630664
0 0.521484375 0.23693379790940766 0.52734375 0.23693379790940766 0.52734375 0.2682926829268293 0.525390625 0.2682926829268293 0.5234375 0.27526132404181186 0.521484375 0.27526132404181186 0.521484375 0.24041811846689895
0 0.53515625 0.024390243902439025 0.541015625 0.024390243902439025 0.544921875 0.03484320557491289 0.55078125 0.03484320557491289 0.5546875 0.0313588850174216 0.556640625 0.024390243902439025 0.556640625 0.03484320557491289 0.552734375 0.03484320557491289 0.548828125 0.041811846689895474 0.55078125 0.04878048780487805 0.548828125 0.0627177700348432 0.544921875 0.06620209059233449 0.54296875 0.07317073170731707 0.5390625 0.07665505226480836 0.5390625 0.08013937282229965 0.53515625 0.08013937282229965 0.533203125 0.08362369337979095 0.52734375 0.08362369337979095 0.525390625 0.08710801393728224 0.5078125 0.08362369337979095 0.5078125 0.05226480836236934 0.51953125 0.05226480836236934 0.529296875 0.041811846689895474 0.533203125 0.041811846689895474 0.53515625 0.03832752613240418 0.53515625 0.027874564459930314
0 0.625 0.2578397212543554 0.626953125 0.2613240418118467 0.640625 0.2613240418118467 0.646484375 0.2682926829268293 0.646484375 0.27177700348432055 0.65234375 0.2787456445993031 0.658203125 0.2926829268292683 0.66015625 0.2926829268292683 0.66015625 0.29965156794425085 0.662109375 0.30313588850174217 0.662109375 0.3519163763066202 0.66015625 0.3554006968641115 0.662109375 0.3902439024390244 0.6484375 0.3902439024390244 0.646484375 0.39372822299651566 0.642578125 0.39372822299651566 0.642578125 0.3867595818815331 0.646484375 0.3867595818815331 0.65234375 0.3797909407665505 0.654296875 0.37282229965156793 0.650390625 0.3693379790940767 0.646484375 0.3588850174216028 0.63671875 0.34843205574912894 0.634765625 0.33797909407665505 0.630859375 0.3344947735191638 0.630859375 0.32752613240418116 0.626953125 0.3205574912891986 0.62109375 0.3205574912891986 0.6171875 0.3170731707317073 0.62109375 0.313588850174216 0.62109375 0.2926829268292683 0.6171875 0.289198606271777 0.6171875 0.2613240418118467 0.623046875 0.2578397212543554
0 0.494140625 0.5574912891986062 0.50390625 0.5574912891986062 0.50390625 0.5679442508710801 0.505859375 0.5714285714285714 0.505859375 0.5888501742160279 0.5 0.5923344947735192 0.5 0.5818815331010453 0.498046875 0.578397212543554 0.494140625 0.578397212543554 0.494140625 0.5679442508710801 0.4921875 0.5644599303135889 0.48828125 0.5644599303135889 0.4921875 0.5644599303135889 0.494140625 0.5609756097560976
0 0.34765625 0.9686411149825784 0.3515625 0.9686411149825784 0.3515625 0.9825783972125436 0.349609375 0.9860627177700348 0.333984375 0.9965156794425087 0.322265625 0.9965156794425087 0.33203125 0.9930313588850174 0.34765625 0.9721254355400697
0 0.59375 0.6585365853658537 0.59765625 0.6585365853658537 0.59765625 0.6689895470383276 0.591796875 0.6724738675958188 0.59375 0.6689895470383276 0.59375 0.662020905923345
0 0.474609375 0.24390243902439024 0.48046875 0.24390243902439024 0.48046875 0.27526132404181186 0.478515625 0.27526132404181186 0.4765625 0.28222996515679444 0.474609375 0.2787456445993031 0.474609375 0.24738675958188153
0 0.494140625 0.29965156794425085 0.498046875 0.29965156794425085 0.498046875 0.3170731707317073 0.494140625 0.3170731707317073 0.494140625 0.30313588850174217
0 0.515625 0.21602787456445993 0.51953125 0.21602787456445993 0.51953125 0.24390243902439024 0.515625 0.24390243902439024 0.515625 0.22996515679442509 0.513671875 0.2264808362369338 0.505859375 0.2264808362369338 0.505859375 0.2229965156794425 0.513671875 0.2229965156794425 0.515625 0.21951219512195122
0 0.66015625 0.5261324041811847 0.662109375 0.5261324041811847 0.662109375 0.5923344947735192 0.650390625 0.5923344947735192 0.6484375 0.5958188153310104 0.63671875 0.5923344947735192 0.63671875 0.5679442508710801 0.640625 0.5644599303135889 0.640625 0.554006968641115 0.64453125 0.5505226480836237 0.64453125 0.5435540069686411 0.646484375 0.5435540069686411 0.6484375 0.5365853658536586 0.65234375 0.5331010452961672 0.658203125 0.5331010452961672 0.66015625 0.5296167247386759
0 0.5078125 0.3693379790940767 0.521484375 0.3693379790940767 0.521484375 0.3867595818815331 0.51953125 0.3867595818815331 0.517578125 0.39372822299651566 0.515625 0.39372822299651566 0.513671875 0.3867595818815331 0.5078125 0.3867595818815331 0.5078125 0.37282229965156793
0 0.451171875 0.010452961672473868 0.455078125 0.010452961672473868 0.455078125 0.013937282229965157 0.458984375 0.017421602787456445 0.458984375 0.07665505226480836 0.451171875 0.07665505226480836 0.451171875 0.06968641114982578 0.447265625 0.06620209059233449 0.447265625 0.041811846689895474 0.4453125 0.03832752613240418 0.44140625 0.03832752613240418 0.4453125 0.03832752613240418 0.447265625 0.03484320557491289 0.447265625 0.017421602787456445 0.451171875 0.013937282229965157
0 0.34375 0.41114982578397213 0.349609375 0.41114982578397213 0.349609375 0.4250871080139373 0.34765625 0.42857142857142855 0.341796875 0.42857142857142855 0.33984375 0.43205574912891986 0.33203125 0.42857142857142855 0.3359375 0.42857142857142855 0.337890625 0.42160278745644597 0.341796875 0.42160278745644597 0.34375 0.4146341463414634
0 0.498046875 0.2229965156794425 0.501953125 0.2229965156794425 0.501953125 0.23344947735191637 0.49609375 0.24041811846689895 0.498046875 0.2264808362369338
0 0.509765625 0.2961672473867596 0.51171875 0.29965156794425085 0.517578125 0.29965156794425085 0.517578125 0.33797909407665505 0.513671875 0.34146341463414637 0.517578125 0.33797909407665505 0.515625 0.3344947735191638 0.51171875 0.3344947735191638 0.509765625 0.32752613240418116 0.505859375 0.32752613240418116 0.505859375 0.29965156794425085 0.5078125 0.29965156794425085
0 0.6640625 0.09059233449477352 0.669921875 0.08710801393728224 0.669921875 0.11498257839721254 0.666015625 0.11846689895470383 0.65234375 0.12195121951219512 0.640625 0.10801393728222997 0.65234375 0.11149825783972125 0.6640625 0.09407665505226481
0 0.568359375 0.4146341463414634 0.58203125 0.4146341463414634 0.583984375 0.42160278745644597 0.59375 0.42160278745644597 0.591796875 0.4250871080139373 0.5703125 0.4250871080139373 0.568359375 0.4181184668989547
0 0.486328125 0.5993031358885017 0.49609375 0.5993031358885017 0.498046875 0.6027874564459931 0.501953125 0.6027874564459931 0.50390625 0.6097560975609756 0.50390625 0.6341463414634146 0.501953125 0.627177700348432 0.498046875 0.627177700348432 0.498046875 0.6167247386759582 0.49609375 0.6132404181184669 0.4921875 0.6132404181184669 0.4921875 0.6062717770034843 0.490234375 0.6027874564459931 0.486328125 0.6027874564459931
0 0.50390625 0.5261324041811847 0.509765625 0.5261324041811847 0.509765625 0.5365853658536586 0.513671875 0.5400696864111498 0.515625 0.5470383275261324 0.517578125 0.5470383275261324 0.517578125 0.5574912891986062 0.51171875 0.5644599303135889 0.51171875 0.5574912891986062 0.5078125 0.554006968641115 0.5078125 0.5470383275261324 0.50390625 0.5435540069686411 0.501953125 0.5365853658536586 0.49609375 0.5331010452961672 0.501953125 0.5331010452961672 0.50390625 0.5296167247386759
0 0.5703125 0.686411149825784 0.576171875 0.686411149825784 0.578125 0.6829268292682927 0.603515625 0.6829268292682927 0.607421875 0.686411149825784 0.607421875 0.6898954703832753 0.583984375 0.6898954703832753 0.58203125 0.6933797909407665 0.5703125 0.6898954703832753