0 0.314453125 0.10452961672473868 0.318359375 0.10801393728222997 0.318359375 0.11498257839721254 0.31640625 0.11846689895470383 0.3125 0.11846689895470383 0.310546875 0.11498257839721254 0.310546875 0.11149825783972125 0.314453125 0.10801393728222997
0 0.458984375 0.04878048780487805 0.462890625 0.04878048780487805 0.46484375 0.05574912891986063 0.46875 0.05574912891986063 0.47265625 0.07317073170731707 0.470703125 0.08013937282229965 0.462890625 0.08013937282229965 0.458984375 0.07317073170731707 0.453125 0.06968641114982578 0.453125 0.059233449477351915 0.458984375 0.05226480836236934
0 0.515625 0.8362369337979094 0.515625 0.8466898954703833 0.517578125 0.8501742160278746 0.51171875 0.8780487804878049 0.50390625 0.8850174216027874 0.494140625 0.8850174216027874 0.486328125 0.89198606271777 0.486328125 0.8745644599303136 0.48828125 0.867595818815331 0.4921875 0.8606271777003485 0.49609375 0.8606271777003485 0.501953125 0.8536585365853658 0.51171875 0.8536585365853658 0.515625 0.8397212543554007
0 0.509765625 0.6655052264808362 0.51953125 0.6724738675958188 0.525390625 0.6724738675958188 0.52734375 0.6759581881533101 0.5390625 0.6759581881533101 0.541015625 0.6794425087108014 0.5390625 0.6933797909407665 0.541015625 0.6968641114982579 0.544921875 0.6933797909407665 0.544921875 0.7073170731707317 0.546875 0.710801393728223 0.546875 0.7142857142857143 0.541015625 0.7247386759581882 0.515625 0.7247386759581882 0.51171875 0.7317073170731707 0.50390625 0.735191637630662 0.50390625 0.7212543554006968 0.5078125 0.7038327526132404 0.5078125 0.6759581881533101 0.509765625 0.6689895470383276
0 0.490234375 0.07665505226480836 0.494140625 0.07317073170731707 0.5 0.07317073170731707 0.5 0.08710801393728224 0.49609375 0.08710801393728224 0.494140625 0.09059233449477352 0.490234375 0.08710801393728224 0.490234375 0.08013937282229965
0 0.5703125 0.059233449477351915 0.572265625 0.0627177700348432 0.5703125 0.06620209059233449 0.5703125 0.07317073170731707 0.556640625 0.10104529616724739 0.548828125 0.10104529616724739 0.546875 0.10452961672473868 0.525390625 0.10452961672473868 0.5234375 0.10801393728222997 0.521484375 0.10452961672473868 0.509765625 0.10452961672473868 0.5078125 0.10104529616724739 0.5078125 0.09407665505226481 0.501953125 0.08362369337979095 0.501953125 0.07665505226480836 0.498046875 0.07317073170731707 0.498046875 0.06620209059233449 0.501953125 0.0627177700348432 0.5078125 0.0627177700348432 0.509765625 0.06620209059233449 0.51953125 0.06620209059233449 0.521484375 0.06968641114982578 0.5390625 0.06968641114982578 0.541015625 0.06620209059233449 0.544921875 0.06620209059233449 0.546875 0.06968641114982578 0.5625 0.06968641114982578 0.568359375 0.0627177700348432
0 0.291015625 0.05574912891986063 0.298828125 0.05574912891986063 0.298828125 0.06968641114982578 0.291015625 0.06968641114982578 0.2890625 0.06620209059233449 0.291015625 0.059233449477351915
0 0.515625 0.36585365853658536 0.54296875 0.36585365853658536 0.54296875 0.3797909407665505 0.541015625 0.3867595818815331 0.5390625 0.3867595818815331 0.53125 0.40418118466898956 0.53125 0.42160278745644597 0.529296875 0.4250871080139373 0.525390625 0.4250871080139373 0.5234375 0.42160278745644597 0.509765625 0.4250871080139373 0.505859375 0.43205574912891986 0.505859375 0.44947735191637633 0.49609375 0.4250871080139373 0.49609375 0.397212543554007 0.498046875 0.3902439024390244 0.494140625 0.3832752613240418 0.494140625 0.37630662020905925 0.49609375 0.37282229965156793 0.513671875 0.37282229965156793 0.515625 0.3693379790940767
0 0.572265625 0.8501742160278746 0.572265625 0.8850174216027874 0.5703125 0.8885017421602788 0.5625 0.8885017421602788 0.5625 0.8850174216027874 0.55859375 0.8815331010452961 0.55859375 0.8745644599303136 0.5546875 0.8710801393728222 0.55859375 0.8606271777003485 0.5703125 0.8501742160278746
0 0.4343824228028504 -0.018009219793589184 0.046067770190023755 0.04237463480844514
0 0.3125 0.020905923344947737 0.318359375 0.027874564459930314 0.318359375 0.03484320557491289 0.31640625 0.03832752613240418 0.3046875 0.03832752613240418 0.3046875 0.027874564459930314 0.310546875 0.020905923344947737
0 0.3515625 0.12195121951219512 0.361328125 0.12195121951219512 0.36328125 0.1289198606271777 0.36328125 0.13588850174216027 0.359375 0.13937282229965156 0.353515625 0.13937282229965156 0.3515625 0.13588850174216027 0.3515625 0.1254355400696864
0 0.359375 0.003484320557491289 0.36328125 0.003484320557491289 0.36328125 0.020905923344947737 0.361328125 0.024390243902439025 0.357421875 0.017421602787456445 0.357421875 0.010452961672473868 0.359375 0.006968641114982578
0 0.330078125 0.03484320557491289 0.3359375 0.027874564459930314 0.341796875 0.027874564459930314 0.34375 0.0313588850174216 0.34765625 0.0313588850174216 0.349609375 0.03832752613240418 0.34765625 0.04529616724738676 0.333984375 0.04529616724738676 0.330078125 0.041811846689895474 0.330078125 0.03832752613240418
0 0.462890625 0.4808362369337979 0.462890625 0.4843205574912892 0.466796875 0.4878048780487805 0.466796875 0.4912891986062718 0.474609375 0.5052264808362369 0.474609375 0.5261324041811847 0.470703125 0.5261324041811847 0.466796875 0.519163763066202 0.462890625 0.519163763066202 0.46484375 0.5156794425087108 0.462890625 0.4843205574912892
0 0.56640625 0.024390243902439025 0.5703125 0.020905923344947737 0.57421875 0.024390243902439025 0.57421875 0.03484320557491289 0.56640625 0.03484320557491289 0.56640625 0.027874564459930314
0 0.453125 0.3902439024390244 0.458984375 0.3902439024390244 0.458984375 0.4146341463414634 0.455078125 0.4146341463414634 0.453125 0.41114982578397213 0.453125 0.39372822299651566
0 0.48046875 0.2508710801393728 0.478515625 0.2682926829268293 0.474609375 0.27177700348432055 0.474609375 0.2613240418118467 0.48046875 0.25435540069686413
0 0.603515625 0.7212543554006968 0.60546875 0.7247386759581882 0.62109375 0.7317073170731707 0.62109375 0.8466898954703833 0.609375 0.8466898954703833 0.599609375 0.8397212543554007 0.59375 0.8292682926829268 0.591796875 0.818815331010453 0.587890625 0.8153310104529616 0.587890625 0.7839721254355401 0.591796875 0.7804878048780488 0.591796875 0.7735191637630662 0.59375 0.7700348432055749 0.59375 0.7386759581881533 0.591796875 0.7317073170731707 0.587890625 0.7282229965156795 0.587890625 0.7247386759581882 0.591796875 0.7212543554006968 0.6015625 0.7212543554006968
0 0.4609375 0.30313588850174217 0.46484375 0.30313588850174217 0.46484375 0.30662020905923343 0.470703125 0.313588850174216 0.46875 0.3344947735191638 0.466796875 0.33797909407665505 0.455078125 0.3240418118466899 0.455078125 0.3205574912891986 0.4609375 0.313588850174216 0.4609375 0.30662020905923343