0 0.51171875 0.017421602787456445 0.515625 0.017421602787456445 0.51953125 0.027874564459930314 0.52734375 0.027874564459930314 0.52734375 0.03832752613240418 0.525390625 0.041811846689895474 0.525390625 0.05574912891986063 0.52734375 0.059233449477351915 0.52734375 0.0975609756097561 0.525390625 0.10452961672473868 0.521484375 0.10801393728222997 0.517578125 0.11846689895470383 0.509765625 0.11846689895470383 0.501953125 0.1254355400696864 0.494140625 0.11846689895470383 0.494140625 0.09059233449477352 0.490234375 0.08710801393728224 0.490234375 0.08013937282229965 0.5 0.08013937282229965 0.50390625 0.06968641114982578 0.505859375 0.05574912891986063 0.517578125 0.04529616724738676 0.517578125 0.03832752613240418 0.513671875 0.03484320557491289 0.51171875 0.020905923344947737
0 0.49609375 0.7282229965156795 0.5 0.7282229965156795 0.5 0.7317073170731707 0.50390625 0.735191637630662 0.50390625 0.7386759581881533 0.5078125 0.7421602787456446 0.509765625 0.7491289198606271 0.5078125 0.7560975609756098 0.5 0.7560975609756098 0.49609375 0.7526132404181185 0.49609375 0.7456445993031359 0.4921875 0.7421602787456446 0.4921875 0.735191637630662 0.49609375 0.7317073170731707
0 0.5859375 0.06968641114982578 0.58984375 0.07665505226480836 0.59375 0.07665505226480836 0.6015625 0.08362369337979095 0.603515625 0.09059233449477352 0.611328125 0.0975609756097561 0.615234375 0.11149825783972125 0.615234375 0.1951219512195122 0.61328125 0.1986062717770035 0.615234375 0.1951219512195122 0.615234375 0.18815331010452963 0.611328125 0.18118466898954705 0.603515625 0.18118466898954705 0.599609375 0.17770034843205576 0.599609375 0.17421602787456447 0.60546875 0.17073170731707318 0.609375 0.16376306620209058 0.609375 0.15331010452961671 0.60546875 0.14285714285714285 0.599609375 0.13588850174216027 0.587890625 0.11149825783972125 0.580078125 0.11149825783972125 0.580078125 0.0975609756097561 0.578125 0.09407665505226481 0.578125 0.08710801393728224 0.57421875 0.08362369337979095 0.57421875 0.07317073170731707 0.578125 0.06968641114982578 0.583984375 0.06968641114982578
0 0.515625 0.3240418118466899 0.521484375 0.3205574912891986 0.521484375 0.3588850174216028 0.515625 0.3623693379790941 0.515625 0.34843205574912894 0.51171875 0.34494773519163763 0.51171875 0.3310104529616725 0.515625 0.32752613240418116
0 0.638671875 0.6167247386759582 0.64453125 0.6167247386759582 0.646484375 0.6202090592334495 0.646484375 0.6794425087108014 0.638671875 0.6829268292682927 0.63671875 0.6759581881533101 0.626953125 0.6759581881533101 0.625 0.6689895470383276 0.625 0.6585365853658537 0.626953125 0.6515679442508711 0.6328125 0.6445993031358885 0.6328125 0.6376306620209059 0.634765625 0.6306620209059234 0.638671875 0.627177700348432 0.638671875 0.6202090592334495
0 0.595703125 0.975609756097561 0.59765625 0.975609756097561 0.59765625 0.9825783972125436 0.6015625 0.9860627177700348 0.6015625 0.9930313588850174 0.60546875 0.9965156794425087 0.595703125 0.9965156794425087 0.595703125 0.9790940766550522
0 0.52734375 0.4146341463414634 0.533203125 0.4146341463414634 0.53515625 0.42160278745644597 0.53515625 0.4355400696864111 0.53125 0.43205574912891986 0.529296875 0.4250871080139373 0.52734375 0.4250871080139373 0.52734375 0.4181184668989547
0 0.591796875 0.6759581881533101 0.59375 0.6759581881533101 0.59375 0.7386759581881533 0.591796875 0.7386759581881533 0.591796875 0.6794425087108014
0 0.478515625 0.30662020905923343 0.486328125 0.31010452961672474 0.486328125 0.3205574912891986 0.484375 0.313588850174216 0.478515625 0.31010452961672474
0 0.345703125 0.9790940766550522 0.349609375 0.9790940766550522 0.349609375 0.9895470383275261 0.345703125 0.9895470383275261 0.345703125 0.9825783972125436
0 0.490234375 0.2961672473867596 0.501953125 0.2961672473867596 0.50390625 0.29965156794425085 0.50390625 0.30662020905923343 0.501953125 0.31010452961672474 0.50390625 0.30662020905923343 0.501953125 0.30313588850174217 0.4921875 0.2961672473867596
0 0.498046875 0.3693379790940767 0.50390625 0.3693379790940767 0.501953125 0.3797909407665505 0.5 0.3797909407665505 0.498046875 0.37282229965156793
0 0.5703125 0.3902439024390244 0.580078125 0.3902439024390244 0.58203125 0.397212543554007 0.591796875 0.397212543554007 0.568359375 0.397212543554007 0.5703125 0.39372822299651566
0 0.4765625 0.3867595818815331 0.482421875 0.3867595818815331 0.484375 0.39372822299651566 0.482421875 0.40069686411149824 0.4765625 0.39372822299651566 0.4765625 0.3902439024390244
0 0.646484375 0.5331010452961672 0.65234375 0.5331010452961672 0.65234375 0.5958188153310104 0.650390625 0.5993031358885017 0.64453125 0.5993031358885017 0.640625 0.6027874564459931 0.63671875 0.5993031358885017 0.63671875 0.5923344947735192 0.634765625 0.5888501742160279 0.634765625 0.5644599303135889 0.63671875 0.5609756097560976 0.63671875 0.554006968641115 0.638671875 0.554006968641115 0.642578125 0.5400696864111498 0.646484375 0.5365853658536586
0 0.54296875 0.7003484320557491 0.55078125 0.7003484320557491 0.55078125 0.7038327526132404 0.5546875 0.7073170731707317 0.5546875 0.7142857142857143 0.556640625 0.7177700348432056 0.556640625 0.7526132404181185 0.552734375 0.7560975609756098 0.552734375 0.7212543554006968 0.548828125 0.7177700348432056 0.548828125 0.710801393728223 0.546875 0.7073170731707317 0.54296875 0.7073170731707317 0.54296875 0.7038327526132404
0 0.658203125 0.6097560975609756 0.669921875 0.6097560975609756 0.671875 0.6167247386759582 0.671875 0.6306620209059234 0.67578125 0.6341463414634146 0.67578125 0.6898954703832753 0.671875 0.6898954703832753 0.66796875 0.6968641114982579 0.6640625 0.6968641114982579 0.662109375 0.6933797909407665 0.662109375 0.686411149825784 0.658203125 0.6829268292682927 0.658203125 0.627177700348432 0.654296875 0.6236933797909407 0.654296875 0.6167247386759582 0.658203125 0.6132404181184669
0 0.4765625 0.34146341463414637 0.482421875 0.34146341463414637 0.484375 0.34843205574912894 0.484375 0.3588850174216028 0.482421875 0.3588850174216028 0.48046875 0.3519163763066202 0.4765625 0.34843205574912894 0.4765625 0.34494773519163763
0 0.52734375 0.7282229965156795 0.53515625 0.7282229965156795 0.53515625 0.7735191637630662 0.533203125 0.7804878048780488 0.53125 0.7770034843205574 0.53125 0.7700348432055749 0.52734375 0.7665505226480837 0.52734375 0.7526132404181185 0.53125 0.7491289198606271 0.53125 0.735191637630662 0.52734375 0.7317073170731707
0 0.55078125 0.3240418118466899 0.5625 0.3240418118466899 0.5625 0.3693379790940767 0.560546875 0.3693379790940767 0.55859375 0.37630662020905925 0.5546875 0.37630662020905925 0.5546875 0.3693379790940767 0.55078125 0.36585365853658536 0.55078125 0.32752613240418116
0 0.53515625 0.7700348432055749 0.541015625 0.7665505226480837 0.541015625 0.8048780487804879 0.5390625 0.8083623693379791 0.537109375 0.8083623693379791 0.5390625 0.8048780487804879 0.53515625 0.8013937282229965 0.53515625 0.7909407665505227 0.53125 0.7874564459930313 0.53125 0.7770034843205574 0.53515625 0.7735191637630662
0 0.5078125 0.6968641114982579 0.509765625 0.6968641114982579 0.509765625 0.710801393728223 0.5078125 0.710801393728223 0.5078125 0.7003484320557491
0 0.513671875 0.36585365853658536 0.517578125 0.36585365853658536 0.51953125 0.37282229965156793 0.52734375 0.3797909407665505 0.52734375 0.3902439024390244 0.5234375 0.3902439024390244 0.5234375 0.3867595818815331 0.51953125 0.3832752613240418 0.517578125 0.37630662020905925 0.513671875 0.37630662020905925 0.513671875 0.3693379790940767
0 0.62109375 0.6759581881533101 0.630859375 0.6759581881533101 0.634765625 0.6794425087108014 0.634765625 0.7247386759581882 0.623046875 0.7282229965156795 0.62109375 0.7317073170731707 0.6171875 0.7317073170731707 0.625 0.7282229965156795 0.626953125 0.7212543554006968 0.625 0.7177700348432056 0.62109375 0.7177700348432056 0.62109375 0.7142857142857143 0.6171875 0.710801393728223 0.6171875 0.7038327526132404 0.61328125 0.7003484320557491 0.61328125 0.6933797909407665 0.615234375 0.6933797909407665 0.6171875 0.6898954703832753 0.6171875 0.6829268292682927 0.62109375 0.6794425087108014
0 0.685546875 0.059233449477351915 0.6953125 0.059233449477351915 0.6953125 0.09059233449477352 0.693359375 0.0975609756097561 0.69140625 0.09407665505226481 0.693359375 0.09059233449477352 0.689453125 0.08710801393728224 0.689453125 0.07665505226480836 0.685546875 0.07317073170731707 0.685546875 0.0627177700348432
0 0.5 0.31010452961672474 0.505859375 0.31010452961672474 0.509765625 0.30662020905923343 0.509765625 0.3240418118466899 0.505859375 0.3240418118466899 0.5078125 0.3205574912891986 0.5078125 0.313588850174216 0.505859375 0.31010452961672474 0.501953125 0.31010452961672474
0 0.607421875 0.6585365853658537 0.607421875 0.6655052264808362 0.595703125 0.6655052264808362 0.59375 0.6689895470383276 0.57421875 0.6689895470383276 0.57421875 0.662020905923345 0.58203125 0.662020905923345 0.583984375 0.6585365853658537 0.60546875 0.6585365853658537
0 0.498046875 0.7003484320557491 0.5 0.7003484320557491 0.5 0.7073170731707317 0.50390625 0.710801393728223 0.501953125 0.7247386759581882 0.494140625 0.7177700348432056 0.494140625 0.7073170731707317 0.498046875 0.7038327526132404
0 0.488204833141542 0.36746951720709053 0.014141613924050632 0.014370316315361084
0 0.576171875 0.7003484320557491 0.578125 0.7003484320557491 0.578125 0.7142857142857143 0.57421875 0.7177700348432056 0.568359375 0.7142857142857143 0.568359375 0.7073170731707317 0.57421875 0.7073170731707317 0.576171875 0.7038327526132404