0 0.646484375 0.6236933797909407 0.654296875 0.6236933797909407 0.654296875 0.6341463414634146 0.65625 0.6376306620209059 0.65625 0.6794425087108014 0.654296875 0.686411149825784 0.650390625 0.6898954703832753 0.642578125 0.6898954703832753 0.642578125 0.6759581881533101 0.638671875 0.6724738675958188 0.638671875 0.662020905923345 0.642578125 0.6585365853658537 0.642578125 0.6411149825783972 0.646484375 0.627177700348432
0 0.498046875 0.3623693379790941 0.5078125 0.3623693379790941 0.5078125 0.37630662020905925 0.505859375 0.37630662020905925 0.50390625 0.3693379790940767 0.498046875 0.36585365853658536
0 0.501953125 0.8362369337979094 0.5078125 0.8362369337979094 0.509765625 0.8432055749128919 0.509765625 0.8571428571428571 0.5078125 0.8571428571428571 0.5078125 0.8501742160278746 0.505859375 0.8466898954703833 0.501953125 0.8466898954703833 0.501953125 0.8397212543554007
0 0.57421875 0.09407665505226481 0.576171875 0.0975609756097561 0.583984375 0.0975609756097561 0.587890625 0.10104529616724739 0.59375 0.11149825783972125 0.59765625 0.11149825783972125 0.607421875 0.1289198606271777 0.607421875 0.18815331010452963 0.609375 0.1916376306620209 0.609375 0.1986062717770035 0.607421875 0.1951219512195122 0.609375 0.1916376306620209 0.603515625 0.18118466898954705 0.595703125 0.17421602787456447 0.599609375 0.17421602787456447 0.603515625 0.1672473867595819 0.603515625 0.156794425087108 0.583984375 0.1289198606271777 0.57421875 0.1254355400696864 0.5703125 0.11498257839721254 0.5703125 0.10801393728222997 0.56640625 0.10452961672473868 0.56640625 0.0975609756097561 0.572265625 0.09407665505226481
0 0.5390625 0.8780487804878049 0.54296875 0.8780487804878049 0.54296875 0.8885017421602788 0.546875 0.89198606271777 0.548828125 0.8989547038327527 0.548828125 0.9303135888501742 0.546875 0.9337979094076655 0.54296875 0.9198606271777003 0.5390625 0.9163763066202091 0.5390625 0.8815331010452961
0 0.59765625 0.8083623693379791 0.6015625 0.8083623693379791 0.60546875 0.8257839721254355 0.60546875 0.8292682926829268 0.6015625 0.8292682926829268 0.59765625 0.818815331010453 0.59765625 0.8118466898954704
0 0.5078125 0.09059233449477352 0.513671875 0.09059233449477352 0.515625 0.09407665505226481 0.52734375 0.09407665505226481 0.52734375 0.0975609756097561 0.5234375 0.0975609756097561 0.517578125 0.10801393728222997 0.5234375 0.13240418118466898 0.521484375 0.16376306620209058 0.517578125 0.17770034843205576 0.505859375 0.1916376306620209 0.498046875 0.1916376306620209 0.49609375 0.18815331010452963 0.494140625 0.18118466898954705 0.494140625 0.156794425087108 0.490234375 0.15331010452961671 0.490234375 0.14982578397212543 0.498046875 0.14285714285714285 0.501953125 0.11846689895470383 0.513671875 0.10104529616724739 0.5078125 0.09407665505226481
0 0.69921875 0.03484320557491289 0.701171875 0.03484320557491289 0.701171875 0.06620209059233449 0.697265625 0.06620209059233449 0.6953125 0.0627177700348432 0.6953125 0.04878048780487805 0.69921875 0.04529616724738676 0.69921875 0.03832752613240418
0 0.513671875 0.7874564459930313 0.51953125 0.7874564459930313 0.51953125 0.8048780487804879 0.521484375 0.8083623693379791 0.517578125 0.8083623693379791 0.51953125 0.8048780487804879 0.517578125 0.8013937282229965 0.513671875 0.8013937282229965 0.513671875 0.7909407665505227
0 0.5234375 0.44947735191637633 0.525390625 0.445993031358885 0.53125 0.445993031358885 0.533203125 0.44947735191637633 0.533203125 0.4634146341463415 0.53125 0.4634146341463415 0.53125 0.45993031358885017 0.525390625 0.4529616724738676
0 0.505859375 0.7979094076655052 0.509765625 0.7979094076655052 0.51171875 0.8013937282229965 0.51171875 0.8153310104529616 0.5078125 0.8153310104529616 0.505859375 0.8013937282229965
0 0.482421875 0.4634146341463415 0.48828125 0.4634146341463415 0.48828125 0.4808362369337979 0.484375 0.4808362369337979 0.482421875 0.46689895470383275
0 0.49609375 0.8013937282229965 0.501953125 0.8013937282229965 0.501953125 0.818815331010453 0.5 0.8222996515679443 0.49609375 0.8222996515679443 0.49609375 0.8048780487804879
0 0.50390625 0.7979094076655052 0.509765625 0.7979094076655052 0.509765625 0.8048780487804879 0.51171875 0.8083623693379791 0.51171875 0.8153310104529616 0.5078125 0.8153310104529616 0.509765625 0.8118466898954704 0.5078125 0.8083623693379791 0.50390625 0.8083623693379791 0.50390625 0.8013937282229965
0 0.5 0.4355400696864111 0.50390625 0.4355400696864111 0.505859375 0.43902439024390244 0.505859375 0.4529616724738676 0.501953125 0.44947735191637633 0.5 0.43902439024390244
0 0.513671875 0.39372822299651566 0.51953125 0.39372822299651566 0.51953125 0.42857142857142855 0.515625 0.4250871080139373 0.513671875 0.397212543554007
0 0.484375 0.3867595818815331 0.490234375 0.3867595818815331 0.490234375 0.397212543554007 0.4921875 0.40069686411149824 0.4921875 0.4076655052264808 0.490234375 0.41114982578397213 0.4921875 0.40418118466898956 0.484375 0.397212543554007 0.484375 0.3902439024390244
0 0.5546875 0.8257839721254355 0.560546875 0.8327526132404182 0.564453125 0.8466898954703833 0.564453125 0.8815331010452961 0.5625 0.8815331010452961 0.5625 0.8745644599303136 0.55859375 0.8710801393728222 0.55859375 0.8536585365853658 0.556640625 0.8501742160278746 0.5546875 0.8292682926829268
0 0.48046875 0.41114982578397213 0.486328125 0.41114982578397213 0.486328125 0.4146341463414634 0.490234375 0.4181184668989547 0.490234375 0.4250871080139373 0.48828125 0.42857142857142855 0.48046875 0.42160278745644597 0.48046875 0.4146341463414634
0 0.486328125 0.43205574912891986 0.4921875 0.43205574912891986 0.4921875 0.445993031358885 0.490234375 0.445993031358885 0.486328125 0.4355400696864111
0 0.640625 0.7317073170731707 0.64453125 0.7317073170731707 0.646484375 0.735191637630662 0.646484375 0.7700348432055749 0.64453125 0.7735191637630662 0.640625 0.7735191637630662 0.640625 0.7630662020905923 0.63671875 0.759581881533101 0.63671875 0.7526132404181185 0.640625 0.7491289198606271 0.640625 0.735191637630662
0 0.560546875 0.4076655052264808 0.56640625 0.4076655052264808 0.56640625 0.4634146341463415 0.5625 0.4634146341463415 0.5625 0.4425087108013937 0.560546875 0.43902439024390244 0.5625 0.43205574912891986 0.5625 0.42160278745644597 0.560546875 0.4181184668989547 0.560546875 0.41114982578397213
0 0.669921875 0.7421602787456446 0.681640625 0.7421602787456446 0.68359375 0.7560975609756098 0.689453125 0.7700348432055749 0.689453125 0.8292682926829268 0.67578125 0.8362369337979094 0.673828125 0.8292682926829268 0.673828125 0.8153310104529616 0.671875 0.8118466898954704 0.671875 0.7909407665505227 0.669921875 0.7874564459930313 0.671875 0.7804878048780488 0.671875 0.7560975609756098 0.669921875 0.7526132404181185 0.669921875 0.7456445993031359
0 0.498046875 0.8083623693379791 0.498046875 0.818815331010453 0.5 0.8222996515679443 0.498046875 0.8292682926829268 0.4921875 0.8257839721254355 0.4921875 0.8118466898954704 0.49609375 0.8118466898954704
0 0.53125 0.49825783972125437 0.541015625 0.49825783972125437 0.541015625 0.5087108013937283 0.53515625 0.5052264808362369 0.533203125 0.49825783972125437
0 0.62109375 0.7003484320557491 0.623046875 0.7003484320557491 0.623046875 0.7038327526132404 0.626953125 0.7073170731707317 0.634765625 0.7247386759581882 0.634765625 0.7735191637630662 0.630859375 0.7735191637630662 0.62890625 0.7770034843205574 0.626953125 0.7735191637630662 0.62109375 0.7735191637630662 0.623046875 0.759581881533101 0.62109375 0.7560975609756098 0.62109375 0.7491289198606271 0.6171875 0.7421602787456446 0.6171875 0.735191637630662 0.619140625 0.7317073170731707 0.619140625 0.7073170731707317 0.62109375 0.7038327526132404
0 0.537109375 0.8501742160278746 0.537109375 0.8641114982578397 0.5390625 0.867595818815331 0.5390625 0.9128919860627178 0.537109375 0.9059233449477352 0.537109375 0.8954703832752613 0.533203125 0.89198606271777 0.533203125 0.8641114982578397 0.529296875 0.8571428571428571 0.529296875 0.8536585365853658 0.53515625 0.8536585365853658
0 0.66796875 0.006968641114982578 0.66796875 0.04529616724738676 0.6640625 0.0627177700348432 0.658203125 0.06620209059233449 0.658203125 0.04529616724738676 0.66015625 0.041811846689895474 0.662109375 0.024390243902439025 0.666015625 0.020905923344947737 0.666015625 0.010452961672473868
0 0.578125 0.7839721254355401 0.578125 0.7909407665505227 0.580078125 0.794425087108014 0.580078125 0.8083623693379791 0.578125 0.8083623693379791 0.578125 0.7874564459930313
0 0.693359375 0.07665505226480836 0.697265625 0.07665505226480836 0.69921875 0.08013937282229965 0.69921875 0.09059233449477352 0.701171875 0.09407665505226481 0.701171875 0.11498257839721254 0.697265625 0.11498257839721254 0.69921875 0.10801393728222997 0.6953125 0.10452961672473868 0.693359375 0.08013937282229965