0 0.623046875 0.46875 0.62890625 0.46875 0.630859375 0.4722222222222222 0.630859375 0.5 0.6328125 0.5034722222222222 0.630859375 0.5243055555555556 0.623046875 0.5347222222222222 0.619140625 0.5243055555555556 0.619140625 0.5069444444444444 0.62109375 0.5034722222222222 0.62109375 0.4930555555555556 0.625 0.4826388888888889 0.625 0.4722222222222222
0 0.4921875 0.2881944444444444 0.494140625 0.3125 0.490234375 0.3090277777777778 0.490234375 0.2916666666666667
0 0.5078125 0.2361111111111111 0.509765625 0.2361111111111111 0.51171875 0.24305555555555555 0.51171875 0.2673611111111111 0.509765625 0.2673611111111111 0.509765625 0.25 0.5078125 0.2465277777777778 0.5078125 0.23958333333333334
0 0.607421875 0.6736111111111112 0.61328125 0.6736111111111112 0.62109375 0.6666666666666666 0.619140625 0.6736111111111112 0.619140625 0.6840277777777778 0.623046875 0.6909722222222222 0.623046875 0.7256944444444444 0.62109375 0.7326388888888888 0.615234375 0.7326388888888888 0.61328125 0.7256944444444444 0.61328125 0.7118055555555556 0.611328125 0.7048611111111112 0.615234375 0.6944444444444444 0.615234375 0.6840277777777778 0.609375 0.6736111111111112
0 0.50390625 0.5243055555555556 0.509765625 0.5381944444444444 0.509765625 0.5451388888888888 0.51171875 0.5486111111111112 0.509765625 0.5590277777777778 0.5078125 0.5555555555555556 0.505859375 0.5381944444444444 0.501953125 0.5277777777777778
0 0.478515625 0.034722222222222224 0.48046875 0.034722222222222224 0.474609375 0.04513888888888889 0.46875 0.04861111111111111 0.4609375 0.059027777777777776 0.458984375 0.059027777777777776 0.458984375 0.05555555555555555 0.466796875 0.041666666666666664 0.470703125 0.041666666666666664 0.4765625 0.034722222222222224
0 0.6484375 0.9305555555555556 0.654296875 0.9375 0.658203125 0.9375 0.65625 0.9444444444444444 0.650390625 0.9479166666666666 0.6484375 0.9444444444444444 0.6484375 0.9340277777777778
0 0.5653645833333333 0.624074074074074 0.005729166666666666 0.016666666666666666
0 0.3497395833333333 0.9287037037037036 0.0140625 0.025925925925925925
0 0.64453125 0.9027777777777778 0.6484375 0.9027777777777778 0.65234375 0.9131944444444444 0.65234375 0.9270833333333334 0.6484375 0.9270833333333334 0.64453125 0.9201388888888888 0.64453125 0.90625
0 0.4765625 0.3125 0.478515625 0.3125 0.478515625 0.3194444444444444 0.48046875 0.3229166666666667 0.48046875 0.3402777777777778 0.4765625 0.3159722222222222
0 0.541015625 0.0625 0.54296875 0.0625 0.541015625 0.06597222222222222 0.537109375 0.06597222222222222 0.53515625 0.06944444444444445 0.53515625 0.08333333333333333 0.533203125 0.09027777777777778 0.515625 0.11805555555555555 0.51171875 0.11805555555555555 0.5078125 0.1111111111111111 0.5078125 0.08333333333333333 0.505859375 0.0798611111111111 0.51171875 0.0798611111111111 0.517578125 0.06944444444444445 0.525390625 0.0625 0.5390625 0.06597222222222222
0 0.62109375 0.2604166666666667 0.623046875 0.2638888888888889 0.623046875 0.2708333333333333 0.62890625 0.2777777777777778 0.6328125 0.2916666666666667 0.6328125 0.3020833333333333 0.634765625 0.3055555555555556 0.6328125 0.3645833333333333 0.638671875 0.3854166666666667 0.6328125 0.3784722222222222 0.625 0.3784722222222222 0.62109375 0.3819444444444444 0.62109375 0.375 0.626953125 0.3680555555555556 0.626953125 0.3576388888888889 0.6171875 0.3368055555555556 0.61328125 0.3159722222222222 0.607421875 0.3090277777777778 0.607421875 0.2986111111111111 0.609375 0.2951388888888889 0.607421875 0.2916666666666667 0.607421875 0.2777777777777778 0.60546875 0.2743055555555556 0.607421875 0.2673611111111111 0.607421875 0.2569444444444444 0.611328125 0.2534722222222222 0.619140625 0.2604166666666667
0 0.490234375 0.3090277777777778 0.4921875 0.3125 0.4921875 0.3368055555555556 0.490234375 0.3368055555555556 0.48828125 0.3125
0 0.380859375 0.5208333333333334 0.390625 0.5208333333333334 0.392578125 0.5243055555555556 0.390625 0.53125 0.3828125 0.5381944444444444 0.37890625 0.5381944444444444 0.37890625 0.5277777777777778 0.380859375 0.5243055555555556
0 0.515625 0.2534722222222222 0.517578125 0.2604166666666667 0.517578125 0.2881944444444444 0.515625 0.2881944444444444 0.513671875 0.2847222222222222 0.515625 0.28125 0.515625 0.2569444444444444
0 0.580078125 0.6319444444444444 0.58203125 0.6319444444444444 0.58203125 0.6458333333333334 0.578125 0.6493055555555556 0.578125 0.6388888888888888 0.580078125 0.6354166666666666
0 0.634765625 0.4409722222222222 0.63671875 0.4444444444444444 0.646484375 0.4444444444444444 0.646484375 0.4479166666666667 0.640625 0.4548611111111111 0.640625 0.4618055555555556 0.64453125 0.4756944444444444 0.64453125 0.5034722222222222 0.642578125 0.5069444444444444 0.642578125 0.5173611111111112 0.640625 0.5243055555555556 0.634765625 0.5243055555555556 0.6328125 0.5208333333333334 0.6328125 0.46875 0.63671875 0.4583333333333333 0.634765625 0.4444444444444444
0 0.646484375 0.09722222222222222 0.6484375 0.09722222222222222 0.646484375 0.1284722222222222 0.640625 0.1388888888888889 0.640625 0.1423611111111111 0.63671875 0.14583333333333334 0.63671875 0.1388888888888889 0.640625 0.125 0.640625 0.11458333333333333 0.646484375 0.10069444444444445
0 0.470703125 0.2604166666666667 0.474609375 0.2708333333333333 0.474609375 0.2951388888888889 0.470703125 0.2951388888888889 0.470703125 0.2638888888888889
0 0.564453125 0.4097222222222222 0.56640625 0.4131944444444444 0.572265625 0.4131944444444444 0.57421875 0.4097222222222222 0.580078125 0.4097222222222222 0.583984375 0.4131944444444444 0.58203125 0.4166666666666667 0.564453125 0.4166666666666667 0.5625 0.4201388888888889 0.560546875 0.4201388888888889 0.560546875 0.4131944444444444 0.5625 0.4131944444444444
0 0.505859375 0.3090277777777778 0.509765625 0.3263888888888889 0.509765625 0.3402777777777778 0.51171875 0.34375 0.51171875 0.3541666666666667 0.505859375 0.3402777777777778 0.505859375 0.3298611111111111 0.50390625 0.3263888888888889 0.505859375 0.3125
0 0.6322916666666667 0.5560185185185185 0.01875 0.058333333333333334
0 0.509765625 0.3715277777777778 0.51171875 0.375 0.51171875 0.3958333333333333 0.509765625 0.3958333333333333 0.509765625 0.375
0 0.451171875 0.034722222222222224 0.455078125 0.04861111111111111 0.455078125 0.0798611111111111 0.453125 0.08333333333333333 0.453125 0.09375 0.451171875 0.09375 0.451171875 0.08333333333333333 0.44921875 0.0798611111111111 0.44921875 0.03819444444444445
0 0.3515625 0.4027777777777778 0.3515625 0.4131944444444444 0.349609375 0.4166666666666667 0.349609375 0.4236111111111111 0.3515625 0.4270833333333333 0.34765625 0.4270833333333333 0.349609375 0.40625
0 0.544921875 0.2569444444444444 0.55078125 0.2569444444444444 0.548828125 0.2604166666666667 0.548828125 0.2847222222222222 0.546875 0.2881944444444444 0.546875 0.3020833333333333 0.544921875 0.3055555555555556 0.544921875 0.2604166666666667
0 0.4848958333333333 0.9541666666666667 0.007291666666666667 0.03981481481481482
0 0.4921875 0.2361111111111111 0.494140625 0.2361111111111111 0.494140625 0.2534722222222222 0.4921875 0.2604166666666667 0.490234375 0.2604166666666667 0.490234375 0.24305555555555555 0.4921875 0.23958333333333334
0 0.564453125 0.6597222222222222 0.568359375 0.65625 0.58984375 0.65625 0.58984375 0.6597222222222222 0.5859375 0.6631944444444444 0.564453125 0.6631944444444444
0 0.5 0.2361111111111111 0.50390625 0.23958333333333334 0.501953125 0.24305555555555555 0.501953125 0.2604166666666667 0.498046875 0.2604166666666667 0.498046875 0.24305555555555555 0.5 0.23958333333333334
0 0.490234375 0.5868055555555556 0.494140625 0.5868055555555556 0.498046875 0.5972222222222222 0.498046875 0.6076388888888888 0.5 0.6111111111111112 0.5 0.6215277777777778 0.49609375 0.6180555555555556 0.494140625 0.6111111111111112 0.494140625 0.5972222222222222 0.490234375 0.5902777777777778
0 0.4921875 0.5555555555555556 0.49609375 0.5520833333333334 0.5 0.5625 0.5 0.5833333333333334 0.498046875 0.5868055555555556 0.49609375 0.5833333333333334 0.494140625 0.5590277777777778