0 0.634765625 0.627177700348432 0.638671875 0.627177700348432 0.640625 0.6341463414634146 0.650390625 0.6341463414634146 0.65234375 0.6306620209059234 0.65234375 0.627177700348432 0.65234375 0.6341463414634146 0.646484375 0.6411149825783972 0.646484375 0.6550522648083623 0.650390625 0.6585365853658537 0.65234375 0.6655052264808362 0.65234375 0.710801393728223 0.64453125 0.7177700348432056 0.638671875 0.7177700348432056 0.634765625 0.7142857142857143 0.634765625 0.6933797909407665 0.630859375 0.6898954703832753 0.630859375 0.6829268292682927 0.634765625 0.6794425087108014 0.634765625 0.6585365853658537 0.63671875 0.6550522648083623 0.634765625 0.6515679442508711 0.634765625 0.6411149825783972 0.630859375 0.6376306620209059 0.630859375 0.6341463414634146 0.634765625 0.6306620209059234
0 0.451171875 0.3832752613240418 0.4609375 0.3832752613240418 0.4609375 0.40418118466898956 0.458984375 0.4076655052264808 0.458984375 0.40069686411149824 0.45703125 0.397212543554007 0.451171875 0.397212543554007 0.451171875 0.3867595818815331
0 0.564453125 0.11149825783972125 0.568359375 0.11846689895470383 0.580078125 0.12195121951219512 0.5859375 0.13240418118466898 0.5859375 0.13588850174216027 0.59375 0.14634146341463414 0.59375 0.2508710801393728 0.58203125 0.23693379790940766 0.57421875 0.23693379790940766 0.578125 0.22996515679442509 0.58203125 0.22996515679442509 0.587890625 0.21602787456445993 0.583984375 0.1986062717770035 0.578125 0.1916376306620209 0.57421875 0.18118466898954705 0.57421875 0.17073170731707318 0.564453125 0.156794425087108 0.560546875 0.156794425087108 0.55859375 0.1602787456445993 0.560546875 0.14634146341463414 0.556640625 0.13240418118466898 0.552734375 0.1289198606271777 0.552734375 0.11498257839721254 0.556640625 0.11149825783972125 0.5625 0.11149825783972125
0 0.490234375 0.34494773519163763 0.4921875 0.34494773519163763 0.4921875 0.3832752613240418 0.48828125 0.3867595818815331 0.482421875 0.3832752613240418 0.482421875 0.3693379790940767 0.48828125 0.3693379790940767 0.490234375 0.36585365853658536 0.490234375 0.34843205574912894
0 0.4921875 0.445993031358885 0.5 0.445993031358885 0.5 0.4529616724738676 0.505859375 0.45993031358885017 0.505859375 0.47735191637630664 0.501953125 0.4738675958188153 0.5 0.46689895470383275 0.498046875 0.46689895470383275 0.49609375 0.4529616724738676 0.4921875 0.44947735191637633
0 0.56640625 0.7317073170731707 0.568359375 0.7317073170731707 0.568359375 0.7839721254355401 0.56640625 0.7874564459930313 0.55859375 0.7839721254355401 0.55859375 0.7735191637630662 0.564453125 0.7735191637630662 0.56640625 0.7700348432055749 0.56640625 0.7560975609756098 0.564453125 0.7526132404181185 0.55859375 0.7526132404181185 0.564453125 0.7526132404181185 0.56640625 0.7491289198606271 0.564453125 0.7456445993031359 0.55859375 0.7456445993031359 0.564453125 0.7456445993031359 0.56640625 0.7421602787456446 0.56640625 0.735191637630662
0 0.64453125 0.9930313588850174 0.65234375 0.9930313588850174 0.65234375 0.9965156794425087 0.64453125 0.9965156794425087
0 0.56640625 0.759581881533101 0.568359375 0.759581881533101 0.568359375 0.7839721254355401 0.56640625 0.7874564459930313 0.55859375 0.7839721254355401 0.55859375 0.7735191637630662 0.564453125 0.7735191637630662 0.56640625 0.7700348432055749 0.56640625 0.7630662020905923
0 0.541015625 0.43205574912891986 0.56640625 0.43205574912891986 0.56640625 0.43902439024390244 0.541015625 0.43902439024390244 0.541015625 0.4355400696864111
0 0.630859375 0.5749128919860628 0.62890625 0.578397212543554 0.62890625 0.5888501742160279 0.630859375 0.5923344947735192 0.630859375 0.6306620209059234 0.62109375 0.6411149825783972 0.615234375 0.6411149825783972 0.609375 0.6341463414634146 0.609375 0.5993031358885017 0.61328125 0.5958188153310104 0.615234375 0.578397212543554 0.619140625 0.5749128919860628 0.62890625 0.5749128919860628
0 0.462890625 0.40069686411149824 0.466796875 0.397212543554007 0.47265625 0.397212543554007 0.47265625 0.41114982578397213 0.470703125 0.4146341463414634 0.46875 0.4146341463414634 0.470703125 0.41114982578397213 0.466796875 0.4076655052264808 0.46484375 0.40069686411149824
0 0.48046875 0.03832752613240418 0.486328125 0.03832752613240418 0.48828125 0.041811846689895474 0.501953125 0.041811846689895474 0.501953125 0.04529616724738676 0.49609375 0.05574912891986063 0.49609375 0.06968641114982578 0.5 0.08013937282229965 0.5 0.10104529616724739 0.494140625 0.1254355400696864 0.4921875 0.1254355400696864 0.484375 0.13937282229965156 0.4765625 0.14634146341463414 0.470703125 0.14634146341463414 0.466796875 0.13937282229965156 0.466796875 0.11149825783972125 0.46484375 0.10801393728222997 0.46484375 0.0975609756097561 0.466796875 0.0975609756097561 0.470703125 0.08710801393728224 0.4765625 0.08013937282229965 0.4765625 0.06968641114982578 0.486328125 0.059233449477351915 0.486328125 0.04878048780487805 0.482421875 0.04529616724738676 0.482421875 0.041811846689895474
0 0.44140625 0.3240418118466899 0.447265625 0.3205574912891986 0.44921875 0.32752613240418116 0.455078125 0.3310104529616725 0.455078125 0.3519163763066202 0.451171875 0.3554006968641115 0.453125 0.3519163763066202 0.44921875 0.34843205574912894 0.44921875 0.34146341463414637 0.4453125 0.33797909407665505 0.4453125 0.3310104529616725 0.44140625 0.32752613240418116
0 0.466796875 0.7456445993031359 0.46875 0.7456445993031359 0.470703125 0.759581881533101 0.474609375 0.7630662020905923 0.474609375 0.8013937282229965 0.470703125 0.8013937282229965 0.46875 0.794425087108014 0.462890625 0.7909407665505227 0.4609375 0.7770034843205574 0.45703125 0.7735191637630662 0.45703125 0.7665505226480837 0.453125 0.7630662020905923 0.453125 0.759581881533101 0.4609375 0.7560975609756098 0.466796875 0.7491289198606271
0 0.47021660649819497 0.33811746059698866 0.013227662454873647 0.012880665165599568
0 0.517578125 0.7282229965156795 0.521484375 0.7317073170731707 0.521484375 0.7421602787456446 0.525390625 0.7456445993031359 0.525390625 0.7804878048780488 0.5234375 0.7804878048780488 0.5234375 0.7735191637630662 0.51953125 0.7700348432055749 0.51953125 0.7526132404181185 0.515625 0.7491289198606271 0.515625 0.7421602787456446 0.51171875 0.7386759581881533 0.51171875 0.7317073170731707 0.515625 0.7282229965156795
0 0.439453125 0.3693379790940767 0.4453125 0.3693379790940767 0.443359375 0.3797909407665505 0.439453125 0.3797909407665505 0.439453125 0.37282229965156793
0 0.46875 0.7421602787456446 0.478515625 0.7421602787456446 0.478515625 0.759581881533101 0.4765625 0.7630662020905923 0.474609375 0.7630662020905923 0.4765625 0.759581881533101 0.474609375 0.7560975609756098 0.46875 0.7560975609756098 0.46875 0.7456445993031359
0 0.60546875 0.7386759581881533 0.61328125 0.7491289198606271 0.61328125 0.7804878048780488 0.611328125 0.7839721254355401 0.59765625 0.7839721254355401 0.595703125 0.7874564459930313 0.591796875 0.7839721254355401 0.591796875 0.7770034843205574 0.59375 0.7735191637630662 0.59375 0.7560975609756098 0.595703125 0.7560975609756098 0.59765625 0.7526132404181185 0.59765625 0.7456445993031359 0.603515625 0.7386759581881533
0 0.478515625 0.3240418118466899 0.48046875 0.3240418118466899 0.48046875 0.3554006968641115 0.4765625 0.3554006968641115 0.478515625 0.34843205574912894 0.478515625 0.32752613240418116
0 0.44140625 0.4146341463414634 0.447265625 0.4146341463414634 0.447265625 0.4181184668989547 0.451171875 0.42160278745644597 0.451171875 0.42857142857142855 0.447265625 0.42857142857142855 0.44140625 0.42160278745644597 0.44140625 0.4181184668989547
0 0.525390625 0.3554006968641115 0.529296875 0.3519163763066202 0.53515625 0.3519163763066202 0.53515625 0.40418118466898956 0.53125 0.40418118466898956 0.529296875 0.4076655052264808 0.529296875 0.40418118466898956 0.525390625 0.40069686411149824 0.525390625 0.3832752613240418 0.521484375 0.3797909407665505 0.525390625 0.37630662020905925 0.525390625 0.3588850174216028
0 0.490234375 0.40069686411149824 0.498046875 0.4076655052264808 0.498046875 0.42160278745644597 0.49609375 0.4250871080139373 0.498046875 0.4181184668989547 0.494140625 0.4146341463414634 0.490234375 0.40418118466898956
0 0.61328125 0.6655052264808362 0.615234375 0.6655052264808362 0.6171875 0.6585365853658537 0.62109375 0.6550522648083623 0.625 0.6689895470383276 0.625 0.7177700348432056 0.62109375 0.7247386759581882 0.6171875 0.7247386759581882 0.615234375 0.7282229965156795 0.60546875 0.7282229965156795 0.603515625 0.7247386759581882 0.603515625 0.6933797909407665 0.611328125 0.6829268292682927 0.61328125 0.6689895470383276
0 0.6640625 0.09059233449477352 0.673828125 0.09059233449477352 0.673828125 0.1254355400696864 0.671875 0.1289198606271777 0.669921875 0.1289198606271777 0.671875 0.1254355400696864 0.66796875 0.12195121951219512 0.66796875 0.11149825783972125 0.6640625 0.10801393728222997 0.6640625 0.09407665505226481
0 0.583984375 0.7142857142857143 0.583984375 0.7212543554006968 0.546875 0.7212543554006968 0.548828125 0.7142857142857143 0.560546875 0.7142857142857143 0.5625 0.710801393728223 0.576171875 0.710801393728223 0.578125 0.7142857142857143 0.58203125 0.7142857142857143
0 0.4921875 0.7491289198606271 0.505859375 0.7491289198606271 0.505859375 0.7526132404181185 0.501953125 0.7560975609756098 0.505859375 0.759581881533101 0.505859375 0.7665505226480837 0.509765625 0.7700348432055749 0.509765625 0.8362369337979094 0.505859375 0.8397212543554007 0.5078125 0.8362369337979094 0.5078125 0.8257839721254355 0.50390625 0.8222996515679443 0.50390625 0.8153310104529616 0.5 0.8118466898954704 0.5 0.8048780487804879 0.49609375 0.8013937282229965 0.49609375 0.7770034843205574 0.5 0.7735191637630662 0.5 0.7630662020905923 0.49609375 0.759581881533101 0.494140625 0.7526132404181185 0.4921875 0.7526132404181185
0 0.443359375 0.37630662020905925 0.44921875 0.37630662020905925 0.453125 0.3797909407665505 0.451171875 0.3867595818815331 0.447265625 0.3867595818815331 0.443359375 0.3832752613240418 0.443359375 0.3797909407665505
0 0.55078125 0.7456445993031359 0.552734375 0.7456445993031359 0.552734375 0.7560975609756098 0.548828125 0.759581881533101 0.54296875 0.7560975609756098 0.54296875 0.7526132404181185 0.548828125 0.7526132404181185 0.55078125 0.7491289198606271