0 0.65625 0.5 0.658203125 0.5034722222222222 0.658203125 0.5243055555555556 0.646484375 0.5243055555555556 0.64453125 0.5277777777777778 0.638671875 0.5208333333333334 0.630859375 0.5173611111111112 0.626953125 0.5104166666666666 0.6328125 0.5 0.63671875 0.5 0.638671875 0.4965277777777778 0.6484375 0.4965277777777778 0.650390625 0.5 0.654296875 0.5
0 0.513671875 0.13194444444444445 0.5234375 0.13194444444444445 0.525390625 0.13541666666666666 0.5234375 0.1423611111111111 0.517578125 0.1423611111111111 0.513671875 0.1388888888888889 0.513671875 0.13541666666666666
0 0.373046875 0.4305555555555556 0.388671875 0.4444444444444444 0.3984375 0.4444444444444444 0.404296875 0.4375 0.41796875 0.4375 0.423828125 0.4444444444444444 0.427734375 0.4548611111111111 0.4375 0.4618055555555556 0.427734375 0.4618055555555556 0.42578125 0.4652777777777778 0.423828125 0.4618055555555556 0.408203125 0.4618055555555556 0.40625 0.4583333333333333 0.3984375 0.4583333333333333 0.396484375 0.4548611111111111 0.38671875 0.4722222222222222 0.38671875 0.4756944444444444 0.3828125 0.4791666666666667 0.380859375 0.4756944444444444 0.38671875 0.4618055555555556 0.38671875 0.4513888888888889 0.373046875 0.4340277777777778
0 0.361328125 0.6944444444444444 0.365234375 0.6979166666666666 0.365234375 0.7048611111111112 0.361328125 0.7118055555555556 0.357421875 0.7118055555555556 0.35546875 0.7083333333333334 0.35546875 0.7013888888888888 0.359375 0.6979166666666666
0 0.515625 0.16666666666666666 0.515625 0.17708333333333334 0.5078125 0.17708333333333334 0.505859375 0.1736111111111111 0.5078125 0.16666666666666666 0.513671875 0.16666666666666666
0 0.578125 0.90625 0.58984375 0.9236111111111112 0.59375 0.9409722222222222 0.607421875 0.9444444444444444 0.607421875 0.9479166666666666 0.60546875 0.9479166666666666 0.599609375 0.9583333333333334 0.599609375 0.96875 0.595703125 0.9652777777777778 0.591796875 0.9513888888888888 0.58984375 0.9548611111111112 0.57421875 0.9548611111111112 0.572265625 0.9618055555555556 0.5703125 0.9618055555555556 0.568359375 0.9513888888888888 0.55859375 0.9375 0.5546875 0.9270833333333334 0.5546875 0.9201388888888888 0.560546875 0.9097222222222222 0.568359375 0.9027777777777778 0.57421875 0.9027777777777778 0.576171875 0.90625
0 0.552734375 0.8402777777777778 0.5546875 0.84375 0.5546875 0.8541666666666666 0.544921875 0.8715277777777778 0.541015625 0.8715277777777778 0.541015625 0.8576388888888888 0.54296875 0.8576388888888888 0.55078125 0.84375
0 0.48046875 0.3993055555555556 0.482421875 0.3993055555555556 0.486328125 0.4097222222222222 0.486328125 0.4236111111111111 0.48046875 0.4305555555555556 0.478515625 0.4270833333333333 0.478515625 0.40625 0.48046875 0.4027777777777778
0 0.62578125 0.8384259259259259 0.015104166666666667 0.03981481481481482
0 0.4453125 0.1597222222222222 0.455078125 0.1597222222222222 0.4609375 0.16666666666666666 0.458984375 0.1701388888888889 0.4453125 0.1701388888888889 0.4453125 0.16319444444444445
0 0.6518229166666667 0.4615740740740741 0.013020833333333334 0.045370370370370366
0 0.521484375 0.5694444444444444 0.5234375 0.5659722222222222 0.529296875 0.5694444444444444 0.53515625 0.5833333333333334 0.53515625 0.59375 0.533203125 0.6006944444444444 0.529296875 0.6041666666666666 0.52734375 0.5972222222222222 0.52734375 0.5868055555555556 0.5234375 0.5798611111111112 0.5234375 0.5729166666666666
0 0.35546875 0.4375 0.359375 0.4444444444444444 0.357421875 0.4548611111111111 0.353515625 0.4548611111111111 0.3515625 0.4513888888888889 0.3515625 0.4444444444444444 0.353515625 0.4409722222222222
0 0.423828125 0.7048611111111112 0.4296875 0.7118055555555556 0.43359375 0.7118055555555556 0.435546875 0.7083333333333334 0.435546875 0.7256944444444444 0.4296875 0.7256944444444444 0.427734375 0.7291666666666666 0.412109375 0.7291666666666666 0.404296875 0.7222222222222222 0.404296875 0.71875 0.412109375 0.7048611111111112 0.421875 0.7048611111111112
0 0.5390625 0.16666666666666666 0.54296875 0.15625 0.560546875 0.15625 0.5625 0.1527777777777778 0.568359375 0.1597222222222222 0.5703125 0.16666666666666666 0.568359375 0.1736111111111111 0.552734375 0.1736111111111111 0.55078125 0.1701388888888889 0.541015625 0.16666666666666666
0 0.380859375 0.11458333333333333 0.392578125 0.11458333333333333 0.396484375 0.12152777777777778 0.396484375 0.1284722222222222 0.38671875 0.1284722222222222 0.380859375 0.11805555555555555
0 0.34375 0.53125 0.34375 0.5138888888888888 0.34765625 0.5069444444444444 0.3515625 0.5104166666666666 0.3515625 0.5243055555555556 0.349609375 0.53125 0.345703125 0.53125
0 0.646484375 0.10069444444444445 0.64453125 0.1111111111111111 0.638671875 0.12152777777777778 0.626953125 0.13194444444444445 0.62109375 0.1423611111111111 0.62109375 0.1527777777777778 0.619140625 0.15625 0.609375 0.16319444444444445 0.587890625 0.15625 0.58203125 0.1423611111111111 0.58203125 0.13541666666666666 0.57421875 0.1076388888888889 0.57421875 0.10069444444444445 0.576171875 0.09722222222222222 0.58203125 0.09722222222222222 0.5859375 0.10416666666666667 0.58984375 0.10416666666666667 0.591796875 0.1076388888888889 0.611328125 0.1111111111111111 0.61328125 0.11458333333333333 0.615234375 0.1111111111111111 0.638671875 0.11458333333333333 0.64453125 0.10416666666666667
0 0.642578125 0.3159722222222222 0.6484375 0.3263888888888889 0.6484375 0.3298611111111111 0.640625 0.34375 0.63671875 0.3472222222222222 0.619140625 0.34375 0.615234375 0.3506944444444444 0.61328125 0.3506944444444444 0.61328125 0.3402777777777778 0.609375 0.3368055555555556 0.609375 0.3333333333333333 0.6171875 0.3333333333333333 0.625 0.3194444444444444 0.62890625 0.3194444444444444 0.63671875 0.3125 0.640625 0.3159722222222222
0 0.5703125 0.6597222222222222 0.57421875 0.6597222222222222 0.583984375 0.6701388888888888 0.595703125 0.6701388888888888 0.595703125 0.6840277777777778 0.60546875 0.6979166666666666 0.62890625 0.6979166666666666 0.630859375 0.7013888888888888 0.640625 0.7013888888888888 0.642578125 0.7048611111111112 0.65625 0.7048611111111112 0.658203125 0.7083333333333334 0.658203125 0.8090277777777778 0.654296875 0.8090277777777778 0.65234375 0.8055555555555556 0.65234375 0.7986111111111112 0.6484375 0.7916666666666666 0.6484375 0.7777777777777778 0.64453125 0.7638888888888888 0.625 0.7465277777777778 0.619140625 0.7395833333333334 0.6171875 0.7326388888888888 0.611328125 0.7291666666666666 0.6015625 0.7152777777777778 0.59765625 0.7118055555555556 0.580078125 0.7118055555555556 0.5703125 0.7222222222222222 0.568359375 0.71875 0.568359375 0.7118055555555556 0.5703125 0.7083333333333334 0.5703125 0.6736111111111112 0.572265625 0.6701388888888888 0.572265625 0.6631944444444444
0 0.478515625 0.3715277777777778 0.482421875 0.375 0.482421875 0.3958333333333333 0.48046875 0.3993055555555556 0.478515625 0.375
0 0.35546875 0.3472222222222222 0.3671875 0.3680555555555556 0.37109375 0.3680555555555556 0.373046875 0.3715277777777778 0.384765625 0.3715277777777778 0.384765625 0.3819444444444444 0.3828125 0.3854166666666667 0.373046875 0.3854166666666667 0.37109375 0.3888888888888889 0.37109375 0.3958333333333333 0.345703125 0.3958333333333333 0.341796875 0.3888888888888889 0.341796875 0.3680555555555556 0.353515625 0.3506944444444444
0 0.52265625 0.34814814814814815 0.013020833333333334 0.022222222222222223
0 0.36328125 0.46875 0.375 0.46875 0.380859375 0.4756944444444444 0.384765625 0.4756944444444444 0.384765625 0.4826388888888889 0.373046875 0.4861111111111111 0.37109375 0.4826388888888889 0.3671875 0.4826388888888889 0.36328125 0.4722222222222222
0 0.470703125 0.5138888888888888 0.48828125 0.5173611111111112 0.48828125 0.5243055555555556 0.484375 0.5243055555555556 0.478515625 0.53125 0.46875 0.5277777777777778 0.46875 0.5208333333333334 0.470703125 0.5173611111111112