0 0.27734375 0.2465277777777778 0.28515625 0.23958333333333334 0.291015625 0.23958333333333334 0.29296875 0.2361111111111111 0.3046875 0.2326388888888889 0.3203125 0.2152777777777778 0.330078125 0.2152777777777778 0.33203125 0.21180555555555555 0.353515625 0.21180555555555555 0.36328125 0.2048611111111111 0.375 0.1875 0.37890625 0.1909722222222222 0.369140625 0.20833333333333334 0.3671875 0.20833333333333334 0.330078125 0.2777777777777778 0.306640625 0.3020833333333333 0.287109375 0.3020833333333333 0.279296875 0.3159722222222222 0.279296875 0.3333333333333333 0.27734375 0.3368055555555556 0.275390625 0.3368055555555556 0.275390625 0.3298611111111111 0.271484375 0.3159722222222222 0.265625 0.3055555555555556 0.275390625 0.2986111111111111 0.279296875 0.2916666666666667 0.28125 0.2777777777777778 0.287109375 0.2604166666666667 0.287109375 0.2534722222222222 0.279296875 0.2465277777777778
0 0.62421875 0.12916666666666668 0.09322916666666667 0.14537037037037037
0 0.337890625 0.9027777777777778 0.341796875 0.9027777777777778 0.341796875 0.90625 0.345703125 0.9097222222222222 0.376953125 0.96875 0.376953125 0.9756944444444444 0.380859375 0.9861111111111112 0.380859375 0.9965277777777778 0.337890625 0.9965277777777778 0.333984375 0.9930555555555556 0.32421875 0.9756944444444444 0.3203125 0.9618055555555556 0.318359375 0.9375 0.31640625 0.9305555555555556 0.310546875 0.9236111111111112 0.30859375 0.9131944444444444 0.310546875 0.90625 0.314453125 0.90625 0.3203125 0.9166666666666666 0.326171875 0.9201388888888888 0.328125 0.9166666666666666 0.337890625 0.9166666666666666 0.33984375 0.9131944444444444 0.33984375 0.90625
0 0.775390625 0.9097222222222222 0.791015625 0.9340277777777778 0.794921875 0.9479166666666666 0.798828125 0.9722222222222222 0.794921875 0.9791666666666666 0.791015625 0.9791666666666666 0.7890625 0.9826388888888888 0.78125 0.9826388888888888 0.7734375 0.9756944444444444 0.7578125 0.9513888888888888 0.755859375 0.9583333333333334 0.751953125 0.9409722222222222 0.748046875 0.9340277777777778 0.748046875 0.9236111111111112 0.75 0.9166666666666666 0.75390625 0.9166666666666666 0.76171875 0.90625 0.771484375 0.90625 0.7734375 0.9097222222222222
0 0.787109375 0.2986111111111111 0.7890625 0.2951388888888889 0.794921875 0.2951388888888889 0.80859375 0.3055555555555556 0.814453125 0.3055555555555556 0.8203125 0.3125 0.826171875 0.3125 0.828125 0.3159722222222222 0.833984375 0.3159722222222222 0.8359375 0.3194444444444444 0.841796875 0.3194444444444444 0.84375 0.3229166666666667 0.853515625 0.3263888888888889 0.892578125 0.3611111111111111 0.90234375 0.375 0.90625 0.375 0.9140625 0.3819444444444444 0.919921875 0.3819444444444444 0.921875 0.3854166666666667 0.943359375 0.3854166666666667 0.9453125 0.3888888888888889 0.943359375 0.3923611111111111 0.896484375 0.3923611111111111 0.89453125 0.3958333333333333 0.87109375 0.3993055555555556 0.869140625 0.4027777777777778 0.841796875 0.4027777777777778 0.83984375 0.3993055555555556 0.828125 0.3993055555555556 0.826171875 0.3958333333333333 0.8203125 0.3958333333333333 0.818359375 0.3923611111111111 0.796875 0.3819444444444444 0.7890625 0.3715277777777778 0.779296875 0.3645833333333333 0.76953125 0.3506944444444444 0.7578125 0.3506944444444444 0.751953125 0.3611111111111111 0.748046875 0.3611111111111111 0.75 0.3541666666666667 0.75 0.34375 0.74609375 0.3298611111111111 0.751953125 0.3298611111111111 0.75390625 0.3333333333333333 0.767578125 0.3333333333333333 0.76953125 0.3298611111111111 0.7734375 0.3298611111111111 0.78125 0.3194444444444444 0.794921875 0.3159722222222222 0.796875 0.3090277777777778 0.7890625 0.3020833333333333
0 0.4140625 0.0625 0.416015625 0.059027777777777776 0.453125 0.059027777777777776 0.458984375 0.06597222222222222 0.466796875 0.06944444444444445 0.466796875 0.07291666666666667 0.478515625 0.09027777777777778 0.494140625 0.10416666666666667 0.494140625 0.1076388888888889 0.490234375 0.1076388888888889 0.474609375 0.09375 0.466796875 0.09375 0.46484375 0.09027777777777778 0.447265625 0.09027777777777778 0.435546875 0.0798611111111111 0.431640625 0.0798611111111111 0.419921875 0.06944444444444445 0.416015625 0.0625
0 0.228515625 0.9375 0.248046875 0.9583333333333334 0.265625 0.9861111111111112 0.267578125 0.9861111111111112 0.26953125 0.9930555555555556 0.271484375 0.9930555555555556 0.271484375 0.9965277777777778 0.22265625 0.9965277777777778 0.21875 0.9861111111111112 0.21875 0.9791666666666666 0.21484375 0.9722222222222222 0.208984375 0.96875 0.20703125 0.9583333333333334 0.208984375 0.9548611111111112 0.212890625 0.9548611111111112 0.21875 0.9618055555555556 0.2265625 0.9618055555555556 0.232421875 0.9548611111111112 0.228515625 0.9409722222222222
0 0.71484375 0.9722222222222222 0.716796875 0.9965277777777778 0.6953125 0.9965277777777778 0.69921875 0.9791666666666666 0.703125 0.9722222222222222 0.712890625 0.9722222222222222
0 0.259765625 0.06597222222222222 0.263671875 0.0798611111111111 0.263671875 0.08680555555555555 0.271484375 0.1111111111111111 0.26953125 0.11805555555555555 0.2578125 0.1076388888888889 0.255859375 0.10069444444444445 0.255859375 0.09375 0.25 0.06944444444444445 0.251953125 0.06597222222222222 0.2578125 0.06597222222222222
0 0.771484375 0.90625 0.791015625 0.9305555555555556 0.794921875 0.9409722222222222 0.794921875 0.9479166666666666 0.798828125 0.9548611111111112 0.798828125 0.9618055555555556 0.802734375 0.9756944444444444 0.802734375 0.9861111111111112 0.8046875 0.9895833333333334 0.796875 0.9965277777777778 0.7890625 0.9965277777777778 0.787109375 0.9930555555555556 0.748046875 0.9965277777777778 0.74609375 0.9930555555555556 0.74609375 0.9826388888888888 0.751953125 0.96875 0.751953125 0.9548611111111112 0.748046875 0.9375 0.748046875 0.9201388888888888 0.7578125 0.9131944444444444 0.765625 0.9027777777777778 0.76953125 0.90625
0 0.81640625 0.10069444444444445 0.822265625 0.1076388888888889 0.83203125 0.1111111111111111 0.837890625 0.13194444444444445 0.849609375 0.1527777777777778 0.849609375 0.15625 0.826171875 0.13194444444444445 0.822265625 0.13194444444444445 0.806640625 0.11805555555555555 0.80078125 0.1076388888888889 0.80078125 0.10416666666666667 0.814453125 0.10069444444444445