0 0.423828125 0.15625 0.4296875 0.15625 0.447265625 0.1736111111111111 0.455078125 0.17708333333333334 0.458984375 0.1840277777777778 0.458984375 0.1909722222222222 0.453125 0.19791666666666666 0.443359375 0.1909722222222222 0.427734375 0.1909722222222222 0.421875 0.1840277777777778 0.41796875 0.1840277777777778 0.41796875 0.16666666666666666 0.423828125 0.1597222222222222
0 0.56640625 0.22569444444444445 0.5703125 0.2222222222222222 0.591796875 0.2222222222222222 0.59375 0.22569444444444445 0.6015625 0.22569444444444445 0.603515625 0.22916666666666666 0.6171875 0.2326388888888889 0.6328125 0.2465277777777778 0.646484375 0.2465277777777778 0.64453125 0.2534722222222222 0.60546875 0.2534722222222222 0.603515625 0.25 0.591796875 0.25 0.572265625 0.2361111111111111 0.568359375 0.22569444444444445
0 0.7265625 0.3541666666666667 0.755859375 0.3541666666666667 0.7578125 0.3611111111111111 0.775390625 0.3611111111111111 0.77734375 0.3645833333333333 0.77734375 0.3680555555555556 0.73828125 0.3680555555555556 0.736328125 0.3715277777777778 0.73046875 0.3715277777777778 0.72265625 0.3645833333333333 0.72265625 0.3611111111111111 0.7265625 0.3576388888888889
0 0.142578125 0.5590277777777778 0.14453125 0.5625 0.15234375 0.5625 0.16015625 0.5694444444444444 0.162109375 0.5729166666666666 0.162109375 0.5868055555555556 0.1640625 0.5902777777777778 0.162109375 0.5972222222222222 0.15625 0.5972222222222222 0.154296875 0.6006944444444444 0.142578125 0.6006944444444444 0.140625 0.6041666666666666 0.130859375 0.6041666666666666 0.115234375 0.5798611111111112 0.11328125 0.5798611111111112 0.11328125 0.5659722222222222 0.119140625 0.5590277777777778 0.140625 0.5590277777777778
0 0.53515625 0.1527777777777778 0.53515625 0.1597222222222222 0.52734375 0.16666666666666666 0.5234375 0.16666666666666666 0.517578125 0.1736111111111111 0.509765625 0.1736111111111111 0.50390625 0.18055555555555555 0.494140625 0.18055555555555555 0.4921875 0.1840277777777778 0.46875 0.1840277777777778 0.466796875 0.18055555555555555 0.462890625 0.18055555555555555 0.462890625 0.1701388888888889 0.466796875 0.1701388888888889 0.47265625 0.16319444444444445 0.482421875 0.16319444444444445 0.486328125 0.16666666666666666 0.48828125 0.16319444444444445 0.4921875 0.16319444444444445 0.49609375 0.15625 0.501953125 0.15625 0.50390625 0.1527777777777778 0.533203125 0.1527777777777778
0 0.671875 0.3819444444444444 0.6953125 0.3819444444444444 0.697265625 0.3888888888888889 0.703125 0.3888888888888889 0.716796875 0.3993055555555556 0.724609375 0.3993055555555556 0.73828125 0.4097222222222222 0.73828125 0.4131944444444444 0.734375 0.4166666666666667 0.72265625 0.4166666666666667 0.720703125 0.4201388888888889 0.70703125 0.4201388888888889 0.697265625 0.4131944444444444 0.6875 0.4131944444444444 0.666015625 0.3958333333333333 0.666015625 0.3888888888888889 0.669921875 0.3888888888888889 0.671875 0.3854166666666667
0 0.556640625 0.6458333333333334 0.5703125 0.6458333333333334 0.572265625 0.6527777777777778 0.60546875 0.65625 0.60546875 0.6666666666666666 0.599609375 0.6666666666666666 0.59765625 0.6701388888888888 0.57421875 0.6701388888888888 0.572265625 0.6736111111111112 0.560546875 0.6736111111111112 0.55859375 0.6770833333333334 0.53125 0.6770833333333334 0.5234375 0.6701388888888888 0.517578125 0.6701388888888888 0.521484375 0.6597222222222222 0.53125 0.6527777777777778 0.5546875 0.6527777777777778 0.556640625 0.6493055555555556
0 0.05859375 0.21875 0.099609375 0.21875 0.1015625 0.22569444444444445 0.10546875 0.22569444444444445 0.107421875 0.22916666666666666 0.11328125 0.22916666666666666 0.115234375 0.22569444444444445 0.1171875 0.22916666666666666 0.1171875 0.24305555555555555 0.08203125 0.24305555555555555 0.078125 0.25 0.072265625 0.25 0.0703125 0.2465277777777778 0.05078125 0.2465277777777778 0.048828125 0.24305555555555555 0.041015625 0.24305555555555555 0.037109375 0.23958333333333334 0.037109375 0.2361111111111111 0.041015625 0.2361111111111111 0.044921875 0.22916666666666666 0.056640625 0.22569444444444445 0.05859375 0.2222222222222222
0 0.99609375 0.3888888888888889 0.998046875 0.3888888888888889 0.998046875 0.4097222222222222 0.984375 0.4027777777777778 0.984375 0.3958333333333333 0.994140625 0.3958333333333333 0.99609375 0.3923611111111111
0 0.28515625 0.2604166666666667 0.291015625 0.2673611111111111 0.314453125 0.2673611111111111 0.314453125 0.2743055555555556 0.31640625 0.2777777777777778 0.31640625 0.2881944444444444 0.314453125 0.2916666666666667 0.30859375 0.2916666666666667 0.306640625 0.2951388888888889 0.287109375 0.2951388888888889 0.28515625 0.2916666666666667 0.275390625 0.2916666666666667 0.265625 0.2986111111111111 0.251953125 0.2986111111111111 0.244140625 0.3055555555555556 0.2265625 0.3090277777777778 0.216796875 0.3159722222222222 0.201171875 0.3159722222222222 0.1953125 0.3090277777777778 0.20703125 0.2951388888888889 0.2109375 0.2951388888888889 0.232421875 0.2777777777777778 0.2421875 0.2777777777777778 0.255859375 0.2673611111111111 0.267578125 0.2673611111111111 0.26953125 0.2638888888888889 0.283203125 0.2604166666666667
0 0.544921875 0.2361111111111111 0.546875 0.23958333333333334 0.544921875 0.2534722222222222 0.541015625 0.25 0.537109375 0.2604166666666667 0.537109375 0.2708333333333333 0.533203125 0.2708333333333333 0.53125 0.2743055555555556 0.513671875 0.2743055555555556 0.51171875 0.2708333333333333 0.51171875 0.2638888888888889 0.5078125 0.2604166666666667 0.51953125 0.2465277777777778 0.54296875 0.2361111111111111
0 0.1953125 0.3784722222222222 0.1953125 0.3888888888888889 0.189453125 0.3888888888888889 0.173828125 0.40625 0.169921875 0.40625 0.16796875 0.4097222222222222 0.158203125 0.4097222222222222 0.150390625 0.4166666666666667 0.130859375 0.4166666666666667 0.130859375 0.4097222222222222 0.158203125 0.3888888888888889 0.166015625 0.3888888888888889 0.16796875 0.3854166666666667 0.177734375 0.3854166666666667 0.1796875 0.3819444444444444 0.193359375 0.3784722222222222
0 0.822265625 0.3680555555555556 0.822265625 0.3958333333333333 0.8203125 0.3923611111111111 0.8046875 0.3923611111111111 0.794921875 0.3993055555555556 0.779296875 0.3993055555555556 0.77734375 0.4027777777777778 0.744140625 0.4027777777777778 0.728515625 0.3888888888888889 0.73046875 0.375 0.734375 0.375 0.736328125 0.3715277777777778 0.794921875 0.3715277777777778 0.8046875 0.3784722222222222 0.818359375 0.3784722222222222 0.822265625 0.3715277777777778
0 0.28125 0.2673611111111111 0.3125 0.2673611111111111 0.3125 0.2708333333333333 0.31640625 0.2743055555555556 0.31640625 0.2916666666666667 0.283203125 0.2951388888888889 0.28125 0.2916666666666667 0.275390625 0.2916666666666667 0.275390625 0.2881944444444444 0.271484375 0.2847222222222222 0.271484375 0.28125 0.27734375 0.2777777777777778 0.28125 0.2708333333333333
0 0.271484375 0.18055555555555555 0.27734375 0.18055555555555555 0.279296875 0.1875 0.29296875 0.1909722222222222 0.310546875 0.20833333333333334 0.310546875 0.2152777777777778 0.30859375 0.21875 0.298828125 0.21875 0.2890625 0.21180555555555555 0.28125 0.21180555555555555 0.26953125 0.19791666666666666 0.271484375 0.1840277777777778
0 0.1953125 0.3090277777777778 0.197265625 0.3090277777777778 0.205078125 0.2951388888888889 0.208984375 0.2951388888888889 0.224609375 0.28125 0.2421875 0.2777777777777778 0.2578125 0.2673611111111111 0.28125 0.2638888888888889 0.28125 0.2673611111111111 0.275390625 0.2777777777777778 0.279296875 0.2881944444444444 0.265625 0.2986111111111111 0.25 0.2986111111111111 0.244140625 0.3055555555555556 0.228515625 0.3090277777777778 0.2265625 0.3125 0.21875 0.3125 0.216796875 0.3159722222222222 0.19921875 0.3159722222222222 0.1953125 0.3125
0 0.279296875 0.18055555555555555 0.28125 0.1840277777777778 0.287109375 0.1840277777777778 0.296875 0.19444444444444445 0.30078125 0.19444444444444445 0.310546875 0.2048611111111111 0.310546875 0.2152777777777778 0.306640625 0.21875 0.30078125 0.21875 0.29296875 0.21180555555555555 0.287109375 0.21180555555555555 0.28125 0.2048611111111111 0.27734375 0.2048611111111111 0.2734375 0.19791666666666666 0.2578125 0.19791666666666666 0.251953125 0.2048611111111111 0.2265625 0.2048611111111111 0.224609375 0.2013888888888889 0.21875 0.2013888888888889 0.21484375 0.19791666666666666 0.21484375 0.19444444444444445 0.220703125 0.1875 0.23828125 0.1840277777777778 0.240234375 0.18055555555555555 0.27734375 0.18055555555555555
0 0.078125 0.3888888888888889 0.119140625 0.3888888888888889 0.12109375 0.3958333333333333 0.119140625 0.40625 0.109375 0.40625 0.099609375 0.4131944444444444 0.083984375 0.4131944444444444 0.08203125 0.4166666666666667 0.046875 0.4166666666666667 0.04296875 0.4131944444444444 0.04296875 0.4097222222222222 0.048828125 0.4027777777777778 0.0625 0.3993055555555556 0.064453125 0.3958333333333333 0.076171875 0.3958333333333333 0.078125 0.3923611111111111
0 0.578125 0.3854166666666667 0.583984375 0.3854166666666667 0.5859375 0.3923611111111111 0.611328125 0.3958333333333333 0.611328125 0.4027777777777778 0.607421875 0.4027777777777778 0.60546875 0.40625 0.580078125 0.40625 0.578125 0.4097222222222222 0.572265625 0.4097222222222222 0.5703125 0.40625 0.564453125 0.40625 0.5625 0.3993055555555556 0.564453125 0.3923611111111111 0.576171875 0.3923611111111111 0.578125 0.3888888888888889
0 0.865234375 0.4375 0.87890625 0.4236111111111111 0.8828125 0.4236111111111111 0.896484375 0.4131944444444444 0.90234375 0.4131944444444444 0.904296875 0.4097222222222222 0.953125 0.4027777777777778 0.953125 0.4131944444444444 0.951171875 0.4166666666666667 0.943359375 0.4166666666666667 0.935546875 0.4236111111111111 0.9296875 0.4236111111111111 0.921875 0.4305555555555556 0.908203125 0.4340277777777778 0.900390625 0.4409722222222222 0.890625 0.4409722222222222 0.888671875 0.4444444444444444 0.87109375 0.4444444444444444 0.869140625 0.4409722222222222 0.865234375 0.4409722222222222
0 0.181640625 0.40625 0.185546875 0.4131944444444444 0.18359375 0.4236111111111111 0.1796875 0.4236111111111111 0.169921875 0.4340277777777778 0.1640625 0.4340277777777778 0.15625 0.4409722222222222 0.154296875 0.4340277777777778 0.15625 0.4201388888888889 0.166015625 0.4097222222222222 0.1796875 0.40625
0 0.154296875 0.2847222222222222 0.158203125 0.2881944444444444 0.15625 0.3020833333333333 0.1484375 0.3020833333333333 0.142578125 0.3090277777777778 0.130859375 0.3125 0.12890625 0.3159722222222222 0.11328125 0.3159722222222222 0.111328125 0.3194444444444444 0.099609375 0.3194444444444444 0.09765625 0.3229166666666667 0.076171875 0.3159722222222222 0.095703125 0.2986111111111111 0.107421875 0.2986111111111111 0.109375 0.2951388888888889 0.1171875 0.2951388888888889 0.119140625 0.2916666666666667 0.15234375 0.2916666666666667 0.154296875 0.2881944444444444
0 0.076171875 0.2534722222222222 0.0859375 0.24305555555555555 0.119140625 0.24305555555555555 0.1171875 0.2534722222222222 0.109375 0.2534722222222222 0.10546875 0.2604166666666667 0.08203125 0.2604166666666667 0.078125 0.2534722222222222
0 0.30078125 0.3402777777777778 0.306640625 0.3402777777777778 0.30859375 0.34375 0.306640625 0.3472222222222222 0.306640625 0.3611111111111111 0.302734375 0.3645833333333333 0.294921875 0.3645833333333333 0.29296875 0.3680555555555556 0.27734375 0.3680555555555556 0.2734375 0.3645833333333333 0.2734375 0.3611111111111111 0.283203125 0.3506944444444444 0.287109375 0.3506944444444444 0.2890625 0.3472222222222222 0.298828125 0.3472222222222222 0.30078125 0.34375
0 0.158203125 0.3090277777777778 0.173828125 0.3090277777777778 0.173828125 0.3194444444444444 0.17578125 0.3263888888888889 0.173828125 0.3298611111111111 0.1640625 0.3298611111111111 0.16015625 0.3333333333333333 0.150390625 0.3506944444444444 0.146484375 0.3472222222222222 0.125 0.3472222222222222 0.123046875 0.3506944444444444 0.11328125 0.3506944444444444 0.111328125 0.3541666666666667 0.109375 0.3506944444444444 0.09375 0.3506944444444444 0.08984375 0.3472222222222222 0.09375 0.3368055555555556 0.09765625 0.3368055555555556 0.103515625 0.3298611111111111 0.111328125 0.3298611111111111 0.119140625 0.3229166666666667 0.12890625 0.3229166666666667 0.130859375 0.3194444444444444 0.140625 0.3194444444444444 0.142578125 0.3159722222222222 0.15625 0.3159722222222222 0.158203125 0.3125
0 0.25390625 0.3229166666666667 0.25390625 0.3368055555555556 0.255859375 0.34375 0.244140625 0.34375 0.23046875 0.3541666666666667 0.208984375 0.3541666666666667 0.20703125 0.3576388888888889 0.1953125 0.3576388888888889 0.193359375 0.3611111111111111 0.189453125 0.3576388888888889 0.177734375 0.3576388888888889 0.173828125 0.3541666666666667 0.17578125 0.3472222222222222 0.18359375 0.34375 0.189453125 0.3368055555555556 0.1953125 0.3368055555555556 0.197265625 0.3333333333333333 0.20703125 0.3333333333333333 0.208984375 0.3298611111111111 0.251953125 0.3298611111111111 0.25390625 0.3263888888888889
0 0.267578125 0.1423611111111111 0.26953125 0.14583333333333334 0.2734375 0.14583333333333334 0.2734375 0.15625 0.26953125 0.15625 0.267578125 0.1597222222222222 0.2578125 0.1597222222222222 0.248046875 0.16666666666666666 0.21875 0.1701388888888889 0.216796875 0.1736111111111111 0.197265625 0.1736111111111111 0.193359375 0.16666666666666666 0.193359375 0.15625 0.197265625 0.1527777777777778 0.203125 0.1527777777777778 0.212890625 0.14583333333333334 0.265625 0.1423611111111111
0 0.005859375 0.3194444444444444 0.037109375 0.3194444444444444 0.037109375 0.3229166666666667 0.04296875 0.3298611111111111 0.04296875 0.3368055555555556 0.041015625 0.3402777777777778 0.021484375 0.3402777777777778 0.01953125 0.3368055555555556 0.01171875 0.3368055555555556 0.0078125 0.3333333333333333 0.001953125 0.3263888888888889 0.005859375 0.3229166666666667
0 0.814453125 0.5208333333333334 0.814453125 0.5138888888888888 0.82421875 0.5 0.828125 0.5 0.841796875 0.4895833333333333 0.857421875 0.4895833333333333 0.859375 0.4861111111111111 0.8671875 0.4861111111111111 0.869140625 0.4826388888888889 0.912109375 0.4826388888888889 0.9140625 0.4791666666666667 0.92578125 0.4791666666666667 0.927734375 0.4756944444444444 0.931640625 0.4791666666666667 0.9296875 0.4930555555555556 0.90625 0.4965277777777778 0.900390625 0.5034722222222222 0.896484375 0.5034722222222222 0.888671875 0.5104166666666666 0.8828125 0.5104166666666666 0.880859375 0.5138888888888888 0.861328125 0.5173611111111112 0.859375 0.5208333333333334 0.849609375 0.5208333333333334 0.84765625 0.5243055555555556 0.822265625 0.5243055555555556 0.8203125 0.5208333333333334 0.81640625 0.5208333333333334
0 0.47265625 0.1875 0.4765625 0.1875 0.478515625 0.19444444444444445 0.490234375 0.19444444444444445 0.4921875 0.19791666666666666 0.498046875 0.19791666666666666 0.509765625 0.2152777777777778 0.517578125 0.21875 0.517578125 0.22569444444444445 0.5078125 0.22569444444444445 0.501953125 0.2326388888888889 0.498046875 0.2326388888888889 0.4921875 0.22569444444444445 0.486328125 0.22569444444444445 0.48046875 0.21875 0.466796875 0.2152777777777778 0.4609375 0.2048611111111111 0.4609375 0.2013888888888889 0.47265625 0.1909722222222222
0 0.060546875 0.21875 0.099609375 0.21875 0.1015625 0.22569444444444445 0.107421875 0.22569444444444445 0.109375 0.22916666666666666 0.1171875 0.22569444444444445 0.1171875 0.2361111111111111 0.119140625 0.23958333333333334 0.119140625 0.2465277777777778 0.115234375 0.2569444444444444 0.10546875 0.2569444444444444 0.103515625 0.2604166666666667 0.083984375 0.2604166666666667 0.072265625 0.25 0.05078125 0.25 0.048828125 0.2465277777777778 0.04296875 0.2465277777777778 0.037109375 0.23958333333333334 0.0390625 0.23958333333333334 0.044921875 0.22916666666666666 0.05859375 0.22569444444444445 0.060546875 0.2222222222222222
0 0.630859375 0.2708333333333333 0.6328125 0.2916666666666667 0.62890625 0.2916666666666667 0.630859375 0.2881944444444444 0.62890625 0.2847222222222222 0.62109375 0.2847222222222222 0.611328125 0.2916666666666667 0.583984375 0.2916666666666667 0.578125 0.2847222222222222 0.578125 0.2777777777777778 0.58984375 0.2673611111111111 0.623046875 0.2673611111111111 0.625 0.2708333333333333 0.62890625 0.2708333333333333
0 0.5625 0.3645833333333333 0.57421875 0.3506944444444444 0.583984375 0.3506944444444444 0.5859375 0.3472222222222222 0.638671875 0.34375 0.640625 0.3402777777777778 0.646484375 0.3402777777777778 0.646484375 0.3541666666666667 0.6328125 0.3541666666666667 0.630859375 0.3576388888888889 0.619140625 0.3611111111111111 0.615234375 0.3680555555555556 0.609375 0.3680555555555556 0.607421875 0.3715277777777778 0.56640625 0.3715277777777778 0.5625 0.3680555555555556
0 0.205078125 0.6527777777777778 0.236328125 0.6527777777777778 0.23828125 0.65625 0.251953125 0.6527777777777778 0.263671875 0.6354166666666666 0.265625 0.625 0.27734375 0.6041666666666666 0.283203125 0.6006944444444444 0.287109375 0.59375 0.291015625 0.59375 0.30078125 0.5833333333333334 0.3046875 0.5833333333333334 0.310546875 0.5763888888888888 0.31640625 0.5763888888888888 0.318359375 0.5729166666666666 0.328125 0.5729166666666666 0.328125 0.59375 0.326171875 0.6006944444444444 0.328125 0.6041666666666666 0.328125 0.6354166666666666 0.330078125 0.6388888888888888 0.328125 0.6666666666666666 0.31640625 0.6666666666666666 0.314453125 0.6631944444444444 0.302734375 0.6805555555555556 0.29296875 0.6840277777777778 0.287109375 0.6909722222222222 0.279296875 0.6909722222222222 0.27734375 0.6944444444444444 0.267578125 0.6944444444444444 0.267578125 0.6909722222222222 0.2578125 0.6736111111111112 0.248046875 0.6840277777777778 0.240234375 0.6840277777777778 0.234375 0.6909722222222222 0.2265625 0.6909722222222222 0.2265625 0.6875 0.220703125 0.6770833333333334 0.21484375 0.6736111111111112 0.208984375 0.6631944444444444 0.208984375 0.6597222222222222 0.205078125 0.65625
0 0.171875 0.3506944444444444 0.1796875 0.3611111111111111 0.189453125 0.3611111111111111 0.189453125 0.3680555555555556 0.181640625 0.375 0.171875 0.375 0.169921875 0.3784722222222222 0.14453125 0.3784722222222222 0.140625 0.375 0.140625 0.3715277777777778 0.154296875 0.3645833333333333 0.16015625 0.3576388888888889 0.166015625 0.3576388888888889 0.169921875 0.3541666666666667
0 0.857421875 0.3125 0.8671875 0.3194444444444444 0.875 0.3194444444444444 0.876953125 0.3229166666666667 0.876953125 0.3298611111111111 0.84375 0.3298611111111111 0.841796875 0.3333333333333333 0.8046875 0.3333333333333333 0.802734375 0.3298611111111111 0.79296875 0.3298611111111111 0.787109375 0.3229166666666667 0.779296875 0.3194444444444444 0.77734375 0.3159722222222222 0.78125 0.3090277777777778 0.845703125 0.3090277777777778 0.84765625 0.3125 0.85546875 0.3125