0 0.603515625 0.6341463414634146 0.611328125 0.6341463414634146 0.611328125 0.6376306620209059 0.615234375 0.6411149825783972 0.615234375 0.6933797909407665 0.599609375 0.6968641114982579 0.59375 0.6898954703832753 0.59375 0.6759581881533101 0.59765625 0.6724738675958188 0.59765625 0.6585365853658537 0.6015625 0.6550522648083623 0.6015625 0.6445993031358885 0.603515625 0.6376306620209059
0 0.48046875 0.8432055749128919 0.486328125 0.8432055749128919 0.48828125 0.8466898954703833 0.48828125 0.8606271777003485 0.486328125 0.8641114982578397 0.484375 0.8641114982578397 0.48828125 0.8606271777003485 0.484375 0.8571428571428571 0.484375 0.8501742160278746 0.48046875 0.8466898954703833
0 0.458984375 0.43902439024390244 0.466796875 0.43902439024390244 0.466796875 0.4425087108013937 0.470703125 0.445993031358885 0.470703125 0.4564459930313589 0.466796875 0.45993031358885017 0.462890625 0.4564459930313589 0.4609375 0.44947735191637633 0.458984375 0.44947735191637633 0.458984375 0.4425087108013937
0 0.556640625 0.9547038327526133 0.55859375 0.9547038327526133 0.560546875 0.9616724738675958 0.560546875 0.9965156794425087 0.552734375 0.9965156794425087 0.552734375 0.9616724738675958 0.556640625 0.9581881533101045
0 0.533203125 0.4250871080139373 0.537109375 0.4250871080139373 0.5390625 0.43205574912891986 0.556640625 0.43205574912891986 0.556640625 0.43902439024390244 0.5390625 0.43902439024390244 0.537109375 0.4425087108013937 0.537109375 0.4808362369337979 0.53515625 0.4808362369337979 0.53125 0.4738675958188153 0.53125 0.43205574912891986 0.533203125 0.42857142857142855
0 0.515625 0.08013937282229965 0.51953125 0.07665505226480836 0.525390625 0.07665505226480836 0.53125 0.08362369337979095 0.54296875 0.08710801393728224 0.548828125 0.09407665505226481 0.552734375 0.09407665505226481 0.556640625 0.10104529616724739 0.556640625 0.10801393728222997 0.5546875 0.11149825783972125 0.541015625 0.11149825783972125 0.5390625 0.10801393728222997 0.521484375 0.10452961672473868 0.515625 0.0975609756097561 0.515625 0.09059233449477352 0.51171875 0.08710801393728224 0.515625 0.08362369337979095
0 0.59375 0.735191637630662 0.6015625 0.7386759581881533 0.6015625 0.7909407665505227 0.59765625 0.794425087108014 0.583984375 0.7909407665505227 0.583984375 0.7526132404181185 0.587890625 0.7526132404181185 0.58984375 0.7491289198606271 0.58984375 0.7421602787456446 0.59375 0.7386759581881533
0 0.5 0.49477351916376305 0.513671875 0.49477351916376305 0.513671875 0.5121951219512195 0.5078125 0.5121951219512195 0.5078125 0.5052264808362369 0.505859375 0.5017421602787456 0.5 0.5017421602787456 0.5 0.49825783972125437
0 0.482421875 0.8501742160278746 0.49609375 0.8501742160278746 0.49609375 0.8606271777003485 0.494140625 0.8641114982578397 0.490234375 0.8641114982578397 0.490234375 0.8571428571428571 0.48828125 0.8536585365853658 0.482421875 0.8536585365853658
0 0.57421875 0.6898954703832753 0.57421875 0.6968641114982579 0.560546875 0.6968641114982579 0.55859375 0.7003484320557491 0.533203125 0.7003484320557491 0.533203125 0.6933797909407665 0.556640625 0.6933797909407665 0.55859375 0.6898954703832753 0.572265625 0.6898954703832753
0 0.658203125 0.1672473867595819 0.658203125 0.21254355400696864 0.654296875 0.21602787456445993 0.654296875 0.21254355400696864 0.650390625 0.20905923344947736 0.650390625 0.1951219512195122 0.654296875 0.1916376306620209 0.654296875 0.17073170731707318 0.65625 0.17073170731707318
0 0.626953125 0.9547038327526133 0.634765625 0.9547038327526133 0.638671875 0.9581881533101045 0.638671875 0.9790940766550522 0.634765625 0.9825783972125436 0.626953125 0.975609756097561 0.626953125 0.9686411149825784 0.625 0.9651567944250871 0.62109375 0.9651567944250871 0.625 0.9651567944250871 0.626953125 0.9581881533101045
0 0.572265625 0.6132404181184669 0.578125 0.6132404181184669 0.578125 0.6202090592334495 0.58203125 0.6236933797909407 0.583984375 0.6306620209059234 0.5859375 0.6306620209059234 0.587890625 0.6376306620209059 0.587890625 0.6480836236933798 0.591796875 0.6515679442508711 0.591796875 0.662020905923345 0.59375 0.6655052264808362 0.59375 0.686411149825784 0.591796875 0.6898954703832753 0.591796875 0.6968641114982579 0.587890625 0.7003484320557491 0.591796875 0.7038327526132404 0.59375 0.7142857142857143 0.58984375 0.7177700348432056 0.587890625 0.7142857142857143 0.578125 0.7142857142857143 0.576171875 0.7177700348432056 0.572265625 0.7142857142857143 0.578125 0.7073170731707317 0.578125 0.6933797909407665 0.57421875 0.6898954703832753 0.572265625 0.6655052264808362 0.564453125 0.6585365853658537 0.564453125 0.6550522648083623 0.568359375 0.6515679442508711 0.568359375 0.627177700348432 0.572265625 0.6236933797909407 0.572265625 0.6167247386759582
0 0.482421875 0.4250871080139373 0.48828125 0.4250871080139373 0.49609375 0.43205574912891986 0.49609375 0.4425087108013937 0.494140625 0.4425087108013937 0.490234375 0.43902439024390244 0.48828125 0.43205574912891986 0.482421875 0.42857142857142855
0 0.470703125 0.43902439024390244 0.4765625 0.43902439024390244 0.4765625 0.445993031358885 0.478515625 0.44947735191637633 0.478515625 0.46689895470383275 0.4765625 0.47038327526132406 0.478515625 0.45993031358885017 0.474609375 0.4564459930313589 0.47265625 0.44947735191637633 0.470703125 0.44947735191637633 0.470703125 0.4425087108013937
0 0.45703125 0.4738675958188153 0.458984375 0.4738675958188153 0.4609375 0.4808362369337979 0.46875 0.4843205574912892 0.46875 0.4912891986062718 0.46484375 0.49825783972125437 0.4609375 0.4878048780487805 0.45703125 0.4843205574912892 0.45703125 0.47735191637630664
0 0.46875 0.8048780487804879 0.482421875 0.8048780487804879 0.486328125 0.8083623693379791 0.486328125 0.8222996515679443 0.484375 0.8257839721254355 0.482421875 0.818815331010453 0.478515625 0.818815331010453 0.474609375 0.8153310104529616 0.47265625 0.8083623693379791 0.46875 0.8083623693379791
0 0.453125 0.41114982578397213 0.458984375 0.41114982578397213 0.4609375 0.4076655052264808 0.474609375 0.4076655052264808 0.47265625 0.4181184668989547 0.46875 0.4146341463414634 0.470703125 0.41114982578397213 0.46875 0.4076655052264808 0.455078125 0.41114982578397213
0 0.52734375 0.8641114982578397 0.537109375 0.8710801393728222 0.537109375 0.8745644599303136 0.541015625 0.8780487804878049 0.541015625 0.9094076655052264 0.5390625 0.9094076655052264 0.53515625 0.9059233449477352 0.533203125 0.8989547038327527 0.53125 0.8989547038327527 0.53125 0.8815331010452961 0.52734375 0.8780487804878049 0.52734375 0.867595818815331
0 0.505859375 0.8989547038327527 0.513671875 0.8989547038327527 0.513671875 0.9024390243902439 0.51953125 0.9094076655052264 0.51953125 0.9163763066202091 0.5234375 0.9198606271777003 0.5234375 0.9442508710801394 0.521484375 0.9477351916376306 0.517578125 0.9477351916376306 0.51953125 0.9442508710801394 0.515625 0.9407665505226481 0.513671875 0.9337979094076655 0.51171875 0.9337979094076655 0.509765625 0.9128919860627178 0.505859375 0.9094076655052264 0.505859375 0.9024390243902439
0 0.453125 0.41114982578397213 0.458984375 0.4076655052264808 0.462890625 0.41114982578397213 0.46484375 0.4181184668989547 0.466796875 0.4181184668989547 0.466796875 0.43205574912891986 0.46484375 0.4355400696864111 0.4609375 0.4355400696864111 0.46484375 0.43205574912891986 0.4609375 0.42857142857142855 0.4609375 0.42160278745644597 0.45703125 0.4181184668989547 0.455078125 0.41114982578397213
0 0.49609375 0.44947735191637633 0.501953125 0.44947735191637633 0.51171875 0.45993031358885017 0.517578125 0.45993031358885017 0.517578125 0.4738675958188153 0.513671875 0.47735191637630664 0.515625 0.4738675958188153 0.5078125 0.46689895470383275 0.505859375 0.45993031358885017 0.5 0.4564459930313589 0.498046875 0.44947735191637633
0 0.63671875 0.8153310104529616 0.638671875 0.818815331010453 0.6484375 0.818815331010453 0.65234375 0.8222996515679443 0.65234375 0.8362369337979094 0.654296875 0.8432055749128919 0.658203125 0.8466898954703833 0.658203125 0.9094076655052264 0.6484375 0.9128919860627178 0.6484375 0.8989547038327527 0.64453125 0.8954703832752613 0.64453125 0.8885017421602788 0.642578125 0.8850174216027874 0.642578125 0.8466898954703833 0.64453125 0.8432055749128919 0.64453125 0.8292682926829268 0.63671875 0.818815331010453
0 0.486328125 0.794425087108014 0.4921875 0.794425087108014 0.4921875 0.7979094076655052 0.49609375 0.8013937282229965 0.49609375 0.8118466898954704 0.4921875 0.8153310104529616 0.48828125 0.8083623693379791 0.482421875 0.8048780487804879 0.482421875 0.8013937282229965 0.486328125 0.7979094076655052
0 0.46875 0.10452961672473868 0.47265625 0.10452961672473868 0.48046875 0.11149825783972125 0.486328125 0.11149825783972125 0.48828125 0.10801393728222997 0.48828125 0.11846689895470383 0.48046875 0.1289198606271777 0.48046875 0.13240418118466898 0.484375 0.13588850174216027 0.484375 0.14634146341463414 0.486328125 0.14982578397212543 0.486328125 0.17770034843205576 0.484375 0.18466898954703834 0.482421875 0.18466898954703834 0.4765625 0.20209059233449478 0.470703125 0.20905923344947736 0.466796875 0.21254355400696864 0.458984375 0.21254355400696864 0.45703125 0.20905923344947736 0.453125 0.20905923344947736 0.453125 0.1986062717770035 0.451171875 0.1951219512195122 0.451171875 0.17421602787456447 0.447265625 0.17073170731707318 0.447265625 0.1672473867595819 0.455078125 0.1672473867595819 0.4609375 0.14982578397212543 0.4609375 0.14285714285714285 0.474609375 0.1254355400696864 0.47265625 0.11149825783972125 0.46875 0.10801393728222997
0 0.4609375 0.8153310104529616 0.474609375 0.8153310104529616 0.474609375 0.8292682926829268 0.47265625 0.8327526132404182 0.46875 0.8327526132404182 0.466796875 0.8257839721254355 0.4609375 0.8257839721254355 0.4609375 0.818815331010453
0 0.611328125 0.156794425087108 0.611328125 0.20557491289198607 0.603515625 0.20905923344947736 0.603515625 0.17421602787456447 0.60546875 0.17421602787456447 0.607421875 0.1672473867595819 0.611328125 0.16376306620209058 0.611328125 0.1602787456445993
0 0.64453125 0.041811846689895474 0.650390625 0.041811846689895474 0.658203125 0.04878048780487805 0.658203125 0.08710801393728224 0.65625 0.08710801393728224 0.65625 0.08362369337979095 0.65234375 0.08013937282229965 0.650390625 0.07317073170731707 0.6484375 0.07317073170731707 0.6484375 0.0627177700348432 0.64453125 0.059233449477351915 0.64453125 0.04529616724738676
0 0.474609375 0.3554006968641115 0.486328125 0.3554006968641115 0.486328125 0.37282229965156793 0.484375 0.37282229965156793 0.482421875 0.3797909407665505 0.48046875 0.3797909407665505 0.478515625 0.37282229965156793 0.474609375 0.37282229965156793 0.47265625 0.36585365853658536 0.46875 0.36585365853658536 0.46875 0.3623693379790941 0.47265625 0.3623693379790941 0.474609375 0.3588850174216028
0 0.533203125 0.43205574912891986 0.5390625 0.43205574912891986 0.5390625 0.47735191637630664 0.537109375 0.4808362369337979 0.533203125 0.47735191637630664 0.533203125 0.4355400696864111
0 0.45169491525423733 0.5251126990688793 0.02840969279661017 1.0522411858501153