0 0.59375 0.6445993031358885 0.599609375 0.6445993031358885 0.599609375 0.6759581881533101 0.6015625 0.6794425087108014 0.6015625 0.6968641114982579 0.599609375 0.7003484320557491 0.599609375 0.7073170731707317 0.591796875 0.710801393728223 0.58984375 0.7073170731707317 0.58984375 0.7003484320557491 0.5859375 0.6968641114982579 0.5859375 0.686411149825784 0.58984375 0.6829268292682927 0.58984375 0.6759581881533101 0.591796875 0.6724738675958188 0.59375 0.6480836236933798
0 0.4609375 0.8641114982578397 0.466796875 0.8641114982578397 0.466796875 0.8745644599303136 0.46875 0.8780487804878049 0.46875 0.8850174216027874 0.466796875 0.8850174216027874 0.46484375 0.8815331010452961 0.46484375 0.8710801393728222 0.4609375 0.867595818815331
0 0.646484375 0.13588850174216027 0.646484375 0.18466898954703834 0.64453125 0.18466898954703834 0.646484375 0.18118466898954705 0.646484375 0.15331010452961671 0.642578125 0.14982578397212543 0.646484375 0.14634146341463414 0.646484375 0.13937282229965156
0 0.5442890442890443 1.0385711849126484 0.013608136655011656 0.08108964206525182
0 0.46875 0.8710801393728222 0.474609375 0.8710801393728222 0.474609375 0.8850174216027874 0.46875 0.8815331010452961 0.46875 0.8745644599303136
0 0.5859375 0.7526132404181185 0.5859375 0.759581881533101 0.587890625 0.7630662020905923 0.587890625 0.8048780487804879 0.583984375 0.818815331010453 0.572265625 0.8292682926829268 0.57421875 0.8257839721254355 0.572265625 0.8222996515679443 0.572265625 0.7909407665505227 0.5859375 0.7560975609756098
0 0.451171875 0.10452961672473868 0.455078125 0.10104529616724739 0.4609375 0.10801393728222997 0.470703125 0.10801393728222997 0.46484375 0.12195121951219512 0.46484375 0.13937282229965156 0.46875 0.156794425087108 0.46875 0.17421602787456447 0.462890625 0.20209059233449478 0.45703125 0.21254355400696864 0.44921875 0.21951219512195122 0.4453125 0.21951219512195122 0.44140625 0.21254355400696864 0.44140625 0.1916376306620209 0.439453125 0.18815331010452963 0.439453125 0.17770034843205576 0.435546875 0.17421602787456447 0.435546875 0.17073170731707318 0.44140625 0.17073170731707318 0.4453125 0.16376306620209058 0.451171875 0.13937282229965156 0.458984375 0.1289198606271777 0.458984375 0.11846689895470383 0.453125 0.11149825783972125 0.453125 0.10801393728222997
0 0.490234375 0.5087108013937283 0.494140625 0.5156794425087108 0.494140625 0.5296167247386759 0.494140625 0.5226480836236934 0.490234375 0.5121951219512195
0 0.615234375 0.9930313588850174 0.625 0.9930313588850174 0.625 0.9965156794425087 0.615234375 0.9965156794425087
0 0.509765625 0.09059233449477352 0.517578125 0.09059233449477352 0.537109375 0.10801393728222997 0.544921875 0.12195121951219512 0.544921875 0.1289198606271777 0.548828125 0.13937282229965156 0.548828125 0.14285714285714285 0.54296875 0.14285714285714285 0.537109375 0.1289198606271777 0.52734375 0.12195121951219512 0.51953125 0.12195121951219512 0.515625 0.11846689895470383 0.5078125 0.10452961672473868 0.5078125 0.0975609756097561 0.509765625 0.09407665505226481
0 0.455078125 0.4529616724738676 0.45703125 0.4529616724738676 0.45703125 0.45993031358885017 0.4609375 0.46689895470383275 0.4609375 0.4738675958188153 0.45703125 0.4738675958188153 0.458984375 0.47038327526132406 0.455078125 0.4564459930313589
0 0.46875 0.8153310104529616 0.47265625 0.8327526132404182 0.470703125 0.8362369337979094 0.46875 0.8362369337979094 0.46484375 0.8257839721254355 0.4609375 0.8222996515679443 0.4609375 0.818815331010453 0.466796875 0.8153310104529616
0 0.46484375 0.43205574912891986 0.46875 0.43205574912891986 0.46875 0.4355400696864111 0.47265625 0.43902439024390244 0.474609375 0.445993031358885 0.474609375 0.45993031358885017 0.47265625 0.4634146341463415 0.474609375 0.4564459930313589 0.470703125 0.4529616724738676 0.46875 0.43902439024390244 0.46484375 0.4355400696864111
0 0.439453125 0.41114982578397213 0.4453125 0.41114982578397213 0.451171875 0.4250871080139373 0.443359375 0.4181184668989547 0.44140625 0.41114982578397213
0 0.455078125 0.3693379790940767 0.458984375 0.3693379790940767 0.462890625 0.3797909407665505 0.462890625 0.3832752613240418 0.458984375 0.3867595818815331 0.455078125 0.37282229965156793
0 0.509765625 0.8710801393728222 0.515625 0.8710801393728222 0.515625 0.8815331010452961 0.51953125 0.89198606271777 0.51953125 0.9024390243902439 0.521484375 0.9059233449477352 0.521484375 0.926829268292683 0.51953125 0.9303135888501742 0.517578125 0.926829268292683 0.51953125 0.9233449477351916 0.517578125 0.9163763066202091 0.513671875 0.9128919860627178 0.509765625 0.8745644599303136
0 0.490234375 0.9024390243902439 0.4921875 0.9059233449477352 0.490234375 0.9128919860627178 0.4921875 0.9198606271777003 0.49609375 0.9233449477351916 0.49609375 0.9303135888501742 0.501953125 0.9407665505226481 0.501953125 0.9616724738675958 0.50390625 0.9686411149825784 0.494140625 0.9581881533101045 0.490234375 0.9442508710801394 0.490234375 0.9163763066202091 0.484375 0.9094076655052264 0.484375 0.9059233449477352 0.48828125 0.9059233449477352
0 0.455078125 0.8222996515679443 0.458984375 0.8222996515679443 0.458984375 0.8292682926829268 0.462890625 0.8397212543554007 0.462890625 0.8432055749128919 0.458984375 0.8432055749128919 0.455078125 0.8327526132404182 0.451171875 0.8292682926829268 0.455078125 0.8257839721254355
0 0.30078125 0.2787456445993031 0.30078125 0.29965156794425085 0.298828125 0.30313588850174217 0.298828125 0.31010452961672474 0.294921875 0.313588850174216 0.296875 0.31010452961672474 0.296875 0.289198606271777 0.30078125 0.28222996515679444
0 0.43359375 0.42857142857142855 0.443359375 0.42857142857142855 0.4453125 0.445993031358885 0.443359375 0.445993031358885 0.443359375 0.43902439024390244 0.435546875 0.42857142857142855
0 0.4375 0.4878048780487805 0.439453125 0.4912891986062718 0.443359375 0.4912891986062718 0.447265625 0.5017421602787456 0.4453125 0.5052264808362369 0.435546875 0.49477351916376305 0.435546875 0.4912891986062718
0 0.638671875 0.0627177700348432 0.640625 0.0627177700348432 0.646484375 0.08013937282229965 0.646484375 0.10801393728222997 0.640625 0.09059233449477352 0.638671875 0.06620209059233449
0 0.517578125 0.43902439024390244 0.521484375 0.43902439024390244 0.521484375 0.4912891986062718 0.51953125 0.4912891986062718 0.521484375 0.4878048780487805 0.51953125 0.4843205574912892 0.51953125 0.4425087108013937
0 0.443359375 0.44947735191637633 0.44921875 0.46689895470383275 0.44921875 0.47038327526132406 0.4453125 0.4634146341463415 0.443359375 0.4529616724738676
0 0.4453125 0.8327526132404182 0.451171875 0.8292682926829268 0.451171875 0.8432055749128919 0.453125 0.8466898954703833 0.453125 0.8501742160278746 0.44921875 0.8501742160278746 0.44921875 0.8432055749128919 0.4453125 0.8397212543554007 0.4453125 0.8362369337979094
0 0.642578125 0.14634146341463414 0.642578125 0.18466898954703834 0.642578125 0.17073170731707318 0.638671875 0.1672473867595819 0.638671875 0.15331010452961671 0.642578125 0.14982578397212543
0 0.564453125 0.6585365853658537 0.5703125 0.6655052264808362 0.576171875 0.686411149825784 0.576171875 0.7630662020905923 0.5625 0.759581881533101 0.568359375 0.7491289198606271 0.564453125 0.735191637630662 0.564453125 0.7142857142857143 0.5625 0.710801393728223 0.5625 0.7038327526132404 0.55859375 0.7003484320557491 0.55859375 0.6933797909407665 0.5625 0.6898954703832753 0.5625 0.6655052264808362 0.564453125 0.662020905923345
0 0.421875 0.013937282229965157 0.427734375 0.010452961672473868 0.42578125 0.024390243902439025 0.421875 0.03484320557491289 0.41796875 0.03832752613240418 0.416015625 0.0313588850174216 0.416015625 0.024390243902439025 0.421875 0.017421602787456445
0 0.46445221445221446 0.3940124915734672 0.008946131993006992 0.01247532954850028
0 0.4765625 0.4564459930313589 0.482421875 0.4564459930313589 0.486328125 0.4634146341463415 0.490234375 0.4634146341463415 0.494140625 0.47038327526132406 0.494140625 0.4808362369337979 0.49609375 0.4843205574912892 0.48828125 0.46689895470383275 0.48046875 0.45993031358885017 0.4765625 0.45993031358885017
0 0.6015625 0.1254355400696864 0.603515625 0.1289198606271777 0.6015625 0.17770034843205576 0.595703125 0.18466898954703834 0.595703125 0.14634146341463414 0.59765625 0.13937282229965156 0.6015625 0.13588850174216027 0.6015625 0.1289198606271777
0 0.4765625 0.8083623693379791 0.478515625 0.8327526132404182 0.4765625 0.8327526132404182 0.474609375 0.8257839721254355 0.46875 0.818815331010453 0.46875 0.8118466898954704 0.474609375 0.8083623693379791