0 0.6015625 0.3623693379790941 0.619140625 0.3623693379790941 0.62109375 0.3693379790940767 0.626953125 0.3693379790940767 0.630859375 0.37630662020905925 0.62890625 0.3832752613240418 0.62890625 0.39372822299651566 0.62109375 0.4076655052264808 0.609375 0.4076655052264808 0.60546875 0.41114982578397213 0.59765625 0.397212543554007 0.59375 0.40418118466898956 0.59375 0.4146341463414634 0.58984375 0.4181184668989547 0.587890625 0.40418118466898956 0.583984375 0.39372822299651566 0.583984375 0.3832752613240418 0.5859375 0.3797909407665505 0.58984375 0.3832752613240418 0.595703125 0.3693379790940767 0.599609375 0.3693379790940767 0.6015625 0.36585365853658536
0 0.6015625 0.3623693379790941 0.619140625 0.3623693379790941 0.62109375 0.3693379790940767 0.62890625 0.3693379790940767 0.630859375 0.37630662020905925 0.62890625 0.3832752613240418 0.62890625 0.39372822299651566 0.626953125 0.39372822299651566 0.625 0.40069686411149824 0.609375 0.40418118466898956 0.611328125 0.40069686411149824 0.609375 0.397212543554007 0.595703125 0.397212543554007 0.58984375 0.3902439024390244 0.59375 0.37282229965156793 0.6015625 0.36585365853658536
0 0.556640625 0.4843205574912892 0.55859375 0.4843205574912892 0.55859375 0.4912891986062718 0.564453125 0.5017421602787456 0.5625 0.5052264808362369 0.5625 0.5261324041811847 0.556640625 0.5261324041811847 0.556640625 0.5156794425087108 0.5546875 0.5121951219512195 0.556640625 0.4878048780487805
0 0.505859375 0.11846689895470383 0.515625 0.1254355400696864 0.51953125 0.13240418118466898 0.51953125 0.13937282229965156 0.521484375 0.14285714285714285 0.521484375 0.14982578397212543 0.513671875 0.14982578397212543 0.505859375 0.13240418118466898 0.505859375 0.12195121951219512
0 0.509765625 0.5644599303135889 0.52734375 0.5853658536585366 0.52734375 0.5993031358885017 0.529296875 0.6027874564459931 0.529296875 0.6132404181184669 0.513671875 0.5853658536585366 0.509765625 0.5679442508710801
0 0.470703125 0.6167247386759582 0.474609375 0.6167247386759582 0.474609375 0.6202090592334495 0.478515625 0.6236933797909407 0.478515625 0.6306620209059234 0.47265625 0.6306620209059234 0.470703125 0.627177700348432 0.466796875 0.627177700348432 0.466796875 0.6236933797909407 0.470703125 0.6202090592334495
0 0.48828125 0.44947735191637633 0.494140625 0.44947735191637633 0.49609375 0.4564459930313589 0.5 0.4529616724738676 0.5 0.45993031358885017 0.498046875 0.4634146341463415 0.4921875 0.4634146341463415 0.490234375 0.46689895470383275 0.482421875 0.46689895470383275 0.48046875 0.4634146341463415 0.48046875 0.45993031358885017 0.48828125 0.4529616724738676
0 0.314453125 0.22996515679442509 0.318359375 0.22996515679442509 0.3203125 0.23344947735191637 0.3203125 0.24041811846689895 0.318359375 0.24390243902439024 0.302734375 0.24390243902439024 0.314453125 0.23344947735191637
0 0.41015625 0.17073170731707318 0.4140625 0.17073170731707318 0.4140625 0.18466898954703834 0.41015625 0.18815331010452963 0.40234375 0.18466898954703834 0.40234375 0.18118466898954705 0.41015625 0.17421602787456447
0 0.525390625 0.4564459930313589 0.529296875 0.4564459930313589 0.53125 0.45993031358885017 0.541015625 0.45993031358885017 0.544921875 0.4738675958188153 0.544921875 0.49477351916376305 0.54296875 0.5017421602787456 0.537109375 0.5017421602787456 0.537109375 0.4912891986062718 0.53125 0.4843205574912892 0.52734375 0.4843205574912892 0.525390625 0.45993031358885017
0 0.3671875 0.4912891986062718 0.369140625 0.49825783972125437 0.37109375 0.49477351916376305 0.369140625 0.5087108013937283 0.365234375 0.5156794425087108 0.361328125 0.5121951219512195 0.36328125 0.5087108013937283 0.36328125 0.49825783972125437 0.3671875 0.49477351916376305
0 0.6171875 0.8989547038327527 0.6171875 0.9372822299651568 0.609375 0.9372822299651568 0.60546875 0.926829268292683 0.60546875 0.9128919860627178 0.61328125 0.8989547038327527 0.615234375 0.8989547038327527
0 0.439453125 0.08710801393728224 0.44140625 0.09059233449477352 0.44140625 0.10452961672473868 0.43359375 0.10452961672473868 0.4296875 0.0975609756097561 0.4296875 0.09407665505226481 0.435546875 0.09407665505226481 0.4375 0.09059233449477352
0 0.490234375 0.5156794425087108 0.490234375 0.5261324041811847 0.486328125 0.5400696864111498 0.48046875 0.5470383275261324 0.4765625 0.5470383275261324 0.478515625 0.5435540069686411 0.478515625 0.5296167247386759 0.48046875 0.5261324041811847 0.484375 0.5261324041811847 0.48828125 0.519163763066202
0 0.310546875 0.07665505226480836 0.314453125 0.07665505226480836 0.322265625 0.09407665505226481 0.3203125 0.0975609756097561 0.3125 0.0975609756097561 0.30859375 0.09407665505226481 0.30859375 0.08362369337979095 0.310546875 0.08013937282229965
0 0.416015625 0.11846689895470383 0.419921875 0.11846689895470383 0.421875 0.1254355400696864 0.421875 0.13240418118466898 0.419921875 0.13588850174216027 0.4140625 0.13588850174216027 0.40625 0.1289198606271777 0.41015625 0.1289198606271777 0.416015625 0.12195121951219512
0 0.30078125 0.47038327526132406 0.3046875 0.47038327526132406 0.3125 0.47735191637630664 0.318359375 0.4878048780487805 0.318359375 0.49825783972125437 0.3203125 0.5017421602787456 0.318359375 0.5052264808362369 0.314453125 0.5052264808362369 0.314453125 0.49477351916376305 0.310546875 0.4912891986062718 0.302734375 0.47038327526132406
0 0.654296875 0.46689895470383275 0.654296875 0.519163763066202 0.638671875 0.5052264808362369 0.640625 0.4843205574912892 0.646484375 0.47038327526132406 0.65234375 0.46689895470383275
0 0.318359375 0.18118466898954705 0.3203125 0.1986062717770035 0.31640625 0.1986062717770035 0.3125 0.1916376306620209 0.3125 0.18466898954703834 0.31640625 0.18118466898954705
0 0.55078125 0.7177700348432056 0.5546875 0.7177700348432056 0.556640625 0.7247386759581882 0.564453125 0.7317073170731707 0.5703125 0.7317073170731707 0.572265625 0.7282229965156795 0.576171875 0.7317073170731707 0.578125 0.735191637630662 0.576171875 0.7386759581881533 0.576171875 0.7456445993031359 0.580078125 0.7526132404181185 0.58203125 0.7491289198606271 0.58203125 0.7526132404181185 0.587890625 0.7630662020905923 0.615234375 0.7630662020905923 0.6171875 0.7665505226480837 0.625 0.7665505226480837 0.626953125 0.7700348432055749 0.64453125 0.7700348432055749 0.646484375 0.7735191637630662 0.654296875 0.7735191637630662 0.654296875 0.89198606271777 0.646484375 0.89198606271777 0.640625 0.8850174216027874 0.638671875 0.8780487804878049 0.638671875 0.8710801393728222 0.63671875 0.867595818815331 0.63671875 0.8466898954703833 0.630859375 0.8327526132404182 0.6171875 0.8222996515679443 0.6015625 0.8013937282229965 0.587890625 0.7909407665505227 0.578125 0.7770034843205574 0.57421875 0.7770034843205574 0.572265625 0.7804878048780488 0.55859375 0.7770034843205574 0.55078125 0.7909407665505227 0.546875 0.7909407665505227 0.544921875 0.7874564459930313 0.544921875 0.7804878048780488 0.548828125 0.7665505226480837 0.548828125 0.7282229965156795 0.55078125 0.7212543554006968
0 0.3125 0.5470383275261324 0.3125 0.5644599303135889 0.314453125 0.5679442508710801 0.314453125 0.5749128919860628 0.3125 0.578397212543554 0.298828125 0.578397212543554 0.294921875 0.5818815331010453 0.296875 0.5749128919860628 0.3125 0.5505226480836237
0 0.548828125 0.06968641114982578 0.552734375 0.06968641114982578 0.556640625 0.09059233449477352 0.564453125 0.10452961672473868 0.57421875 0.11149825783972125 0.59375 0.11149825783972125 0.595703125 0.11498257839721254 0.6015625 0.11498257839721254 0.60546875 0.11149825783972125 0.61328125 0.09407665505226481 0.61328125 0.11149825783972125 0.609375 0.1254355400696864 0.59765625 0.13937282229965156 0.59375 0.14285714285714285 0.583984375 0.14285714285714285 0.58203125 0.14634146341463414 0.560546875 0.14634146341463414 0.55859375 0.14285714285714285 0.55078125 0.14285714285714285 0.548828125 0.13937282229965156 0.548828125 0.13240418118466898 0.544921875 0.1289198606271777 0.544921875 0.1254355400696864 0.546875 0.1254355400696864 0.55078125 0.11498257839721254 0.548828125 0.10801393728222997 0.544921875 0.10801393728222997 0.544921875 0.07665505226480836 0.548828125 0.07317073170731707
0 0.5390625 0.34146341463414637 0.544921875 0.34843205574912894 0.544921875 0.3554006968641115 0.546875 0.3588850174216028 0.546875 0.3693379790940767 0.544921875 0.37282229965156793 0.541015625 0.37282229965156793 0.5390625 0.3693379790940767 0.52734375 0.3693379790940767 0.525390625 0.36585365853658536 0.521484375 0.36585365853658536 0.517578125 0.3588850174216028 0.513671875 0.3623693379790941 0.5078125 0.3623693379790941 0.509765625 0.3554006968641115 0.509765625 0.34146341463414637 0.51171875 0.33797909407665505 0.517578125 0.34494773519163763 0.537109375 0.34146341463414637
0 0.435546875 0.6236933797909407 0.439453125 0.627177700348432 0.439453125 0.6341463414634146 0.4375 0.6376306620209059 0.4296875 0.6376306620209059 0.435546875 0.627177700348432
0 0.5288004750593824 0.3850794938217451 0.012048136876484561 0.011653024572322411
0 0.3046875 0.04529616724738676 0.310546875 0.04529616724738676 0.3125 0.04878048780487805 0.30859375 0.0627177700348432 0.30078125 0.059233449477351915 0.30078125 0.05226480836236934 0.3046875 0.04878048780487805
0 0.4765625 0.1289198606271777 0.4765625 0.14634146341463414 0.47265625 0.14634146341463414 0.47265625 0.13588850174216027 0.4765625 0.13240418118466898
0 0.431640625 0.7421602787456446 0.43359375 0.7456445993031359 0.447265625 0.7491289198606271 0.44921875 0.7526132404181185 0.44921875 0.759581881533101 0.4453125 0.7560975609756098 0.431640625 0.7700348432055749 0.427734375 0.7700348432055749 0.42578125 0.7735191637630662 0.4140625 0.7735191637630662 0.412109375 0.7770034843205574 0.40625 0.7770034843205574 0.40625 0.7700348432055749 0.41015625 0.7560975609756098 0.41796875 0.7456445993031359 0.4296875 0.7421602787456446
0 0.548828125 0.10801393728222997 0.548828125 0.11498257839721254 0.544921875 0.12195121951219512 0.541015625 0.12195121951219512 0.5390625 0.11846689895470383 0.541015625 0.11846689895470383 0.54296875 0.11149825783972125 0.546875 0.11149825783972125