0 0.64453125 0.4131944444444444 0.6484375 0.4166666666666667 0.65625 0.4166666666666667 0.65625 0.4201388888888889 0.650390625 0.4270833333333333 0.654296875 0.4409722222222222 0.654296875 0.46875 0.65234375 0.4722222222222222 0.65234375 0.4791666666666667 0.646484375 0.4895833333333333 0.64453125 0.4895833333333333 0.642578125 0.4826388888888889 0.642578125 0.4722222222222222 0.640625 0.46875 0.640625 0.4479166666666667 0.646484375 0.4305555555555556 0.64453125 0.4166666666666667
0 0.482421875 0.59375 0.484375 0.59375 0.48828125 0.6041666666666666 0.48828125 0.6145833333333334 0.486328125 0.6145833333333334 0.482421875 0.6076388888888888 0.482421875 0.5972222222222222
0 0.49609375 0.2847222222222222 0.5 0.2881944444444444 0.5 0.2951388888888889 0.501953125 0.2986111111111111 0.501953125 0.3090277777777778 0.5 0.3090277777777778 0.498046875 0.3055555555555556 0.498046875 0.2916666666666667 0.49609375 0.2881944444444444
0 0.525390625 0.2222222222222222 0.52734375 0.2222222222222222 0.52734375 0.2604166666666667 0.5234375 0.2569444444444444 0.525390625 0.25 0.525390625 0.22569444444444445
0 0.46875 0.04513888888888889 0.4765625 0.027777777777777776 0.482421875 0.020833333333333332 0.486328125 0.020833333333333332 0.482421875 0.034722222222222224 0.470703125 0.04861111111111111
0 0.578125 0.5868055555555556 0.578125 0.5972222222222222 0.576171875 0.6041666666666666 0.57421875 0.6076388888888888 0.57421875 0.5972222222222222 0.576171875 0.5902777777777778
0 0.5880208333333333 0.6634259259259259 0.005208333333333333 0.013888888888888888
0 0.517578125 0.3506944444444444 0.521484375 0.3506944444444444 0.521484375 0.3715277777777778 0.51953125 0.3715277777777778 0.51953125 0.3576388888888889 0.517578125 0.3541666666666667
0 0.6328125 0.4479166666666667 0.638671875 0.4513888888888889 0.638671875 0.4652777777777778 0.640625 0.46875 0.640625 0.4826388888888889 0.642578125 0.4861111111111111 0.642578125 0.4930555555555556 0.638671875 0.5034722222222222 0.634765625 0.5104166666666666 0.62890625 0.5104166666666666 0.62890625 0.4756944444444444 0.6328125 0.4618055555555556 0.6328125 0.4513888888888889
0 0.486328125 0.2847222222222222 0.490234375 0.2916666666666667 0.490234375 0.3125 0.48828125 0.2916666666666667 0.486328125 0.2881944444444444
0 0.515625 0.20833333333333334 0.517578125 0.20833333333333334 0.51953125 0.2222222222222222 0.515625 0.21875 0.513671875 0.2222222222222222 0.513671875 0.22916666666666666 0.51171875 0.2326388888888889 0.5078125 0.2326388888888889 0.509765625 0.22569444444444445 0.509765625 0.2152777777777778 0.513671875 0.2152777777777778 0.515625 0.21180555555555555
0 0.53515625 0.034722222222222224 0.541015625 0.034722222222222224 0.54296875 0.03819444444444445 0.552734375 0.034722222222222224 0.544921875 0.04513888888888889 0.546875 0.059027777777777776 0.54296875 0.07291666666666667 0.529296875 0.09375 0.521484375 0.09375 0.517578125 0.0798611111111111 0.51953125 0.0763888888888889 0.51953125 0.05555555555555555 0.5234375 0.059027777777777776 0.52734375 0.052083333333333336 0.53515625 0.04861111111111111 0.537109375 0.04513888888888889 0.537109375 0.03819444444444445
0 0.62109375 0.2604166666666667 0.634765625 0.2638888888888889 0.64453125 0.2847222222222222 0.6484375 0.2986111111111111 0.6484375 0.3055555555555556 0.650390625 0.3090277777777778 0.650390625 0.3263888888888889 0.6484375 0.3298611111111111 0.6484375 0.3541666666666667 0.646484375 0.3576388888888889 0.646484375 0.3645833333333333 0.65234375 0.375 0.65234375 0.3784722222222222 0.640625 0.3784722222222222 0.638671875 0.3819444444444444 0.634765625 0.3819444444444444 0.642578125 0.3680555555555556 0.642578125 0.3611111111111111 0.6328125 0.3402777777777778 0.62890625 0.3229166666666667 0.623046875 0.3159722222222222 0.623046875 0.2986111111111111 0.62109375 0.2951388888888889 0.62109375 0.2638888888888889
0 0.5 0.2638888888888889 0.50390625 0.2604166666666667 0.50390625 0.2916666666666667 0.501953125 0.2881944444444444 0.501953125 0.2673611111111111
0 0.654296875 0.9097222222222222 0.654296875 0.8888888888888888 0.65625 0.8854166666666666 0.658203125 0.8854166666666666 0.658203125 0.9097222222222222 0.65625 0.9097222222222222
0 0.458984375 0.034722222222222224 0.462890625 0.03819444444444445 0.462890625 0.09027777777777778 0.466796875 0.09722222222222222 0.4609375 0.09027777777777778 0.4609375 0.08333333333333333 0.458984375 0.0798611111111111 0.458984375 0.059027777777777776 0.45703125 0.05555555555555555 0.458984375 0.052083333333333336 0.458984375 0.03819444444444445
0 0.36328125 0.9027777777777778 0.365234375 0.9027777777777778 0.365234375 0.9097222222222222 0.36328125 0.9131944444444444 0.35546875 0.9201388888888888 0.345703125 0.9375 0.341796875 0.9375 0.341796875 0.9236111111111112 0.3515625 0.9236111111111112 0.36328125 0.90625
0 0.591796875 0.6076388888888888 0.59375 0.6111111111111112 0.591796875 0.6180555555555556 0.591796875 0.6284722222222222 0.58984375 0.6284722222222222 0.58984375 0.6145833333333334 0.591796875 0.6111111111111112
0 0.57421875 0.6493055555555556 0.576171875 0.6423611111111112 0.59765625 0.6423611111111112 0.599609375 0.6458333333333334 0.59765625 0.6493055555555556 0.576171875 0.6493055555555556
0 0.498046875 0.5659722222222222 0.5 0.5659722222222222 0.50390625 0.5763888888888888 0.50390625 0.5902777777777778 0.501953125 0.5902777777777778 0.498046875 0.5763888888888888 0.498046875 0.5694444444444444
0 0.482421875 0.2361111111111111 0.484375 0.2361111111111111 0.484375 0.24305555555555555 0.486328125 0.2465277777777778 0.486328125 0.2604166666666667 0.484375 0.2673611111111111 0.482421875 0.2673611111111111 0.482421875 0.23958333333333334
0 0.62890625 0.6458333333333334 0.626953125 0.6527777777777778 0.626953125 0.6631944444444444 0.630859375 0.6701388888888888 0.630859375 0.6805555555555556 0.6328125 0.6840277777777778 0.6328125 0.7048611111111112 0.62890625 0.71875 0.623046875 0.7118055555555556 0.623046875 0.7048611111111112 0.62109375 0.7013888888888888 0.62109375 0.6805555555555556 0.623046875 0.6770833333333334 0.62109375 0.6527777777777778 0.626953125 0.6458333333333334
0 0.3450520833333333 0.5675925925925926 0.005729166666666666 0.014814814814814815
0 0.64453125 0.4965277777777778 0.6484375 0.4965277777777778 0.650390625 0.5208333333333334 0.65234375 0.5243055555555556 0.6484375 0.5486111111111112 0.642578125 0.5590277777777778 0.63671875 0.5590277777777778 0.63671875 0.5277777777777778 0.640625 0.5208333333333334 0.640625 0.5104166666666666 0.64453125 0.5069444444444444 0.64453125 0.5
0 0.505859375 0.4895833333333333 0.51171875 0.4965277777777778 0.517578125 0.5208333333333334 0.515625 0.5243055555555556 0.513671875 0.5208333333333334 0.505859375 0.4930555555555556
0 0.498046875 0.5138888888888888 0.501953125 0.5173611111111112 0.501953125 0.5243055555555556 0.505859375 0.5347222222222222 0.505859375 0.5520833333333334 0.501953125 0.5486111111111112 0.498046875 0.5173611111111112
0 0.5546875 0.2777777777777778 0.5546875 0.2465277777777778 0.560546875 0.2326388888888889 0.560546875 0.24305555555555555 0.55859375 0.2465277777777778 0.560546875 0.2604166666666667 0.5546875 0.28125
0 0.505859375 0.2048611111111111 0.5078125 0.20833333333333334 0.505859375 0.2152777777777778 0.505859375 0.22916666666666666 0.501953125 0.22916666666666666 0.501953125 0.2152777777777778 0.50390625 0.20833333333333334
0 0.517578125 0.3229166666666667 0.513671875 0.3125 0.513671875 0.3020833333333333 0.51171875 0.2986111111111111 0.51171875 0.2881944444444444 0.515625 0.2847222222222222 0.515625 0.2916666666666667 0.517578125 0.2951388888888889 0.517578125 0.3194444444444444
0 0.654296875 0.09722222222222222 0.658203125 0.09722222222222222 0.658203125 0.10416666666666667 0.654296875 0.12152777777777778 0.650390625 0.125 0.64453125 0.12152777777777778 0.640625 0.1076388888888889 0.640625 0.10416666666666667 0.642578125 0.1076388888888889 0.650390625 0.1076388888888889 0.654296875 0.10069444444444445
0 0.5703125 0.3993055555555556 0.591796875 0.3993055555555556 0.591796875 0.4027777777777778 0.576171875 0.4027777777777778 0.57421875 0.40625 0.5703125 0.40625 0.5703125 0.4027777777777778
0 0.51953125 0.21875 0.51953125 0.22916666666666666 0.521484375 0.2326388888888889 0.521484375 0.23958333333333334 0.51953125 0.24305555555555555 0.51953125 0.2222222222222222