0 0.609375 0.5972222222222222 0.61328125 0.6041666666666666 0.6171875 0.6215277777777778 0.6171875 0.6423611111111112 0.615234375 0.6493055555555556 0.607421875 0.65625 0.603515625 0.6458333333333334 0.603515625 0.6319444444444444 0.60546875 0.6284722222222222 0.607421875 0.6006944444444444
0 0.474609375 0.3888888888888889 0.48046875 0.3888888888888889 0.486328125 0.3958333333333333 0.482421875 0.3993055555555556 0.474609375 0.3923611111111111
0 0.4765625 0.4201388888888889 0.478515625 0.4201388888888889 0.482421875 0.4340277777777778 0.482421875 0.4375 0.48046875 0.4375 0.4765625 0.4236111111111111
0 0.5625 0.8993055555555556 0.564453125 0.8993055555555556 0.568359375 0.9166666666666666 0.568359375 0.9583333333333334 0.56640625 0.9652777777777778 0.564453125 0.9652777777777778 0.564453125 0.9583333333333334 0.5625 0.9548611111111112 0.5625 0.9027777777777778
0 0.544921875 0.09722222222222222 0.564453125 0.11805555555555555 0.56640625 0.1284722222222222 0.560546875 0.1284722222222222 0.5546875 0.12152777777777778 0.546875 0.12152777777777778 0.544921875 0.11805555555555555 0.5390625 0.11805555555555555 0.53515625 0.11458333333333333 0.529296875 0.10416666666666667 0.529296875 0.09722222222222222 0.53125 0.09375 0.541015625 0.09375 0.54296875 0.09722222222222222
0 0.599609375 0.6944444444444444 0.6015625 0.6944444444444444 0.6015625 0.7083333333333334 0.60546875 0.7222222222222222 0.603515625 0.7465277777777778 0.6015625 0.7465277777777778 0.59375 0.7604166666666666 0.58984375 0.7604166666666666 0.587890625 0.7534722222222222 0.587890625 0.7256944444444444 0.599609375 0.6979166666666666
0 0.6328125 0.9201388888888888 0.630859375 0.9131944444444444 0.630859375 0.9027777777777778 0.6328125 0.8993055555555556 0.63671875 0.9027777777777778 0.63671875 0.9131944444444444 0.638671875 0.9166666666666666 0.63671875 0.9236111111111112 0.634765625 0.9201388888888888
0 0.482421875 0.1111111111111111 0.486328125 0.1111111111111111 0.48828125 0.11458333333333333 0.498046875 0.11458333333333333 0.498046875 0.12152777777777778 0.4921875 0.13194444444444445 0.4921875 0.1423611111111111 0.49609375 0.15625 0.49609375 0.1736111111111111 0.490234375 0.19791666666666666 0.482421875 0.21180555555555555 0.474609375 0.21180555555555555 0.474609375 0.2048611111111111 0.47265625 0.2013888888888889 0.47265625 0.17708333333333334 0.470703125 0.1701388888888889 0.47265625 0.1701388888888889 0.478515625 0.1597222222222222 0.48046875 0.14930555555555555 0.48828125 0.13194444444444445 0.48828125 0.125 0.484375 0.11458333333333333
0 0.654296875 0.16666666666666666 0.658203125 0.1701388888888889 0.658203125 0.19791666666666666 0.65625 0.2013888888888889 0.65234375 0.2013888888888889 0.654296875 0.1701388888888889
0 0.49322916666666666 0.35787037037037034 0.009375 0.021296296296296296
0 0.501953125 0.7986111111111112 0.50390625 0.7986111111111112 0.505859375 0.8055555555555556 0.505859375 0.8125 0.50390625 0.8125 0.501953125 0.8090277777777778 0.501953125 0.8020833333333334
0 0.58203125 0.5902777777777778 0.587890625 0.5972222222222222 0.591796875 0.6111111111111112 0.591796875 0.6215277777777778 0.59375 0.625 0.59375 0.65625 0.591796875 0.6597222222222222 0.591796875 0.6736111111111112 0.595703125 0.6840277777777778 0.595703125 0.6875 0.591796875 0.6840277777777778 0.580078125 0.6840277777777778 0.5859375 0.6736111111111112 0.5859375 0.6631944444444444 0.58203125 0.6493055555555556 0.58203125 0.6354166666666666 0.578125 0.625 0.58203125 0.6145833333333334 0.58203125 0.59375
0 0.47682291666666665 0.46249999999999997 0.008854166666666666 0.019444444444444445
0 0.486328125 0.4236111111111111 0.490234375 0.4270833333333333 0.490234375 0.4444444444444444 0.486328125 0.4270833333333333
0 0.646484375 0.9791666666666666 0.650390625 0.9826388888888888 0.650390625 0.9895833333333334 0.65234375 0.9930555555555556 0.65234375 0.9965277777777778 0.64453125 0.9965277777777778 0.646484375 0.9826388888888888
0 0.498046875 0.4027777777777778 0.498046875 0.40625 0.50390625 0.4131944444444444 0.5078125 0.4270833333333333 0.505859375 0.4305555555555556 0.501953125 0.4236111111111111 0.498046875 0.40625
0 0.5390625 0.8020833333333334 0.541015625 0.8055555555555556 0.541015625 0.8125 0.544921875 0.8263888888888888 0.544921875 0.8368055555555556 0.548828125 0.8506944444444444 0.544921875 0.8541666666666666 0.54296875 0.8472222222222222 0.54296875 0.8402777777777778 0.5390625 0.8298611111111112 0.537109375 0.8055555555555556
0 0.521484375 0.8368055555555556 0.521484375 0.84375 0.52734375 0.8506944444444444 0.52734375 0.8576388888888888 0.529296875 0.8611111111111112 0.529296875 0.8715277777777778 0.53125 0.875 0.53125 0.8819444444444444 0.529296875 0.8854166666666666 0.521484375 0.8680555555555556 0.51953125 0.84375 0.515625 0.8402777777777778 0.51953125 0.8368055555555556
0 0.486328125 0.7604166666666666 0.490234375 0.7569444444444444 0.49609375 0.7673611111111112 0.49609375 0.7743055555555556 0.494140625 0.7743055555555556 0.48828125 0.7638888888888888
0 0.49609375 0.7916666666666666 0.5 0.8055555555555556 0.5 0.8090277777777778 0.498046875 0.8090277777777778 0.49609375 0.7951388888888888
0 0.341796875 0.2951388888888889 0.341796875 0.2743055555555556 0.34375 0.2673611111111111 0.349609375 0.2604166666666667 0.349609375 0.2777777777777778 0.341796875 0.2986111111111111
0 0.470703125 0.3958333333333333 0.474609375 0.3958333333333333 0.478515625 0.4027777777777778 0.48046875 0.4166666666666667 0.4765625 0.4166666666666667 0.4765625 0.4097222222222222 0.47265625 0.3993055555555556
0 0.34479166666666666 0.9629629629629629 0.00625 0.014814814814814815
0 0.51171875 0.4236111111111111 0.513671875 0.4236111111111111 0.513671875 0.4270833333333333 0.517578125 0.4305555555555556 0.525390625 0.4479166666666667 0.525390625 0.4548611111111111 0.5234375 0.4548611111111111 0.517578125 0.4444444444444444 0.515625 0.4340277777777778 0.51171875 0.4270833333333333
0 0.498046875 0.75 0.501953125 0.75 0.505859375 0.7604166666666666 0.505859375 0.7673611111111112 0.50390625 0.7673611111111112 0.498046875 0.7569444444444444 0.498046875 0.7534722222222222
0 0.615234375 0.14930555555555555 0.615234375 0.1840277777777778 0.61328125 0.1875 0.61328125 0.19444444444444445 0.609375 0.2013888888888889 0.609375 0.1701388888888889 0.61328125 0.1597222222222222 0.61328125 0.1527777777777778
0 0.51953125 0.4722222222222222 0.5234375 0.4895833333333333 0.521484375 0.4930555555555556 0.51953125 0.4895833333333333 0.517578125 0.4756944444444444
0 0.6484375 0.0625 0.654296875 0.06944444444444445 0.65625 0.08680555555555555 0.658203125 0.09027777777777778 0.658203125 0.1111111111111111 0.65625 0.1076388888888889 0.650390625 0.08680555555555555 0.6484375 0.06597222222222222
0 0.57421875 0.6527777777777778 0.58203125 0.6597222222222222 0.578125 0.6631944444444444 0.548828125 0.6631944444444444 0.548828125 0.6597222222222222 0.5546875 0.6597222222222222 0.556640625 0.65625 0.568359375 0.65625 0.572265625 0.6527777777777778
0 0.54296875 0.4097222222222222 0.546875 0.4097222222222222 0.546875 0.4548611111111111 0.54296875 0.4513888888888889 0.54296875 0.4131944444444444
0 0.482421875 0.7638888888888888 0.486328125 0.78125 0.482421875 0.7777777777777778 0.482421875 0.7673611111111112
0 0.5583333333333333 0.7453703703703703 0.00625 0.016666666666666666