0 0.58984375 0.4513888888888889 0.59375 0.4513888888888889 0.595703125 0.4583333333333333 0.595703125 0.4895833333333333 0.59375 0.4930555555555556 0.58984375 0.4930555555555556 0.5859375 0.4826388888888889 0.5859375 0.46875 0.58984375 0.4548611111111111
0 0.64453125 0.34375 0.642578125 0.3506944444444444 0.642578125 0.3611111111111111 0.6328125 0.3680555555555556 0.619140625 0.3680555555555556 0.611328125 0.375 0.6015625 0.375 0.599609375 0.3715277777777778 0.595703125 0.3715277777777778 0.599609375 0.3576388888888889 0.615234375 0.34375 0.640625 0.34375 0.642578125 0.3472222222222222
0 0.515625 0.12152777777777778 0.51953125 0.11805555555555555 0.525390625 0.11805555555555555 0.52734375 0.125 0.5234375 0.1284722222222222 0.51953125 0.1284722222222222 0.517578125 0.125
0 0.525390625 0.5208333333333334 0.53125 0.5208333333333334 0.533203125 0.5243055555555556 0.5390625 0.5243055555555556 0.541015625 0.5208333333333334 0.552734375 0.5208333333333334 0.5546875 0.5277777777777778 0.5546875 0.5520833333333334 0.552734375 0.5520833333333334 0.5390625 0.5347222222222222 0.529296875 0.5347222222222222 0.529296875 0.5277777777777778 0.525390625 0.5243055555555556
0 0.63671875 0.8263888888888888 0.63671875 0.8611111111111112 0.634765625 0.8645833333333334 0.630859375 0.8645833333333334 0.625 0.8576388888888888 0.625 0.84375 0.63671875 0.8298611111111112
0 0.416015625 0.09722222222222222 0.423828125 0.09722222222222222 0.423828125 0.10416666666666667 0.42578125 0.1076388888888889 0.421875 0.11458333333333333 0.41796875 0.11458333333333333 0.41015625 0.1076388888888889 0.416015625 0.10069444444444445
0 0.353515625 0.16319444444444445 0.36328125 0.16319444444444445 0.36328125 0.18055555555555555 0.353515625 0.17708333333333334 0.353515625 0.16666666666666666
0 0.376953125 0.0763888888888889 0.37890625 0.08333333333333333 0.376953125 0.09027777777777778 0.369140625 0.09027777777777778 0.365234375 0.08333333333333333 0.365234375 0.0763888888888889 0.3671875 0.07291666666666667 0.373046875 0.07291666666666667 0.375 0.0763888888888889
0 0.587890625 0.3680555555555556 0.59375 0.375 0.59765625 0.3888888888888889 0.59765625 0.3993055555555556 0.595703125 0.3993055555555556 0.59375 0.3923611111111111 0.587890625 0.3923611111111111 0.5859375 0.3958333333333333 0.5859375 0.4027777777777778 0.578125 0.4131944444444444 0.578125 0.4236111111111111 0.564453125 0.4131944444444444 0.564453125 0.3958333333333333 0.568359375 0.3888888888888889 0.568359375 0.3819444444444444 0.572265625 0.375 0.5859375 0.375 0.587890625 0.3715277777777778
0 0.357421875 0.09722222222222222 0.359375 0.09722222222222222 0.359375 0.10416666666666667 0.361328125 0.1076388888888889 0.357421875 0.11458333333333333 0.3515625 0.11458333333333333 0.349609375 0.1111111111111111 0.349609375 0.10416666666666667 0.35546875 0.10416666666666667 0.357421875 0.10069444444444445
0 0.375 0.4409722222222222 0.376953125 0.4409722222222222 0.37890625 0.4479166666666667 0.3984375 0.4479166666666667 0.3984375 0.4618055555555556 0.396484375 0.4652777777777778 0.384765625 0.4652777777777778 0.373046875 0.4548611111111111 0.375 0.4513888888888889 0.375 0.4444444444444444
0 0.486328125 0.6701388888888888 0.48828125 0.6736111111111112 0.494140625 0.6736111111111112 0.498046875 0.6701388888888888 0.498046875 0.6805555555555556 0.478515625 0.6979166666666666 0.47265625 0.6979166666666666 0.462890625 0.7048611111111112 0.45703125 0.7048611111111112 0.453125 0.6944444444444444 0.455078125 0.6944444444444444 0.46875 0.6736111111111112 0.484375 0.6701388888888888
0 0.568359375 0.06944444444444445 0.576171875 0.06944444444444445 0.5859375 0.08333333333333333 0.59375 0.08333333333333333 0.59375 0.09027777777777778 0.59765625 0.09722222222222222 0.6015625 0.09722222222222222 0.603515625 0.10069444444444445 0.607421875 0.09722222222222222 0.623046875 0.10069444444444445 0.62890625 0.09027777777777778 0.630859375 0.09027777777777778 0.630859375 0.10416666666666667 0.623046875 0.11805555555555555 0.611328125 0.1284722222222222 0.595703125 0.13194444444444445 0.59375 0.13541666666666666 0.576171875 0.13541666666666666 0.572265625 0.125 0.572265625 0.11458333333333333 0.568359375 0.10069444444444445 0.568359375 0.08680555555555555 0.56640625 0.08333333333333333 0.56640625 0.0763888888888889 0.568359375 0.07291666666666667
0 0.455078125 0.0763888888888889 0.46484375 0.0763888888888889 0.46484375 0.08680555555555555 0.462890625 0.09027777777777778 0.451171875 0.08680555555555555 0.451171875 0.08333333333333333 0.455078125 0.0798611111111111
0 0.52734375 0.3090277777777778 0.533203125 0.3159722222222222 0.5390625 0.3159722222222222 0.544921875 0.3090277777777778 0.556640625 0.3125 0.560546875 0.3159722222222222 0.560546875 0.3229166666666667 0.5625 0.3263888888888889 0.5625 0.3368055555555556 0.560546875 0.3402777777777778 0.546875 0.3402777777777778 0.54296875 0.3472222222222222 0.541015625 0.3402777777777778 0.53125 0.3263888888888889 0.52734375 0.3333333333333333 0.52734375 0.3125
0 0.576171875 0.6597222222222222 0.580078125 0.6597222222222222 0.58203125 0.6666666666666666 0.58984375 0.6736111111111112 0.595703125 0.6736111111111112 0.59765625 0.6701388888888888 0.6015625 0.6770833333333334 0.599609375 0.6805555555555556 0.599609375 0.6875 0.6015625 0.6909722222222222 0.60546875 0.6909722222222222 0.615234375 0.7048611111111112 0.6171875 0.7013888888888888 0.62890625 0.7013888888888888 0.630859375 0.7048611111111112 0.66015625 0.7083333333333334 0.662109375 0.7118055555555556 0.669921875 0.7118055555555556 0.673828125 0.7152777777777778 0.673828125 0.8229166666666666 0.66796875 0.8229166666666666 0.66015625 0.8125 0.65625 0.7743055555555556 0.650390625 0.7638888888888888 0.646484375 0.7638888888888888 0.642578125 0.7569444444444444 0.634765625 0.7534722222222222 0.607421875 0.71875 0.58984375 0.71875 0.587890625 0.7152777777777778 0.583984375 0.7152777777777778 0.578125 0.7256944444444444 0.572265625 0.7256944444444444 0.568359375 0.7222222222222222 0.572265625 0.71875 0.572265625 0.7048611111111112 0.57421875 0.7013888888888888 0.57421875 0.6736111111111112 0.576171875 0.6701388888888888 0.576171875 0.6631944444444444
0 0.341796875 0.40625 0.34375 0.40625 0.34375 0.4305555555555556 0.341796875 0.4340277777777778 0.341796875 0.4097222222222222
0 0.421875 0.15625 0.42578125 0.15625 0.42578125 0.16319444444444445 0.427734375 0.16666666666666666 0.42578125 0.1736111111111111 0.41796875 0.1736111111111111 0.416015625 0.16666666666666666 0.421875 0.1597222222222222
0 0.673828125 0.4270833333333333 0.673828125 0.4826388888888889 0.66796875 0.4722222222222222 0.6640625 0.4722222222222222 0.65625 0.4618055555555556 0.65625 0.4548611111111111 0.6640625 0.4340277777777778 0.671875 0.4305555555555556
0 0.361328125 0.034722222222222224 0.37109375 0.034722222222222224 0.373046875 0.03819444444444445 0.373046875 0.041666666666666664 0.365234375 0.041666666666666664 0.36328125 0.04513888888888889 0.361328125 0.03819444444444445
0 0.5390625 0.3958333333333333 0.541015625 0.4027777777777778 0.5390625 0.4131944444444444 0.5234375 0.4166666666666667 0.52734375 0.40625 0.533203125 0.40625 0.5390625 0.3993055555555556
0 0.53125 0.09722222222222222 0.537109375 0.1076388888888889 0.54296875 0.1076388888888889 0.544921875 0.11458333333333333 0.544921875 0.1284722222222222 0.54296875 0.13194444444444445 0.5390625 0.13194444444444445 0.533203125 0.12152777777777778 0.53125 0.1111111111111111 0.52734375 0.1076388888888889 0.52734375 0.10416666666666667 0.53125 0.10069444444444445
0 0.505859375 0.5729166666666666 0.509765625 0.5694444444444444 0.515625 0.5694444444444444 0.51953125 0.5729166666666666 0.51953125 0.5798611111111112 0.517578125 0.5833333333333334 0.509765625 0.5833333333333334 0.505859375 0.5798611111111112 0.505859375 0.5763888888888888