0 0.64453125 0.9442508710801394 0.64453125 0.9686411149825784 0.63671875 0.9651567944250871 0.63671875 0.9616724738675958 0.6328125 0.9581881533101045 0.6328125 0.9477351916376306 0.63671875 0.9442508710801394 0.642578125 0.9442508710801394
0 0.609375 0.7142857142857143 0.609375 0.7421602787456446 0.60546875 0.7421602787456446 0.603515625 0.7456445993031359 0.591796875 0.7456445993031359 0.58984375 0.7421602787456446 0.583984375 0.7421602787456446 0.583984375 0.7282229965156795 0.587890625 0.7247386759581882 0.587890625 0.7177700348432056 0.595703125 0.710801393728223 0.607421875 0.7142857142857143
0 0.484375 0.4250871080139373 0.494140625 0.4250871080139373 0.505859375 0.4355400696864111 0.505859375 0.445993031358885 0.501953125 0.44947735191637633 0.5 0.44947735191637633 0.5 0.445993031358885 0.49609375 0.4425087108013937 0.494140625 0.4355400696864111 0.48828125 0.43205574912891986 0.486328125 0.4250871080139373
0 0.458984375 0.30313588850174217 0.47265625 0.30313588850174217 0.47265625 0.3170731707317073 0.46875 0.3205574912891986 0.46484375 0.3170731707317073 0.458984375 0.3170731707317073 0.458984375 0.30662020905923343
0 0.65234375 0.5818815331010453 0.66015625 0.5818815331010453 0.6640625 0.578397212543554 0.6640625 0.6306620209059234 0.662109375 0.6341463414634146 0.66015625 0.6341463414634146 0.662109375 0.6306620209059234 0.66015625 0.627177700348432 0.65625 0.627177700348432 0.65625 0.5993031358885017 0.65234375 0.5958188153310104 0.65234375 0.5853658536585366
0 0.5546875 0.1254355400696864 0.560546875 0.1254355400696864 0.564453125 0.13240418118466898 0.57421875 0.13240418118466898 0.578125 0.13937282229965156 0.58203125 0.13937282229965156 0.583984375 0.14634146341463414 0.587890625 0.14634146341463414 0.591796875 0.156794425087108 0.591796875 0.21951219512195122 0.58984375 0.2229965156794425 0.58984375 0.24738675958188153 0.591796875 0.25435540069686413 0.587890625 0.2578397212543554 0.58984375 0.2613240418118467 0.58203125 0.25435540069686413 0.572265625 0.25435540069686413 0.572265625 0.2508710801393728 0.58203125 0.24041811846689895 0.58203125 0.21951219512195122 0.580078125 0.21602787456445993 0.576171875 0.21602787456445993 0.576171875 0.21254355400696864 0.572265625 0.20905923344947736 0.568359375 0.1951219512195122 0.568359375 0.18118466898954705 0.56640625 0.17770034843205576 0.5625 0.17421602787456447 0.5546875 0.17421602787456447 0.556640625 0.1672473867595819 0.5546875 0.1289198606271777
0 0.46875 0.6933797909407665 0.470703125 0.6968641114982579 0.474609375 0.6968641114982579 0.474609375 0.7038327526132404 0.470703125 0.7038327526132404 0.470703125 0.6968641114982579
0 0.609375 0.5365853658536586 0.611328125 0.5400696864111498 0.623046875 0.5400696864111498 0.623046875 0.5993031358885017 0.609375 0.6027874564459931 0.60546875 0.5993031358885017 0.603515625 0.5923344947735192 0.6015625 0.5923344947735192 0.6015625 0.5749128919860628 0.60546875 0.5714285714285714 0.60546875 0.5400696864111498 0.607421875 0.5400696864111498
0 0.4609375 0.6933797909407665 0.4609375 0.7003484320557491 0.462890625 0.7038327526132404 0.470703125 0.7073170731707317 0.470703125 0.7212543554006968 0.466796875 0.7212543554006968 0.46484375 0.7247386759581882 0.462890625 0.7212543554006968 0.458984375 0.7212543554006968 0.458984375 0.710801393728223 0.45703125 0.7073170731707317 0.453125 0.7073170731707317 0.45703125 0.7073170731707317 0.458984375 0.7038327526132404 0.458984375 0.6968641114982579
0 0.5390625 0.41114982578397213 0.54296875 0.41114982578397213 0.544921875 0.4181184668989547 0.5625 0.4181184668989547 0.560546875 0.42160278745644597 0.537109375 0.42160278745644597 0.5390625 0.4146341463414634
0 0.462890625 0.37282229965156793 0.474609375 0.3797909407665505 0.474609375 0.3902439024390244 0.47265625 0.3902439024390244 0.470703125 0.3832752613240418 0.466796875 0.3832752613240418 0.462890625 0.3797909407665505 0.462890625 0.37630662020905925
0 0.44140625 0.3832752613240418 0.44921875 0.3867595818815331 0.44921875 0.3902439024390244 0.453125 0.39372822299651566 0.453125 0.40069686411149824 0.447265625 0.40418118466898956 0.451171875 0.40069686411149824 0.44921875 0.397212543554007 0.4453125 0.397212543554007 0.44140625 0.3867595818815331
0 0.439453125 0.34146341463414637 0.44140625 0.34146341463414637 0.44140625 0.34843205574912894 0.443359375 0.3519163763066202 0.453125 0.3588850174216028 0.447265625 0.36585365853658536 0.44140625 0.3554006968641115 0.435546875 0.3519163763066202 0.435546875 0.34843205574912894 0.439453125 0.34494773519163763
0 0.484375 0.041811846689895474 0.48828125 0.041811846689895474 0.490234375 0.04878048780487805 0.5 0.04878048780487805 0.5 0.05574912891986063 0.49609375 0.0627177700348432 0.5 0.06968641114982578 0.5 0.11149825783972125 0.49609375 0.12195121951219512 0.490234375 0.1289198606271777 0.484375 0.1289198606271777 0.48046875 0.13588850174216027 0.47265625 0.13588850174216027 0.466796875 0.1254355400696864 0.46484375 0.1254355400696864 0.46484375 0.10104529616724739 0.462890625 0.0975609756097561 0.462890625 0.09407665505226481 0.470703125 0.09407665505226481 0.47265625 0.09059233449477352 0.47265625 0.08362369337979095 0.4765625 0.08013937282229965 0.478515625 0.06968641114982578 0.482421875 0.06968641114982578 0.490234375 0.059233449477351915 0.490234375 0.05574912891986063 0.486328125 0.05226480836236934 0.484375 0.04529616724738676
0 0.5 0.6794425087108014 0.505859375 0.6794425087108014 0.509765625 0.6759581881533101 0.509765625 0.6829268292682927 0.513671875 0.686411149825784 0.513671875 0.6898954703832753 0.517578125 0.6933797909407665 0.51953125 0.7003484320557491 0.521484375 0.7003484320557491 0.521484375 0.7282229965156795 0.515625 0.7317073170731707 0.515625 0.7212543554006968 0.51171875 0.7177700348432056 0.509765625 0.710801393728223 0.5078125 0.710801393728223 0.5078125 0.6898954703832753 0.5 0.6829268292682927
0 0.470703125 0.7317073170731707 0.470703125 0.735191637630662 0.474609375 0.7386759581881533 0.474609375 0.7491289198606271 0.470703125 0.7526132404181185 0.462890625 0.7491289198606271 0.462890625 0.7317073170731707 0.46484375 0.7282229965156795 0.46875 0.7317073170731707
0 0.439453125 0.31010452961672474 0.453125 0.31010452961672474 0.453125 0.313588850174216 0.45703125 0.3170731707317073 0.45703125 0.32752613240418116 0.455078125 0.32752613240418116 0.453125 0.3344947735191638 0.451171875 0.3310104529616725 0.455078125 0.32752613240418116 0.453125 0.3240418118466899 0.44921875 0.3240418118466899 0.44921875 0.3205574912891986 0.4453125 0.3170731707317073 0.443359375 0.31010452961672474 0.44140625 0.31010452961672474
0 0.640625 0.5818815331010453 0.642578125 0.5853658536585366 0.640625 0.5888501742160279 0.640625 0.5958188153310104 0.642578125 0.5993031358885017 0.642578125 0.6480836236933798 0.640625 0.6550522648083623 0.6328125 0.662020905923345 0.625 0.6585365853658537 0.625 0.6411149825783972 0.62109375 0.6376306620209059 0.62109375 0.5993031358885017 0.625 0.5958188153310104 0.625 0.5853658536585366 0.62890625 0.5818815331010453 0.638671875 0.5818815331010453
0 0.451171875 0.3623693379790941 0.458984375 0.3623693379790941 0.4609375 0.3693379790940767 0.46484375 0.3693379790940767 0.46484375 0.3797909407665505 0.458984375 0.3832752613240418 0.45703125 0.3797909407665505 0.451171875 0.3797909407665505 0.451171875 0.36585365853658536
0 0.51953125 0.3310104529616725 0.53125 0.3310104529616725 0.53125 0.37630662020905925 0.52734375 0.37630662020905925 0.525390625 0.3797909407665505 0.5234375 0.37630662020905925 0.5234375 0.36585365853658536 0.51953125 0.3623693379790941 0.51953125 0.3519163763066202 0.5234375 0.34843205574912894 0.5234375 0.34146341463414637 0.51953125 0.33797909407665505 0.51953125 0.3344947735191638
0 0.658203125 0.975609756097561 0.66015625 0.975609756097561 0.66015625 0.9965156794425087 0.6484375 0.9965156794425087 0.6484375 0.9860627177700348 0.65625 0.9860627177700348 0.658203125 0.9790940766550522
0 0.4765625 0.3832752613240418 0.486328125 0.3832752613240418 0.48828125 0.3867595818815331 0.494140625 0.3867595818815331 0.498046875 0.3902439024390244 0.498046875 0.397212543554007 0.494140625 0.40069686411149824 0.4921875 0.40069686411149824 0.49609375 0.397212543554007 0.494140625 0.39372822299651566 0.478515625 0.3832752613240418
0 0.61328125 0.6132404181184669 0.619140625 0.6132404181184669 0.619140625 0.6794425087108014 0.609375 0.6794425087108014 0.60546875 0.686411149825784 0.599609375 0.6794425087108014 0.59375 0.6794425087108014 0.59375 0.6585365853658537 0.595703125 0.6585365853658537 0.59765625 0.6515679442508711 0.599609375 0.6515679442508711 0.6015625 0.6445993031358885 0.60546875 0.6411149825783972 0.60546875 0.627177700348432 0.611328125 0.6236933797909407 0.61328125 0.6167247386759582
0 0.65234375 0.0975609756097561 0.66015625 0.0975609756097561 0.66015625 0.10104529616724739 0.6640625 0.10452961672473868 0.6640625 0.1289198606271777 0.662109375 0.13240418118466898 0.658203125 0.13240418118466898 0.66015625 0.13240418118466898 0.662109375 0.1254355400696864 0.66015625 0.12195121951219512 0.65625 0.12195121951219512 0.65625 0.11149825783972125 0.65234375 0.10801393728222997 0.65234375 0.10104529616724739
0 0.4765625 0.30313588850174217 0.482421875 0.30313588850174217 0.482421875 0.3310104529616725 0.478515625 0.3344947735191638 0.4765625 0.3310104529616725 0.4765625 0.30662020905923343
0 0.490234375 0.3240418118466899 0.494140625 0.3240418118466899 0.494140625 0.3588850174216028 0.490234375 0.3588850174216028 0.48828125 0.3623693379790941 0.486328125 0.3588850174216028 0.48046875 0.3588850174216028 0.48046875 0.34843205574912894 0.48828125 0.34843205574912894 0.490234375 0.34494773519163763 0.490234375 0.32752613240418116
0 0.48407281001137653 0.3698850055297237 0.0185446885665529 0.013192057810387951
0 0.54296875 0.6794425087108014 0.57421875 0.6794425087108014 0.57421875 0.6829268292682927 0.5703125 0.686411149825784 0.55078125 0.686411149825784 0.548828125 0.6898954703832753 0.54296875 0.6829268292682927
0 0.498046875 0.6933797909407665 0.5 0.6968641114982579 0.5 0.7142857142857143 0.50390625 0.7177700348432056 0.50390625 0.7386759581881533 0.5078125 0.7421602787456446 0.5078125 0.7839721254355401 0.50390625 0.7874564459930313 0.501953125 0.7874564459930313 0.501953125 0.7700348432055749 0.498046875 0.7665505226480837 0.498046875 0.7526132404181185 0.494140625 0.7491289198606271 0.494140625 0.735191637630662 0.490234375 0.7317073170731707 0.494140625 0.7282229965156795 0.494140625 0.7073170731707317 0.490234375 0.7038327526132404 0.490234375 0.6968641114982579 0.49609375 0.6933797909407665
0 0.544921875 0.6968641114982579 0.55078125 0.7003484320557491 0.55078125 0.7177700348432056 0.537109375 0.7177700348432056 0.537109375 0.7142857142857143 0.544921875 0.7142857142857143 0.546875 0.710801393728223 0.546875 0.7003484320557491