0 0.31640625 0.47735191637630664 0.33203125 0.47735191637630664 0.333984375 0.4843205574912892 0.341796875 0.4878048780487805 0.345703125 0.49477351916376305 0.341796875 0.5087108013937283 0.333984375 0.5087108013937283 0.33203125 0.5121951219512195 0.302734375 0.5121951219512195 0.30078125 0.5087108013937283 0.2890625 0.5087108013937283 0.283203125 0.5017421602787456 0.283203125 0.49825783972125437 0.296875 0.49825783972125437 0.30078125 0.4912891986062718 0.31640625 0.4808362369337979
0 0.515625 0.9407665505226481 0.517578125 0.9407665505226481 0.51953125 0.9477351916376306 0.51953125 0.9686411149825784 0.517578125 0.975609756097561 0.509765625 0.9860627177700348 0.505859375 0.9825783972125436 0.505859375 0.975609756097561 0.509765625 0.9616724738675958 0.509765625 0.9512195121951219 0.515625 0.9442508710801394
0 0.546875 0.3797909407665505 0.560546875 0.3797909407665505 0.56640625 0.3623693379790941 0.568359375 0.3588850174216028 0.572265625 0.3588850174216028 0.578125 0.34843205574912894 0.587890625 0.34843205574912894 0.591796875 0.3588850174216028 0.591796875 0.3693379790940767 0.583984375 0.3902439024390244 0.57421875 0.3902439024390244 0.56640625 0.3832752613240418 0.55859375 0.40069686411149824 0.548828125 0.3797909407665505
0 0.291015625 0.7491289198606271 0.29296875 0.7526132404181185 0.296875 0.7526132404181185 0.296875 0.7630662020905923 0.294921875 0.7665505226480837 0.28515625 0.7665505226480837 0.283203125 0.7630662020905923 0.283203125 0.7526132404181185 0.2890625 0.7526132404181185
0 0.5 0.13937282229965156 0.50390625 0.13937282229965156 0.505859375 0.13588850174216027 0.515625 0.13588850174216027 0.517578125 0.13937282229965156 0.52734375 0.13937282229965156 0.533203125 0.14634146341463414 0.533203125 0.1602787456445993 0.52734375 0.16376306620209058 0.525390625 0.1602787456445993 0.517578125 0.1602787456445993 0.509765625 0.14982578397212543 0.505859375 0.14982578397212543 0.5 0.14285714285714285
0 0.5 0.6202090592334495 0.50390625 0.6167247386759582 0.517578125 0.6167247386759582 0.51953125 0.6202090592334495 0.525390625 0.6202090592334495 0.525390625 0.6411149825783972 0.513671875 0.6550522648083623 0.501953125 0.6550522648083623 0.5 0.6515679442508711 0.5 0.6445993031358885 0.49609375 0.6411149825783972 0.49609375 0.627177700348432 0.5 0.6236933797909407
0 0.5859375 0.7456445993031359 0.58203125 0.7560975609756098 0.58203125 0.7630662020905923 0.5859375 0.7665505226480837 0.5859375 0.7770034843205574 0.578125 0.7839721254355401 0.5546875 0.7839721254355401 0.546875 0.794425087108014 0.541015625 0.794425087108014 0.541015625 0.7839721254355401 0.54296875 0.7804878048780488 0.54296875 0.7560975609756098 0.544921875 0.7526132404181185 0.544921875 0.7317073170731707 0.546875 0.7282229965156795 0.552734375 0.7282229965156795 0.560546875 0.735191637630662 0.576171875 0.735191637630662 0.578125 0.7386759581881533 0.57421875 0.7491289198606271 0.576171875 0.7526132404181185 0.58203125 0.7526132404181185 0.583984375 0.7491289198606271
0 0.521484375 0.013937282229965157 0.5234375 0.017421602787456445 0.5234375 0.03484320557491289 0.51953125 0.03832752613240418 0.5 0.03832752613240418 0.498046875 0.03484320557491289 0.490234375 0.03484320557491289 0.486328125 0.0313588850174216 0.484375 0.024390243902439025 0.482421875 0.024390243902439025 0.482421875 0.017421602787456445 0.486328125 0.013937282229965157 0.498046875 0.013937282229965157 0.5 0.010452961672473868 0.51953125 0.013937282229965157
0 0.61328125 0.9094076655052264 0.615234375 0.9094076655052264 0.615234375 0.9477351916376306 0.61328125 0.9512195121951219 0.607421875 0.9512195121951219 0.603515625 0.9477351916376306 0.599609375 0.9372822299651568 0.59765625 0.9372822299651568 0.59765625 0.9337979094076655 0.599609375 0.9337979094076655 0.603515625 0.9233449477351916 0.609375 0.9198606271777003 0.61328125 0.9128919860627178
0 0.435546875 0.14285714285714285 0.4453125 0.14285714285714285 0.447265625 0.14634146341463414 0.447265625 0.14982578397212543 0.443359375 0.15331010452961671 0.435546875 0.15331010452961671 0.43359375 0.14982578397212543 0.435546875 0.14634146341463414
0 0.64453125 0.47038327526132406 0.646484375 0.47038327526132406 0.646484375 0.519163763066202 0.634765625 0.5156794425087108 0.62890625 0.5087108013937283 0.62890625 0.5052264808362369 0.6328125 0.5017421602787456 0.638671875 0.4808362369337979 0.64453125 0.4738675958188153
0 0.4453125 0.6132404181184669 0.451171875 0.6132404181184669 0.453125 0.6202090592334495 0.453125 0.627177700348432 0.447265625 0.627177700348432 0.4453125 0.6236933797909407 0.4453125 0.6167247386759582
0 0.490234375 0.34146341463414637 0.4921875 0.3554006968641115 0.486328125 0.3554006968641115 0.484375 0.3588850174216028 0.4765625 0.3519163763066202 0.478515625 0.3519163763066202 0.482421875 0.34146341463414637 0.48828125 0.34146341463414637
0 0.314453125 0.07665505226480836 0.31640625 0.08013937282229965 0.31640625 0.09407665505226481 0.3046875 0.09407665505226481 0.298828125 0.08710801393728224 0.30078125 0.08013937282229965 0.3125 0.07665505226480836
0 0.447265625 0.156794425087108 0.453125 0.156794425087108 0.455078125 0.16376306620209058 0.453125 0.17073170731707318 0.4453125 0.17421602787456447 0.4453125 0.16376306620209058 0.447265625 0.1602787456445993
0 0.630859375 0.7770034843205574 0.64453125 0.7770034843205574 0.646484375 0.7804878048780488 0.646484375 0.9024390243902439 0.64453125 0.8954703832752613 0.640625 0.8954703832752613 0.638671875 0.89198606271777 0.63671875 0.8780487804878049 0.6328125 0.8745644599303136 0.630859375 0.867595818815331 0.630859375 0.8397212543554007 0.6328125 0.8362369337979094 0.6328125 0.8257839721254355 0.63671875 0.8222996515679443 0.63671875 0.8013937282229965 0.630859375 0.794425087108014 0.630859375 0.7804878048780488
0 0.4609375 0.4912891986062718 0.4609375 0.49825783972125437 0.45703125 0.49825783972125437 0.455078125 0.5017421602787456 0.453125 0.5017421602787456 0.451171875 0.49477351916376305 0.453125 0.4912891986062718 0.458984375 0.4912891986062718
0 0.453125 0.554006968641115 0.45703125 0.5574912891986062 0.458984375 0.5679442508710801 0.451171875 0.5749128919860628 0.443359375 0.5714285714285714 0.443359375 0.5609756097560976 0.451171875 0.554006968641115
0 0.646484375 0.5505226480836237 0.646484375 0.5749128919860628 0.638671875 0.5749128919860628 0.638671875 0.5644599303135889 0.64453125 0.5609756097560976 0.646484375 0.554006968641115
0 0.630859375 0.08362369337979095 0.6328125 0.09407665505226481 0.62890625 0.10801393728222997 0.625 0.10801393728222997 0.619140625 0.11498257839721254 0.607421875 0.11498257839721254 0.599609375 0.1254355400696864 0.599609375 0.13240418118466898 0.59375 0.14285714285714285 0.58984375 0.14634146341463414 0.583984375 0.14634146341463414 0.58203125 0.14982578397212543 0.564453125 0.14982578397212543 0.556640625 0.14285714285714285 0.55078125 0.1254355400696864 0.548828125 0.10452961672473868 0.54296875 0.09407665505226481 0.5390625 0.09407665505226481 0.5390625 0.08710801393728224 0.544921875 0.08362369337979095 0.548828125 0.09407665505226481 0.552734375 0.0975609756097561 0.560546875 0.0975609756097561 0.5625 0.10104529616724739 0.58984375 0.10104529616724739 0.591796875 0.0975609756097561 0.60546875 0.0975609756097561 0.607421875 0.10104529616724739 0.62109375 0.10452961672473868 0.630859375 0.08710801393728224
0 0.453125 0.10104529616724739 0.462890625 0.10104529616724739 0.462890625 0.11498257839721254 0.455078125 0.11498257839721254 0.453125 0.11149825783972125 0.453125 0.10452961672473868
0 0.486328125 0.4808362369337979 0.494140625 0.4808362369337979 0.494140625 0.4843205574912892 0.498046875 0.4878048780487805 0.50390625 0.5017421602787456 0.501953125 0.5121951219512195 0.494140625 0.5121951219512195 0.486328125 0.5052264808362369 0.48046875 0.5052264808362369 0.48046875 0.49477351916376305 0.486328125 0.4843205574912892
0 0.3125 0.5470383275261324 0.3125 0.5609756097560976 0.3046875 0.5609756097560976 0.296875 0.5679442508710801 0.283203125 0.5679442508710801 0.283203125 0.5470383275261324 0.28515625 0.5435540069686411 0.294921875 0.5435540069686411 0.302734375 0.5505226480836237 0.310546875 0.5505226480836237
0 0.283203125 0.49477351916376305 0.287109375 0.49477351916376305 0.2890625 0.49825783972125437 0.2890625 0.519163763066202 0.287109375 0.5261324041811847 0.283203125 0.5261324041811847 0.283203125 0.49825783972125437
0 0.341796875 0.5052264808362369 0.353515625 0.5052264808362369 0.35546875 0.5121951219512195 0.361328125 0.5121951219512195 0.365234375 0.5156794425087108 0.365234375 0.5226480836236934 0.34375 0.5261324041811847 0.33203125 0.5156794425087108 0.3359375 0.5156794425087108 0.341796875 0.5087108013937283
0 0.4609375 0.4564459930313589 0.458984375 0.44947735191637633 0.451171875 0.4425087108013937 0.451171875 0.42857142857142855 0.453125 0.4250871080139373 0.462890625 0.4250871080139373 0.46484375 0.42857142857142855 0.466796875 0.445993031358885 0.462890625 0.4564459930313589
0 0.330078125 0.20557491289198607 0.33203125 0.20557491289198607 0.33203125 0.21951219512195122 0.32421875 0.21602787456445993 0.32421875 0.21254355400696864 0.328125 0.21254355400696864 0.330078125 0.20905923344947736
0 0.4795427196149218 0.14222401120349523 0.019550052647412757 0.01824760898459939
0 0.283203125 0.3797909407665505 0.291015625 0.37282229965156793 0.296875 0.3623693379790941 0.302734375 0.3623693379790941 0.314453125 0.3867595818815331 0.330078125 0.3902439024390244 0.33203125 0.39372822299651566 0.33203125 0.40418118466898956 0.330078125 0.4076655052264808 0.3203125 0.4076655052264808 0.318359375 0.41114982578397213 0.3046875 0.41114982578397213 0.302734375 0.4076655052264808 0.283203125 0.41114982578397213 0.283203125 0.3832752613240418
0 0.388671875 0.7700348432055749 0.390625 0.7735191637630662 0.396484375 0.7735191637630662 0.400390625 0.7804878048780488 0.400390625 0.794425087108014 0.390625 0.8013937282229965 0.380859375 0.8013937282229965 0.37890625 0.8048780487804879 0.376953125 0.8013937282229965 0.369140625 0.8013937282229965 0.36328125 0.794425087108014 0.36328125 0.7909407665505227 0.365234375 0.7909407665505227 0.375 0.7735191637630662 0.38671875 0.7700348432055749
0 0.646484375 0.3205574912891986 0.646484375 0.37282229965156793 0.638671875 0.3902439024390244 0.63671875 0.3832752613240418 0.6328125 0.3797909407665505 0.626953125 0.3797909407665505 0.619140625 0.3902439024390244 0.619140625 0.397212543554007 0.615234375 0.3867595818815331 0.615234375 0.37282229965156793 0.611328125 0.3693379790940767 0.611328125 0.3623693379790941 0.62109375 0.3623693379790941 0.623046875 0.3588850174216028 0.623046875 0.3519163763066202 0.625 0.3519163763066202 0.630859375 0.33797909407665505 0.638671875 0.3344947735191638 0.646484375 0.3240418118466899