0 0.8523437500000001 0.15833333333333333 0.0234375 0.03333333333333334
0 0.8992187500000001 0.2597222222222222 0.0234375 0.030555555555555558
0 0.724609375 0.1909722222222222 0.740234375 0.2013888888888889 0.748046875 0.21180555555555555 0.748046875 0.21875 0.736328125 0.21875 0.73046875 0.21180555555555555 0.7265625 0.21180555555555555 0.72265625 0.2048611111111111 0.7109375 0.2048611111111111 0.708984375 0.2013888888888889 0.703125 0.2013888888888889 0.69921875 0.19444444444444445 0.70703125 0.1875 0.716796875 0.1875 0.71875 0.1909722222222222 0.72265625 0.1909722222222222
0 0.78125 0.3402777777777778 0.783203125 0.34375 0.794921875 0.34375 0.796875 0.3472222222222222 0.802734375 0.3472222222222222 0.802734375 0.3576388888888889 0.775390625 0.3576388888888889 0.7734375 0.3541666666666667 0.763671875 0.3541666666666667 0.76171875 0.3506944444444444 0.7578125 0.3506944444444444 0.759765625 0.34375 0.763671875 0.34375 0.765625 0.3402777777777778 0.779296875 0.3402777777777778
0 0.87890625 0.3333333333333333 0.904296875 0.3333333333333333 0.9140625 0.34375 0.912109375 0.3506944444444444 0.8984375 0.3541666666666667 0.896484375 0.3506944444444444 0.884765625 0.3506944444444444 0.8828125 0.3472222222222222 0.87890625 0.3472222222222222 0.87890625 0.3368055555555556
0 0.970703125 0.17708333333333334 0.97265625 0.18055555555555555 0.986328125 0.1840277777777778 0.994140625 0.19444444444444445 0.998046875 0.19444444444444445 0.998046875 0.2326388888888889 0.994140625 0.2326388888888889 0.98828125 0.22569444444444445 0.978515625 0.2222222222222222 0.9765625 0.21875 0.970703125 0.21875 0.96484375 0.21180555555555555 0.962890625 0.20833333333333334 0.962890625 0.19444444444444445 0.96875 0.1840277777777778 0.96875 0.18055555555555555
0 0.1796875 0.3125 0.185546875 0.3194444444444444 0.185546875 0.34375 0.177734375 0.3541666666666667 0.173828125 0.3541666666666667 0.171875 0.3576388888888889 0.16015625 0.3576388888888889 0.15625 0.3506944444444444 0.15625 0.3263888888888889 0.158203125 0.3194444444444444 0.1640625 0.3125 0.171875 0.3125 0.173828125 0.3090277777777778 0.177734375 0.3125
0 0.8828125 0.3020833333333333 0.88671875 0.3020833333333333 0.89453125 0.3159722222222222 0.892578125 0.3194444444444444 0.888671875 0.3159722222222222 0.8828125 0.3159722222222222 0.8828125 0.3055555555555556
0 0.845703125 0.2951388888888889 0.84765625 0.2916666666666667 0.857421875 0.2916666666666667 0.859375 0.2951388888888889 0.86328125 0.2951388888888889 0.8671875 0.3020833333333333 0.875 0.3055555555555556 0.880859375 0.3159722222222222 0.880859375 0.3194444444444444 0.873046875 0.3229166666666667 0.87109375 0.3194444444444444 0.859375 0.3159722222222222 0.8515625 0.3090277777777778 0.84765625 0.2986111111111111
0 0.3796875 0.19166666666666668 0.015625 0.022222222222222223
0 0.83203125 0.4722222222222222 0.833984375 0.4652777777777778 0.84765625 0.4444444444444444 0.85546875 0.4409722222222222 0.861328125 0.4305555555555556 0.8671875 0.4305555555555556 0.865234375 0.4409722222222222 0.85546875 0.4583333333333333 0.853515625 0.4583333333333333 0.84765625 0.46875 0.833984375 0.4756944444444444
0 0.925 0.3041666666666667 0.018750000000000003 0.025
0 0.96484375 0.16666666666666666 0.96875 0.16666666666666666 0.98046875 0.18055555555555555 0.994140625 0.18055555555555555 0.998046875 0.19444444444444445 0.998046875 0.2326388888888889 0.994140625 0.2326388888888889 0.98828125 0.22569444444444445 0.978515625 0.2222222222222222 0.9765625 0.21875 0.970703125 0.21875 0.96484375 0.20833333333333334 0.962890625 0.20833333333333334 0.962890625 0.19444444444444445 0.966796875 0.1840277777777778 0.96484375 0.1701388888888889