0 0.630859375 0.6585365853658537 0.630859375 0.6515679442508711 0.64453125 0.6515679442508711 0.64453125 0.6689895470383276 0.646484375 0.6724738675958188 0.646484375 0.7212543554006968 0.64453125 0.7247386759581882 0.626953125 0.7247386759581882 0.623046875 0.7212543554006968 0.623046875 0.6898954703832753 0.625 0.6898954703832753 0.626953125 0.6829268292682927 0.630859375 0.6794425087108014 0.630859375 0.6689895470383276 0.634765625 0.6655052264808362 0.6328125 0.6585365853658537
0 0.486328125 0.4634146341463415 0.486328125 0.4564459930313589 0.50390625 0.4564459930313589 0.50390625 0.4843205574912892 0.5 0.4843205574912892 0.5 0.47735191637630664 0.498046875 0.4738675958188153 0.4921875 0.4738675958188153 0.4921875 0.46689895470383275 0.48828125 0.4634146341463415
0 0.552734375 0.45993031358885017 0.5625 0.45993031358885017 0.564453125 0.4529616724738676 0.57421875 0.4529616724738676 0.57421875 0.5052264808362369 0.564453125 0.5052264808362369 0.564453125 0.49825783972125437 0.5625 0.49477351916376305 0.552734375 0.49477351916376305 0.552734375 0.4634146341463415
0 0.525390625 0.8780487804878049 0.525390625 0.8954703832752613 0.51171875 0.89198606271777 0.51171875 0.8710801393728222 0.521484375 0.8710801393728222 0.5234375 0.8780487804878049
0 0.53515625 0.10801393728222997 0.53515625 0.09059233449477352 0.537109375 0.08710801393728224 0.564453125 0.09059233449477352 0.56640625 0.09407665505226481 0.58203125 0.10104529616724739 0.583984375 0.10801393728222997 0.583984375 0.11846689895470383 0.552734375 0.11846689895470383 0.537109375 0.10801393728222997
0 0.525390625 0.5087108013937283 0.53125 0.5087108013937283 0.533203125 0.5017421602787456 0.537109375 0.5017421602787456 0.5390625 0.5087108013937283 0.54296875 0.5087108013937283 0.54296875 0.5156794425087108 0.546875 0.519163763066202 0.546875 0.5331010452961672 0.541015625 0.5331010452961672 0.5390625 0.5365853658536586 0.5390625 0.5261324041811847 0.537109375 0.5226480836236934 0.533203125 0.5226480836236934 0.533203125 0.5121951219512195 0.53125 0.5087108013937283 0.52734375 0.5087108013937283
0 0.46484375 0.006968641114982578 0.4765625 0.006968641114982578 0.4765625 0.03484320557491289 0.47265625 0.03484320557491289 0.470703125 0.03832752613240418 0.458984375 0.03832752613240418 0.45703125 0.0313588850174216 0.451171875 0.0313588850174216 0.451171875 0.020905923344947737 0.45703125 0.020905923344947737 0.458984375 0.013937282229965157 0.462890625 0.013937282229965157 0.46484375 0.010452961672473868
0 0.646484375 0.9721254355400697 0.65234375 0.9721254355400697 0.654296875 0.9651567944250871 0.666015625 0.9651567944250871 0.66796875 0.9721254355400697 0.671875 0.9721254355400697 0.671875 0.9965156794425087 0.654296875 0.9965156794425087 0.65234375 0.9930313588850174 0.646484375 0.9930313588850174 0.646484375 0.975609756097561
0 0.494140625 0.1254355400696864 0.501953125 0.1254355400696864 0.50390625 0.1289198606271777 0.517578125 0.13240418118466898 0.517578125 0.13937282229965156 0.513671875 0.13937282229965156 0.509765625 0.14634146341463414 0.51171875 0.16376306620209058 0.515625 0.1672473867595819 0.515625 0.17421602787456447 0.517578125 0.17770034843205576 0.515625 0.20209059233449478 0.51171875 0.20557491289198607 0.51171875 0.21254355400696864 0.5078125 0.21602787456445993 0.505859375 0.2229965156794425 0.49609375 0.23344947735191637 0.4765625 0.23344947735191637 0.4765625 0.20557491289198607 0.47265625 0.20209059233449478 0.47265625 0.1916376306620209 0.482421875 0.18118466898954705 0.482421875 0.17421602787456447 0.486328125 0.17073170731707318 0.48828125 0.156794425087108 0.501953125 0.14285714285714285 0.498046875 0.13937282229965156 0.498046875 0.13240418118466898 0.494140625 0.1289198606271777
0 0.677734375 0.21951219512195122 0.677734375 0.20905923344947736 0.6875 0.20905923344947736 0.6875 0.21602787456445993 0.69140625 0.21951219512195122 0.69140625 0.2613240418118467 0.677734375 0.2613240418118467 0.677734375 0.22996515679442509 0.681640625 0.22996515679442509 0.68359375 0.2264808362369338 0.68359375 0.2229965156794425 0.6796875 0.21951219512195122
0 0.5827645051194539 0.7118637349220883 0.05113898961888509 0.006223416695405373
0 0.474609375 0.43902439024390244 0.474609375 0.43205574912891986 0.494140625 0.43205574912891986 0.49609375 0.43902439024390244 0.50390625 0.4425087108013937 0.50390625 0.4564459930313589 0.49609375 0.4564459930313589 0.494140625 0.44947735191637633 0.486328125 0.445993031358885 0.484375 0.43902439024390244 0.4765625 0.43902439024390244
0 0.51171875 0.8257839721254355 0.51171875 0.8153310104529616 0.51953125 0.8153310104529616 0.521484375 0.8222996515679443 0.529296875 0.8222996515679443 0.53125 0.8257839721254355 0.53125 0.8397212543554007 0.525390625 0.8397212543554007 0.51953125 0.8327526132404182 0.515625 0.8327526132404182 0.513671875 0.8257839721254355
0 0.533203125 0.8815331010452961 0.533203125 0.8989547038327527 0.51171875 0.8954703832752613 0.51171875 0.8745644599303136 0.521484375 0.8745644599303136 0.5234375 0.8815331010452961 0.53125 0.8815331010452961
0 0.603515625 0.6097560975609756 0.60546875 0.6167247386759582 0.61328125 0.6202090592334495 0.61328125 0.627177700348432 0.6171875 0.6306620209059234 0.619140625 0.6376306620209059 0.62109375 0.6376306620209059 0.62109375 0.710801393728223 0.60546875 0.710801393728223 0.60546875 0.7003484320557491 0.59765625 0.6933797909407665 0.6015625 0.6898954703832753 0.6015625 0.6794425087108014 0.59765625 0.6759581881533101 0.59765625 0.6655052264808362 0.59375 0.662020905923345 0.591796875 0.6550522648083623 0.587890625 0.6550522648083623 0.587890625 0.6480836236933798 0.591796875 0.6480836236933798 0.59375 0.6445993031358885 0.59375 0.6341463414634146 0.591796875 0.6306620209059234 0.587890625 0.6306620209059234 0.587890625 0.6167247386759582 0.591796875 0.6167247386759582 0.59375 0.6132404181184669 0.59375 0.6027874564459931 0.599609375 0.6027874564459931 0.6015625 0.6097560975609756
0 0.587890625 0.9616724738675958 0.587890625 0.9721254355400697 0.58984375 0.975609756097561 0.59375 0.975609756097561 0.59375 0.9965156794425087 0.568359375 0.9965156794425087 0.568359375 0.9686411149825784 0.57421875 0.9686411149825784 0.576171875 0.9651567944250871 0.576171875 0.9547038327526133 0.580078125 0.9547038327526133 0.58203125 0.9616724738675958 0.5859375 0.9616724738675958
0 0.552734375 0.4425087108013937 0.58984375 0.4425087108013937 0.58984375 0.44947735191637633 0.5703125 0.44947735191637633 0.568359375 0.4529616724738676 0.552734375 0.4529616724738676 0.552734375 0.445993031358885
0 0.48828125 0.5052264808362369 0.48828125 0.5017421602787456 0.498046875 0.5017421602787456 0.501953125 0.5052264808362369 0.501953125 0.519163763066202 0.490234375 0.5052264808362369
0 0.494140625 0.4634146341463415 0.494140625 0.45993031358885017 0.505859375 0.45993031358885017 0.5078125 0.4634146341463415 0.51171875 0.4634146341463415 0.51171875 0.47038327526132406 0.513671875 0.4738675958188153 0.513671875 0.4912891986062718 0.51171875 0.4843205574912892 0.50390625 0.4808362369337979 0.50390625 0.4738675958188153 0.501953125 0.47038327526132406 0.498046875 0.47038327526132406 0.49609375 0.4634146341463415
0 0.5 0.36585365853658536 0.5 0.3588850174216028 0.5234375 0.3588850174216028 0.5234375 0.3693379790940767 0.505859375 0.3693379790940767 0.501953125 0.36585365853658536
0 0.486328125 0.42857142857142855 0.486328125 0.4181184668989547 0.50390625 0.4181184668989547 0.50390625 0.4250871080139373 0.505859375 0.42857142857142855 0.509765625 0.42857142857142855 0.505859375 0.42857142857142855 0.50390625 0.43205574912891986 0.5 0.43205574912891986 0.498046875 0.42857142857142855 0.48828125 0.42857142857142855
0 0.5078125 0.8432055749128919 0.5078125 0.8606271777003485 0.498046875 0.8606271777003485 0.49609375 0.8536585365853658 0.486328125 0.8536585365853658 0.486328125 0.8362369337979094 0.49609375 0.8362369337979094 0.498046875 0.8432055749128919 0.505859375 0.8432055749128919
0 0.5546875 0.9059233449477352 0.5546875 0.8954703832752613 0.56640625 0.8954703832752613 0.56640625 0.9059233449477352 0.57421875 0.9128919860627178 0.57421875 0.9547038327526133 0.568359375 0.9547038327526133 0.568359375 0.9477351916376306 0.564453125 0.9442508710801394 0.564453125 0.9372822299651568 0.5625 0.9337979094076655 0.55859375 0.9337979094076655 0.55859375 0.9094076655052264 0.556640625 0.9059233449477352
0 0.533203125 0.9337979094076655 0.53515625 0.9337979094076655 0.537109375 0.926829268292683 0.548828125 0.926829268292683 0.548828125 0.9407665505226481 0.556640625 0.9477351916376306 0.556640625 0.9547038327526133 0.560546875 0.9581881533101045 0.560546875 0.9860627177700348 0.5546875 0.9860627177700348 0.55078125 0.9825783972125436 0.548828125 0.975609756097561 0.544921875 0.975609756097561 0.544921875 0.9651567944250871 0.541015625 0.9616724738675958 0.541015625 0.9407665505226481 0.53515625 0.9337979094076655
0 0.501953125 0.8327526132404182 0.501953125 0.8257839721254355 0.509765625 0.8257839721254355 0.509765625 0.8327526132404182 0.513671875 0.8362369337979094 0.515625 0.8432055749128919 0.51953125 0.8432055749128919 0.521484375 0.8501742160278746 0.51171875 0.8501742160278746 0.509765625 0.8432055749128919 0.505859375 0.8432055749128919 0.505859375 0.8362369337979094 0.50390625 0.8327526132404182
0 0.53515625 0.8222996515679443 0.53515625 0.8397212543554007 0.52734375 0.8362369337979094 0.52734375 0.8292682926829268 0.525390625 0.8257839721254355 0.521484375 0.8257839721254355 0.521484375 0.8153310104529616 0.53125 0.8153310104529616 0.533203125 0.8222996515679443
0 0.6171875 0.7700348432055749 0.623046875 0.7630662020905923 0.625 0.7700348432055749 0.630859375 0.7735191637630662 0.630859375 0.8432055749128919 0.623046875 0.8501742160278746 0.60546875 0.8501742160278746 0.60546875 0.8432055749128919 0.6015625 0.8397212543554007 0.6015625 0.818815331010453 0.60546875 0.8153310104529616 0.60546875 0.7979094076655052 0.61328125 0.7909407665505227 0.61328125 0.7804878048780488 0.615234375 0.7804878048780488 0.6171875 0.7735191637630662
0 0.52734375 0.4738675958188153 0.52734375 0.4634146341463415 0.53515625 0.4634146341463415 0.537109375 0.47038327526132406 0.55078125 0.47735191637630664 0.55078125 0.5017421602787456 0.548828125 0.5017421602787456 0.548828125 0.4912891986062718 0.546875 0.4878048780487805 0.537109375 0.4843205574912892 0.533203125 0.4808362369337979 0.53125 0.4738675958188153 0.529296875 0.4738675958188153
0 0.578125 0.8222996515679443 0.578125 0.8048780487804879 0.58984375 0.8048780487804879 0.591796875 0.8118466898954704 0.595703125 0.8118466898954704 0.595703125 0.8292682926829268 0.591796875 0.8292682926829268 0.58984375 0.8222996515679443 0.580078125 0.8222996515679443
0 0.6328125 0.20557491289198607 0.640625 0.20209059233449478 0.640625 0.25435540069686413 0.626953125 0.25435540069686413 0.626953125 0.21951219512195122 0.630859375 0.21951219512195122 0.6328125 0.21602787456445993 0.6328125 0.20905923344947736
0 0.685546875 0.8710801393728222 0.685546875 0.8815331010452961 0.689453125 0.8850174216027874 0.69140625 0.89198606271777 0.69140625 0.9651567944250871 0.68359375 0.9616724738675958 0.68359375 0.9581881533101045 0.6796875 0.9547038327526133 0.6796875 0.9477351916376306 0.67578125 0.9442508710801394 0.67578125 0.8850174216027874 0.671875 0.8815331010452961 0.671875 0.8780487804878049 0.66796875 0.8745644599303136 0.666015625 0.867595818815331 0.662109375 0.867595818815331 0.662109375 0.8641114982578397 0.681640625 0.8641114982578397 0.68359375 0.8710801393728222
0 0.681640625 0.041811846689895474 0.68359375 0.04529616724738676 0.6875 0.04529616724738676 0.689453125 0.05226480836236934 0.689453125 0.10104529616724739 0.689453125 0.09059233449477352 0.6875 0.08710801393728224 0.68359375 0.08710801393728224 0.68359375 0.08362369337979095 0.6796875 0.08013937282229965 0.677734375 0.07317073170731707 0.673828125 0.07317073170731707 0.673828125 0.05574912891986063 0.669921875 0.05226480836236934 0.669921875 0.04529616724738676 0.673828125 0.041811846689895474 0.6796875 0.041811846689895474
0 0.494140625 0.3797909407665505 0.5 0.3797909407665505 0.501953125 0.37282229965156793 0.513671875 0.37282229965156793 0.515625 0.3797909407665505 0.51953125 0.3797909407665505 0.51953125 0.397212543554007 0.515625 0.397212543554007 0.513671875 0.3902439024390244 0.5078125 0.3902439024390244 0.505859375 0.3832752613240418 0.49609375 0.3797909407665505
0 0.51171875 0.445993031358885 0.51171875 0.43902439024390244 0.51953125 0.43902439024390244 0.51953125 0.445993031358885 0.5234375 0.44947735191637633 0.525390625 0.4564459930313589 0.529296875 0.4564459930313589 0.53125 0.45993031358885017 0.53125 0.47038327526132406 0.525390625 0.47038327526132406 0.525390625 0.4634146341463415 0.51953125 0.4564459930313589 0.515625 0.4564459930313589 0.515625 0.44947735191637633 0.513671875 0.445993031358885
0 0.357421875 0.26480836236933797 0.357421875 0.2926829268292683 0.35546875 0.2961672473867596 0.35546875 0.30313588850174217 0.3515625 0.30313588850174217 0.349609375 0.31010452961672474 0.345703125 0.313588850174216 0.337890625 0.313588850174216 0.337890625 0.289198606271777 0.341796875 0.2857142857142857 0.341796875 0.2787456445993031 0.345703125 0.2787456445993031 0.349609375 0.27526132404181186 0.3515625 0.2682926829268293 0.35546875 0.2682926829268293