0 0.478515625 0.027874564459930314 0.48046875 0.03484320557491289 0.48828125 0.03484320557491289 0.4921875 0.03832752613240418 0.4921875 0.05226480836236934 0.490234375 0.059233449477351915 0.484375 0.059233449477351915 0.478515625 0.05226480836236934 0.4765625 0.04529616724738676 0.470703125 0.04529616724738676 0.470703125 0.041811846689895474 0.47265625 0.041811846689895474 0.474609375 0.03484320557491289 0.478515625 0.0313588850174216
0 0.48046875 0.4355400696864111 0.486328125 0.4355400696864111 0.486328125 0.445993031358885 0.498046875 0.4564459930313589 0.498046875 0.4738675958188153 0.494140625 0.47735191637630664 0.490234375 0.4738675958188153 0.4765625 0.4738675958188153 0.4765625 0.47038327526132406 0.478515625 0.47038327526132406 0.48046875 0.4634146341463415 0.484375 0.45993031358885017 0.484375 0.4564459930313589 0.48046875 0.4529616724738676 0.48046875 0.43902439024390244
0 0.5 0.2682926829268293 0.5 0.2961672473867596 0.4921875 0.29965156794425085 0.490234375 0.30662020905923343 0.48828125 0.30662020905923343 0.486328125 0.29965156794425085 0.478515625 0.29965156794425085 0.474609375 0.2961672473867596 0.474609375 0.27526132404181186 0.48046875 0.27526132404181186 0.490234375 0.28222996515679444 0.5 0.27177700348432055
0 0.5859375 0.7909407665505227 0.58984375 0.7909407665505227 0.58984375 0.8222996515679443 0.583984375 0.8292682926829268 0.580078125 0.8292682926829268 0.576171875 0.8222996515679443 0.572265625 0.8222996515679443 0.572265625 0.8083623693379791 0.5859375 0.794425087108014
0 0.509765625 0.024390243902439025 0.515625 0.024390243902439025 0.515625 0.0313588850174216 0.52734375 0.04529616724738676 0.537109375 0.04529616724738676 0.5390625 0.04878048780487805 0.5703125 0.04878048780487805 0.572265625 0.05226480836236934 0.578125 0.05226480836236934 0.5859375 0.041811846689895474 0.5859375 0.05226480836236934 0.583984375 0.05226480836236934 0.58203125 0.059233449477351915 0.5703125 0.07317073170731707 0.5625 0.07317073170731707 0.560546875 0.07665505226480836 0.529296875 0.07317073170731707 0.52734375 0.0627177700348432 0.521484375 0.05574912891986063 0.51171875 0.03484320557491289 0.509765625 0.03484320557491289 0.509765625 0.027874564459930314
0 0.525390625 0.3344947735191638 0.52734375 0.33797909407665505 0.556640625 0.33797909407665505 0.556640625 0.3519163763066202 0.5546875 0.3554006968641115 0.556640625 0.36585365853658536 0.5546875 0.3693379790940767 0.55078125 0.3693379790940767 0.546875 0.37630662020905925 0.546875 0.3902439024390244 0.53515625 0.3867595818815331 0.52734375 0.39372822299651566 0.525390625 0.397212543554007 0.525390625 0.4076655052264808 0.5234375 0.4146341463414634 0.51953125 0.41114982578397213 0.51953125 0.40069686411149824 0.517578125 0.39372822299651566 0.51171875 0.3867595818815331 0.51171875 0.37630662020905925 0.515625 0.37282229965156793 0.515625 0.3588850174216028 0.517578125 0.3554006968641115 0.517578125 0.34843205574912894 0.515625 0.34494773519163763 0.51171875 0.34494773519163763 0.51171875 0.33797909407665505 0.5234375 0.3344947735191638
0 0.501953125 0.2264808362369338 0.501953125 0.23693379790940766 0.49609375 0.24390243902439024 0.494140625 0.24041811846689895 0.494140625 0.23693379790940766 0.5 0.22996515679442509
0 0.341796875 0.1916376306620209 0.341796875 0.21602787456445993 0.337890625 0.2229965156794425 0.337890625 0.22996515679442509 0.330078125 0.22996515679442509 0.326171875 0.23693379790940766 0.322265625 0.23344947735191637 0.32421875 0.2264808362369338 0.3203125 0.21951219512195122 0.306640625 0.21602787456445993 0.306640625 0.20905923344947736 0.30078125 0.20209059233449478 0.30078125 0.1951219512195122 0.306640625 0.18815331010452963 0.3125 0.18815331010452963 0.314453125 0.18466898954703834 0.33203125 0.18466898954703834 0.33984375 0.1916376306620209
0 0.33984375 0.003484320557491289 0.353515625 0.003484320557491289 0.357421875 0.006968641114982578 0.357421875 0.017421602787456445 0.3515625 0.017421602787456445 0.349609375 0.020905923344947737 0.3359375 0.017421602787456445 0.3359375 0.010452961672473868 0.33984375 0.006968641114982578
0 0.37890625 0 0.392578125 0 0.388671875 0 0.38671875 0.003484320557491289 0.384765625 0 0.380859375 0
0 0.36328125 0.017421602787456445 0.365234375 0.013937282229965157 0.375 0.013937282229965157 0.376953125 0.017421602787456445 0.380859375 0.017421602787456445 0.3828125 0.024390243902439025 0.3671875 0.024390243902439025 0.365234375 0.020905923344947737
0 0.529296875 0.6167247386759582 0.533203125 0.6167247386759582 0.537109375 0.627177700348432 0.541015625 0.627177700348432 0.54296875 0.6306620209059234 0.556640625 0.6306620209059234 0.55859375 0.6341463414634146 0.556640625 0.6445993031358885 0.560546875 0.6515679442508711 0.564453125 0.6515679442508711 0.568359375 0.662020905923345 0.568359375 0.6689895470383276 0.56640625 0.6724738675958188 0.560546875 0.6724738675958188 0.55859375 0.6759581881533101 0.53125 0.6759581881533101 0.52734375 0.6829268292682927 0.5234375 0.6829268292682927 0.521484375 0.6794425087108014 0.521484375 0.6655052264808362 0.525390625 0.6480836236933798 0.525390625 0.627177700348432 0.52734375 0.627177700348432 0.529296875 0.6202090592334495
0 0.541015625 0.7735191637630662 0.541015625 0.7909407665505227 0.537109375 0.8048780487804879 0.53515625 0.8048780487804879 0.53125 0.8153310104529616 0.52734375 0.8153310104529616 0.525390625 0.818815331010453 0.515625 0.818815331010453 0.51171875 0.8257839721254355 0.5078125 0.818815331010453 0.50390625 0.818815331010453 0.50390625 0.8118466898954704 0.505859375 0.8118466898954704 0.5078125 0.8048780487804879 0.515625 0.794425087108014 0.5234375 0.7874564459930313 0.537109375 0.7874564459930313 0.541015625 0.7770034843205574
0 0.58984375 0 0.59375 0 0.59375 0.010452961672473868 0.591796875 0.010452961672473868 0.58984375 0.017421602787456445 0.5859375 0.017421602787456445 0.5859375 0.006968641114982578 0.58984375 0.003484320557491289
0 0.5234375 0.04878048780487805 0.5234375 0.06620209059233449 0.521484375 0.06968641114982578 0.517578125 0.06968641114982578 0.515625 0.06620209059233449 0.515625 0.05574912891986063 0.521484375 0.05226480836236934
0 0.341796875 0.08013937282229965 0.353515625 0.08013937282229965 0.35546875 0.08710801393728224 0.359375 0.08710801393728224 0.359375 0.09059233449477352 0.35546875 0.09059233449477352 0.353515625 0.09407665505226481 0.34375 0.09407665505226481 0.341796875 0.09059233449477352 0.341796875 0.08362369337979095
0 0.322265625 0.0313588850174216 0.330078125 0.0313588850174216 0.330078125 0.041811846689895474 0.32421875 0.04878048780487805 0.3203125 0.04878048780487805 0.31640625 0.041811846689895474 0.3125 0.041811846689895474 0.31640625 0.041811846689895474 0.322265625 0.03484320557491289
0 0.564453125 0.6585365853658537 0.576171875 0.6585365853658537 0.578125 0.6655052264808362 0.59375 0.6655052264808362 0.595703125 0.6689895470383276 0.603515625 0.6689895470383276 0.60546875 0.6724738675958188 0.619140625 0.6724738675958188 0.62109375 0.6759581881533101 0.62890625 0.6759581881533101 0.634765625 0.6829268292682927 0.638671875 0.6829268292682927 0.638671875 0.7804878048780488 0.634765625 0.7874564459930313 0.6171875 0.7874564459930313 0.61328125 0.7770034843205574 0.609375 0.7735191637630662 0.609375 0.7665505226480837 0.607421875 0.7630662020905923 0.607421875 0.7456445993031359 0.59765625 0.7247386759581882 0.591796875 0.7247386759581882 0.583984375 0.7142857142857143 0.580078125 0.7142857142857143 0.572265625 0.7003484320557491 0.56640625 0.6933797909407665 0.5625 0.6933797909407665 0.55078125 0.6794425087108014 0.564453125 0.662020905923345
0 0.482421875 0.34146341463414637 0.482421875 0.36585365853658536 0.478515625 0.37282229965156793 0.47265625 0.36585365853658536 0.46875 0.36585365853658536 0.47265625 0.36585365853658536 0.474609375 0.3623693379790941 0.474609375 0.3519163763066202 0.482421875 0.34494773519163763
0 0.322265625 0.17770034843205576 0.32421875 0.18466898954703834 0.33203125 0.18466898954703834 0.341796875 0.1916376306620209 0.341796875 0.20209059233449478 0.318359375 0.20209059233449478 0.3125 0.20905923344947736 0.310546875 0.20209059233449478 0.3046875 0.20209059233449478 0.30078125 0.1986062717770035 0.30078125 0.1951219512195122 0.306640625 0.18815331010452963 0.3125 0.18815331010452963 0.322265625 0.18118466898954705
0 0.326171875 0.13937282229965156 0.337890625 0.13937282229965156 0.337890625 0.14634146341463414 0.333984375 0.14634146341463414 0.33203125 0.14982578397212543 0.3203125 0.14634146341463414 0.32421875 0.14634146341463414 0.326171875 0.14285714285714285
0 0.390625 0.0975609756097561 0.392578125 0.10104529616724739 0.396484375 0.10104529616724739 0.396484375 0.11149825783972125 0.390625 0.11149825783972125 0.388671875 0.11498257839721254 0.37890625 0.11149825783972125 0.37890625 0.10104529616724739 0.3828125 0.0975609756097561 0.388671875 0.0975609756097561
0 0.638671875 0.3832752613240418 0.638671875 0.4425087108013937 0.63671875 0.4355400696864111 0.626953125 0.43205574912891986 0.623046875 0.4250871080139373 0.619140625 0.4250871080139373 0.61328125 0.4181184668989547 0.61328125 0.4076655052264808 0.615234375 0.40069686411149824 0.619140625 0.40069686411149824 0.62109375 0.39372822299651566 0.626953125 0.3867595818815331 0.6328125 0.3867595818815331 0.63671875 0.3832752613240418