0 0.4500978473581213 0.08362369337979095 0.45596868884540115 0.09059233449477352 0.45596868884540115 0.09407665505226481 0.4500978473581213 0.10104529616724739 0.44227005870841485 0.10104529616724739 0.4383561643835616 0.09407665505226481 0.44227005870841485 0.09059233449477352 0.4481409001956947 0.09059233449477352 0.4500978473581213 0.08710801393728224
0 0.5968688845401174 0.397212543554007 0.6066536203522505 0.397212543554007 0.6066536203522505 0.40069686411149824 0.6105675146771037 0.40418118466898956 0.6105675146771037 0.4355400696864111 0.6007827788649707 0.43902439024390244 0.598825831702544 0.4355400696864111 0.5929549902152642 0.4355400696864111 0.5929549902152642 0.43205574912891986 0.589041095890411 0.42857142857142855 0.589041095890411 0.4146341463414634 0.5909980430528375 0.4146341463414634 0.5929549902152642 0.4076655052264808 0.5968688845401174 0.40418118466898956 0.5968688845401174 0.40069686411149824
0 0.5577299412915852 0.03832752613240418 0.5596868884540117 0.041811846689895474 0.5636007827788649 0.041811846689895474 0.5636007827788649 0.0627177700348432 0.5616438356164384 0.06620209059233449 0.5557729941291585 0.06620209059233449 0.5499021526418787 0.059233449477351915 0.547945205479452 0.04878048780487805 0.5420743639921722 0.041811846689895474 0.5420743639921722 0.0313588850174216 0.5440313111545988 0.027874564459930314 0.5557729941291585 0.03832752613240418
0 0.589041095890411 0.6236933797909407 0.5929549902152642 0.6236933797909407 0.598825831702544 0.6306620209059234 0.6046966731898239 0.6306620209059234 0.6066536203522505 0.6341463414634146 0.6223091976516634 0.6341463414634146 0.6223091976516634 0.6515679442508711 0.62426614481409 0.6550522648083623 0.6301369863013698 0.6550522648083623 0.6340508806262231 0.6655052264808362 0.6340508806262231 0.6724738675958188 0.6281800391389433 0.6794425087108014 0.6223091976516634 0.6794425087108014 0.6203522504892368 0.6829268292682927 0.6046966731898239 0.6829268292682927 0.6027397260273972 0.6794425087108014 0.598825831702544 0.6794425087108014 0.5929549902152642 0.6898954703832753 0.5812133072407045 0.6898954703832753 0.5812133072407045 0.6829268292682927 0.5851272015655578 0.6794425087108014 0.5851272015655578 0.6550522648083623 0.5870841487279843 0.6515679442508711 0.5870841487279843 0.6306620209059234 0.589041095890411 0.627177700348432
0 0.5499021526418787 0.4738675958188153 0.5538160469667319 0.4808362369337979 0.5675146771037182 0.4843205574912892 0.5694716242661448 0.4912891986062718 0.5733855185909981 0.49477351916376305 0.5753424657534246 0.5017421602787456 0.5753424657534246 0.5156794425087108 0.5714285714285714 0.519163763066202 0.5694716242661448 0.519163763066202 0.5714285714285714 0.5156794425087108 0.5694716242661448 0.5121951219512195 0.5655577299412916 0.5121951219512195 0.5538160469667319 0.49825783972125437 0.5518590998043053 0.4912891986062718 0.547945205479452 0.4912891986062718 0.5459882583170255 0.4878048780487805 0.5459882583170255 0.4808362369337979 0.5420743639921722 0.47735191637630664 0.547945205479452 0.4738675958188153
0 0.5107632093933464 0.5261324041811847 0.5225048923679061 0.5261324041811847 0.5225048923679061 0.5296167247386759 0.5283757338551859 0.5365853658536586 0.5244618395303327 0.5400696864111498 0.5146771037181996 0.5400696864111498 0.512720156555773 0.5365853658536586 0.5068493150684932 0.5365853658536586 0.5068493150684932 0.5331010452961672 0.5107632093933464 0.5296167247386759
0 0.487279843444227 0.003484320557491289 0.487279843444227 0.017421602787456445 0.48336594911937375 0.017421602787456445 0.48140900195694714 0.020905923344947737 0.4657534246575342 0.017421602787456445 0.461839530332681 0.013937282229965157 0.461839530332681 0.010452961672473868 0.47162426614481406 0.010452961672473868 0.4755381604696673 0.003484320557491289 0.48532289628180036 0.003484320557491289
0 0.5342465753424658 0.42160278745644597 0.5362035225048923 0.42160278745644597 0.5362035225048923 0.445993031358885 0.5303326810176126 0.445993031358885 0.5283757338551859 0.44947735191637633 0.5146771037181996 0.445993031358885 0.5146771037181996 0.43902439024390244 0.5225048923679061 0.43205574912891986 0.5283757338551859 0.43205574912891986 0.5342465753424658 0.4250871080139373
0 0.35812133072407043 0.09407665505226481 0.3639921722113503 0.09407665505226481 0.3659491193737769 0.10104529616724739 0.3659491193737769 0.10452961672473868 0.36007827788649704 0.11149825783972125 0.3561643835616438 0.10452961672473868 0.3522504892367906 0.10452961672473868 0.3522504892367906 0.10104529616724739 0.3561643835616438 0.10104529616724739 0.35812133072407043 0.0975609756097561
0 0.5831702544031311 0.3519163763066202 0.5870841487279843 0.3519163763066202 0.5870841487279843 0.397212543554007 0.5831702544031311 0.397212543554007 0.5812133072407045 0.40069686411149824 0.5714285714285714 0.40069686411149824 0.5694716242661448 0.397212543554007 0.5694716242661448 0.37282229965156793 0.5733855185909981 0.3693379790940767 0.5733855185909981 0.3623693379790941 0.5772994129158513 0.3623693379790941 0.5831702544031311 0.3554006968641115
0 0.3972602739726027 0.40418118466898956 0.41487279843444225 0.40418118466898956 0.41487279843444225 0.4250871080139373 0.40117416829745595 0.4250871080139373 0.3972602739726027 0.42160278745644597 0.3972602739726027 0.4181184668989547 0.3933463796477495 0.4146341463414634 0.3953033268101761 0.4146341463414634 0.3972602739726027 0.4076655052264808
0 0.6457925636007827 0.27526132404181186 0.6555772994129159 0.27526132404181186 0.6575342465753424 0.28222996515679444 0.6653620352250489 0.28222996515679444 0.6692759295499021 0.2857142857142857 0.6692759295499021 0.30662020905923343 0.6634050880626223 0.3170731707317073 0.649706457925636 0.3205574912891986 0.6438356164383562 0.32752613240418116 0.639921722113503 0.32752613240418116 0.6379647749510763 0.3205574912891986 0.6320939334637965 0.313588850174216 0.62426614481409 0.3344947735191638 0.6203522504892368 0.3344947735191638 0.6203522504892368 0.3310104529616725 0.6164383561643836 0.32752613240418116 0.6164383561643836 0.3205574912891986 0.6125244618395304 0.31010452961672474 0.6125244618395304 0.29965156794425085 0.6164383561643836 0.30313588850174217 0.62426614481409 0.30313588850174217 0.6320939334637965 0.28222996515679444 0.6438356164383562 0.28222996515679444 0.6457925636007827 0.2787456445993031
0 0.639921722113503 0.818815331010453 0.6457925636007827 0.8153310104529616 0.6536203522504892 0.8048780487804879 0.6614481409001957 0.8013937282229965 0.6614481409001957 0.8397212543554007 0.649706457925636 0.8432055749128919 0.6457925636007827 0.8362369337979094 0.639921722113503 0.8327526132404182 0.639921722113503 0.8222996515679443
0 0.34833659491193736 0 0.37181996086105673 0 0.37377690802348335 0.003484320557491289 0.37377690802348335 0.010452961672473868 0.3698630136986301 0.013937282229965157 0.3522504892367906 0.010452961672473868 0.34833659491193736 0.006968641114982578 0.34833659491193736 0.003484320557491289
0 0.4481409001956947 0.0313588850174216 0.4598825831702544 0.0313588850174216 0.4598825831702544 0.041811846689895474 0.4520547945205479 0.04878048780487805 0.4383561643835616 0.041811846689895474 0.4481409001956947 0.03484320557491289
0 0.34637964774951074 0.37282229965156793 0.3522504892367906 0.37282229965156793 0.3561643835616438 0.37630662020905925 0.35812133072407043 0.3832752613240418 0.36007827788649704 0.3832752613240418 0.36007827788649704 0.40069686411149824 0.3561643835616438 0.40418118466898956 0.35812133072407043 0.40069686411149824 0.3542074363992172 0.397212543554007 0.3522504892367906 0.3902439024390244 0.34637964774951074 0.3867595818815331 0.34637964774951074 0.37630662020905925
0 0.6986301369863014 0.37630662020905925 0.6986301369863014 0.4250871080139373 0.6947162426614482 0.42857142857142855 0.6908023483365949 0.42857142857142855 0.6868884540117417 0.42160278745644597 0.6731898238747553 0.4146341463414634 0.6731898238747553 0.40418118466898956 0.675146771037182 0.40418118466898956 0.684931506849315 0.3832752613240418 0.6966731898238747 0.37630662020905925
0 0.5870841487279843 0 0.6007827788649707 0 0.6086105675146771 0.010452961672473868 0.6105675146771037 0.017421602787456445 0.6164383561643836 0.017421602787456445 0.6183953033268101 0.020905923344947737 0.649706457925636 0.020905923344947737 0.6536203522504892 0.013937282229965157 0.6536203522504892 0.003484320557491289 0.6555772994129159 0 0.6555772994129159 0.027874564459930314 0.649706457925636 0.04529616724738676 0.6438356164383562 0.04878048780487805 0.6418786692759295 0.05574912891986063 0.6262230919765166 0.05574912891986063 0.6164383561643836 0.0627177700348432 0.598825831702544 0.0627177700348432 0.5929549902152642 0.05574912891986063 0.5870841487279843 0.05574912891986063 0.5870841487279843 0.04529616724738676 0.5831702544031311 0.041811846689895474 0.5831702544031311 0.017421602787456445 0.5870841487279843 0.013937282229965157 0.5870841487279843 0.003484320557491289
0 0.5420743639921722 0.24390243902439024 0.5459882583170255 0.24390243902439024 0.5459882583170255 0.24738675958188153 0.5518590998043053 0.2578397212543554 0.5753424657534246 0.2578397212543554 0.5772994129158513 0.2613240418118467 0.5870841487279843 0.2613240418118467 0.589041095890411 0.26480836236933797 0.589041095890411 0.289198606271777 0.5694716242661448 0.289198606271777 0.5655577299412916 0.2926829268292683 0.5616438356164384 0.289198606271777 0.5596868884540117 0.28222996515679444 0.5518590998043053 0.28222996515679444 0.5518590998043053 0.27526132404181186 0.5499021526418787 0.27177700348432055 0.5362035225048923 0.27177700348432055 0.5362035225048923 0.2682926829268293 0.538160469667319 0.2682926829268293 0.5420743639921722 0.2578397212543554 0.5420743639921722 0.24738675958188153
0 0.5420743639921722 0.8501742160278746 0.547945205479452 0.8501742160278746 0.547945205479452 0.8536585365853658 0.5518590998043053 0.8571428571428571 0.5538160469667319 0.8641114982578397 0.5557729941291585 0.8641114982578397 0.5557729941291585 0.8815331010452961 0.547945205479452 0.8885017421602788 0.538160469667319 0.8780487804878049 0.538160469667319 0.8710801393728222 0.5420743639921722 0.867595818815331 0.5420743639921722 0.8536585365853658
0 0.6986301369863014 0.6794425087108014 0.6986301369863014 0.794425087108014 0.6947162426614482 0.7979094076655052 0.6888454011741683 0.7979094076655052 0.6771037181996086 0.7839721254355401 0.675146771037182 0.7804878048780488 0.675146771037182 0.7700348432055749 0.6712328767123288 0.7665505226480837 0.6712328767123288 0.7247386759581882 0.675146771037182 0.7212543554006968 0.675146771037182 0.7003484320557491 0.6712328767123288 0.6968641114982579 0.6712328767123288 0.6898954703832753 0.6653620352250489 0.6829268292682927 0.6653620352250489 0.6794425087108014 0.6692759295499021 0.6759581881533101 0.6908023483365949 0.6759581881533101 0.6927592954990215 0.6794425087108014 0.6966731898238747 0.6794425087108014
0 0.5303326810176126 0.3588850174216028 0.5459882583170255 0.3588850174216028 0.5459882583170255 0.3693379790940767 0.5420743639921722 0.3693379790940767 0.5401174168297456 0.37282229965156793 0.5264187866927593 0.37282229965156793 0.5244618395303327 0.36585365853658536 0.5283757338551859 0.36585365853658536 0.5303326810176126 0.3623693379790941
0 0.5205479452054794 0.041811846689895474 0.5225048923679061 0.041811846689895474 0.5225048923679061 0.04529616724738676 0.5283757338551859 0.05226480836236934 0.5205479452054794 0.059233449477351915 0.5146771037181996 0.05226480836236934 0.5146771037181996 0.04878048780487805 0.5185909980430529 0.04878048780487805 0.5205479452054794 0.04529616724738676
0 0.48532289628180036 0.6480836236933798 0.487279843444227 0.6515679442508711 0.49510763209393344 0.6515679442508711 0.49902152641878667 0.6480836236933798 0.49902152641878667 0.6585365853658537 0.49510763209393344 0.6585365853658537 0.48140900195694714 0.6724738675958188 0.4755381604696673 0.6724738675958188 0.46771037181996084 0.6794425087108014 0.4520547945205479 0.6794425087108014 0.4500978473581213 0.6759581881533101 0.4520547945205479 0.6655052264808362 0.4657534246575342 0.6480836236933798 0.48336594911937375 0.6480836236933798