0 0.62426614481409 0.5470383275261324 0.6340508806262231 0.5470383275261324 0.6340508806262231 0.5505226480836237 0.6379647749510763 0.554006968641115 0.6379647749510763 0.6062717770034843 0.6281800391389433 0.6062717770034843 0.6262230919765166 0.6097560975609756 0.6223091976516634 0.6097560975609756 0.6203522504892368 0.6062717770034843 0.6164383561643836 0.6062717770034843 0.6164383561643836 0.5993031358885017 0.6125244618395304 0.5958188153310104 0.6125244618395304 0.5853658536585366 0.6164383561643836 0.5818815331010453 0.6164383561643836 0.5679442508710801 0.6203522504892368 0.5644599303135889 0.6203522504892368 0.5574912891986062 0.6223091976516634 0.5574912891986062 0.62426614481409 0.5505226480836237
0 0.48336594911937375 0.29965156794425085 0.4931506849315068 0.29965156794425085 0.49510763209393344 0.30662020905923343 0.49902152641878667 0.30662020905923343 0.49902152641878667 0.31010452961672474 0.49510763209393344 0.31010452961672474 0.4931506849315068 0.3170731707317073 0.487279843444227 0.30662020905923343 0.48336594911937375 0.30662020905923343 0.48336594911937375 0.30313588850174217
0 0.48336594911937375 0.7456445993031359 0.5009784735812133 0.7456445993031359 0.5009784735812133 0.7630662020905923 0.49510763209393344 0.7630662020905923 0.4931506849315068 0.7665505226480837 0.4911937377690802 0.7630662020905923 0.48336594911937375 0.7630662020905923 0.48336594911937375 0.7491289198606271
0 0.547945205479452 0.04878048780487805 0.5557729941291585 0.04878048780487805 0.5577299412915852 0.05226480836236934 0.5694716242661448 0.05574912891986063 0.5733855185909981 0.0627177700348432 0.5831702544031311 0.06968641114982578 0.589041095890411 0.08013937282229965 0.5909980430528375 0.08013937282229965 0.5929549902152642 0.08710801393728224 0.5929549902152642 0.13937282229965156 0.5851272015655578 0.1289198606271777 0.5792563600782779 0.1289198606271777 0.5792563600782779 0.1254355400696864 0.5851272015655578 0.11846689895470383 0.5851272015655578 0.10452961672473868 0.5772994129158513 0.09407665505226481 0.5733855185909981 0.09407665505226481 0.5694716242661448 0.08710801393728224 0.5655577299412916 0.08710801393728224 0.5616438356164384 0.08013937282229965 0.5557729941291585 0.08013937282229965 0.5499021526418787 0.07317073170731707 0.547945205479452 0.059233449477351915 0.5440313111545988 0.05574912891986063 0.547945205479452 0.05226480836236934
0 0.5753424657534246 0.926829268292683 0.5812133072407045 0.926829268292683 0.5812133072407045 0.9337979094076655 0.5851272015655578 0.9372822299651568 0.5870841487279843 0.9442508710801394 0.589041095890411 0.9442508710801394 0.589041095890411 0.9547038327526133 0.5909980430528375 0.9581881533101045 0.5909980430528375 0.9965156794425087 0.5831702544031311 0.9965156794425087 0.5792563600782779 0.9930313588850174 0.5792563600782779 0.975609756097561 0.5753424657534246 0.9721254355400697 0.5753424657534246 0.9651567944250871 0.5733855185909981 0.9616724738675958 0.5694716242661448 0.9616724738675958 0.5694716242661448 0.9372822299651568 0.5733855185909981 0.9372822299651568 0.5753424657534246 0.9303135888501742
0 0.5185909980430529 0.7874564459930313 0.5283757338551859 0.7874564459930313 0.5303326810176126 0.794425087108014 0.5342465753424658 0.794425087108014 0.5342465753424658 0.8048780487804879 0.5362035225048923 0.8083623693379791 0.5362035225048923 0.8362369337979094 0.5342465753424658 0.8327526132404182 0.5303326810176126 0.8327526132404182 0.5283757338551859 0.8257839721254355 0.5244618395303327 0.8257839721254355 0.5244618395303327 0.818815331010453 0.5225048923679061 0.8153310104529616 0.5185909980430529 0.8153310104529616 0.5185909980430529 0.8048780487804879 0.5225048923679061 0.8048780487804879 0.5244618395303327 0.8013937282229965 0.5225048923679061 0.7979094076655052 0.5185909980430529 0.7979094076655052 0.5185909980430529 0.7909407665505227
0 0.5714285714285714 0.7212543554006968 0.5870841487279843 0.7212543554006968 0.5870841487279843 0.7282229965156795 0.589041095890411 0.7317073170731707 0.589041095890411 0.7386759581881533 0.5851272015655578 0.7386759581881533 0.5831702544031311 0.7421602787456446 0.5812133072407045 0.7386759581881533 0.5772994129158513 0.7386759581881533 0.5772994129158513 0.7282229965156795 0.5753424657534246 0.7247386759581882 0.5714285714285714 0.7247386759581882
0 0.4931506849315068 0.041811846689895474 0.49902152641878667 0.041811846689895474 0.5009784735812133 0.04529616724738676 0.5166340508806262 0.04529616724738676 0.5166340508806262 0.04878048780487805 0.512720156555773 0.04878048780487805 0.5048923679060665 0.05574912891986063 0.5048923679060665 0.0627177700348432 0.5088062622309197 0.06620209059233449 0.5107632093933464 0.07317073170731707 0.5107632093933464 0.10801393728222997 0.50293542074364 0.1254355400696864 0.49510763209393344 0.13240418118466898 0.4892367906066536 0.14285714285714285 0.4774951076320939 0.13937282229965156 0.4755381604696673 0.13240418118466898 0.4755381604696673 0.11149825783972125 0.47162426614481406 0.10801393728222997 0.47162426614481406 0.0975609756097561 0.48140900195694714 0.08710801393728224 0.48336594911937375 0.08013937282229965 0.48336594911937375 0.06968641114982578 0.49902152641878667 0.05226480836236934 0.4931506849315068 0.04529616724738676
0 0.675146771037182 0 0.6790606653620352 0 0.6790606653620352 0.020905923344947737 0.675146771037182 0.020905923344947737 0.6731898238747553 0.024390243902439025 0.675146771037182 0.020905923344947737 0.675146771037182 0.003484320557491289
0 0.4931506849315068 0.7003484320557491 0.5107632093933464 0.7003484320557491 0.5107632093933464 0.7177700348432056 0.5068493150684932 0.7177700348432056 0.5048923679060665 0.7212543554006968 0.50293542074364 0.7212543554006968 0.50293542074364 0.7142857142857143 0.5009784735812133 0.710801393728223 0.4931506849315068 0.710801393728223 0.4931506849315068 0.7038327526132404
0 0.6555772994129159 0.9024390243902439 0.6614481409001957 0.9094076655052264 0.6614481409001957 0.9233449477351916 0.6555772994129159 0.9233449477351916 0.6536203522504892 0.926829268292683 0.6457925636007827 0.9198606271777003 0.6457925636007827 0.9059233449477352 0.6477495107632094 0.9059233449477352 0.649706457925636 0.8989547038327527 0.6536203522504892 0.9024390243902439
0 0.5068493150684932 0.3797909407665505 0.5205479452054794 0.3797909407665505 0.5225048923679061 0.3867595818815331 0.5225048923679061 0.3902439024390244 0.5146771037181996 0.39372822299651566 0.5068493150684932 0.3867595818815331 0.5068493150684932 0.3832752613240418
0 0.4892367906066536 0.710801393728223 0.49902152641878667 0.710801393728223 0.5009784735812133 0.7142857142857143 0.5009784735812133 0.7247386759581882 0.49706457925636005 0.7282229965156795 0.49510763209393344 0.7282229965156795 0.4931506849315068 0.7212543554006968 0.4892367906066536 0.7212543554006968 0.4892367906066536 0.7142857142857143
0 0.46771037181996084 0.39372822299651566 0.4794520547945205 0.397212543554007 0.4794520547945205 0.41114982578397213 0.4735812133072407 0.41114982578397213 0.47162426614481406 0.40418118466898956 0.46771037181996084 0.40418118466898956 0.46771037181996084 0.397212543554007
0 0.48140900195694714 0.7142857142857143 0.48532289628180036 0.710801393728223 0.487279843444227 0.7142857142857143 0.4911937377690802 0.7142857142857143 0.4911937377690802 0.7212543554006968 0.4931506849315068 0.7247386759581882 0.4931506849315068 0.7317073170731707 0.487279843444227 0.7317073170731707 0.48336594911937375 0.735191637630662 0.48140900195694714 0.7317073170731707 0.48140900195694714 0.7177700348432056
0 0.5009784735812133 0.710801393728223 0.5009784735812133 0.7247386759581882 0.49706457925636005 0.7282229965156795 0.4911937377690802 0.7212543554006968 0.48336594911937375 0.7212543554006968 0.48336594911937375 0.710801393728223 0.49902152641878667 0.710801393728223
0 0.4794520547945205 0.3693379790940767 0.49510763209393344 0.3693379790940767 0.49510763209393344 0.37630662020905925 0.49706457925636005 0.3797909407665505 0.4931506849315068 0.3797909407665505 0.4911937377690802 0.3867595818815331 0.487279843444227 0.3797909407665505 0.4794520547945205 0.37630662020905925 0.4794520547945205 0.37282229965156793
0 0.4931506849315068 0.3310104529616725 0.50293542074364 0.3310104529616725 0.5048923679060665 0.3344947735191638 0.5088062622309197 0.3344947735191638 0.5088062622309197 0.34843205574912894 0.5107632093933464 0.3519163763066202 0.5107632093933464 0.3588850174216028 0.50293542074364 0.3623693379790941 0.5048923679060665 0.3588850174216028 0.50293542074364 0.3554006968641115 0.49902152641878667 0.3554006968641115 0.49902152641878667 0.34843205574912894 0.49706457925636005 0.34494773519163763 0.4931506849315068 0.34494773519163763 0.4931506849315068 0.3344947735191638
0 0.4637964774951076 0.3240418118466899 0.46771037181996084 0.3240418118466899 0.46966731898238745 0.3310104529616725 0.48532289628180036 0.33797909407665505 0.48532289628180036 0.34146341463414637 0.4794520547945205 0.34146341463414637 0.4774951076320939 0.34494773519163763 0.4735812133072407 0.33797909407665505 0.4637964774951076 0.3344947735191638 0.4637964774951076 0.32752613240418116
0 0.5303326810176126 0.7386759581881533 0.5420743639921722 0.735191637630662 0.5420743639921722 0.7421602787456446 0.5499021526418787 0.7491289198606271 0.5518590998043053 0.7560975609756098 0.5518590998043053 0.7874564459930313 0.547945205479452 0.7874564459930313 0.547945205479452 0.7839721254355401 0.5440313111545988 0.7804878048780488 0.5440313111545988 0.7700348432055749 0.5401174168297456 0.7665505226480837 0.5401174168297456 0.7456445993031359 0.5322896281800391 0.7386759581881533
0 0.4657534246575342 0.34494773519163763 0.47162426614481406 0.34494773519163763 0.4735812133072407 0.3519163763066202 0.4794520547945205 0.3519163763066202 0.48140900195694714 0.3554006968641115 0.4735812133072407 0.3623693379790941 0.46966731898238745 0.3554006968641115 0.4598825831702544 0.3519163763066202 0.4637964774951076 0.3519163763066202 0.4657534246575342 0.34843205574912894
0 0.4657534246575342 0.36585365853658536 0.48336594911937375 0.36585365853658536 0.48336594911937375 0.37630662020905925 0.4794520547945205 0.37630662020905925 0.4774951076320939 0.3797909407665505 0.4755381604696673 0.37282229965156793 0.4657534246575342 0.3693379790940767
0 0.6164383561643836 0.6445993031358885 0.6262230919765166 0.6445993031358885 0.6281800391389433 0.6480836236933798 0.6281800391389433 0.686411149825784 0.6223091976516634 0.686411149825784 0.6203522504892368 0.6898954703832753 0.6164383561643836 0.686411149825784 0.6164383561643836 0.6829268292682927 0.6203522504892368 0.6829268292682927 0.6223091976516634 0.6794425087108014 0.6203522504892368 0.6759581881533101 0.6164383561643836 0.6759581881533101 0.6144814090019569 0.6689895470383276 0.6105675146771037 0.6689895470383276 0.6105675146771037 0.6655052264808362 0.6144814090019569 0.6655052264808362 0.6164383561643836 0.662020905923345 0.6164383561643836 0.6480836236933798
0 0.5362035225048923 0.34494773519163763 0.5538160469667319 0.34494773519163763 0.5538160469667319 0.39372822299651566 0.547945205479452 0.39372822299651566 0.5459882583170255 0.3867595818815331 0.5420743639921722 0.3867595818815331 0.5420743639921722 0.3519163763066202 0.5401174168297456 0.34843205574912894 0.5362035225048923 0.34843205574912894
0 0.6379647749510763 0.6585365853658537 0.6575342465753424 0.6585365853658537 0.6575342465753424 0.6655052264808362 0.6614481409001957 0.6689895470383276 0.6634050880626223 0.6759581881533101 0.6692759295499021 0.6794425087108014 0.6692759295499021 0.686411149825784 0.6712328767123288 0.6898954703832753 0.6712328767123288 0.735191637630662 0.6692759295499021 0.7421602787456446 0.6594911937377691 0.7421602787456446 0.6575342465753424 0.7456445993031359 0.6457925636007827 0.7421602787456446 0.6457925636007827 0.7247386759581882 0.6418786692759295 0.7212543554006968 0.6418786692759295 0.6689895470383276 0.6379647749510763 0.6655052264808362 0.6379647749510763 0.662020905923345
0 0.4735812133072407 0.7212543554006968 0.4911937377690802 0.7212543554006968 0.4911937377690802 0.7386759581881533 0.4735812133072407 0.7386759581881533 0.4735812133072407 0.7247386759581882
0 0.6594911937377691 0.9581881533101045 0.6692759295499021 0.9581881533101045 0.6692759295499021 0.9651567944250871 0.6712328767123288 0.9686411149825784 0.675146771037182 0.9686411149825784 0.675146771037182 0.9965156794425087 0.6594911937377691 0.9965156794425087 0.6594911937377691 0.9895470383275261 0.6575342465753424 0.9860627177700348 0.6536203522504892 0.9860627177700348 0.6536203522504892 0.9825783972125436 0.6575342465753424 0.9825783972125436 0.6594911937377691 0.9790940766550522 0.6594911937377691 0.9616724738675958
0 0.5107632093933464 0.42857142857142855 0.5205479452054794 0.42857142857142855 0.5225048923679061 0.43205574912891986 0.5322896281800391 0.4355400696864111 0.5322896281800391 0.4425087108013937 0.5264187866927593 0.4425087108013937 0.5225048923679061 0.445993031358885 0.5205479452054794 0.43902439024390244 0.5166340508806262 0.43902439024390244 0.5146771037181996 0.43205574912891986 0.5107632093933464 0.43205574912891986
0 0.6007827788649707 0.6167247386759582 0.6046966731898239 0.627177700348432 0.6144814090019569 0.6341463414634146 0.6144814090019569 0.6376306620209059 0.6183953033268101 0.6411149825783972 0.6183953033268101 0.686411149825784 0.6105675146771037 0.686411149825784 0.6086105675146771 0.6898954703832753 0.5968688845401174 0.686411149825784 0.5968688845401174 0.6689895470383276 0.5929549902152642 0.6655052264808362 0.5909980430528375 0.6585365853658537 0.589041095890411 0.6585365853658537 0.589041095890411 0.6480836236933798 0.5929549902152642 0.6445993031358885 0.5929549902152642 0.6202090592334495 0.598825831702544 0.6202090592334495
0 0.5068493150684932 0.7630662020905923 0.5166340508806262 0.7630662020905923 0.5185909980430529 0.759581881533101 0.5205479452054794 0.7630662020905923 0.5283757338551859 0.7630662020905923 0.5283757338551859 0.7665505226480837 0.5244618395303327 0.7665505226480837 0.5225048923679061 0.7700348432055749 0.5244618395303327 0.7770034843205574 0.5283757338551859 0.7770034843205574 0.5283757338551859 0.8153310104529616 0.5244618395303327 0.8153310104529616 0.5225048923679061 0.818815331010453 0.5185909980430529 0.8153310104529616 0.5185909980430529 0.7979094076655052 0.5166340508806262 0.794425087108014 0.512720156555773 0.794425087108014 0.512720156555773 0.7735191637630662 0.5107632093933464 0.7700348432055749 0.5068493150684932 0.7700348432055749 0.5068493150684932 0.7665505226480837
0 0.6281800391389433 0 0.6438356164383562 0 0.6438356164383562 0.017421602787456445 0.639921722113503 0.017421602787456445 0.6360078277886497 0.024390243902439025 0.6340508806262231 0.017421602787456445 0.6281800391389433 0.017421602787456445 0.6281800391389433 0.003484320557491289
0 0.5518590998043053 0.7003484320557491 0.5577299412915852 0.7003484320557491 0.5596868884540117 0.6968641114982579 0.5616438356164384 0.7003484320557491 0.5655577299412916 0.7003484320557491 0.5655577299412916 0.7177700348432056 0.5616438356164384 0.7177700348432056 0.5596868884540117 0.7212543554006968 0.5577299412915852 0.7177700348432056 0.5518590998043053 0.7177700348432056 0.5518590998043053 0.7038327526132404
0 0.6614481409001957 0.0313588850174216 0.6653620352250489 0.0313588850174216 0.6673189823874756 0.03484320557491289 0.6771037181996086 0.03484320557491289 0.6790606653620352 0.041811846689895474 0.6790606653620352 0.06620209059233449 0.6731898238747553 0.06968641114982578 0.6731898238747553 0.0627177700348432 0.6712328767123288 0.059233449477351915 0.6673189823874756 0.059233449477351915 0.6673189823874756 0.04878048780487805 0.6653620352250489 0.04529616724738676 0.6614481409001957 0.04529616724738676 0.6614481409001957 0.03484320557491289