0 0.484375 0.11498257839721254 0.484375 0.12195121951219512 0.474609375 0.1289198606271777 0.421875 0.13240418118466898 0.416015625 0.13937282229965156 0.412109375 0.1289198606271777 0.41796875 0.12195121951219512 0.423828125 0.12195121951219512 0.42578125 0.11846689895470383 0.443359375 0.11846689895470383 0.4453125 0.11498257839721254 0.482421875 0.11498257839721254
0 0.12109375 0.3832752613240418 0.123046875 0.3867595818815331 0.130859375 0.3867595818815331 0.134765625 0.39372822299651566 0.134765625 0.4076655052264808 0.1328125 0.41114982578397213 0.123046875 0.41114982578397213 0.12109375 0.4146341463414634 0.10546875 0.4146341463414634 0.08984375 0.40418118466898956 0.08984375 0.39372822299651566 0.09375 0.3867595818815331 0.099609375 0.3867595818815331 0.1015625 0.3832752613240418 0.119140625 0.3832752613240418
0 0.39453125 0.21951219512195122 0.40234375 0.21254355400696864 0.416015625 0.21254355400696864 0.416015625 0.23344947735191637 0.40234375 0.23693379790940766 0.390625 0.2264808362369338 0.39453125 0.2229965156794425
0 0.591796875 0.20905923344947736 0.609375 0.20905923344947736 0.611328125 0.21602787456445993 0.6171875 0.21602787456445993 0.6171875 0.2229965156794425 0.619140625 0.2264808362369338 0.623046875 0.2264808362369338 0.630859375 0.23344947735191637 0.630859375 0.24041811846689895 0.626953125 0.24041811846689895 0.623046875 0.24738675958188153 0.619140625 0.24738675958188153 0.611328125 0.24041811846689895 0.5859375 0.24041811846689895 0.5859375 0.23693379790940766 0.58203125 0.23344947735191637 0.58203125 0.2229965156794425 0.583984375 0.2229965156794425 0.5859375 0.21602787456445993 0.58984375 0.21602787456445993 0.591796875 0.21254355400696864
0 0.796875 0.3693379790940767 0.80859375 0.3797909407665505 0.818359375 0.3797909407665505 0.8203125 0.3832752613240418 0.82421875 0.3832752613240418 0.826171875 0.3867595818815331 0.818359375 0.39372822299651566 0.814453125 0.39372822299651566 0.8125 0.3902439024390244 0.80078125 0.3902439024390244 0.798828125 0.3867595818815331 0.76953125 0.3867595818815331 0.767578125 0.37282229965156793 0.771484375 0.36585365853658536 0.7890625 0.36585365853658536 0.791015625 0.3693379790940767 0.794921875 0.3693379790940767
0 0.599609375 0.1602787456445993 0.603515625 0.16376306620209058 0.60546875 0.17073170731707318 0.60546875 0.18815331010452963 0.599609375 0.1986062717770035 0.591796875 0.20557491289198607 0.5859375 0.20557491289198607 0.572265625 0.21602787456445993 0.5703125 0.21254355400696864 0.560546875 0.20905923344947736 0.560546875 0.1672473867595819 0.56640625 0.1672473867595819 0.576171875 0.1602787456445993 0.59765625 0.1602787456445993
0 0.26953125 0.18466898954703834 0.306640625 0.18466898954703834 0.306640625 0.20905923344947736 0.3046875 0.21254355400696864 0.298828125 0.21254355400696864 0.296875 0.21602787456445993 0.24609375 0.21602787456445993 0.23828125 0.2229965156794425 0.228515625 0.2229965156794425 0.220703125 0.21602787456445993 0.21484375 0.21602787456445993 0.21484375 0.20905923344947736 0.22265625 0.1986062717770035 0.228515625 0.1986062717770035 0.23046875 0.1951219512195122 0.25 0.1951219512195122 0.251953125 0.1916376306620209 0.267578125 0.1916376306620209 0.26953125 0.18815331010452963
0 0.703125 0.6968641114982579 0.7109375 0.7073170731707317 0.73046875 0.7247386759581882 0.734375 0.7317073170731707 0.740234375 0.735191637630662 0.740234375 0.7665505226480837 0.734375 0.7665505226480837 0.732421875 0.7700348432055749 0.73046875 0.7700348432055749 0.734375 0.7665505226480837 0.734375 0.759581881533101 0.7265625 0.7456445993031359 0.712890625 0.7386759581881533 0.708984375 0.7317073170731707 0.705078125 0.7317073170731707 0.703125 0.7282229965156795 0.693359375 0.7282229965156795 0.69140625 0.7212543554006968 0.685546875 0.7177700348432056 0.685546875 0.7142857142857143 0.681640625 0.710801393728223 0.6796875 0.7038327526132404 0.6796875 0.6968641114982579 0.681640625 0.6933797909407665 0.701171875 0.6968641114982579
0 0.66015625 0.41114982578397213 0.669921875 0.41114982578397213 0.673828125 0.42160278745644597 0.677734375 0.42160278745644597 0.697265625 0.4529616724738676 0.69921875 0.4529616724738676 0.703125 0.46689895470383275 0.708984375 0.4738675958188153 0.712890625 0.4878048780487805 0.71875 0.49477351916376305 0.720703125 0.5052264808362369 0.724609375 0.5121951219512195 0.724609375 0.519163763066202 0.71875 0.5261324041811847 0.71484375 0.5226480836236934 0.716796875 0.519163763066202 0.71484375 0.5156794425087108 0.703125 0.5052264808362369 0.701171875 0.49825783972125437 0.697265625 0.49825783972125437 0.6953125 0.4912891986062718 0.66015625 0.43205574912891986 0.66015625 0.4146341463414634
0 0.94921875 0.33797909407665505 0.953125 0.33797909407665505 0.958984375 0.3310104529616725 0.994140625 0.32752613240418116 0.998046875 0.3240418118466899 0.998046875 0.3519163763066202 0.97265625 0.3519163763066202 0.96484375 0.34494773519163763 0.955078125 0.34494773519163763 0.953125 0.34146341463414637 0.94921875 0.34146341463414637
0 0.703125 0.3310104529616725 0.7109375 0.3310104529616725 0.712890625 0.33797909407665505 0.712890625 0.3588850174216028 0.701171875 0.37630662020905925 0.6796875 0.37630662020905925 0.677734375 0.3797909407665505 0.6328125 0.3797909407665505 0.630859375 0.37630662020905925 0.6328125 0.3693379790940767 0.640625 0.3693379790940767 0.642578125 0.36585365853658536 0.65625 0.3623693379790941 0.662109375 0.3554006968641115 0.67578125 0.3519163763066202 0.677734375 0.34843205574912894 0.689453125 0.34494773519163763 0.6953125 0.33797909407665505 0.701171875 0.33797909407665505 0.703125 0.3344947735191638
0 0.791015625 0.2229965156794425 0.80859375 0.2229965156794425 0.810546875 0.22996515679442509 0.84375 0.22996515679442509 0.845703125 0.23344947735191637 0.845703125 0.24041811846689895 0.8125 0.24041811846689895 0.802734375 0.24738675958188153 0.794921875 0.24738675958188153 0.79296875 0.24390243902439024 0.78125 0.24390243902439024 0.779296875 0.24738675958188153 0.755859375 0.24738675958188153 0.75 0.24041811846689895 0.7421875 0.24041811846689895 0.75 0.23344947735191637 0.75390625 0.23344947735191637 0.755859375 0.22996515679442509 0.7890625 0.22996515679442509 0.791015625 0.2264808362369338
0 0.0703125 0.4425087108013937 0.076171875 0.4425087108013937 0.076171875 0.47038327526132406 0.07421875 0.4738675958188153 0.06640625 0.4738675958188153 0.064453125 0.47735191637630664 0.046875 0.4738675958188153 0.046875 0.4634146341463415 0.05078125 0.45993031358885017 0.0546875 0.44947735191637633 0.068359375 0.44947735191637633 0.0703125 0.445993031358885
0 0.072265625 0.3310104529616725 0.10546875 0.3310104529616725 0.109375 0.34146341463414637 0.109375 0.34843205574912894 0.091796875 0.34843205574912894 0.08984375 0.3519163763066202 0.0859375 0.3519163763066202 0.08203125 0.3588850174216028 0.07421875 0.3588850174216028 0.072265625 0.3623693379790941 0.05859375 0.36585365853658536 0.056640625 0.3693379790940767 0.041015625 0.3693379790940767 0.0390625 0.37282229965156793 0.017578125 0.37282229965156793 0.013671875 0.3693379790940767 0.017578125 0.3623693379790941 0.03125 0.3519163763066202 0.041015625 0.34843205574912894 0.04296875 0.34494773519163763 0.052734375 0.34494773519163763 0.060546875 0.33797909407665505 0.0703125 0.33797909407665505 0.072265625 0.3344947735191638
0 0.15234375 0.32752613240418116 0.162109375 0.3344947735191638 0.1640625 0.3554006968641115 0.171875 0.36585365853658536 0.171875 0.3693379790940767 0.16796875 0.37282229965156793 0.15625 0.37282229965156793 0.14453125 0.3588850174216028 0.14453125 0.3519163763066202 0.140625 0.34843205574912894 0.138671875 0.34146341463414637 0.138671875 0.3310104529616725 0.140625 0.32752613240418116 0.150390625 0.32752613240418116
0 0.4609375 0.3554006968641115 0.4609375 0.37630662020905925 0.45703125 0.37630662020905925 0.455078125 0.3797909407665505 0.4453125 0.3797909407665505 0.443359375 0.37630662020905925 0.43359375 0.37282229965156793 0.431640625 0.36585365853658536 0.439453125 0.3588850174216028 0.458984375 0.3554006968641115
0 0.59375 0.21254355400696864 0.62890625 0.21254355400696864 0.630859375 0.21602787456445993 0.63671875 0.21602787456445993 0.63671875 0.2229965156794425 0.625 0.2229965156794425 0.623046875 0.2264808362369338 0.61328125 0.2264808362369338 0.611328125 0.2229965156794425 0.59375 0.21951219512195122 0.59375 0.21602787456445993
0 0.970703125 0.5365853658536586 0.982421875 0.5365853658536586 0.982421875 0.5400696864111498 0.986328125 0.5435540069686411 0.986328125 0.5574912891986062 0.982421875 0.5574912891986062 0.98046875 0.5609756097560976 0.966796875 0.5609756097560976 0.958984375 0.5679442508710801 0.92578125 0.5679442508710801 0.919921875 0.5609756097560976 0.923828125 0.5609756097560976 0.931640625 0.554006968641115 0.939453125 0.554006968641115 0.951171875 0.5435540069686411 0.96875 0.5435540069686411 0.970703125 0.5400696864111498
0 0.23046875 0.5923344947735192 0.24609375 0.6027874564459931 0.25390625 0.6027874564459931 0.267578125 0.6202090592334495 0.267578125 0.6306620209059234 0.26953125 0.6341463414634146 0.26953125 0.6689895470383276 0.265625 0.6759581881533101 0.251953125 0.686411149825784 0.24609375 0.6968641114982579 0.240234375 0.7003484320557491 0.23046875 0.7142857142857143 0.2265625 0.7142857142857143 0.212890625 0.7247386759581882 0.19921875 0.7247386759581882 0.19140625 0.735191637630662 0.193359375 0.7386759581881533 0.185546875 0.735191637630662 0.185546875 0.7177700348432056 0.1875 0.7142857142857143 0.1875 0.6759581881533101 0.189453125 0.6724738675958188 0.189453125 0.662020905923345 0.1953125 0.6515679442508711 0.1953125 0.6306620209059234 0.197265625 0.6306620209059234 0.20703125 0.6097560975609756 0.22265625 0.5958188153310104 0.228515625 0.5958188153310104
0 0.251953125 0.24390243902439024 0.25390625 0.24738675958188153 0.265625 0.24738675958188153 0.267578125 0.2508710801393728 0.27734375 0.2508710801393728 0.279296875 0.25435540069686413 0.29296875 0.25435540069686413 0.298828125 0.2613240418118467 0.306640625 0.2613240418118467 0.30859375 0.26480836236933797 0.322265625 0.2682926829268293 0.322265625 0.28222996515679444 0.302734375 0.28222996515679444 0.30078125 0.2857142857142857 0.298828125 0.2857142857142857 0.30078125 0.28222996515679444 0.298828125 0.2787456445993031 0.28515625 0.2787456445993031 0.283203125 0.28222996515679444 0.279296875 0.2787456445993031 0.27734375 0.28222996515679444 0.271484375 0.2787456445993031 0.26953125 0.28222996515679444 0.26171875 0.28222996515679444 0.259765625 0.2857142857142857 0.248046875 0.2857142857142857 0.24609375 0.28222996515679444 0.236328125 0.28222996515679444 0.234375 0.2787456445993031 0.220703125 0.27526132404181186 0.212890625 0.2682926829268293 0.2109375 0.2613240418118467 0.20703125 0.2578397212543554 0.208984375 0.2578397212543554 0.2109375 0.2508710801393728 0.220703125 0.24390243902439024 0.25 0.24390243902439024
0 0.75 0.2961672473867596 0.755859375 0.2961672473867596 0.765625 0.30313588850174217 0.765625 0.30662020905923343 0.76953125 0.31010452961672474 0.771484375 0.3170731707317073 0.771484375 0.41114982578397213 0.765625 0.4181184668989547 0.759765625 0.4181184668989547 0.7578125 0.42160278745644597 0.75390625 0.4181184668989547 0.7578125 0.4146341463414634 0.7578125 0.3867595818815331 0.75390625 0.3832752613240418 0.75390625 0.36585365853658536 0.75 0.3623693379790941 0.75 0.29965156794425085
0 0.79296875 0.313588850174216 0.794921875 0.3170731707317073 0.810546875 0.3170731707317073 0.8203125 0.3240418118466899 0.83984375 0.32752613240418116 0.84765625 0.34146341463414637 0.849609375 0.34146341463414637 0.849609375 0.34494773519163763 0.83203125 0.34146341463414637 0.830078125 0.33797909407665505 0.818359375 0.33797909407665505 0.81640625 0.34146341463414637 0.796875 0.34146341463414637 0.794921875 0.34494773519163763 0.783203125 0.34494773519163763 0.78125 0.34843205574912894 0.767578125 0.34494773519163763 0.767578125 0.3344947735191638 0.76171875 0.32752613240418116 0.76171875 0.3170731707317073 0.771484375 0.3170731707317073 0.7734375 0.313588850174216 0.791015625 0.313588850174216
0 0.07421875 0.27177700348432055 0.076171875 0.27526132404181186 0.087890625 0.27526132404181186 0.08984375 0.2787456445993031 0.1015625 0.28222996515679444 0.1015625 0.30313588850174217 0.09765625 0.30313588850174217 0.095703125 0.30662020905923343 0.0859375 0.30662020905923343 0.083984375 0.30313588850174217 0.076171875 0.30313588850174217 0.07421875 0.29965156794425085 0.0625 0.2961672473867596 0.060546875 0.289198606271777 0.056640625 0.2857142857142857 0.05859375 0.2857142857142857 0.060546875 0.2787456445993031 0.072265625 0.27526132404181186
0 0.59375 0.14285714285714285 0.60546875 0.14285714285714285 0.607421875 0.14982578397212543 0.623046875 0.15331010452961671 0.62890625 0.1602787456445993 0.642578125 0.1672473867595819 0.650390625 0.17421602787456447 0.650390625 0.17770034843205576 0.65625 0.18815331010452963 0.65625 0.20557491289198607 0.654296875 0.20905923344947736 0.65234375 0.20905923344947736 0.65234375 0.20557491289198607 0.646484375 0.1986062717770035 0.638671875 0.1986062717770035 0.63671875 0.1951219512195122 0.626953125 0.1951219512195122 0.625 0.1916376306620209 0.59765625 0.1916376306620209 0.595703125 0.18815331010452963 0.595703125 0.17421602787456447 0.58984375 0.16376306620209058 0.587890625 0.16376306620209058 0.587890625 0.15331010452961671 0.59375 0.14634146341463414
0 0.287109375 0.27526132404181186 0.2890625 0.28222996515679444 0.3125 0.28222996515679444 0.314453125 0.289198606271777 0.306640625 0.289198606271777 0.3046875 0.2926829268292683 0.2890625 0.2926829268292683 0.28125 0.29965156794425085 0.259765625 0.29965156794425085 0.251953125 0.2926829268292683 0.24609375 0.2926829268292683 0.248046875 0.289198606271777 0.259765625 0.289198606271777 0.26171875 0.2857142857142857 0.28515625 0.28222996515679444 0.287109375 0.2787456445993031
0 0.87890625 0.6515679442508711 0.880859375 0.6550522648083623 0.888671875 0.6550522648083623 0.890625 0.6585365853658537 0.90625 0.6655052264808362 0.91015625 0.6724738675958188 0.923828125 0.6794425087108014 0.931640625 0.6898954703832753 0.931640625 0.6968641114982579 0.923828125 0.7038327526132404 0.921875 0.7003484320557491 0.912109375 0.7003484320557491 0.908203125 0.6933797909407665 0.900390625 0.6933797909407665 0.890625 0.6794425087108014 0.884765625 0.6794425087108014 0.876953125 0.6724738675958188 0.86328125 0.6689895470383276 0.857421875 0.662020905923345 0.84765625 0.662020905923345 0.84375 0.6585365853658537 0.84375 0.6515679442508711 0.845703125 0.6480836236933798 0.876953125 0.6515679442508711
0 0.13060989643268126 0.29305180771682776 0.06810540132336018 0.03592579078840271
0 0.279296875 0.34494773519163763 0.28515625 0.34494773519163763 0.287109375 0.34146341463414637 0.3046875 0.34146341463414637 0.3046875 0.3588850174216028 0.30078125 0.3588850174216028 0.294921875 0.36585365853658536 0.291015625 0.36585365853658536 0.287109375 0.3588850174216028 0.283203125 0.3588850174216028 0.279296875 0.34843205574912894
0 0.853515625 0.36585365853658536 0.865234375 0.36585365853658536 0.865234375 0.3902439024390244 0.857421875 0.397212543554007 0.849609375 0.397212543554007 0.84765625 0.40069686411149824 0.8359375 0.397212543554007 0.83984375 0.39372822299651566 0.83984375 0.3867595818815331 0.841796875 0.3867595818815331 0.84375 0.3797909407665505 0.853515625 0.3693379790940767
0 0.57421875 0.37630662020905925 0.59375 0.37630662020905925 0.595703125 0.3832752613240418 0.603515625 0.3832752613240418 0.60546875 0.3867595818815331 0.60546875 0.39372822299651566 0.6015625 0.39372822299651566 0.595703125 0.40069686411149824 0.5859375 0.40069686411149824 0.5703125 0.3902439024390244 0.568359375 0.3832752613240418 0.572265625 0.3832752613240418 0.57421875 0.3797909407665505
0 0.146484375 0.37630662020905925 0.17578125 0.37630662020905925 0.17578125 0.397212543554007 0.173828125 0.40069686411149824 0.169921875 0.40069686411149824 0.166015625 0.4076655052264808 0.15234375 0.4076655052264808 0.150390625 0.41114982578397213 0.134765625 0.41114982578397213 0.130859375 0.4076655052264808 0.130859375 0.3902439024390244 0.134765625 0.3902439024390244 0.146484375 0.3797909407665505
0 0.197265625 0.32752613240418116 0.19921875 0.3310104529616725 0.19921875 0.33797909407665505 0.197265625 0.34146341463414637 0.189453125 0.34146341463414637 0.1875 0.34494773519163763 0.1796875 0.34494773519163763 0.177734375 0.34843205574912894 0.162109375 0.34843205574912894 0.16015625 0.34494773519163763 0.15625 0.34494773519163763 0.154296875 0.34146341463414637 0.154296875 0.3310104529616725 0.15625 0.32752613240418116 0.162109375 0.32752613240418116 0.1640625 0.3240418118466899 0.189453125 0.3240418118466899 0.19140625 0.32752613240418116 0.1953125 0.32752613240418116
0 0.044921875 0.42160278745644597 0.05078125 0.42160278745644597 0.052734375 0.4181184668989547 0.07421875 0.4181184668989547 0.07421875 0.4425087108013937 0.06640625 0.4425087108013937 0.064453125 0.445993031358885 0.056640625 0.445993031358885 0.052734375 0.4425087108013937 0.05078125 0.4355400696864111 0.044921875 0.43205574912891986 0.044921875 0.4250871080139373
0 0.056640625 0.2578397212543554 0.05859375 0.2578397212543554 0.064453125 0.24738675958188153 0.068359375 0.24738675958188153 0.076171875 0.24041811846689895 0.083984375 0.24041811846689895 0.09375 0.23344947735191637 0.109375 0.22996515679442509 0.109375 0.24041811846689895 0.107421875 0.24390243902439024 0.103515625 0.24390243902439024 0.09765625 0.25435540069686413 0.09375 0.25435540069686413 0.08984375 0.2613240418118467 0.083984375 0.2613240418118467 0.078125 0.2682926829268293 0.0703125 0.2682926829268293 0.0625 0.2613240418118467 0.056640625 0.2613240418118467
0 0.80859375 0.18815331010452963 0.806640625 0.1951219512195122 0.798828125 0.20209059233449478 0.775390625 0.20557491289198607 0.7734375 0.20905923344947736 0.765625 0.20905923344947736 0.763671875 0.21254355400696864 0.7265625 0.21254355400696864 0.724609375 0.20905923344947736 0.716796875 0.20905923344947736 0.712890625 0.20557491289198607 0.712890625 0.1986062717770035 0.720703125 0.1916376306620209 0.798828125 0.1916376306620209 0.80078125 0.18815331010452963 0.806640625 0.18815331010452963
0 0.490234375 0.21602787456445993 0.49609375 0.21602787456445993 0.49609375 0.23344947735191637 0.4921875 0.23693379790940766 0.4765625 0.23693379790940766 0.474609375 0.23344947735191637 0.466796875 0.23344947735191637 0.466796875 0.2264808362369338 0.47265625 0.2264808362369338 0.474609375 0.2229965156794425 0.48828125 0.2229965156794425 0.490234375 0.21951219512195122
0 0.5859375 0.289198606271777 0.58984375 0.289198606271777 0.591796875 0.2961672473867596 0.611328125 0.2961672473867596 0.61328125 0.29965156794425085 0.619140625 0.29965156794425085 0.619140625 0.3205574912891986 0.60546875 0.3205574912891986 0.595703125 0.32752613240418116 0.568359375 0.32752613240418116 0.56640625 0.3240418118466899 0.5546875 0.3240418118466899 0.552734375 0.3205574912891986 0.54296875 0.3205574912891986 0.533203125 0.32752613240418116 0.53125 0.3205574912891986 0.52734375 0.3205574912891986 0.529296875 0.3205574912891986 0.53125 0.313588850174216 0.53515625 0.31010452961672474 0.544921875 0.31010452961672474 0.55859375 0.29965156794425085 0.56640625 0.29965156794425085 0.568359375 0.2961672473867596 0.583984375 0.2961672473867596 0.5859375 0.2926829268292683
0 0.22265625 0.3310104529616725 0.23046875 0.33797909407665505 0.240234375 0.33797909407665505 0.240234375 0.37630662020905925 0.224609375 0.3693379790940767 0.203125 0.34494773519163763 0.212890625 0.3344947735191638 0.220703125 0.3310104529616725
0 0.1171875 0.18466898954703834 0.119140625 0.18466898954703834 0.125 0.17073170731707318 0.130859375 0.17073170731707318 0.1328125 0.1672473867595819 0.189453125 0.1672473867595819 0.189453125 0.18466898954703834 0.177734375 0.18466898954703834 0.171875 0.1916376306620209 0.166015625 0.1916376306620209 0.158203125 0.1986062717770035 0.13671875 0.1986062717770035 0.134765625 0.1951219512195122 0.125 0.1951219512195122 0.12109375 0.18815331010452963 0.1171875 0.18815331010452963
0 0.001953125 0.3170731707317073 0.046875 0.313588850174216 0.048828125 0.3170731707317073 0.083984375 0.3170731707317073 0.0859375 0.3240418118466899 0.0859375 0.3310104529616725 0.083984375 0.3344947735191638 0.072265625 0.3344947735191638 0.0703125 0.33797909407665505 0.05859375 0.33797909407665505 0.056640625 0.34146341463414637 0.037109375 0.34146341463414637 0.03515625 0.34494773519163763 0.005859375 0.34494773519163763 0.00390625 0.34146341463414637 0 0.34146341463414637 0 0.3240418118466899 0.001953125 0.3205574912891986
0 0.69921875 0.2508710801393728 0.73828125 0.2508710801393728 0.740234375 0.2578397212543554 0.76171875 0.2578397212543554 0.763671875 0.2613240418118467 0.763671875 0.2682926829268293 0.740234375 0.2682926829268293 0.73828125 0.27177700348432055 0.720703125 0.27177700348432055 0.71875 0.27526132404181186 0.712890625 0.27526132404181186 0.7109375 0.27177700348432055 0.708984375 0.27526132404181186 0.703125 0.27526132404181186 0.6953125 0.2682926829268293 0.69921875 0.25435540069686413
0 0.951171875 0.4529616724738676 0.95703125 0.45993031358885017 0.95703125 0.4738675958188153 0.955078125 0.47735191637630664 0.947265625 0.4808362369337979 0.943359375 0.4878048780487805 0.939453125 0.4878048780487805 0.9375 0.4912891986062718 0.916015625 0.4912891986062718 0.9140625 0.49477351916376305 0.908203125 0.49477351916376305 0.904296875 0.4912891986062718 0.90625 0.4878048780487805 0.90625 0.47735191637630664 0.9140625 0.4738675958188153 0.927734375 0.45993031358885017 0.94921875 0.4529616724738676
0 0.755859375 0.25435540069686413 0.763671875 0.24738675958188153 0.796875 0.24738675958188153 0.798828125 0.2508710801393728 0.81640625 0.25435540069686413 0.822265625 0.2613240418118467 0.828125 0.2613240418118467 0.83203125 0.2682926829268293 0.83203125 0.2787456445993031 0.828125 0.2787456445993031 0.826171875 0.28222996515679444 0.8203125 0.27526132404181186 0.806640625 0.27526132404181186 0.798828125 0.2682926829268293 0.775390625 0.26480836236933797 0.7734375 0.2613240418118467 0.76171875 0.2613240418118467 0.7578125 0.25435540069686413
0 0.927734375 0.5679442508710801 0.953125 0.5679442508710801 0.955078125 0.5749128919860628 0.978515625 0.5958188153310104 0.982421875 0.5958188153310104 0.990234375 0.6062717770034843 0.990234375 0.6132404181184669 0.986328125 0.6132404181184669 0.984375 0.6167247386759582 0.96875 0.6167247386759582 0.966796875 0.6132404181184669 0.958984375 0.6132404181184669 0.94921875 0.6062717770034843 0.9453125 0.5993031358885017 0.94140625 0.5993031358885017 0.931640625 0.5853658536585366 0.923828125 0.5818815331010453 0.921875 0.5749128919860628 0.92578125 0.5749128919860628 0.927734375 0.5714285714285714
0 0.77734375 0.4146341463414634 0.78515625 0.4146341463414634 0.787109375 0.42160278745644597 0.845703125 0.4250871080139373 0.845703125 0.43902439024390244 0.806640625 0.43902439024390244 0.8046875 0.4425087108013937 0.75 0.4425087108013937 0.748046875 0.43902439024390244 0.74609375 0.4425087108013937 0.7421875 0.4425087108013937 0.740234375 0.43902439024390244 0.73046875 0.43902439024390244 0.73046875 0.43205574912891986 0.734375 0.42857142857142855 0.73828125 0.42857142857142855 0.740234375 0.4250871080139373 0.7578125 0.4250871080139373 0.759765625 0.42160278745644597 0.775390625 0.42160278745644597 0.77734375 0.4181184668989547
0 0.39453125 0.25435540069686413 0.412109375 0.25435540069686413 0.412109375 0.27177700348432055 0.40625 0.27177700348432055 0.404296875 0.27526132404181186 0.38671875 0.27177700348432055 0.38671875 0.26480836236933797 0.39453125 0.2578397212543554
0 0.0703125 0.2682926829268293 0.0703125 0.28222996515679444 0.06640625 0.2857142857142857 0.060546875 0.2857142857142857 0.052734375 0.2926829268292683 0.044921875 0.2926829268292683 0.04296875 0.2961672473867596 0.037109375 0.2961672473867596 0.02734375 0.30313588850174217 0.015625 0.30313588850174217 0.009765625 0.31010452961672474 0 0.31010452961672474 0 0.28222996515679444 0.001953125 0.2787456445993031 0.029296875 0.27526132404181186 0.03125 0.27177700348432055 0.048828125 0.27177700348432055 0.05078125 0.2682926829268293 0.068359375 0.2682926829268293
0 0.337890625 0.49477351916376305 0.337890625 0.49825783972125437 0.328125 0.49825783972125437 0.3203125 0.5087108013937283 0.318359375 0.519163763066202 0.314453125 0.5261324041811847 0.314453125 0.5365853658536586 0.310546875 0.554006968641115 0.2734375 0.554006968641115 0.271484375 0.5574912891986062 0.263671875 0.5574912891986062 0.26171875 0.5609756097560976 0.24609375 0.5679442508710801 0.236328125 0.5888501742160279 0.216796875 0.5888501742160279 0.205078125 0.6062717770034843 0.203125 0.6027874564459931 0.193359375 0.6027874564459931 0.19140625 0.5993031358885017 0.166015625 0.5993031358885017 0.1640625 0.5923344947735192 0.1796875 0.5609756097560976 0.1796875 0.5574912891986062 0.181640625 0.5574912891986062 0.189453125 0.5435540069686411 0.1953125 0.5400696864111498 0.197265625 0.5331010452961672 0.201171875 0.5296167247386759 0.201171875 0.5261324041811847 0.21875 0.5052264808362369 0.22265625 0.5052264808362369 0.26171875 0.47038327526132406 0.267578125 0.47038327526132406 0.27734375 0.4634146341463415 0.287109375 0.4634146341463415 0.2890625 0.45993031358885017 0.298828125 0.45993031358885017 0.30078125 0.4564459930313589 0.314453125 0.4564459930313589 0.31640625 0.4529616724738676 0.322265625 0.4529616724738676 0.322265625 0.47038327526132406 0.3203125 0.4738675958188153 0.3203125 0.4808362369337979 0.326171875 0.4912891986062718 0.3359375 0.49477351916376305