0 0.818359375 0.5486111111111112 0.8203125 0.5520833333333334 0.8203125 0.5590277777777778 0.81640625 0.5659722222222222 0.80078125 0.5763888888888888 0.783203125 0.5729166666666666 0.779296875 0.5694444444444444 0.779296875 0.5625 0.783203125 0.5625 0.787109375 0.5555555555555556 0.80078125 0.5451388888888888 0.814453125 0.5451388888888888 0.81640625 0.5486111111111112
0 0.46875 0.12152777777777778 0.470703125 0.11805555555555555 0.474609375 0.11805555555555555 0.48046875 0.1076388888888889 0.484375 0.08333333333333333 0.48828125 0.0763888888888889 0.48828125 0.06944444444444445 0.49609375 0.04861111111111111 0.5078125 0.03125 0.517578125 0.03125 0.51953125 0.034722222222222224 0.51953125 0.0625 0.515625 0.07291666666666667 0.515625 0.0798611111111111 0.505859375 0.10069444444444445 0.501953125 0.11458333333333333 0.486328125 0.13541666666666666 0.484375 0.1423611111111111 0.486328125 0.15625 0.48046875 0.14930555555555555 0.4765625 0.13541666666666666 0.470703125 0.125
0 0.283203125 0.6388888888888888 0.287109375 0.6354166666666666 0.30078125 0.6354166666666666 0.3046875 0.6458333333333334 0.302734375 0.6527777777777778 0.302734375 0.6631944444444444 0.294921875 0.6770833333333334 0.29296875 0.6770833333333334 0.291015625 0.6736111111111112 0.28125 0.6736111111111112 0.27734375 0.6701388888888888 0.279296875 0.6493055555555556 0.283203125 0.6423611111111112
0 0 0.9231481493055556 0.008333333984375 0.9231481493055556 0.011458333984375 0.928703704861111 0.027083333984375 0.9324074062500001 0.036458333984375 0.9314814826388889 0.038541666015625 0.9259259270833334 0.0390625 0.911111111111111 0.0328125 0.8879629618055556 0.01875 0.8611111111111112 0.005208333984375 0.8453703715277778 0.003645833984375 0.8453703715277778 0 0.8500000000000001 0 0.9231481493055556
0 0 0.84375 0.005859375 0.84375 0.02734375 0.875 0.02734375 0.8784722222222222 0.033203125 0.8888888888888888 0.0390625 0.9166666666666666 0.0390625 0.9270833333333334 0.03515625 0.9340277777777778 0.029296875 0.9340277777777778 0.02734375 0.9305555555555556 0.013671875 0.9305555555555556 0.01171875 0.9270833333333334 0 0.9236111111111112 0 0.8472222222222222
0 0.384765625 0.7118055555555556 0.388671875 0.7222222222222222 0.388671875 0.7465277777777778 0.384765625 0.7534722222222222 0.3828125 0.7638888888888888 0.37890625 0.7638888888888888 0.373046875 0.7743055555555556 0.373046875 0.7708333333333334 0.369140625 0.7673611111111112 0.3671875 0.7604166666666666 0.373046875 0.75 0.373046875 0.7326388888888888 0.375 0.7291666666666666 0.375 0.7222222222222222 0.380859375 0.7118055555555556 0.3828125 0.7118055555555556
0 0.333984375 0.19791666666666666 0.337890625 0.2013888888888889 0.33984375 0.2152777777777778 0.349609375 0.2326388888888889 0.35546875 0.2361111111111111 0.36328125 0.25 0.365234375 0.2604166666666667 0.373046875 0.2777777777777778 0.373046875 0.2951388888888889 0.365234375 0.2951388888888889 0.361328125 0.2881944444444444 0.349609375 0.2847222222222222 0.34375 0.2743055555555556 0.3359375 0.2465277777777778 0.3359375 0.23958333333333334 0.33203125 0.2326388888888889 0.3359375 0.21875 0.3359375 0.2048611111111111 0.333984375 0.2013888888888889
0 0.40625 0.4270833333333333 0.412109375 0.4340277777777778 0.419921875 0.4513888888888889 0.42578125 0.4722222222222222 0.42578125 0.4826388888888889 0.419921875 0.4826388888888889 0.4140625 0.4756944444444444 0.400390625 0.4513888888888889 0.396484375 0.4375 0.396484375 0.4305555555555556 0.3984375 0.4270833333333333 0.404296875 0.4270833333333333
0 0.158203125 0.3645833333333333 0.162109375 0.3680555555555556 0.162109375 0.3784722222222222 0.16015625 0.3819444444444444 0.15625 0.3819444444444444 0.14453125 0.4027777777777778 0.140625 0.40625 0.130859375 0.40625 0.12890625 0.4097222222222222 0.115234375 0.40625 0.107421875 0.3993055555555556 0.107421875 0.3958333333333333 0.11328125 0.3923611111111111 0.123046875 0.3715277777777778 0.130859375 0.3680555555555556 0.13671875 0.3611111111111111 0.154296875 0.3611111111111111 0.15625 0.3645833333333333
0 0.15 0.4407407395833334 0.152083333984375 0.47407407291666664 0.154166666015625 0.47685185069444447 0.159375 0.4731481493055556 0.164583333984375 0.48148148263888885 0.170833333984375 0.4731481493055556 0.178645833984375 0.4694444444444444 0.181770833984375 0.4629629618055556 0.182291666015625 0.4564814826388889 0.178645833984375 0.43796296180555555 0.174479166015625 0.43148148263888886 0.175520833984375 0.4287037048611111 0.165104166015625 0.4092592604166667 0.1640625 0.4092592604166667 0.157291666015625 0.4166666666666667 0.157291666015625 0.4287037048611111 0.15 0.43796296180555555 0.15 0.4407407395833334
0 0.166015625 0.4097222222222222 0.171875 0.4201388888888889 0.171875 0.4236111111111111 0.17578125 0.4270833333333333 0.177734375 0.4375 0.181640625 0.4444444444444444 0.181640625 0.4652777777777778 0.177734375 0.4722222222222222 0.173828125 0.4722222222222222 0.166015625 0.4826388888888889 0.1640625 0.4826388888888889 0.16015625 0.4722222222222222 0.15234375 0.4756944444444444 0.15234375 0.4548611111111111 0.150390625 0.4513888888888889 0.150390625 0.4375 0.15625 0.4305555555555556 0.15625 0.4201388888888889 0.158203125 0.4131944444444444 0.1640625 0.4097222222222222
0 0.435546875 0.003472222222222222 0.443359375 0.010416666666666666 0.44921875 0.010416666666666666 0.455078125 0 0.5 0 0.5 0.006944444444444444 0.486328125 0.024305555555555556 0.47265625 0.027777777777777776 0.470703125 0.03125 0.44921875 0.03125 0.44140625 0.04513888888888889 0.4375 0.04513888888888889 0.435546875 0.04861111111111111 0.44140625 0.034722222222222224 0.44140625 0.020833333333333332 0.435546875 0.010416666666666666 0.435546875 0.006944444444444444
0 0.42578125 0.2013888888888889 0.43359375 0.21180555555555555 0.416015625 0.23958333333333334 0.404296875 0.24305555555555555 0.3984375 0.2534722222222222 0.39453125 0.2534722222222222 0.392578125 0.2465277777777778 0.392578125 0.2326388888888889 0.39453125 0.22569444444444445 0.408203125 0.2048611111111111 0.412109375 0.2048611111111111 0.4140625 0.2013888888888889 0.423828125 0.2013888888888889
0 0.119140625 0.7256944444444444 0.123046875 0.7256944444444444 0.1328125 0.7395833333333334 0.15625 0.7395833333333334 0.158203125 0.7430555555555556 0.169921875 0.7465277777777778 0.1796875 0.7604166666666666 0.18359375 0.7743055555555556 0.17578125 0.78125 0.173828125 0.7777777777777778 0.158203125 0.7777777777777778 0.15625 0.7743055555555556 0.142578125 0.7708333333333334 0.134765625 0.7604166666666666 0.125 0.7534722222222222 0.12109375 0.7430555555555556 0.12109375 0.7326388888888888 0.119140625 0.7291666666666666
0 0.895833333984375 0.56759259375 0.8953125 0.5814814826388889 0.9 0.5944444444444444 0.904166666015625 0.5972222222222222 0.911458333984375 0.5953703715277778 0.905729166015625 0.5879629618055556 0.910416666015625 0.5814814826388889 0.906770833984375 0.5722222222222223 0.913020833984375 0.5666666666666667 0.908854166015625 0.5638888888888889 0.9125 0.5601851840277778 0.909375 0.55740740625 0.910416666015625 0.5546296284722222 0.940104166015625 0.556481482638889 0.9375 0.5583333333333333 0.936979166015625 0.5629629618055555 0.933333333984375 0.5629629618055555 0.9328125 0.5601851840277778 0.927604166015625 0.5620370381944445 0.926041666015625 0.5592592604166666 0.923958333984375 0.5601851840277778 0.9265625 0.5629629618055555 0.925520833984375 0.5657407395833334 0.917708333984375 0.5657407395833334 0.916666666015625 0.5629629618055555 0.9140625 0.5629629618055555 0.913541666015625 0.5648148159722222 0.9171875 0.56759259375 0.921875 0.5703703715277778 0.926041666015625 0.568518517361111 0.927604166015625 0.5712962951388889 0.923958333984375 0.5740740729166667 0.9265625 0.5777777777777778 0.925520833984375 0.5796296284722222 0.919791666015625 0.5777777777777778 0.917708333984375 0.5814814826388889 0.926041666015625 0.5814814826388889 0.929166666015625 0.5787037048611111 0.927083333984375 0.5731481493055556 0.930729166015625 0.56759259375 0.9390625 0.56759259375 0.9375 0.5638888888888889 0.949479166015625 0.55 0.9484375 0.5462962951388889 0.951041666015625 0.5407407395833332 0.95 0.5342592604166667 0.943229166015625 0.5287037048611112 0.941145833984375 0.5287037048611112 0.924479166015625 0.53240740625 0.919270833984375 0.5361111111111111 0.9109375 0.5462962951388889 0.911458333984375 0.5509259270833333 0.897395833984375 0.5648148159722222 0.895833333984375 0.56759259375
0 0.94921875 0.53125 0.951171875 0.5347222222222222 0.951171875 0.5486111111111112 0.943359375 0.5590277777777778 0.939453125 0.5729166666666666 0.919921875 0.5902777777777778 0.912109375 0.6041666666666666 0.904296875 0.6041666666666666 0.900390625 0.5972222222222222 0.89453125 0.5798611111111112 0.89453125 0.5694444444444444 0.908203125 0.5520833333333334 0.912109375 0.5416666666666666 0.919921875 0.5347222222222222 0.927734375 0.5347222222222222 0.9296875 0.53125 0.9375 0.53125 0.939453125 0.5277777777777778 0.947265625 0.53125
0 0.771484375 0.0763888888888889 0.78125 0.09027777777777778 0.779296875 0.09375 0.775390625 0.09375 0.767578125 0.10069444444444445 0.76171875 0.10069444444444445 0.759765625 0.10416666666666667 0.744140625 0.1076388888888889 0.73046875 0.13194444444444445 0.73046875 0.13541666666666666 0.724609375 0.13541666666666666 0.716796875 0.14930555555555555 0.712890625 0.14930555555555555 0.708984375 0.1423611111111111 0.70703125 0.13194444444444445 0.712890625 0.12152777777777778 0.716796875 0.1076388888888889 0.71875 0.1076388888888889 0.7265625 0.09375 0.7265625 0.09027777777777778 0.73828125 0.0763888888888889 0.748046875 0.0763888888888889 0.75 0.07291666666666667 0.767578125 0.07291666666666667 0.76953125 0.0763888888888889
0 0.592708333984375 0.5981481493055556 0.586979166015625 0.6055555555555556 0.583854166015625 0.6194444444444445 0.576041666015625 0.6231481493055555 0.583333333984375 0.6379629618055556 0.584375 0.6444444444444444 0.593229166015625 0.6268518506944445 0.603645833984375 0.6222222222222222 0.605208333984375 0.6185185173611111 0.608854166015625 0.6194444444444445 0.608854166015625 0.6157407395833334 0.616145833984375 0.6064814826388889 0.615104166015625 0.6018518506944445 0.622916666015625 0.59259259375 0.6265625 0.5814814826388889 0.625520833984375 0.575 0.620833333984375 0.5722222222222223 0.617708333984375 0.5722222222222223 0.607291666015625 0.5759259270833333 0.597395833984375 0.5861111111111111 0.591145833984375 0.5953703715277778 0.592708333984375 0.5981481493055556
0 0.626953125 0.5763888888888888 0.626953125 0.5868055555555556 0.611328125 0.6180555555555556 0.595703125 0.6319444444444444 0.591796875 0.6319444444444444 0.5859375 0.6458333333333334 0.583984375 0.6458333333333334 0.583984375 0.6388888888888888 0.576171875 0.625 0.583984375 0.6180555555555556 0.58984375 0.5972222222222222 0.6015625 0.5798611111111112 0.60546875 0.5798611111111112 0.61328125 0.5729166666666666 0.623046875 0.5729166666666666 0.625 0.5763888888888888
0 0.409375 0.8046296284722222 0.415104166015625 0.8046296284722222 0.4171875 0.80740740625 0.415625 0.8138888888888889 0.415625 0.8277777777777778 0.41875 0.83240740625 0.41875 0.8398148159722223 0.416145833984375 0.8685185173611111 0.416666666015625 0.8972222222222221 0.415104166015625 0.9212962951388888 0.413541666015625 0.9249999999999999 0.413020833984375 0.9398148159722223 0.411458333984375 0.9416666666666667 0.414583333984375 0.9425925937499999 0.416145833984375 0.946296295138889 0.416145833984375 0.9629629618055555 0.414583333984375 0.9712962951388889 0.411458333984375 0.9685185173611112 0.407291666015625 0.9731481493055555 0.408333333984375 0.9768518506944444 0.405729166015625 0.9805555555555555 0.409895833984375 0.9935185173611111 0.415104166015625 0.9990740729166667 0.4421875 0.9990740729166667 0.444791666015625 0.9731481493055555 0.447916666015625 0.9694444444444444 0.447395833984375 0.9620370381944444 0.449479166015625 0.9537037048611112 0.443229166015625 0.9259259270833334 0.440625 0.8777777777777778 0.436458333984375 0.8657407395833334 0.435416666015625 0.8555555555555556 0.432291666015625 0.8490740729166667 0.434375 0.8444444444444444 0.436979166015625 0.8129629618055555 0.4390625 0.80740740625 0.430729166015625 0.8009259270833333 0.429166666015625 0.7861111111111111 0.425520833984375 0.7814814826388888 0.423958333984375 0.7814814826388888 0.41875 0.7851851840277777 0.414583333984375 0.79259259375 0.407291666015625 0.79259259375 0.409375 0.8046296284722222
0 0.45703125 0.7395833333333334 0.458984375 0.7430555555555556 0.462890625 0.7430555555555556 0.46484375 0.7465277777777778 0.46484375 0.7534722222222222 0.462890625 0.7569444444444444 0.462890625 0.7638888888888888 0.45703125 0.7743055555555556 0.453125 0.7881944444444444 0.435546875 0.8125 0.421875 0.8125 0.41796875 0.8263888888888888 0.4140625 0.8263888888888888 0.408203125 0.8368055555555556 0.404296875 0.8333333333333334 0.404296875 0.8229166666666666 0.39453125 0.8055555555555556 0.40234375 0.8055555555555556 0.404296875 0.8090277777777778 0.427734375 0.7673611111111112 0.427734375 0.7638888888888888 0.4296875 0.7638888888888888 0.4375 0.75 0.4453125 0.7430555555555556 0.451171875 0.7430555555555556 0.455078125 0.7395833333333334
0 0.740104166015625 0.5953703715277778 0.748958333984375 0.5953703715277778 0.75625 0.5916666666666667 0.753645833984375 0.5879629618055556 0.75625 0.5805555555555555 0.7515625 0.5740740729166667 0.745833333984375 0.5731481493055556 0.74375 0.5731481493055556 0.727083333984375 0.5796296284722222 0.7265625 0.5842592604166668 0.733333333984375 0.59259259375 0.740104166015625 0.5953703715277778
0 0.34375 0.5729166666666666 0.3515625 0.5798611111111112 0.361328125 0.5972222222222222 0.36328125 0.6215277777777778 0.3515625 0.6180555555555556 0.341796875 0.6006944444444444 0.337890625 0.5868055555555556 0.337890625 0.5763888888888888 0.341796875 0.5729166666666666
0 0.009765625 0.3854166666666667 0.013671875 0.3888888888888889 0.013671875 0.40625 0.009765625 0.4166666666666667 0.0078125 0.4340277777777778 0.001953125 0.4409722222222222 0 0.4409722222222222 0 0.3888888888888889 0.0078125 0.3854166666666667
0 0.505859375 0.24305555555555555 0.509765625 0.25 0.51171875 0.2708333333333333 0.498046875 0.2847222222222222 0.482421875 0.2847222222222222 0.48046875 0.28125 0.47265625 0.28125 0.46875 0.2743055555555556 0.478515625 0.2534722222222222 0.486328125 0.2465277777777778 0.498046875 0.25 0.50390625 0.24305555555555555
0 0.084895833984375 0.35277777777777775 0.082291666015625 0.3703703715277778 0.083333333984375 0.38240740624999997 0.06875 0.3935185173611111 0.078125 0.3953703715277778 0.081770833984375 0.4083333333333333 0.085416666015625 0.41018518402777776 0.090625 0.3953703715277778 0.0953125 0.39722222222222225 0.094270833984375 0.39444444444444443 0.097395833984375 0.3888888888888889 0.102604166015625 0.38796296180555556 0.103645833984375 0.3814814826388889 0.109895833984375 0.3703703715277778 0.1109375 0.36203703819444444 0.122916666015625 0.3379629618055555 0.1234375 0.3212962951388889 0.1140625 0.31759259375 0.113020833984375 0.31759259375 0.099479166015625 0.32685185069444445 0.091666666015625 0.3379629618055555 0.0921875 0.3416666666666667 0.084895833984375 0.35277777777777775
0 0.0703125 0.3923611111111111 0.080078125 0.3854166666666667 0.08203125 0.3784722222222222 0.08203125 0.3645833333333333 0.0859375 0.3506944444444444 0.09765625 0.3298611111111111 0.111328125 0.3194444444444444 0.12109375 0.3194444444444444 0.123046875 0.3229166666666667 0.123046875 0.3402777777777778 0.115234375 0.3541666666666667 0.11328125 0.3645833333333333 0.103515625 0.3819444444444444 0.103515625 0.3854166666666667 0.09765625 0.3958333333333333 0.091796875 0.3993055555555556 0.087890625 0.40625 0.0859375 0.4201388888888889 0.083984375 0.4201388888888889 0.08203125 0.40625 0.072265625 0.3923611111111111
0 0.837890625 0.3715277777777778 0.841796875 0.375 0.841796875 0.3993055555555556 0.83984375 0.40625 0.82421875 0.4305555555555556 0.8203125 0.4270833333333333 0.81640625 0.4305555555555556 0.80859375 0.4305555555555556 0.8046875 0.4166666666666667 0.810546875 0.4166666666666667 0.82421875 0.3888888888888889 0.82421875 0.3854166666666667 0.830078125 0.375 0.8359375 0.3715277777777778
0 0.769270833984375 0.6944444444444444 0.786458333984375 0.693518517361111 0.788541666015625 0.6962962951388889 0.788020833984375 0.6990740729166667 0.7859375 0.6990740729166667 0.7875 0.7027777777777778 0.790625 0.7027777777777778 0.790625 0.7 0.788541666015625 0.6990740729166667 0.792708333984375 0.6990740729166667 0.793229166015625 0.6898148159722222 0.785416666015625 0.6787037048611111 0.777083333984375 0.6740740729166667 0.774131771484375 0.6740740729166667 0.765104166015625 0.675 0.759895833984375 0.68240740625 0.761979166015625 0.6888888888888889 0.769270833984375 0.6944444444444444
0 0.154166666015625 0.8194444444444444 0.152604166015625 0.8240740729166667 0.1546875 0.8277777777777778 0.152604166015625 0.8305555555555555 0.153645833984375 0.8333333333333334 0.1640625 0.8342592604166668 0.159895833984375 0.8379629618055556 0.1625 0.8407407395833333 0.161458333984375 0.8435185173611112 0.15625 0.8407407395833333 0.154166666015625 0.8453703715277778 0.1578125 0.8435185173611112 0.16875 0.8472222222222222 0.171875 0.8435185173611112 0.172916666015625 0.8416666666666667 0.169791666015625 0.8379629618055556 0.1765625 0.8314814826388889 0.168229166015625 0.8166666666666667 0.1546875 0.8101851840277778 0.154166666015625 0.8092592604166666 0.147395833984375 0.8157407395833334 0.142708333984375 0.8138888888888889 0.1390625 0.81759259375 0.154166666015625 0.8194444444444444
0 0.145833333984375 0.7481481493055555 0.15625 0.7518518506944445 0.145833333984375 0.7620370381944445 0.150520833984375 0.7611111111111111 0.157291666015625 0.7648148159722222 0.16875 0.7629629618055556 0.172395833984375 0.7657407395833333 0.172916666015625 0.7694444444444444 0.166666666015625 0.76759259375 0.1625 0.7749999999999999 0.170833333984375 0.7777777777777778 0.182291666015625 0.7749999999999999 0.181770833984375 0.76759259375 0.178645833984375 0.7592592604166666 0.172916666015625 0.7509259270833334 0.165104166015625 0.7435185173611111 0.1546875 0.7388888888888889 0.153645833984375 0.7388888888888889 0.151041666015625 0.74259259375 0.146354166015625 0.7407407395833334 0.148958333984375 0.7444444444444445 0.145833333984375 0.7481481493055555
0 0.1078125 0.11481481597222223 0.105729166015625 0.11574073958333335 0.1078125 0.11944444444444444 0.098958333984375 0.12962962847222223 0.100520833984375 0.13333333333333333 0.1234375 0.13240740625 0.136458333984375 0.11574073958333335 0.140104166015625 0.10277777777777779 0.136979166015625 0.09166666666666666 0.133333333984375 0.09351851736111111 0.128125 0.08796296180555556 0.1203125 0.08796296180555556 0.119791666015625 0.08796296180555556 0.119791666015625 0.09351851736111111 0.116145833984375 0.09166666666666666 0.109375 0.10555555555555556 0.1078125 0.11481481597222223
0 0.151041666015625 0.6398148159722222 0.1578125 0.6509259270833333 0.160416666015625 0.6592592604166667 0.165625 0.6509259270833333 0.175 0.6527777777777778 0.180729166015625 0.6657407395833332 0.1859375 0.6851851840277778 0.185416666015625 0.693518517361111 0.188541666015625 0.7064814826388889 0.192708333984375 0.7046296284722222 0.193229166015625 0.6879629618055555 0.188541666015625 0.6648148159722223 0.180729166015625 0.6453703715277778 0.197395833984375 0.6194444444444445 0.201041666015625 0.6083333333333333 0.199479166015625 0.5990740729166667 0.19375 0.5962962951388888 0.190625 0.5962962951388888 0.177083333984375 0.6027777777777777 0.168229166015625 0.6166666666666667 0.1609375 0.6351851840277778 0.151041666015625 0.6398148159722222
0 0.804166666015625 0.8509259270833334 0.8171875 0.8629629618055555 0.828645833984375 0.8611111111111112 0.832291666015625 0.8657407395833334 0.830208333984375 0.8694444444444445 0.833854166015625 0.8722222222222222 0.838020833984375 0.8694444444444445 0.838541666015625 0.8555555555555556 0.830729166015625 0.8314814826388889 0.8234375 0.8157407395833334 0.8171875 0.806481482638889 0.810416666015625 0.8018518506944444 0.806770833984375 0.8009259270833333 0.8 0.80740740625 0.790625 0.7972222222222222 0.789583333984375 0.7972222222222222 0.788020833984375 0.8009259270833333 0.791666666015625 0.8111111111111111 0.793229166015625 0.8231481493055556 0.804166666015625 0.8509259270833334
0 0.543229166015625 0.9342592604166666 0.536979166015625 0.9379629618055555 0.534895833984375 0.9407407395833334 0.536458333984375 0.9453703715277777 0.533854166015625 0.9527777777777777 0.533854166015625 0.9583333333333334 0.539583333984375 0.9583333333333334 0.543229166015625 0.963888888888889 0.548958333984375 0.9601851840277779 0.556770833984375 0.963888888888889 0.5609375 0.9620370381944444 0.565625 0.9694444444444444 0.569270833984375 0.9703703715277777 0.583854166015625 0.9703703715277777 0.583333333984375 0.9648148159722223 0.58125 0.9629629618055555 0.584375 0.9564814826388888 0.583854166015625 0.9518518506944444 0.580729166015625 0.9490740729166666 0.583854166015625 0.9435185173611111 0.606770833984375 0.9435185173611111 0.608854166015625 0.946296295138889 0.611458333984375 0.9435185173611111 0.620833333984375 0.9444444444444444 0.621354166015625 0.946296295138889 0.61875 0.9490740729166666 0.620833333984375 0.9527777777777777 0.619791666015625 0.9546296284722222 0.617708333984375 0.9518518506944444 0.6125 0.9546296284722222 0.610416666015625 0.9509259270833333 0.6078125 0.9509259270833333 0.6046875 0.9555555555555555 0.603125 0.9518518506944444 0.5984375 0.9500000000000001 0.59375 0.9518518506944444 0.592708333984375 0.9555555555555555 0.60625 0.9564814826388888 0.608854166015625 0.9592592604166666 0.6140625 0.9574074062500001 0.615625 0.9601851840277779 0.6203125 0.9583333333333334 0.61875 0.963888888888889 0.6265625 0.9555555555555555 0.6265625 0.9500000000000001 0.6203125 0.9398148159722223 0.609895833984375 0.9296296284722223 0.59375 0.9185185173611112 0.5828125 0.9166666666666666 0.579166666015625 0.9166666666666666 0.557291666015625 0.9203703715277778 0.5546875 0.9296296284722223 0.547916666015625 0.9361111111111112 0.543229166015625 0.9342592604166666
0 0.271875 0.6101851840277778 0.281770833984375 0.6268518506944445 0.2828125 0.6407407395833333 0.29375 0.6379629618055556 0.301041666015625 0.6453703715277778 0.3046875 0.6388888888888888 0.311979166015625 0.6333333333333333 0.313541666015625 0.6231481493055555 0.310416666015625 0.6055555555555556 0.304166666015625 0.5907407395833333 0.2890625 0.5657407395833334 0.276041666015625 0.5555555555555556 0.265104166015625 0.5583333333333333 0.2484375 0.5453703715277778 0.244791666015625 0.5453703715277778 0.24375 0.5472222222222222 0.252083333984375 0.5546296284722222 0.263541666015625 0.5740740729166667 0.271875 0.6101851840277778
0 0.339583333984375 0.7009259270833333 0.334895833984375 0.7 0.330729166015625 0.7027777777777778 0.331770833984375 0.70740740625 0.320833333984375 0.70740740625 0.307291666015625 0.7435185173611111 0.3046875 0.7620370381944445 0.3 0.76759259375 0.296875 0.7787037048611112 0.294791666015625 0.8 0.294791666015625 0.8203703715277778 0.296875 0.8342592604166668 0.306770833984375 0.8296296284722222 0.317708333984375 0.8138888888888889 0.315625 0.8101851840277778 0.31875 0.7990740729166667 0.316145833984375 0.7953703715277778 0.319270833984375 0.7898148159722223 0.318229166015625 0.78240740625 0.320833333984375 0.7759259270833333 0.319791666015625 0.7657407395833333 0.327604166015625 0.7620370381944445 0.327604166015625 0.7444444444444445 0.333854166015625 0.7342592604166667 0.333333333984375 0.7296296284722222 0.335416666015625 0.7268518506944445 0.333333333984375 0.7231481493055556 0.334895833984375 0.7212962951388888 0.338020833984375 0.7240740729166667 0.339583333984375 0.7203703715277778 0.342708333984375 0.7064814826388889 0.341145833984375 0.7027777777777778 0.34375 0.7009259270833333 0.346354166015625 0.6916666666666667 0.344791666015625 0.6833333333333333 0.3390625 0.68240740625 0.338541666015625 0.681481482638889 0.33125 0.6888888888888889 0.331770833984375 0.693518517361111 0.34375 0.6962962951388889 0.339583333984375 0.7009259270833333
0 0.499479166015625 0.21018518402777778 0.490625 0.2148148159722222 0.494791666015625 0.21759259374999998 0.495833333984375 0.2259259270833333 0.496354166015625 0.23796296180555554 0.49375 0.24907407291666667 0.497916666015625 0.25 0.502083333984375 0.2407407395833333 0.5015625 0.23796296180555554 0.50625 0.23425926041666667 0.516666666015625 0.23425926041666667 0.51875 0.23703703819444444 0.521875 0.23425926041666667 0.530208333984375 0.23425926041666667 0.534895833984375 0.22870370486111113 0.54375 0.22777777777777775 0.55 0.2212962951388889 0.553645833984375 0.22407407291666667 0.564583333984375 0.21296296180555557 0.563541666015625 0.20925926041666665 0.567708333984375 0.20555555555555557 0.56875 0.19629629513888888 0.570833333984375 0.19259259375 0.570833333984375 0.18518518402777778 0.568229166015625 0.175 0.553645833984375 0.1601851840277778 0.54375 0.15740740625000002 0.5407984375 0.15740740625000002 0.529166666015625 0.1611111111111111 0.516145833984375 0.175 0.502604166015625 0.19537037152777778 0.499479166015625 0.21018518402777778