0 0.705078125 0.3170731707317073 0.705078125 0.37630662020905925 0.697265625 0.37630662020905925 0.6953125 0.3797909407665505 0.685546875 0.37630662020905925 0.685546875 0.34146341463414637 0.689453125 0.33797909407665505 0.689453125 0.3310104529616725 0.693359375 0.3310104529616725 0.6953125 0.3240418118466899 0.703125 0.3205574912891986
0 0.552734375 0.059233449477351915 0.5546875 0.0627177700348432 0.560546875 0.0627177700348432 0.560546875 0.06620209059233449 0.564453125 0.06968641114982578 0.564453125 0.08362369337979095 0.55859375 0.08362369337979095 0.556640625 0.08710801393728224 0.55078125 0.08710801393728224 0.548828125 0.08362369337979095 0.537109375 0.08362369337979095 0.537109375 0.07665505226480836 0.53515625 0.07317073170731707 0.53125 0.07317073170731707 0.53125 0.0627177700348432 0.53515625 0.0627177700348432 0.537109375 0.059233449477351915 0.55078125 0.059233449477351915
0 0.58984375 0.6445993031358885 0.595703125 0.6445993031358885 0.59765625 0.6515679442508711 0.6015625 0.6515679442508711 0.603515625 0.6550522648083623 0.626953125 0.6585365853658537 0.626953125 0.6759581881533101 0.62890625 0.6794425087108014 0.6328125 0.6794425087108014 0.634765625 0.6759581881533101 0.6328125 0.6829268292682927 0.634765625 0.686411149825784 0.634765625 0.7073170731707317 0.62890625 0.7073170731707317 0.626953125 0.710801393728223 0.59375 0.710801393728223 0.591796875 0.7142857142857143 0.587890625 0.710801393728223 0.58203125 0.710801393728223 0.583984375 0.7073170731707317 0.583984375 0.6898954703832753 0.587890625 0.686411149825784 0.587890625 0.662020905923345 0.58984375 0.6585365853658537 0.58984375 0.6480836236933798
0 0.65234375 0.8222996515679443 0.66015625 0.8222996515679443 0.66015625 0.8606271777003485 0.63671875 0.8606271777003485 0.634765625 0.8571428571428571 0.630859375 0.8571428571428571 0.630859375 0.8362369337979094 0.634765625 0.8362369337979094 0.642578125 0.8292682926829268 0.650390625 0.8292682926829268 0.65234375 0.8257839721254355
0 0.662109375 0.06620209059233449 0.662109375 0.08013937282229965 0.65234375 0.08710801393728224 0.6484375 0.0975609756097561 0.640625 0.10452961672473868 0.623046875 0.10452961672473868 0.62109375 0.10801393728222997 0.583984375 0.10452961672473868 0.58203125 0.07665505226480836 0.58984375 0.07665505226480836 0.591796875 0.07317073170731707 0.595703125 0.07665505226480836 0.638671875 0.07665505226480836 0.640625 0.08362369337979095 0.64453125 0.08362369337979095 0.646484375 0.07665505226480836 0.66015625 0.06968641114982578
0 0.388671875 0.059233449477351915 0.3984375 0.059233449477351915 0.3984375 0.07665505226480836 0.373046875 0.07665505226480836 0.373046875 0.07317073170731707 0.376953125 0.07317073170731707 0.37890625 0.06620209059233449 0.38671875 0.06620209059233449 0.388671875 0.0627177700348432
0 0.419921875 0.0313588850174216 0.4296875 0.0313588850174216 0.431640625 0.03832752613240418 0.4453125 0.041811846689895474 0.4453125 0.05574912891986063 0.416015625 0.05574912891986063 0.412109375 0.05226480836236934 0.412109375 0.041811846689895474 0.419921875 0.03484320557491289
0 0.607421875 0.3554006968641115 0.634765625 0.3554006968641115 0.634765625 0.3693379790940767 0.62890625 0.37630662020905925 0.625 0.3832752613240418 0.623046875 0.39372822299651566 0.619140625 0.397212543554007 0.619140625 0.4181184668989547 0.6015625 0.4146341463414634 0.595703125 0.42160278745644597 0.58984375 0.42160278745644597 0.5859375 0.4250871080139373 0.583984375 0.42857142857142855 0.583984375 0.4355400696864111 0.580078125 0.4355400696864111 0.576171875 0.4250871080139373 0.5703125 0.4181184668989547 0.5703125 0.397212543554007 0.572265625 0.39372822299651566 0.572265625 0.3832752613240418 0.576171875 0.3797909407665505 0.56640625 0.3693379790940767 0.56640625 0.36585365853658536 0.5703125 0.3623693379790941 0.60546875 0.3623693379790941 0.607421875 0.3588850174216028
0 0.564453125 0.8466898954703833 0.56640625 0.8466898954703833 0.5703125 0.8362369337979094 0.57421875 0.8362369337979094 0.580078125 0.8292682926829268 0.595703125 0.8292682926829268 0.599609375 0.8257839721254355 0.603515625 0.8153310104529616 0.603515625 0.8083623693379791 0.60546875 0.8083623693379791 0.60546875 0.8327526132404182 0.599609375 0.8397212543554007 0.599609375 0.8501742160278746 0.583984375 0.8606271777003485 0.576171875 0.8606271777003485 0.568359375 0.867595818815331 0.560546875 0.867595818815331 0.560546875 0.8536585365853658 0.564453125 0.8501742160278746
0 0.544921875 0.46689895470383275 0.546875 0.46689895470383275 0.546875 0.47735191637630664 0.548828125 0.4808362369337979 0.556640625 0.4808362369337979 0.568359375 0.4912891986062718 0.568359375 0.519163763066202 0.5625 0.519163763066202 0.556640625 0.5121951219512195 0.541015625 0.5121951219512195 0.541015625 0.5087108013937283 0.55078125 0.5087108013937283 0.552734375 0.5052264808362369 0.548828125 0.5017421602787456 0.548828125 0.4912891986062718 0.544921875 0.4878048780487805 0.544921875 0.4808362369337979 0.541015625 0.47735191637630664 0.541015625 0.4738675958188153 0.544921875 0.47038327526132406
0 0.646484375 0.0313588850174216 0.65625 0.0313588850174216 0.65625 0.041811846689895474 0.65234375 0.041811846689895474 0.650390625 0.04529616724738676 0.646484375 0.04529616724738676 0.646484375 0.03484320557491289
0 0.396484375 0.11149825783972125 0.416015625 0.11149825783972125 0.416015625 0.12195121951219512 0.41015625 0.12195121951219512 0.408203125 0.1254355400696864 0.396484375 0.12195121951219512 0.396484375 0.11498257839721254
0 0.45703125 0.013937282229965157 0.4609375 0.017421602787456445 0.4609375 0.0313588850174216 0.455078125 0.0313588850174216 0.453125 0.03484320557491289 0.4453125 0.027874564459930314 0.439453125 0.027874564459930314 0.4453125 0.027874564459930314 0.447265625 0.024390243902439025 0.447265625 0.017421602787456445 0.455078125 0.013937282229965157
0 0.55078125 0.3832752613240418 0.55078125 0.4076655052264808 0.54296875 0.4076655052264808 0.54296875 0.39372822299651566 0.541015625 0.3902439024390244 0.537109375 0.3902439024390244 0.537109375 0.3867595818815331 0.548828125 0.3832752613240418
0 0.38671875 0.20905923344947736 0.39453125 0.20905923344947736 0.396484375 0.21602787456445993 0.400390625 0.21602787456445993 0.40625 0.2229965156794425 0.412109375 0.2229965156794425 0.412109375 0.23344947735191637 0.3671875 0.23344947735191637 0.3671875 0.2229965156794425 0.37109375 0.21951219512195122 0.37890625 0.21951219512195122 0.38671875 0.21254355400696864
0 0.40625 0 0.439453125 0 0.439453125 0.003484320557491289 0.427734375 0.003484320557491289 0.42578125 0.006968641114982578 0.419921875 0.006968641114982578 0.41796875 0.003484320557491289 0.40625 0.003484320557491289
0 0.37890625 0.17421602787456447 0.400390625 0.17073170731707318 0.400390625 0.18118466898954705 0.39453125 0.18118466898954705 0.392578125 0.18466898954703834 0.390625 0.18118466898954705 0.37890625 0.18118466898954705 0.37890625 0.17770034843205576
0 0.4453125 0.12195121951219512 0.453125 0.12195121951219512 0.455078125 0.1289198606271777 0.455078125 0.13937282229965156 0.443359375 0.14285714285714285 0.44140625 0.13937282229965156 0.435546875 0.13937282229965156 0.435546875 0.13588850174216027 0.4375 0.13588850174216027 0.439453125 0.1289198606271777 0.443359375 0.1289198606271777 0.4453125 0.1254355400696864
0 0.578125 0.08013937282229965 0.5859375 0.08013937282229965 0.5859375 0.0975609756097561 0.572265625 0.09407665505226481 0.572265625 0.08710801393728224 0.576171875 0.08710801393728224 0.578125 0.08362369337979095
0 0.666015625 0.6968641114982579 0.67578125 0.6968641114982579 0.677734375 0.7038327526132404 0.69140625 0.7038327526132404 0.693359375 0.7073170731707317 0.70703125 0.710801393728223 0.70703125 0.818815331010453 0.677734375 0.818815331010453 0.671875 0.8118466898954704 0.669921875 0.8013937282229965 0.666015625 0.7979094076655052 0.666015625 0.759581881533101 0.669921875 0.7560975609756098 0.669921875 0.7177700348432056 0.666015625 0.7142857142857143 0.666015625 0.7003484320557491
0 0.546875 0.2961672473867596 0.552734375 0.2961672473867596 0.552734375 0.30313588850174217 0.5625 0.3170731707317073 0.560546875 0.3344947735191638 0.5546875 0.3344947735191638 0.552734375 0.3310104529616725 0.546875 0.3310104529616725 0.54296875 0.32752613240418116 0.5390625 0.3170731707317073 0.541015625 0.3170731707317073 0.54296875 0.31010452961672474 0.546875 0.30662020905923343 0.546875 0.29965156794425085
0 0.390625 0.03484320557491289 0.39453125 0.0313588850174216 0.404296875 0.0313588850174216 0.4140625 0.03832752613240418 0.4140625 0.04878048780487805 0.390625 0.04878048780487805 0.388671875 0.04529616724738676 0.384765625 0.04529616724738676 0.388671875 0.04529616724738676 0.390625 0.03832752613240418