0 0.658203125 0.6585365853658537 0.666015625 0.6585365853658537 0.666015625 0.6689895470383276 0.66796875 0.6724738675958188 0.66796875 0.7247386759581882 0.662109375 0.7247386759581882 0.66015625 0.7282229965156795 0.65234375 0.7247386759581882 0.650390625 0.7177700348432056 0.650390625 0.6968641114982579 0.65234375 0.6898954703832753 0.65625 0.686411149825784 0.658203125 0.662020905923345
0 0.525390625 0.37282229965156793 0.541015625 0.37282229965156793 0.54296875 0.37630662020905925 0.541015625 0.3797909407665505 0.529296875 0.3797909407665505 0.525390625 0.37630662020905925
0 0.509765625 0.46689895470383275 0.521484375 0.46689895470383275 0.5234375 0.4738675958188153 0.5234375 0.4878048780487805 0.521484375 0.4878048780487805 0.5234375 0.4843205574912892 0.51953125 0.4808362369337979 0.517578125 0.4738675958188153 0.509765625 0.47038327526132406
0 0.5859375 0.46689895470383275 0.595703125 0.46689895470383275 0.595703125 0.5052264808362369 0.591796875 0.5087108013937283 0.58984375 0.5017421602787456 0.5859375 0.49825783972125437 0.5859375 0.47038327526132406
0 0.705078125 0.20905923344947736 0.7109375 0.20557491289198607 0.7109375 0.21602787456445993 0.708984375 0.21602787456445993 0.703125 0.2264808362369338 0.701171875 0.2264808362369338 0.701171875 0.21602787456445993 0.705078125 0.21254355400696864
0 0.580078125 0.0975609756097561 0.583984375 0.10452961672473868 0.59375 0.10452961672473868 0.59765625 0.11149825783972125 0.6015625 0.11149825783972125 0.607421875 0.11846689895470383 0.607421875 0.1254355400696864 0.60546875 0.1289198606271777 0.58203125 0.1254355400696864 0.56640625 0.11498257839721254 0.56640625 0.10104529616724739 0.568359375 0.0975609756097561 0.578125 0.0975609756097561
0 0.55859375 0.5121951219512195 0.564453125 0.5121951219512195 0.564453125 0.5226480836236934 0.568359375 0.5261324041811847 0.568359375 0.5365853658536586 0.564453125 0.5435540069686411 0.5625 0.5296167247386759 0.55859375 0.5261324041811847 0.55859375 0.5156794425087108
0 0.49609375 0.017421602787456445 0.49609375 0.03832752613240418 0.48828125 0.041811846689895474 0.48828125 0.027874564459930314 0.494140625 0.020905923344947737
0 0.537109375 0.445993031358885 0.544921875 0.445993031358885 0.544921875 0.4529616724738676 0.548828125 0.4564459930313589 0.55078125 0.4634146341463415 0.55078125 0.47735191637630664 0.548828125 0.47735191637630664 0.55078125 0.47038327526132406 0.541015625 0.45993031358885017 0.537109375 0.45993031358885017 0.537109375 0.44947735191637633
0 0.5234375 0.1289198606271777 0.52734375 0.1289198606271777 0.5390625 0.13937282229965156 0.5390625 0.14634146341463414 0.53515625 0.15331010452961671 0.53515625 0.1602787456445993 0.5390625 0.17073170731707318 0.5390625 0.1986062717770035 0.537109375 0.20209059233449478 0.537109375 0.21254355400696864 0.53515625 0.21951219512195122 0.533203125 0.21951219512195122 0.52734375 0.23344947735191637 0.5234375 0.23344947735191637 0.517578125 0.24041811846689895 0.51171875 0.24041811846689895 0.5078125 0.23693379790940766 0.5078125 0.2264808362369338 0.505859375 0.2229965156794425 0.505859375 0.20209059233449478 0.501953125 0.1986062717770035 0.501953125 0.1951219512195122 0.5078125 0.1916376306620209 0.509765625 0.18466898954703834 0.513671875 0.18118466898954705 0.515625 0.1672473867595819 0.5234375 0.1602787456445993 0.525390625 0.15331010452961671 0.529296875 0.14982578397212543 0.529296875 0.14634146341463414 0.525390625 0.14285714285714285 0.525390625 0.13588850174216027 0.5234375 0.13240418118466898
0 0.623046875 0.710801393728223 0.623046875 0.7212543554006968 0.6015625 0.7212543554006968 0.599609375 0.7247386759581882 0.595703125 0.7247386759581882 0.59375 0.7212543554006968 0.58984375 0.7212543554006968 0.58984375 0.7177700348432056 0.599609375 0.7177700348432056 0.6015625 0.7142857142857143 0.62109375 0.7142857142857143
0 0.54296875 0.8815331010452961 0.546875 0.8850174216027874 0.552734375 0.8850174216027874 0.552734375 0.9024390243902439 0.548828125 0.9024390243902439 0.546875 0.8954703832752613 0.54296875 0.89198606271777 0.54296875 0.8850174216027874
0 0.515625 0.42160278745644597 0.5234375 0.42857142857142855 0.529296875 0.42857142857142855 0.529296875 0.43902439024390244 0.525390625 0.43902439024390244 0.52734375 0.4355400696864111 0.525390625 0.43205574912891986 0.51953125 0.43205574912891986 0.51953125 0.42857142857142855 0.515625 0.4250871080139373
0 0.625 0.6236933797909407 0.62890625 0.6236933797909407 0.630859375 0.6341463414634146 0.63671875 0.6411149825783972 0.63671875 0.6480836236933798 0.640625 0.6515679442508711 0.642578125 0.6585365853658537 0.642578125 0.6724738675958188 0.64453125 0.6759581881533101 0.64453125 0.7073170731707317 0.642578125 0.710801393728223 0.642578125 0.7212543554006968 0.64453125 0.7247386759581882 0.642578125 0.7282229965156795 0.638671875 0.7247386759581882 0.630859375 0.7247386759581882 0.626953125 0.7282229965156795 0.6328125 0.7177700348432056 0.6328125 0.7142857142857143 0.62890625 0.7038327526132404 0.62890625 0.686411149825784 0.625 0.6829268292682927 0.625 0.6759581881533101 0.623046875 0.6724738675958188 0.623046875 0.6306620209059234 0.625 0.627177700348432
0 0.61328125 0.975609756097561 0.61328125 0.9965156794425087 0.60546875 0.9965156794425087 0.60546875 0.975609756097561 0.607421875 0.9721254355400697 0.611328125 0.975609756097561
0 0.525390625 0.4634146341463415 0.53125 0.4634146341463415 0.533203125 0.47038327526132406 0.533203125 0.4912891986062718 0.533203125 0.4878048780487805 0.529296875 0.4843205574912892 0.529296875 0.4738675958188153 0.525390625 0.47038327526132406 0.525390625 0.46689895470383275
0 0.681640625 0.9790940766550522 0.6875 0.9790940766550522 0.6875 0.9825783972125436 0.69140625 0.9860627177700348 0.69140625 0.9965156794425087 0.677734375 0.9965156794425087 0.677734375 0.9895470383275261 0.6796875 0.9895470383275261 0.681640625 0.9825783972125436
0 0.525390625 0.3832752613240418 0.5390625 0.3867595818815331 0.5390625 0.40069686411149824 0.537109375 0.40418118466898956 0.5390625 0.40069686411149824 0.53515625 0.397212543554007 0.533203125 0.3902439024390244 0.525390625 0.3867595818815331
0 0.525390625 0.8466898954703833 0.52734375 0.8466898954703833 0.52734375 0.8641114982578397 0.525390625 0.867595818815331 0.525390625 0.8501742160278746
0 0.580078125 0.9024390243902439 0.5859375 0.9024390243902439 0.5859375 0.9059233449477352 0.591796875 0.9128919860627178 0.591796875 0.9198606271777003 0.59765625 0.926829268292683 0.59765625 0.9547038327526133 0.59375 0.9581881533101045 0.58984375 0.9547038327526133 0.587890625 0.9477351916376306 0.587890625 0.9372822299651568 0.583984375 0.9337979094076655 0.583984375 0.9128919860627178 0.580078125 0.9094076655052264 0.580078125 0.9059233449477352
0 0.5625 0.9337979094076655 0.56640625 0.9337979094076655 0.568359375 0.9407665505226481 0.57421875 0.9442508710801394 0.57421875 0.9512195121951219 0.580078125 0.9581881533101045 0.580078125 0.9860627177700348 0.578125 0.9895470383275261 0.57421875 0.9895470383275261 0.576171875 0.9825783972125436 0.572265625 0.9790940766550522 0.5703125 0.9721254355400697 0.568359375 0.9721254355400697 0.56640625 0.9477351916376306 0.5625 0.9442508710801394 0.5625 0.9372822299651568
0 0.529296875 0.8432055749128919 0.529296875 0.8362369337979094 0.533203125 0.8327526132404182 0.533203125 0.8397212543554007 0.54296875 0.8536585365853658 0.5390625 0.8571428571428571 0.533203125 0.8536585365853658 0.533203125 0.8466898954703833 0.53125 0.8432055749128919
0 0.703125 0.8641114982578397 0.70703125 0.867595818815331 0.70703125 0.8815331010452961 0.712890625 0.8885017421602788 0.712890625 0.9581881533101045 0.705078125 0.9581881533101045 0.703125 0.9372822299651568 0.69921875 0.9337979094076655 0.69921875 0.9233449477351916 0.6953125 0.9198606271777003 0.6953125 0.9059233449477352 0.69921875 0.9024390243902439 0.69921875 0.8954703832752613 0.6953125 0.89198606271777 0.6953125 0.8850174216027874 0.69921875 0.8815331010452961 0.69921875 0.8745644599303136 0.6953125 0.8710801393728222 0.6953125 0.867595818815331 0.701171875 0.8641114982578397
0 0.5078125 0.4425087108013937 0.51953125 0.4425087108013937 0.521484375 0.44947735191637633 0.521484375 0.4564459930313589 0.517578125 0.4564459930313589 0.51171875 0.44947735191637633 0.5078125 0.44947735191637633 0.5078125 0.445993031358885
0 0.646484375 0.7770034843205574 0.65234375 0.7770034843205574 0.65234375 0.8362369337979094 0.63671875 0.8466898954703833 0.634765625 0.8432055749128919 0.630859375 0.8432055749128919 0.630859375 0.8153310104529616 0.6328125 0.8083623693379791 0.63671875 0.8048780487804879 0.640625 0.7909407665505227 0.646484375 0.7839721254355401 0.646484375 0.7804878048780488
0 0.5546875 0.4738675958188153 0.560546875 0.4738675958188153 0.564453125 0.47735191637630664 0.5703125 0.4843205574912892 0.572265625 0.4912891986062718 0.572265625 0.5017421602787456 0.568359375 0.49825783972125437 0.564453125 0.4878048780487805 0.560546875 0.4878048780487805 0.560546875 0.4843205574912892 0.5546875 0.47735191637630664
0 0.609375 0.7282229965156795 0.611328125 0.7282229965156795 0.611328125 0.7421602787456446 0.609375 0.7456445993031359 0.607421875 0.7421602787456446 0.609375 0.7386759581881533 0.609375 0.7317073170731707
0 0.58203125 0.4529616724738676 0.5859375 0.4529616724738676 0.587890625 0.44947735191637633 0.611328125 0.4529616724738676 0.611328125 0.4564459930313589 0.599609375 0.4564459930313589 0.591796875 0.4634146341463415 0.58203125 0.45993031358885017 0.58203125 0.4564459930313589
0 0.509765625 0.5087108013937283 0.521484375 0.5087108013937283 0.5234375 0.5121951219512195 0.5234375 0.5226480836236934 0.521484375 0.5261324041811847 0.5234375 0.5226480836236934 0.51953125 0.519163763066202 0.517578125 0.5121951219512195 0.51171875 0.5087108013937283
0 0.662109375 0.20209059233449478 0.6640625 0.20209059233449478 0.6640625 0.2508710801393728 0.66015625 0.2508710801393728 0.658203125 0.25435540069686413 0.654296875 0.2508710801393728 0.654296875 0.21602787456445993 0.65625 0.21602787456445993 0.658203125 0.20905923344947736 0.662109375 0.20557491289198607
0 0.69921875 0.059233449477351915 0.70703125 0.059233449477351915 0.70703125 0.0627177700348432 0.7109375 0.06620209059233449 0.712890625 0.07317073170731707 0.712890625 0.10452961672473868 0.708984375 0.11149825783972125 0.70703125 0.10801393728222997 0.708984375 0.10452961672473868 0.705078125 0.10104529616724739 0.703125 0.09407665505226481 0.703125 0.08013937282229965 0.69921875 0.07665505226480836 0.69921875 0.0627177700348432
0 0.37890625 0.27526132404181186 0.37890625 0.30662020905923343 0.376953125 0.313588850174216 0.37109375 0.3170731707317073 0.369140625 0.3240418118466899 0.365234375 0.3205574912891986 0.365234375 0.29965156794425085 0.3671875 0.29965156794425085 0.369140625 0.2926829268292683 0.37890625 0.2787456445993031
0 0.552734375 0.8257839721254355 0.5546875 0.8292682926829268 0.5546875 0.8432055749128919 0.552734375 0.8466898954703833 0.55078125 0.8466898954703833 0.548828125 0.8397212543554007 0.544921875 0.8397212543554007 0.54296875 0.8327526132404182 0.537109375 0.8327526132404182 0.537109375 0.8292682926829268 0.541015625 0.8257839721254355 0.55078125 0.8257839721254355