0 0.6640625 0.9163763066202091 0.6796875 0.9163763066202091 0.6796875 0.9477351916376306 0.6640625 0.9477351916376306 0.662109375 0.9442508710801394 0.658203125 0.9442508710801394 0.658203125 0.9233449477351916 0.662109375 0.9233449477351916 0.6640625 0.9198606271777003
0 0.685546875 0.36585365853658536 0.685546875 0.3797909407665505 0.66796875 0.3797909407665505 0.66796875 0.3693379790940767 0.68359375 0.36585365853658536
0 0.5234375 0.04878048780487805 0.533203125 0.04878048780487805 0.53515625 0.05226480836236934 0.5390625 0.05226480836236934 0.537109375 0.059233449477351915 0.5390625 0.06620209059233449 0.5390625 0.10452961672473868 0.53515625 0.10801393728222997 0.533203125 0.11498257839721254 0.525390625 0.1254355400696864 0.525390625 0.1289198606271777 0.515625 0.1289198606271777 0.513671875 0.13240418118466898 0.50390625 0.1254355400696864 0.50390625 0.10104529616724739 0.501953125 0.09407665505226481 0.498046875 0.09059233449477352 0.498046875 0.08362369337979095 0.5078125 0.08362369337979095 0.51171875 0.08013937282229965 0.515625 0.06620209059233449 0.52734375 0.05574912891986063 0.525390625 0.04878048780487805
0 0.517578125 0.34843205574912894 0.51953125 0.34843205574912894 0.51953125 0.3554006968641115 0.5234375 0.3588850174216028 0.525390625 0.36585365853658536 0.53125 0.3693379790940767 0.53125 0.37630662020905925 0.533203125 0.3797909407665505 0.533203125 0.3867595818815331 0.517578125 0.37282229965156793 0.517578125 0.3519163763066202
0 0.64453125 0.7038327526132404 0.64453125 0.7282229965156795 0.623046875 0.7282229965156795 0.623046875 0.7142857142857143 0.619140625 0.710801393728223 0.619140625 0.7073170731707317 0.626953125 0.7073170731707317 0.62890625 0.7038327526132404 0.642578125 0.7038327526132404
0 0.654296875 0.5435540069686411 0.671875 0.5435540069686411 0.671875 0.554006968641115 0.66796875 0.5574912891986062 0.671875 0.5609756097560976 0.671875 0.6236933797909407 0.658203125 0.6236933797909407 0.658203125 0.6167247386759582 0.654296875 0.6132404181184669 0.654296875 0.5818815331010453 0.650390625 0.578397212543554 0.650390625 0.5644599303135889 0.654296875 0.5609756097560976 0.650390625 0.5505226480836237 0.654296875 0.5470383275261324
0 0.587890625 0.13588850174216027 0.591796875 0.13240418118466898 0.6015625 0.13240418118466898 0.603515625 0.13588850174216027 0.607421875 0.13588850174216027 0.611328125 0.14285714285714285 0.619140625 0.14634146341463414 0.62109375 0.15331010452961671 0.625 0.15331010452961671 0.626953125 0.16376306620209058 0.630859375 0.1672473867595819 0.630859375 0.17421602787456447 0.6328125 0.17770034843205576 0.6328125 0.2229965156794425 0.630859375 0.2264808362369338 0.630859375 0.2578397212543554 0.6328125 0.2613240418118467 0.6328125 0.27177700348432055 0.630859375 0.2682926829268293 0.611328125 0.2682926829268293 0.611328125 0.2613240418118467 0.619140625 0.25435540069686413 0.62109375 0.2508710801393728 0.62109375 0.24390243902439024 0.6171875 0.24041811846689895 0.6171875 0.23693379790940766 0.611328125 0.22996515679442509 0.607421875 0.21951219512195122 0.60546875 0.21951219512195122 0.603515625 0.1986062717770035 0.599609375 0.1951219512195122 0.595703125 0.18466898954703834 0.591796875 0.18815331010452963 0.587890625 0.18466898954703834 0.591796875 0.18118466898954705 0.591796875 0.1602787456445993 0.587890625 0.156794425087108 0.587890625 0.13937282229965156
0 0.494140625 0.2857142857142857 0.51171875 0.2857142857142857 0.51171875 0.31010452961672474 0.50390625 0.31010452961672474 0.501953125 0.30313588850174217 0.494140625 0.30313588850174217 0.494140625 0.289198606271777
0 0.640625 0.5156794425087108 0.65625 0.5156794425087108 0.65625 0.5818815331010453 0.63671875 0.5818815331010453 0.634765625 0.5749128919860628 0.630859375 0.5749128919860628 0.630859375 0.5609756097560976 0.634765625 0.5609756097560976 0.63671875 0.5574912891986062 0.63671875 0.5365853658536586 0.640625 0.5331010452961672 0.640625 0.519163763066202
0 0.47265625 0.36585365853658536 0.482421875 0.36585365853658536 0.484375 0.37282229965156793 0.48828125 0.37282229965156793 0.490234375 0.37630662020905925 0.490234375 0.3902439024390244 0.48828125 0.3832752613240418 0.484375 0.3832752613240418 0.482421875 0.37630662020905925 0.478515625 0.37630662020905925 0.4765625 0.3693379790940767 0.47265625 0.3693379790940767
0 0.486328125 0.34843205574912894 0.50390625 0.34843205574912894 0.50390625 0.37282229965156793 0.486328125 0.37282229965156793 0.486328125 0.3519163763066202
0 0.470703125 0.3310104529616725 0.482421875 0.3310104529616725 0.484375 0.33797909407665505 0.490234375 0.33797909407665505 0.490234375 0.34843205574912894 0.482421875 0.3519163763066202 0.48046875 0.34843205574912894 0.474609375 0.34843205574912894 0.47265625 0.34146341463414637 0.46484375 0.34146341463414637 0.46484375 0.33797909407665505 0.46875 0.33797909407665505 0.470703125 0.3344947735191638
0 0.515625 0.30662020905923343 0.533203125 0.30662020905923343 0.533203125 0.34494773519163763 0.515625 0.34494773519163763 0.5234375 0.34494773519163763 0.525390625 0.34146341463414637 0.5234375 0.3344947735191638 0.515625 0.3344947735191638 0.515625 0.31010452961672474
0 0.583984375 0.6585365853658537 0.609375 0.6585365853658537 0.609375 0.6724738675958188 0.60546875 0.6724738675958188 0.603515625 0.6759581881533101 0.603515625 0.6898954703832753 0.595703125 0.6898954703832753 0.591796875 0.6794425087108014 0.583984375 0.6794425087108014 0.580078125 0.6898954703832753 0.572265625 0.6898954703832753 0.576171875 0.686411149825784 0.576171875 0.6759581881533101 0.578125 0.6724738675958188 0.576171875 0.6655052264808362 0.58203125 0.6655052264808362 0.583984375 0.662020905923345
0 0.533203125 0.6411149825783972 0.5390625 0.6411149825783972 0.541015625 0.6480836236933798 0.544921875 0.6480836236933798 0.546875 0.6550522648083623 0.552734375 0.6585365853658537 0.552734375 0.6898954703832753 0.55078125 0.6898954703832753 0.55078125 0.6829268292682927 0.546875 0.6794425087108014 0.546875 0.6689895470383276 0.544921875 0.6655052264808362 0.541015625 0.6655052264808362 0.541015625 0.6550522648083623 0.533203125 0.6480836236933798 0.533203125 0.6445993031358885
0 0.6591160220994475 -0.01182743950564999 0.022511654005524864 0.054278399137582534
0 0.494140625 0.3519163763066202 0.51171875 0.3519163763066202 0.51171875 0.37630662020905925 0.5078125 0.37630662020905925 0.505859375 0.3797909407665505 0.50390625 0.37630662020905925 0.494140625 0.37630662020905925 0.494140625 0.3554006968641115
0 0.486328125 0.2787456445993031 0.494140625 0.2787456445993031 0.494140625 0.31010452961672474 0.486328125 0.31010452961672474 0.486328125 0.28222996515679444
0 0.646484375 0.5853658536585366 0.654296875 0.5853658536585366 0.654296875 0.6515679442508711 0.65234375 0.6515679442508711 0.650390625 0.6585365853658537 0.6328125 0.6585365853658537 0.62890625 0.6550522648083623 0.62890625 0.6306620209059234 0.630859375 0.6306620209059234 0.6328125 0.6236933797909407 0.63671875 0.6202090592334495 0.638671875 0.6062717770034843 0.642578125 0.6027874564459931 0.642578125 0.5958188153310104 0.64453125 0.5958188153310104 0.646484375 0.5888501742160279
0 0.515625 0.2857142857142857 0.51953125 0.2857142857142857 0.51953125 0.30313588850174217 0.515625 0.30313588850174217 0.515625 0.289198606271777
0 0.576171875 0.662020905923345 0.609375 0.662020905923345 0.609375 0.6724738675958188 0.578125 0.6724738675958188 0.576171875 0.6655052264808362
0 0.4535911602209945 -0.01330586944385624 0.02361662638121547 0.05132153926117004
0 0.681640625 0.5400696864111498 0.69140625 0.5400696864111498 0.693359375 0.5470383275261324 0.697265625 0.5470383275261324 0.697265625 0.6027874564459931 0.693359375 0.6027874564459931 0.69140625 0.5958188153310104 0.6875 0.5958188153310104 0.6875 0.5609756097560976 0.685546875 0.5574912891986062 0.67578125 0.554006968641115 0.67578125 0.5470383275261324 0.6796875 0.5470383275261324 0.681640625 0.5435540069686411
0 0.685546875 0.9337979094076655 0.69140625 0.9337979094076655 0.69140625 0.9965156794425087 0.685546875 0.9965156794425087 0.685546875 0.9860627177700348 0.68359375 0.9825783972125436 0.6796875 0.9825783972125436 0.6796875 0.9442508710801394 0.68359375 0.9442508710801394 0.685546875 0.9372822299651568
0 0.6796875 0.10801393728222997 0.697265625 0.10801393728222997 0.697265625 0.13588850174216027 0.689453125 0.13588850174216027 0.689453125 0.1289198606271777 0.6875 0.1254355400696864 0.6796875 0.1254355400696864 0.6796875 0.11149825783972125
0 0.568359375 0.40069686411149824 0.6015625 0.40069686411149824 0.6015625 0.41114982578397213 0.568359375 0.41114982578397213 0.568359375 0.40418118466898956
0 0.55859375 0.31010452961672474 0.564453125 0.31010452961672474 0.564453125 0.3623693379790941 0.5625 0.3554006968641115 0.55859375 0.3554006968641115 0.55859375 0.313588850174216
0 0.51953125 0.6585365853658537 0.5234375 0.6585365853658537 0.525390625 0.6655052264808362 0.53515625 0.6689895470383276 0.537109375 0.6759581881533101 0.541015625 0.6759581881533101 0.541015625 0.7456445993031359 0.537109375 0.7456445993031359 0.537109375 0.7386759581881533 0.53515625 0.735191637630662 0.53125 0.735191637630662 0.53125 0.7142857142857143 0.529296875 0.710801393728223 0.525390625 0.710801393728223 0.525390625 0.6655052264808362 0.5234375 0.662020905923345 0.51953125 0.662020905923345
0 0.52734375 0.397212543554007 0.529296875 0.397212543554007 0.529296875 0.40418118466898956 0.533203125 0.4076655052264808 0.53515625 0.4146341463414634 0.537109375 0.4146341463414634 0.537109375 0.42160278745644597 0.5390625 0.4250871080139373 0.5390625 0.4355400696864111 0.53515625 0.4355400696864111 0.53515625 0.42857142857142855 0.53125 0.4250871080139373 0.53125 0.4181184668989547 0.52734375 0.4146341463414634 0.525390625 0.4076655052264808 0.5234375 0.4076655052264808 0.5234375 0.40418118466898956 0.52734375 0.40069686411149824