0 0.517578125 0.6585365853658537 0.517578125 0.6724738675958188 0.513671875 0.6724738675958188 0.5078125 0.6829268292682927 0.501953125 0.6829268292682927 0.494140625 0.6898954703832753 0.474609375 0.6898954703832753 0.47265625 0.686411149825784 0.46875 0.686411149825784 0.46875 0.6829268292682927 0.470703125 0.6829268292682927 0.4765625 0.6689895470383276 0.482421875 0.6655052264808362 0.486328125 0.6585365853658537 0.5078125 0.6585365853658537 0.509765625 0.662020905923345 0.515625 0.662020905923345
0 0.58203125 0.027874564459930314 0.59375 0.027874564459930314 0.595703125 0.0313588850174216 0.603515625 0.0313588850174216 0.611328125 0.03832752613240418 0.611328125 0.04878048780487805 0.609375 0.05226480836236934 0.599609375 0.05226480836236934 0.59375 0.04529616724738676 0.587890625 0.04529616724738676 0.5859375 0.03832752613240418 0.58203125 0.03484320557491289 0.58203125 0.0313588850174216
0 0.525390625 0 0.53515625 0 0.533203125 0.003484320557491289 0.529296875 0.003484320557491289 0.52734375 0
0 0.728515625 0.23693379790940766 0.73828125 0.22996515679442509 0.73828125 0.24738675958188153 0.734375 0.24390243902439024 0.728515625 0.24390243902439024 0.728515625 0.24041811846689895
0 0.63671875 0 0.6953125 0 0.69140625 0.020905923344947737 0.689453125 0.020905923344947737 0.685546875 0.0313588850174216 0.681640625 0.0313588850174216 0.6796875 0.03832752613240418 0.67578125 0.03832752613240418 0.673828125 0.04529616724738676 0.66015625 0.04529616724738676 0.658203125 0.04878048780487805 0.640625 0.04529616724738676 0.63671875 0.0313588850174216 0.63671875 0.003484320557491289
0 0.404296875 0.27177700348432055 0.40625 0.28222996515679444 0.41015625 0.289198606271777 0.416015625 0.289198606271777 0.41796875 0.2961672473867596 0.416015625 0.29965156794425085 0.408203125 0.29965156794425085 0.3984375 0.30662020905923343 0.375 0.30662020905923343 0.375 0.27177700348432055 0.384765625 0.2578397212543554 0.388671875 0.2578397212543554 0.390625 0.25435540069686413 0.396484375 0.25435540069686413 0.400390625 0.2613240418118467 0.400390625 0.2682926829268293 0.40234375 0.27177700348432055
0 0.400390625 0.1254355400696864 0.408203125 0.1254355400696864 0.408203125 0.1289198606271777 0.412109375 0.13240418118466898 0.412109375 0.13937282229965156 0.39453125 0.14285714285714285 0.390625 0.13937282229965156 0.39453125 0.13240418118466898 0.3984375 0.13240418118466898 0.400390625 0.1289198606271777
0 0.513671875 0.0627177700348432 0.521484375 0.0627177700348432 0.521484375 0.07317073170731707 0.517578125 0.08013937282229965 0.51171875 0.08013937282229965 0.5078125 0.07317073170731707 0.513671875 0.06620209059233449
0 0.70703125 0.24738675958188153 0.736328125 0.24738675958188153 0.73828125 0.25435540069686413 0.73828125 0.2787456445993031 0.724609375 0.29965156794425085 0.701171875 0.29965156794425085 0.69921875 0.30313588850174217 0.6953125 0.30313588850174217 0.685546875 0.2961672473867596 0.685546875 0.2787456445993031 0.6875 0.27526132404181186 0.6875 0.2682926829268293 0.69140625 0.2613240418118467 0.70703125 0.2508710801393728
0 0.556640625 0.0313588850174216 0.55859375 0.0313588850174216 0.55859375 0.041811846689895474 0.556640625 0.04529616724738676 0.552734375 0.041811846689895474 0.552734375 0.03832752613240418 0.556640625 0.03484320557491289
0 0.525390625 0.024390243902439025 0.53515625 0.024390243902439025 0.53515625 0.03484320557491289 0.533203125 0.03832752613240418 0.525390625 0.03832752613240418 0.521484375 0.03484320557491289 0.521484375 0.0313588850174216 0.525390625 0.027874564459930314
0 0.703125 0.8048780487804879 0.705078125 0.8083623693379791 0.703125 0.8153310104529616 0.703125 0.8327526132404182 0.705078125 0.8362369337979094 0.703125 0.8466898954703833 0.6953125 0.8466898954703833 0.6953125 0.8432055749128919 0.69140625 0.8397212543554007 0.689453125 0.8327526132404182 0.689453125 0.8222996515679443 0.701171875 0.8083623693379791
0 0.73828125 0.3693379790940767 0.73828125 0.42160278745644597 0.736328125 0.4146341463414634 0.720703125 0.4076655052264808 0.720703125 0.3902439024390244 0.73046875 0.3797909407665505 0.732421875 0.37282229965156793 0.736328125 0.37282229965156793
0 0.400390625 0.08710801393728224 0.41015625 0.08710801393728224 0.41015625 0.10104529616724739 0.396484375 0.0975609756097561 0.396484375 0.09407665505226481 0.400390625 0.09059233449477352
0 0.634765625 0.6202090592334495 0.63671875 0.6236933797909407 0.640625 0.6236933797909407 0.64453125 0.6306620209059234 0.66015625 0.6306620209059234 0.666015625 0.6376306620209059 0.662109375 0.6411149825783972 0.662109375 0.6480836236933798 0.67578125 0.6655052264808362 0.701171875 0.6655052264808362 0.703125 0.6689895470383276 0.734375 0.6724738675958188 0.73828125 0.6759581881533101 0.73828125 0.8013937282229965 0.732421875 0.794425087108014 0.7265625 0.7804878048780488 0.724609375 0.7526132404181185 0.720703125 0.7386759581881533 0.705078125 0.7247386759581882 0.701171875 0.7247386759581882 0.66796875 0.6829268292682927 0.642578125 0.6829268292682927 0.638671875 0.6898954703832753 0.6328125 0.6933797909407665 0.630859375 0.6898954703832753 0.630859375 0.6759581881533101 0.6328125 0.6724738675958188 0.6328125 0.6445993031358885 0.634765625 0.6411149825783972 0.6328125 0.6376306620209059 0.634765625 0.6341463414634146 0.634765625 0.6236933797909407
0 0.404296875 0.40418118466898956 0.408203125 0.40418118466898956 0.408203125 0.4355400696864111 0.404296875 0.43902439024390244 0.39453125 0.43902439024390244 0.390625 0.4355400696864111 0.390625 0.4250871080139373 0.392578125 0.4250871080139373 0.39453125 0.4181184668989547 0.3984375 0.4146341463414634 0.3984375 0.41114982578397213 0.40234375 0.41114982578397213 0.404296875 0.4076655052264808
0 0.54296875 0.5156794425087108 0.5546875 0.5156794425087108 0.556640625 0.5226480836236934 0.5546875 0.5296167247386759 0.546875 0.5296167247386759 0.544921875 0.5261324041811847 0.5390625 0.5261324041811847 0.5390625 0.5226480836236934 0.54296875 0.519163763066202