0 0.556640625 0.5609756097560976 0.56640625 0.5609756097560976 0.5703125 0.5644599303135889 0.5703125 0.6202090592334495 0.560546875 0.627177700348432 0.5546875 0.627177700348432 0.548828125 0.6202090592334495 0.548828125 0.5958188153310104 0.552734375 0.5923344947735192 0.552734375 0.578397212543554 0.556640625 0.5749128919860628 0.556640625 0.5644599303135889
0 0.427734375 0.7804878048780488 0.43359375 0.7804878048780488 0.43359375 0.7874564459930313 0.4375 0.7909407665505227 0.4375 0.7979094076655052 0.43359375 0.8013937282229965 0.431640625 0.794425087108014 0.427734375 0.7909407665505227 0.427734375 0.7839721254355401
0 0.404296875 0.3554006968641115 0.412109375 0.3554006968641115 0.412109375 0.3588850174216028 0.416015625 0.3623693379790941 0.41796875 0.3693379790940767 0.41796875 0.37282229965156793 0.4140625 0.37630662020905925 0.41015625 0.37282229965156793 0.408203125 0.36585365853658536 0.404296875 0.36585365853658536 0.404296875 0.3588850174216028
0 0.50390625 0.8954703832752613 0.509765625 0.8954703832752613 0.509765625 0.9024390243902439 0.513671875 0.9059233449477352 0.513671875 0.9686411149825784 0.51171875 0.9721254355400697 0.5078125 0.9721254355400697 0.5078125 0.9477351916376306 0.50390625 0.9442508710801394 0.50390625 0.8989547038327527
0 0.482421875 0.34146341463414637 0.490234375 0.34146341463414637 0.4921875 0.34843205574912894 0.5078125 0.34843205574912894 0.5078125 0.3554006968641115 0.4921875 0.3554006968641115 0.48828125 0.3623693379790941 0.48828125 0.40069686411149824 0.482421875 0.39372822299651566 0.482421875 0.34494773519163763
0 0.47265625 0 0.5078125 0 0.5078125 0.006968641114982578 0.50390625 0.013937282229965157 0.501953125 0.010452961672473868 0.48828125 0.010452961672473868 0.486328125 0.006968641114982578 0.47265625 0.003484320557491289
0 0.546875 0.6724738675958188 0.5546875 0.6724738675958188 0.5546875 0.7247386759581882 0.552734375 0.7282229965156795 0.544921875 0.7282229965156795 0.544921875 0.7212543554006968 0.541015625 0.7177700348432056 0.541015625 0.6933797909407665 0.544921875 0.6898954703832753 0.546875 0.6759581881533101
0 0.451171875 0.4146341463414634 0.45703125 0.4146341463414634 0.4609375 0.41114982578397213 0.4609375 0.42857142857142855 0.458984375 0.42857142857142855 0.458984375 0.42160278745644597 0.45703125 0.4181184668989547 0.451171875 0.4181184668989547
0 0.44140625 0.7874564459930313 0.443359375 0.7874564459930313 0.443359375 0.8048780487804879 0.44140625 0.8048780487804879 0.44140625 0.7909407665505227
0 0.525390625 0.6202090592334495 0.5234375 0.627177700348432 0.51171875 0.627177700348432 0.509765625 0.6306620209059234 0.490234375 0.6306620209059234 0.48828125 0.6236933797909407 0.5 0.6236933797909407 0.501953125 0.6202090592334495 0.5234375 0.6202090592334495
0 0.609375 0.07665505226480836 0.615234375 0.07317073170731707 0.615234375 0.11498257839721254 0.61328125 0.11846689895470383 0.609375 0.11846689895470383 0.609375 0.11498257839721254 0.60546875 0.11149825783972125 0.60546875 0.10801393728222997 0.609375 0.10452961672473868 0.609375 0.08013937282229965
0 0.591796875 0.8989547038327527 0.591796875 0.926829268292683 0.583984375 0.9198606271777003 0.583984375 0.9059233449477352 0.587890625 0.9024390243902439 0.587890625 0.8954703832752613 0.58984375 0.8989547038327527
0 0.525390625 0.5365853658536586 0.533203125 0.5365853658536586 0.53515625 0.554006968641115 0.5390625 0.5574912891986062 0.541015625 0.5679442508710801 0.544921875 0.5714285714285714 0.544921875 0.6480836236933798 0.541015625 0.6445993031358885 0.53125 0.6445993031358885 0.52734375 0.6480836236933798 0.525390625 0.6445993031358885 0.533203125 0.6376306620209059 0.53515625 0.6306620209059234 0.53125 0.627177700348432 0.529296875 0.6202090592334495 0.529296875 0.6062717770034843 0.525390625 0.6027874564459931 0.525390625 0.5923344947735192 0.51953125 0.5853658536585366 0.51953125 0.5818815331010453 0.5234375 0.578397212543554 0.5234375 0.5505226480836237 0.525390625 0.5470383275261324 0.525390625 0.5400696864111498
0 0.431640625 0.34146341463414637 0.439453125 0.34146341463414637 0.439453125 0.34494773519163763 0.443359375 0.34843205574912894 0.4453125 0.3554006968641115 0.4453125 0.36585365853658536 0.44140625 0.3693379790940767 0.4453125 0.36585365853658536 0.44140625 0.3623693379790941 0.44140625 0.3588850174216028 0.4375 0.3554006968641115 0.43359375 0.34494773519163763 0.431640625 0.34494773519163763
0 0.41796875 0.3554006968641115 0.427734375 0.3623693379790941 0.427734375 0.3832752613240418 0.423828125 0.3867595818815331 0.42578125 0.3832752613240418 0.421875 0.3797909407665505 0.421875 0.37282229965156793 0.41796875 0.3693379790940767 0.41796875 0.3588850174216028
0 0.6042161520190024 1.0037491620250443 0.016719863420427555 0.02436541501485595
0 0.40625 0.39372822299651566 0.412109375 0.39372822299651566 0.4140625 0.40069686411149824 0.4140625 0.41114982578397213 0.41015625 0.4076655052264808 0.40625 0.397212543554007
0 0.421875 0.7386759581881533 0.42578125 0.7386759581881533 0.427734375 0.7456445993031359 0.435546875 0.7526132404181185 0.43359375 0.759581881533101 0.4296875 0.759581881533101 0.42578125 0.7560975609756098 0.423828125 0.7491289198606271 0.421875 0.7491289198606271 0.421875 0.7421602787456446
0 0.41015625 0.3170731707317073 0.41796875 0.3170731707317073 0.41796875 0.3205574912891986 0.421875 0.3240418118466899 0.419921875 0.3310104529616725 0.41796875 0.3310104529616725 0.416015625 0.3240418118466899 0.400390625 0.32752613240418116 0.41015625 0.3205574912891986
0 0.478515625 0.8013937282229965 0.48046875 0.8013937282229965 0.48046875 0.8048780487804879 0.486328125 0.8118466898954704 0.48828125 0.818815331010453 0.490234375 0.818815331010453 0.490234375 0.8257839721254355 0.4921875 0.8292682926829268 0.4921875 0.8606271777003485 0.48828125 0.8571428571428571 0.48828125 0.8536585365853658 0.484375 0.8501742160278746 0.482421875 0.8432055749128919 0.482421875 0.8292682926829268 0.478515625 0.8257839721254355 0.478515625 0.8048780487804879
0 0.4609375 0.8362369337979094 0.466796875 0.8432055749128919 0.466796875 0.8501742160278746 0.470703125 0.8536585365853658 0.47265625 0.8606271777003485 0.47265625 0.89198606271777 0.46875 0.89198606271777 0.46875 0.8850174216027874 0.462890625 0.8780487804878049 0.4609375 0.8536585365853658 0.45703125 0.8501742160278746 0.455078125 0.8432055749128919 0.455078125 0.8397212543554007 0.458984375 0.8397212543554007
0 0.3984375 0.3310104529616725 0.404296875 0.32752613240418116 0.408203125 0.33797909407665505 0.416015625 0.34146341463414637 0.4140625 0.3519163763066202 0.408203125 0.3519163763066202 0.40625 0.34146341463414637 0.40234375 0.33797909407665505 0.400390625 0.3310104529616725
0 0.25712589073634207 0.9740869176591325 0.013750742280285036 0.015890488053166923
0 0.451171875 0.36585365853658536 0.453125 0.36585365853658536 0.455078125 0.37282229965156793 0.46484375 0.3797909407665505 0.46484375 0.397212543554007 0.45703125 0.3797909407665505 0.447265625 0.37282229965156793 0.451171875 0.3693379790940767
0 0.59375 0.7526132404181185 0.607421875 0.7560975609756098 0.607421875 0.7700348432055749 0.611328125 0.7735191637630662 0.611328125 0.7804878048780488 0.615234375 0.7874564459930313 0.615234375 0.8501742160278746 0.611328125 0.8536585365853658 0.60546875 0.8536585365853658 0.599609375 0.8257839721254355 0.599609375 0.8153310104529616 0.595703125 0.8118466898954704 0.595703125 0.794425087108014 0.599609375 0.7909407665505227 0.599609375 0.7839721254355401 0.6015625 0.7804878048780488 0.6015625 0.7665505226480837 0.595703125 0.759581881533101 0.595703125 0.7560975609756098
0 0.431640625 0.735191637630662 0.443359375 0.735191637630662 0.4453125 0.7386759581881533 0.4453125 0.7491289198606271 0.443359375 0.7526132404181185 0.431640625 0.7421602787456446 0.431640625 0.7386759581881533
0 0.416015625 0.003484320557491289 0.419921875 0.003484320557491289 0.42578125 0.010452961672473868 0.435546875 0.010452961672473868 0.435546875 0.017421602787456445 0.4296875 0.027874564459930314 0.4296875 0.041811846689895474 0.43359375 0.05574912891986063 0.43359375 0.07665505226480836 0.4296875 0.08710801393728224 0.4296875 0.09407665505226481 0.42578125 0.0975609756097561 0.41796875 0.11498257839721254 0.40625 0.11846689895470383 0.40234375 0.11498257839721254 0.40234375 0.10104529616724739 0.400390625 0.0975609756097561 0.400390625 0.08013937282229965 0.3984375 0.07665505226480836 0.3984375 0.06968641114982578 0.40234375 0.06968641114982578 0.404296875 0.0627177700348432 0.408203125 0.059233449477351915 0.412109375 0.041811846689895474 0.423828125 0.024390243902439025 0.421875 0.013937282229965157 0.416015625 0.006968641114982578
0 0.41015625 0.7526132404181185 0.416015625 0.7526132404181185 0.419921875 0.7491289198606271 0.419921875 0.7700348432055749 0.41796875 0.7700348432055749 0.41796875 0.759581881533101 0.416015625 0.7560975609756098 0.41015625 0.7560975609756098
0 0.56640625 0.059233449477351915 0.56640625 0.11149825783972125 0.5625 0.11149825783972125 0.560546875 0.11498257839721254 0.552734375 0.11149825783972125 0.552734375 0.0975609756097561 0.556640625 0.0975609756097561 0.55859375 0.09407665505226481 0.55859375 0.08013937282229965 0.560546875 0.08013937282229965 0.5625 0.07317073170731707 0.56640625 0.06968641114982578 0.56640625 0.0627177700348432
0 0.431640625 0.2682926829268293 0.431640625 0.2926829268292683 0.4296875 0.2926829268292683 0.431640625 0.289198606271777 0.427734375 0.2857142857142857 0.42578125 0.2787456445993031 0.423828125 0.2787456445993031 0.423828125 0.27177700348432055 0.4296875 0.2682926829268293
0 0.48046875 0.34843205574912894 0.490234375 0.34843205574912894 0.490234375 0.397212543554007 0.48828125 0.40069686411149824 0.486328125 0.40069686411149824 0.48828125 0.397212543554007 0.486328125 0.39372822299651566 0.48046875 0.39372822299651566 0.48046875 0.3519163763066202
0 0.404296875 0.9547038327526133 0.408203125 0.9547038327526133 0.408203125 0.9651567944250871 0.41015625 0.9686411149825784 0.41015625 0.9930313588850174 0.404296875 0.9930313588850174 0.404296875 0.9581881533101045