0 0.314453125 0.18815331010452963 0.341796875 0.18815331010452963 0.341796875 0.1986062717770035 0.333984375 0.20557491289198607 0.328125 0.20557491289198607 0.32421875 0.21254355400696864 0.30859375 0.2264808362369338 0.30078125 0.2264808362369338 0.298828125 0.22996515679442509 0.265625 0.22996515679442509 0.26171875 0.2264808362369338 0.28125 0.20905923344947736 0.287109375 0.20905923344947736 0.29296875 0.20209059233449478 0.306640625 0.1986062717770035 0.314453125 0.1916376306620209
0 0.822265625 0.40418118466898956 0.82421875 0.4076655052264808 0.830078125 0.4076655052264808 0.83203125 0.4146341463414634 0.8359375 0.4146341463414634 0.837890625 0.4181184668989547 0.837890625 0.43902439024390244 0.833984375 0.4425087108013937 0.818359375 0.4425087108013937 0.81640625 0.43902439024390244 0.80859375 0.43902439024390244 0.796875 0.42857142857142855 0.796875 0.4181184668989547 0.8046875 0.4146341463414634 0.806640625 0.4076655052264808 0.8203125 0.40418118466898956
0 0.203125 0.6062717770034843 0.20703125 0.6062717770034843 0.208984375 0.6027874564459931 0.21484375 0.6027874564459931 0.216796875 0.6062717770034843 0.232421875 0.6062717770034843 0.234375 0.6132404181184669 0.2421875 0.6132404181184669 0.244140625 0.6167247386759582 0.259765625 0.6202090592334495 0.275390625 0.6341463414634146 0.275390625 0.6689895470383276 0.2734375 0.6724738675958188 0.275390625 0.6794425087108014 0.26953125 0.6898954703832753 0.265625 0.6898954703832753 0.263671875 0.6933797909407665 0.236328125 0.6933797909407665 0.234375 0.6968641114982579 0.203125 0.6968641114982579 0.201171875 0.6933797909407665 0.193359375 0.6933797909407665 0.185546875 0.6794425087108014 0.18359375 0.6794425087108014 0.18359375 0.6724738675958188 0.1796875 0.6689895470383276 0.1796875 0.6550522648083623 0.181640625 0.6550522648083623 0.185546875 0.6445993031358885 0.19140625 0.6445993031358885 0.193359375 0.6411149825783972 0.189453125 0.6236933797909407 0.193359375 0.6167247386759582 0.203125 0.6097560975609756
0 0.6640625 0.39372822299651566 0.693359375 0.39372822299651566 0.6953125 0.40069686411149824 0.708984375 0.40069686411149824 0.708984375 0.41114982578397213 0.68359375 0.41114982578397213 0.681640625 0.4146341463414634 0.666015625 0.4146341463414634 0.6640625 0.41114982578397213 0.65625 0.41114982578397213 0.65625 0.4076655052264808 0.658203125 0.4076655052264808 0.6640625 0.397212543554007
0 0.8359375 0.34146341463414637 0.86328125 0.34146341463414637 0.865234375 0.34843205574912894 0.884765625 0.34843205574912894 0.884765625 0.3588850174216028 0.875 0.36585365853658536 0.85546875 0.36585365853658536 0.853515625 0.3693379790940767 0.841796875 0.3693379790940767 0.83984375 0.37282229965156793 0.8203125 0.37282229965156793 0.818359375 0.3693379790940767 0.8203125 0.3554006968641115 0.82421875 0.34843205574912894 0.833984375 0.34843205574912894 0.8359375 0.34494773519163763
0 0.6351981351981352 0.1850507216360875 0.08086119609557109 0.03742598864550084
0 0.76171875 0.42857142857142855 0.76953125 0.42857142857142855 0.76953125 0.4425087108013937 0.7578125 0.4529616724738676 0.7421875 0.4564459930313589 0.73046875 0.46689895470383275 0.705078125 0.46689895470383275 0.703125 0.47038327526132406 0.693359375 0.47038327526132406 0.689453125 0.46689895470383275 0.693359375 0.45993031358885017 0.70703125 0.4529616724738676 0.712890625 0.445993031358885 0.71875 0.445993031358885 0.720703125 0.4425087108013937 0.732421875 0.4425087108013937 0.7421875 0.4355400696864111 0.759765625 0.4355400696864111 0.76171875 0.43205574912891986
0 0.625 0.6445993031358885 0.630859375 0.6445993031358885 0.6328125 0.6515679442508711 0.64453125 0.6550522648083623 0.6484375 0.662020905923345 0.65234375 0.662020905923345 0.6640625 0.6759581881533101 0.66796875 0.6759581881533101 0.671875 0.6829268292682927 0.6796875 0.686411149825784 0.685546875 0.6933797909407665 0.6875 0.7003484320557491 0.6953125 0.7038327526132404 0.70703125 0.7212543554006968 0.70703125 0.7247386759581882 0.703125 0.7282229965156795 0.693359375 0.7282229965156795 0.6796875 0.7142857142857143 0.67578125 0.7142857142857143 0.673828125 0.710801393728223 0.6640625 0.7073170731707317 0.658203125 0.7003484320557491 0.6484375 0.6968641114982579 0.64453125 0.6898954703832753 0.640625 0.6898954703832753 0.63671875 0.6829268292682927 0.6328125 0.6829268292682927 0.625 0.6689895470383276 0.623046875 0.6585365853658537 0.619140625 0.6550522648083623 0.625 0.6480836236933798
0 0.6875 0.2508710801393728 0.697265625 0.2508710801393728 0.69921875 0.2578397212543554 0.71484375 0.2578397212543554 0.71484375 0.2682926829268293 0.708984375 0.2682926829268293 0.70703125 0.27177700348432055 0.689453125 0.27177700348432055 0.6875 0.27526132404181186 0.68359375 0.27526132404181186 0.681640625 0.27177700348432055 0.67578125 0.27177700348432055 0.673828125 0.26480836236933797 0.677734375 0.2578397212543554 0.685546875 0.2578397212543554 0.6875 0.25435540069686413
0 0.0859375 0.26480836236933797 0.134765625 0.26480836236933797 0.13671875 0.27177700348432055 0.142578125 0.27177700348432055 0.15234375 0.2787456445993031 0.162109375 0.2787456445993031 0.162109375 0.289198606271777 0.076171875 0.2926829268292683 0.07421875 0.289198606271777 0.06640625 0.289198606271777 0.06640625 0.2787456445993031 0.076171875 0.27177700348432055 0.083984375 0.27177700348432055 0.0859375 0.2682926829268293
0 0.3715034965034965 0.35918552991723723 0.08027844551282051 0.048861707398292764
0 0.404296875 0.3554006968641115 0.412109375 0.3554006968641115 0.412109375 0.37282229965156793 0.408203125 0.37630662020905925 0.404296875 0.37630662020905925 0.40234375 0.3797909407665505 0.384765625 0.3797909407665505 0.37890625 0.37282229965156793 0.38671875 0.36585365853658536 0.39453125 0.36585365853658536 0.404296875 0.3588850174216028
0 0.638671875 0.43205574912891986 0.638671875 0.44947735191637633 0.62109375 0.44947735191637633 0.619140625 0.4529616724738676 0.60546875 0.4529616724738676 0.603515625 0.4564459930313589 0.595703125 0.4564459930313589 0.5859375 0.44947735191637633 0.5859375 0.43902439024390244 0.58984375 0.43902439024390244 0.591796875 0.4355400696864111 0.609375 0.4355400696864111 0.611328125 0.43205574912891986 0.63671875 0.43205574912891986
0 0.21875 0.37630662020905925 0.21875 0.3867595818815331 0.201171875 0.3902439024390244 0.19921875 0.39372822299651566 0.1875 0.39372822299651566 0.185546875 0.397212543554007 0.126953125 0.397212543554007 0.125 0.39372822299651566 0.115234375 0.39372822299651566 0.111328125 0.3902439024390244 0.111328125 0.3797909407665505 0.119140625 0.37282229965156793 0.130859375 0.37282229965156793 0.1328125 0.3693379790940767 0.205078125 0.3693379790940767 0.20703125 0.37282229965156793 0.21484375 0.37282229965156793 0.216796875 0.37630662020905925
0 0.255859375 0.3902439024390244 0.255859375 0.39372822299651566 0.251953125 0.397212543554007 0.232421875 0.40069686411149824 0.224609375 0.41114982578397213 0.21875 0.41114982578397213 0.2109375 0.42160278745644597 0.201171875 0.42160278745644597 0.19921875 0.4250871080139373 0.1796875 0.4250871080139373 0.177734375 0.42857142857142855 0.169921875 0.42857142857142855 0.166015625 0.4181184668989547 0.177734375 0.4076655052264808 0.19140625 0.40418118466898956 0.205078125 0.39372822299651566 0.21484375 0.39372822299651566 0.216796875 0.3902439024390244 0.25390625 0.3902439024390244
0 0.412109375 0.25435540069686413 0.412109375 0.289198606271777 0.39453125 0.289198606271777 0.392578125 0.2926829268292683 0.380859375 0.2926829268292683 0.37890625 0.289198606271777 0.3828125 0.26480836236933797 0.388671875 0.26480836236933797 0.404296875 0.25435540069686413 0.41015625 0.25435540069686413
0 0.279296875 0.30313588850174217 0.3046875 0.30313588850174217 0.3046875 0.3170731707317073 0.291015625 0.3344947735191638 0.279296875 0.3344947735191638 0.271484375 0.34146341463414637 0.25 0.34146341463414637 0.248046875 0.34494773519163763 0.23828125 0.34494773519163763 0.236328125 0.34146341463414637 0.220703125 0.34146341463414637 0.212890625 0.3310104529616725 0.212890625 0.3240418118466899 0.220703125 0.3170731707317073 0.25390625 0.3170731707317073 0.255859375 0.313588850174216 0.27734375 0.31010452961672474 0.279296875 0.30662020905923343
0 0.765625 0.3902439024390244 0.810546875 0.3902439024390244 0.8125 0.397212543554007 0.8125 0.4076655052264808 0.798828125 0.4076655052264808 0.796875 0.41114982578397213 0.763671875 0.41114982578397213 0.76171875 0.4076655052264808 0.751953125 0.4076655052264808 0.751953125 0.40418118466898956 0.7578125 0.397212543554007 0.763671875 0.397212543554007 0.765625 0.39372822299651566
0 0.25390625 0.43902439024390244 0.26953125 0.43902439024390244 0.26953125 0.4564459930313589 0.26171875 0.4634146341463415 0.2421875 0.4634146341463415 0.240234375 0.46689895470383275 0.21484375 0.46689895470383275 0.212890625 0.4634146341463415 0.21875 0.4529616724738676 0.236328125 0.4529616724738676 0.23828125 0.44947735191637633 0.244140625 0.44947735191637633 0.25390625 0.4425087108013937
0 0.650390625 0.09059233449477352 0.6640625 0.09059233449477352 0.666015625 0.0975609756097561 0.666015625 0.12195121951219512 0.66015625 0.12195121951219512 0.658203125 0.1254355400696864 0.630859375 0.1254355400696864 0.62890625 0.12195121951219512 0.6171875 0.12195121951219512 0.6171875 0.11498257839721254 0.625 0.10801393728222997 0.62890625 0.10801393728222997 0.642578125 0.0975609756097561 0.6484375 0.0975609756097561 0.650390625 0.09407665505226481
0 0.318359375 0.41114982578397213 0.3203125 0.41114982578397213 0.326171875 0.40069686411149824 0.33203125 0.40069686411149824 0.333984375 0.397212543554007 0.36328125 0.397212543554007 0.36328125 0.4076655052264808 0.361328125 0.41114982578397213 0.357421875 0.41114982578397213 0.3515625 0.4181184668989547 0.345703125 0.4181184668989547 0.34375 0.42160278745644597 0.328125 0.42160278745644597 0.326171875 0.4181184668989547 0.318359375 0.4181184668989547 0.318359375 0.4146341463414634
0 0.552734375 0.3205574912891986 0.560546875 0.3205574912891986 0.5625 0.3170731707317073 0.587890625 0.3170731707317073 0.58984375 0.3205574912891986 0.58984375 0.33797909407665505 0.587890625 0.34146341463414637 0.578125 0.34146341463414637 0.576171875 0.34494773519163763 0.57421875 0.34146341463414637 0.564453125 0.34146341463414637 0.556640625 0.3344947735191638 0.552734375 0.3240418118466899
0 0.359375 0.3205574912891986 0.359375 0.3310104529616725 0.353515625 0.34146341463414637 0.3359375 0.3588850174216028 0.330078125 0.3588850174216028 0.322265625 0.36585365853658536 0.314453125 0.3623693379790941 0.314453125 0.3519163763066202 0.3203125 0.34146341463414637 0.32421875 0.34146341463414637 0.328125 0.3344947735191638 0.33203125 0.3344947735191638 0.337890625 0.32752613240418116 0.345703125 0.32752613240418116 0.3515625 0.3205574912891986 0.357421875 0.3205574912891986
0 0.13671875 0.47038327526132406 0.138671875 0.4634146341463415 0.146484375 0.4564459930313589 0.15234375 0.4564459930313589 0.154296875 0.4529616724738676 0.166015625 0.4529616724738676 0.16796875 0.44947735191637633 0.220703125 0.44947735191637633 0.220703125 0.45993031358885017 0.216796875 0.45993031358885017 0.21484375 0.4634146341463415 0.201171875 0.4634146341463415 0.193359375 0.47038327526132406 0.18359375 0.47038327526132406 0.181640625 0.4738675958188153 0.140625 0.4738675958188153 0.138671875 0.47038327526132406
0 0.3046875 0.3902439024390244 0.3046875 0.40418118466898956 0.279296875 0.4076655052264808 0.267578125 0.4181184668989547 0.259765625 0.4181184668989547 0.25 0.4250871080139373 0.23828125 0.4250871080139373 0.236328125 0.42857142857142855 0.228515625 0.42857142857142855 0.2265625 0.43205574912891986 0.2109375 0.43205574912891986 0.208984375 0.42857142857142855 0.208984375 0.42160278745644597 0.21484375 0.41114982578397213 0.21875 0.41114982578397213 0.224609375 0.40069686411149824 0.236328125 0.40069686411149824 0.23828125 0.397212543554007 0.25 0.397212543554007 0.251953125 0.39372822299651566 0.291015625 0.39372822299651566 0.29296875 0.3902439024390244 0.302734375 0.3902439024390244
0 0.939453125 0.4425087108013937 0.94140625 0.445993031358885 0.982421875 0.44947735191637633 0.982421875 0.45993031358885017 0.96875 0.45993031358885017 0.966796875 0.4634146341463415 0.953125 0.4634146341463415 0.951171875 0.46689895470383275 0.93359375 0.46689895470383275 0.931640625 0.47038327526132406 0.91015625 0.47038327526132406 0.908203125 0.46689895470383275 0.896484375 0.46689895470383275 0.89453125 0.4634146341463415 0.888671875 0.4634146341463415 0.888671875 0.4529616724738676 0.892578125 0.44947735191637633 0.904296875 0.44947735191637633 0.90625 0.445993031358885 0.92578125 0.445993031358885 0.927734375 0.4425087108013937 0.9375 0.4425087108013937
0 0.66796875 0.1289198606271777 0.669921875 0.13240418118466898 0.669921875 0.16376306620209058 0.64453125 0.16376306620209058 0.642578125 0.1672473867595819 0.615234375 0.1672473867595819 0.61328125 0.16376306620209058 0.60546875 0.16376306620209058 0.6015625 0.1602787456445993 0.6015625 0.14982578397212543 0.603515625 0.14982578397212543 0.609375 0.13937282229965156 0.626953125 0.13937282229965156 0.62890625 0.13588850174216027 0.638671875 0.13588850174216027 0.6484375 0.1289198606271777 0.666015625 0.1289198606271777
0 0.177734375 0.33797909407665505 0.177734375 0.3554006968641115 0.173828125 0.3554006968641115 0.166015625 0.3623693379790941 0.16015625 0.3623693379790941 0.154296875 0.3693379790940767 0.134765625 0.3693379790940767 0.1328125 0.37282229965156793 0.125 0.37282229965156793 0.123046875 0.37630662020905925 0.119140625 0.37630662020905925 0.111328125 0.3867595818815331 0.0859375 0.3867595818815331 0.08203125 0.3832752613240418 0.09375 0.3693379790940767 0.099609375 0.3693379790940767 0.1015625 0.36585365853658536 0.123046875 0.3588850174216028 0.125 0.3554006968641115 0.134765625 0.3554006968641115 0.13671875 0.3519163763066202 0.146484375 0.3519163763066202 0.1484375 0.34843205574912894 0.166015625 0.34843205574912894 0.16796875 0.34494773519163763 0.17578125 0.34494773519163763 0.177734375 0.34146341463414637
0 0.318359375 0.23344947735191637 0.3203125 0.23693379790940766 0.32421875 0.23693379790940766 0.32421875 0.24738675958188153 0.294921875 0.2508710801393728 0.29296875 0.25435540069686413 0.255859375 0.2508710801393728 0.251953125 0.24041811846689895 0.2578125 0.23693379790940766 0.26171875 0.22996515679442509 0.302734375 0.22996515679442509 0.3046875 0.23344947735191637 0.31640625 0.23344947735191637
0 0.12890625 0.4529616724738676 0.154296875 0.4529616724738676 0.154296875 0.45993031358885017 0.1484375 0.4634146341463415 0.140625 0.4738675958188153 0.126953125 0.47735191637630664 0.12109375 0.4843205574912892 0.109375 0.4843205574912892 0.1015625 0.4912891986062718 0.08203125 0.4808362369337979 0.08203125 0.4738675958188153 0.083984375 0.4738675958188153 0.0859375 0.46689895470383275 0.08984375 0.4634146341463415 0.1015625 0.4634146341463415 0.103515625 0.45993031358885017 0.126953125 0.45993031358885017 0.12890625 0.4564459930313589
0 0.294921875 0.18466898954703834 0.30078125 0.18466898954703834 0.30078125 0.1986062717770035 0.298828125 0.20209059233449478 0.28515625 0.20905923344947736 0.267578125 0.2264808362369338 0.26171875 0.2264808362369338 0.255859375 0.23344947735191637 0.25 0.23344947735191637 0.248046875 0.23693379790940766 0.234375 0.23693379790940766 0.232421875 0.24041811846689895 0.21484375 0.24041811846689895 0.212890625 0.23693379790940766 0.212890625 0.23344947735191637 0.22265625 0.21951219512195122 0.228515625 0.21951219512195122 0.23828125 0.20905923344947736 0.25 0.20557491289198607 0.251953125 0.20209059233449478 0.2578125 0.20209059233449478 0.259765625 0.1986062717770035 0.26953125 0.1986062717770035 0.279296875 0.1916376306620209 0.29296875 0.1916376306620209 0.294921875 0.18815331010452963
0 0.640625 0.37630662020905925 0.63671875 0.3867595818815331 0.63671875 0.397212543554007 0.634765625 0.397212543554007 0.62890625 0.41114982578397213 0.625 0.41114982578397213 0.623046875 0.4146341463414634 0.603515625 0.4146341463414634 0.59375 0.4076655052264808 0.59375 0.40418118466898956 0.599609375 0.40069686411149824 0.603515625 0.39372822299651566 0.615234375 0.3902439024390244 0.619140625 0.3832752613240418 0.630859375 0.3797909407665505 0.6328125 0.37630662020905925 0.638671875 0.37630662020905925
0 0.880859375 0.5400696864111498 0.884765625 0.5365853658536586 0.91015625 0.5365853658536586 0.912109375 0.5400696864111498 0.927734375 0.5400696864111498 0.9296875 0.5435540069686411 0.951171875 0.5470383275261324 0.953125 0.5505226480836237 0.966796875 0.554006968641115 0.978515625 0.5644599303135889 0.984375 0.5644599303135889 0.98828125 0.5679442508710801 0.98828125 0.578397212543554 0.984375 0.5818815331010453 0.97265625 0.5818815331010453 0.970703125 0.578397212543554 0.935546875 0.578397212543554 0.93359375 0.5749128919860628 0.91796875 0.5749128919860628 0.916015625 0.5714285714285714 0.908203125 0.5714285714285714 0.90234375 0.5644599303135889 0.888671875 0.5609756097560976 0.880859375 0.5505226480836237 0.880859375 0.5435540069686411
0 0.662109375 0.20209059233449478 0.6640625 0.20557491289198607 0.669921875 0.20557491289198607 0.669921875 0.21951219512195122 0.66015625 0.2264808362369338 0.646484375 0.2264808362369338 0.64453125 0.22996515679442509 0.625 0.22996515679442509 0.6171875 0.2229965156794425 0.611328125 0.2229965156794425 0.60546875 0.21254355400696864 0.60546875 0.20557491289198607 0.65625 0.20557491289198607 0.66015625 0.20209059233449478
0 0.478515625 0.4076655052264808 0.494140625 0.4076655052264808 0.494140625 0.4250871080139373 0.482421875 0.4250871080139373 0.48046875 0.42857142857142855 0.46875 0.4250871080139373 0.46875 0.4146341463414634 0.4765625 0.4146341463414634 0.478515625 0.41114982578397213
0 0.587890625 0.3170731707317073 0.58984375 0.3205574912891986 0.58984375 0.33797909407665505 0.5859375 0.34146341463414637 0.564453125 0.34146341463414637 0.548828125 0.3240418118466899 0.552734375 0.3205574912891986 0.55859375 0.3205574912891986 0.560546875 0.3170731707317073 0.5859375 0.3170731707317073
0 0.62890625 0.3797909407665505 0.634765625 0.3797909407665505 0.634765625 0.4076655052264808 0.6328125 0.41114982578397213 0.623046875 0.41114982578397213 0.62109375 0.4146341463414634 0.60546875 0.4146341463414634 0.603515625 0.41114982578397213 0.59765625 0.41114982578397213 0.599609375 0.40418118466898956 0.603515625 0.40418118466898956 0.611328125 0.39372822299651566 0.6171875 0.39372822299651566 0.62890625 0.3832752613240418
0 0.142578125 0.2682926829268293 0.14453125 0.27177700348432055 0.162109375 0.27526132404181186 0.1640625 0.2787456445993031 0.1640625 0.2926829268292683 0.16015625 0.289198606271777 0.138671875 0.289198606271777 0.13671875 0.2926829268292683 0.13671875 0.2961672473867596 0.142578125 0.30662020905923343 0.142578125 0.3240418118466899 0.130859375 0.3240418118466899 0.130859375 0.3205574912891986 0.126953125 0.3170731707317073 0.115234375 0.2926829268292683 0.1015625 0.2926829268292683 0.099609375 0.2961672473867596 0.09765625 0.2926829268292683 0.072265625 0.2926829268292683 0.060546875 0.28222996515679444 0.0625 0.28222996515679444 0.064453125 0.27526132404181186 0.068359375 0.27177700348432055 0.072265625 0.27177700348432055 0.07421875 0.2682926829268293 0.083984375 0.2682926829268293 0.0859375 0.26480836236933797 0.134765625 0.26480836236933797 0.13671875 0.2682926829268293 0.140625 0.2682926829268293
0 0.376953125 0.6376306620209059 0.37890625 0.6376306620209059 0.384765625 0.627177700348432 0.388671875 0.627177700348432 0.392578125 0.6202090592334495 0.40234375 0.6132404181184669 0.40234375 0.6411149825783972 0.3984375 0.6515679442508711 0.3984375 0.662020905923345 0.396484375 0.6655052264808362 0.400390625 0.7003484320557491 0.3984375 0.7073170731707317 0.388671875 0.7142857142857143 0.380859375 0.7142857142857143 0.37890625 0.710801393728223 0.36328125 0.710801393728223 0.361328125 0.7142857142857143 0.345703125 0.7142857142857143 0.34375 0.7177700348432056 0.337890625 0.7177700348432056 0.333984375 0.7212543554006968 0.330078125 0.7177700348432056 0.33203125 0.710801393728223 0.33203125 0.7003484320557491 0.328125 0.6933797909407665 0.322265625 0.6898954703832753 0.310546875 0.6689895470383276 0.310546875 0.6655052264808362 0.330078125 0.6655052264808362 0.33203125 0.6689895470383276 0.357421875 0.6724738675958188 0.361328125 0.6655052264808362 0.3671875 0.662020905923345 0.37109375 0.6480836236933798 0.376953125 0.6411149825783972
0 0.712890625 0.17073170731707318 0.720703125 0.17073170731707318 0.72265625 0.17770034843205576 0.728515625 0.18118466898954705 0.73828125 0.1951219512195122 0.74609375 0.1986062717770035 0.75 0.20557491289198607 0.75 0.2229965156794425 0.73046875 0.2264808362369338 0.728515625 0.22996515679442509 0.703125 0.22996515679442509 0.697265625 0.2229965156794425 0.689453125 0.2229965156794425 0.685546875 0.20905923344947736 0.68359375 0.20557491289198607 0.677734375 0.20557491289198607 0.677734375 0.20209059233449478 0.685546875 0.1951219512195122 0.69140625 0.1951219512195122 0.701171875 0.18118466898954705 0.705078125 0.18118466898954705 0.712890625 0.17421602787456447
0 0.24609375 0.34494773519163763 0.25 0.34843205574912894 0.25 0.3588850174216028 0.248046875 0.3623693379790941 0.236328125 0.3623693379790941 0.234375 0.36585365853658536 0.208984375 0.36585365853658536 0.201171875 0.3588850174216028 0.2109375 0.3519163763066202 0.216796875 0.3519163763066202 0.21875 0.34843205574912894 0.224609375 0.34843205574912894 0.2265625 0.34494773519163763 0.244140625 0.34494773519163763
0 0.41015625 0.4634146341463415 0.4140625 0.4634146341463415 0.4140625 0.4808362369337979 0.41015625 0.4843205574912892 0.388671875 0.4843205574912892 0.384765625 0.4808362369337979 0.3984375 0.47038327526132406 0.408203125 0.47038327526132406 0.41015625 0.46689895470383275
0 0.3671875 0.42160278745644597 0.37109375 0.4181184668989547 0.37890625 0.4181184668989547 0.380859375 0.4146341463414634 0.4140625 0.4146341463414634 0.416015625 0.4181184668989547 0.416015625 0.4355400696864111 0.408203125 0.4355400696864111 0.40625 0.43902439024390244 0.37890625 0.43902439024390244 0.376953125 0.4355400696864111 0.369140625 0.4355400696864111 0.3671875 0.43205574912891986 0.3671875 0.4250871080139373