0 0.609375 0.6351851851851852 0.016666666666666666 0.06851851851851852
0 0.564453125 0.6736111111111112 0.56640625 0.6736111111111112 0.56640625 0.71875 0.564453125 0.7256944444444444 0.5625 0.7256944444444444 0.5625 0.7013888888888888 0.564453125 0.6979166666666666 0.5625 0.6909722222222222 0.5625 0.6805555555555556 0.564453125 0.6770833333333334
0 0.4765625 0.3194444444444444 0.478515625 0.3194444444444444 0.482421875 0.3298611111111111 0.482421875 0.3333333333333333 0.48046875 0.3333333333333333 0.4765625 0.3229166666666667
0 0.501953125 0.4270833333333333 0.50390625 0.4270833333333333 0.51171875 0.4409722222222222 0.51171875 0.4513888888888889 0.509765625 0.4513888888888889 0.50390625 0.4305555555555556
0 0.6364583333333333 0.9125000000000001 0.009375 0.030555555555555558
0 0.564453125 0.6944444444444444 0.56640625 0.7013888888888888 0.56640625 0.71875 0.564453125 0.7256944444444444 0.5625 0.7256944444444444 0.5625 0.7048611111111112 0.564453125 0.6979166666666666
0 0.560546875 0.1423611111111111 0.564453125 0.1423611111111111 0.568359375 0.14930555555555555 0.576171875 0.1527777777777778 0.583984375 0.16666666666666666 0.58984375 0.1840277777777778 0.58984375 0.20833333333333334 0.587890625 0.21180555555555555 0.587890625 0.22569444444444445 0.5859375 0.22916666666666666 0.5859375 0.2673611111111111 0.578125 0.2569444444444444 0.57421875 0.2604166666666667 0.57421875 0.2534722222222222 0.580078125 0.24305555555555555 0.580078125 0.22916666666666666 0.5703125 0.19791666666666666 0.5703125 0.1909722222222222 0.56640625 0.1840277777777778 0.5625 0.1840277777777778 0.560546875 0.1875 0.564453125 0.17708333333333334 0.560546875 0.16319444444444445 0.560546875 0.14583333333333334
0 0.34375 0.9449074074074074 0.004166666666666667 0.012037037037037037
0 0.45703125 0.3958333333333333 0.458984375 0.3958333333333333 0.46484375 0.40625 0.46484375 0.4097222222222222 0.462890625 0.4097222222222222 0.458984375 0.3993055555555556
0 0.609375 0.5347222222222222 0.615234375 0.5347222222222222 0.615234375 0.5451388888888888 0.619140625 0.5555555555555556 0.619140625 0.5833333333333334 0.61328125 0.59375 0.609375 0.59375 0.607421875 0.5902777777777778 0.607421875 0.5555555555555556 0.609375 0.5520833333333334 0.609375 0.5381944444444444
0 0.455078125 0.3541666666666667 0.45703125 0.3541666666666667 0.45703125 0.3576388888888889 0.46484375 0.3715277777777778 0.4609375 0.3715277777777778 0.455078125 0.3576388888888889
0 0.4921875 0.0763888888888889 0.5078125 0.0798611111111111 0.501953125 0.08680555555555555 0.501953125 0.10069444444444445 0.505859375 0.1111111111111111 0.505859375 0.12152777777777778 0.50390625 0.125 0.50390625 0.13541666666666666 0.498046875 0.1527777777777778 0.490234375 0.16319444444444445 0.484375 0.16319444444444445 0.482421875 0.1597222222222222 0.482421875 0.13541666666666666 0.48046875 0.13194444444444445 0.48046875 0.12152777777777778 0.486328125 0.11458333333333333 0.490234375 0.09722222222222222 0.49609375 0.09027777777777778 0.49609375 0.08333333333333333 0.494140625 0.0798611111111111
0 0.4609375 0.3194444444444444 0.462890625 0.3194444444444444 0.46875 0.3402777777777778 0.466796875 0.3472222222222222 0.46484375 0.3333333333333333 0.4609375 0.3229166666666667
0 0.51953125 0.6631944444444444 0.52734375 0.6909722222222222 0.52734375 0.7118055555555556 0.525390625 0.7118055555555556 0.521484375 0.7013888888888888 0.521484375 0.6875 0.51953125 0.6840277777777778 0.51953125 0.6736111111111112 0.517578125 0.6666666666666666
0 0.65234375 0.125 0.65625 0.125 0.65625 0.13194444444444445 0.658203125 0.13541666666666666 0.658203125 0.15625 0.65625 0.15625 0.654296875 0.1527777777777778 0.65234375 0.1284722222222222
0 0.478515625 0.7013888888888888 0.484375 0.7291666666666666 0.48046875 0.7291666666666666 0.4765625 0.7222222222222222 0.4765625 0.7048611111111112
0 0.59375 0.6875 0.6015625 0.6875 0.60546875 0.7013888888888888 0.60546875 0.7152777777777778 0.603515625 0.71875 0.59375 0.71875 0.591796875 0.7152777777777778 0.591796875 0.6944444444444444 0.59375 0.6909722222222222
0 0.625 0.5763888888888888 0.63671875 0.5763888888888888 0.634765625 0.5798611111111112 0.63671875 0.6319444444444444 0.634765625 0.6354166666666666 0.634765625 0.6493055555555556 0.630859375 0.6527777777777778 0.626953125 0.6493055555555556 0.626953125 0.6423611111111112 0.625 0.6388888888888888 0.625 0.5902777777777778 0.626953125 0.5868055555555556 0.625 0.5798611111111112
0 0.470703125 0.6840277777777778 0.474609375 0.6840277777777778 0.478515625 0.6944444444444444 0.474609375 0.7048611111111112 0.470703125 0.7048611111111112 0.470703125 0.6875
0 0.470703125 0.3715277777777778 0.47265625 0.3715277777777778 0.47265625 0.3784722222222222 0.474609375 0.3819444444444444 0.474609375 0.3888888888888889 0.47265625 0.3923611111111111 0.470703125 0.3888888888888889 0.470703125 0.375
0 0.529296875 0.34375 0.53515625 0.34375 0.53515625 0.3645833333333333 0.537109375 0.3680555555555556 0.53515625 0.3715277777777778 0.53515625 0.3854166666666667 0.533203125 0.3888888888888889 0.53125 0.3854166666666667 0.53125 0.3506944444444444 0.529296875 0.3472222222222222
0 0.4765625 0.3854166666666667 0.482421875 0.3854166666666667 0.482421875 0.3958333333333333 0.48046875 0.3958333333333333 0.478515625 0.3888888888888889
0 0.6494791666666666 0.9583333333333334 0.008333333333333333 0.053703703703703705
0 0.48046875 0.6736111111111112 0.486328125 0.6805555555555556 0.484375 0.6944444444444444 0.48046875 0.6979166666666666 0.478515625 0.6909722222222222 0.478515625 0.6770833333333334
0 0.494140625 0.3888888888888889 0.5 0.3888888888888889 0.50390625 0.3958333333333333 0.50390625 0.40625 0.49609375 0.3923611111111111
0 0.546875 0.4131944444444444 0.548828125 0.4166666666666667 0.56640625 0.4166666666666667 0.56640625 0.4201388888888889 0.548828125 0.4201388888888889 0.544921875 0.4236111111111111 0.544921875 0.4166666666666667
0 0.48828125 0.3159722222222222 0.490234375 0.3159722222222222 0.490234375 0.34375 0.48828125 0.34375 0.48828125 0.3194444444444444
0 0.498046875 0.3368055555555556 0.5 0.3368055555555556 0.5 0.3680555555555556 0.498046875 0.3715277777777778 0.498046875 0.3402777777777778
0 0.4953125 0.37546296296296294 0.00625 0.010185185185185184
0 0.55078125 0.6597222222222222 0.576171875 0.6597222222222222 0.576171875 0.6631944444444444 0.55078125 0.6631944444444444
0 0.50390625 0.6805555555555556 0.5078125 0.6805555555555556 0.5078125 0.6875 0.51171875 0.7013888888888888 0.51171875 0.7222222222222222 0.513671875 0.7256944444444444 0.513671875 0.7604166666666666 0.51171875 0.7604166666666666 0.509765625 0.7361111111111112 0.505859375 0.7256944444444444 0.505859375 0.6875 0.50390625 0.6840277777777778
0 0.55078125 0.6805555555555556 0.552734375 0.6805555555555556 0.55078125 0.6944444444444444 0.548828125 0.6979166666666666 0.55078125 0.6840277777777778