0 0.60546875 0.5520833333333334 0.607421875 0.5555555555555556 0.623046875 0.5555555555555556 0.62109375 0.5625 0.623046875 0.5694444444444444 0.623046875 0.6215277777777778 0.619140625 0.6215277777777778 0.6171875 0.625 0.611328125 0.625 0.611328125 0.6145833333333334 0.607421875 0.6111111111111112 0.607421875 0.5590277777777778 0.60546875 0.5555555555555556
0 0.546875 0.7222222222222222 0.548828125 0.7222222222222222 0.548828125 0.7430555555555556 0.546875 0.7465277777777778 0.54296875 0.7465277777777778 0.54296875 0.7395833333333334 0.546875 0.7361111111111112 0.546875 0.7256944444444444
0 0.431640625 0.7048611111111112 0.443359375 0.7048611111111112 0.44921875 0.7118055555555556 0.44921875 0.75 0.44921875 0.7430555555555556 0.435546875 0.7222222222222222 0.435546875 0.7118055555555556 0.431640625 0.7083333333333334
0 0.595703125 0.7604166666666666 0.595703125 0.78125 0.58984375 0.7881944444444444 0.587890625 0.7847222222222222 0.580078125 0.7847222222222222 0.58203125 0.7777777777777778 0.578125 0.7743055555555556 0.5859375 0.7708333333333334 0.591796875 0.7604166666666666 0.59375 0.7604166666666666
0 0.396484375 0 0.404296875 0 0.40234375 0.003472222222222222 0.40234375 0.027777777777777776 0.400390625 0.034722222222222224 0.3984375 0.034722222222222224 0.3984375 0.024305555555555556 0.396484375 0.020833333333333332 0.396484375 0.003472222222222222
0 0.462890625 0.3715277777777778 0.46484375 0.3715277777777778 0.46484375 0.375 0.46875 0.3784722222222222 0.46875 0.3819444444444444 0.47265625 0.3854166666666667 0.474609375 0.3923611111111111 0.4765625 0.3923611111111111 0.4765625 0.4027777777777778 0.474609375 0.40625 0.462890625 0.3958333333333333 0.462890625 0.375
0 0.630859375 0.6180555555555556 0.6328125 0.6180555555555556 0.6328125 0.6215277777777778 0.63671875 0.625 0.63671875 0.6319444444444444 0.640625 0.6354166666666666 0.640625 0.6631944444444444 0.6328125 0.6701388888888888 0.626953125 0.6631944444444444 0.626953125 0.625 0.630859375 0.6215277777777778
0 0.6484375 0.1388888888888889 0.6484375 0.1701388888888889 0.6484375 0.1527777777777778 0.646484375 0.14930555555555555 0.642578125 0.14930555555555555 0.642578125 0.1423611111111111 0.646484375 0.1423611111111111
0 0.560546875 0.1875 0.56640625 0.19444444444444445 0.572265625 0.19444444444444445 0.578125 0.2048611111111111 0.578125 0.20833333333333334 0.5859375 0.21875 0.58984375 0.2326388888888889 0.58984375 0.2951388888888889 0.587890625 0.2986111111111111 0.58984375 0.3402777777777778 0.587890625 0.3402777777777778 0.58984375 0.3368055555555556 0.5859375 0.3298611111111111 0.572265625 0.3298611111111111 0.572265625 0.3263888888888889 0.580078125 0.3125 0.580078125 0.2986111111111111 0.572265625 0.28125 0.5703125 0.2708333333333333 0.56640625 0.2673611111111111 0.564453125 0.2534722222222222 0.560546875 0.2465277777777778 0.556640625 0.2465277777777778 0.55859375 0.23958333333333334 0.556640625 0.1909722222222222 0.55859375 0.1909722222222222
0 0.419921875 0.3333333333333333 0.423828125 0.3333333333333333 0.42578125 0.3472222222222222 0.4296875 0.3506944444444444 0.4296875 0.3680555555555556 0.42578125 0.3715277777777778 0.42578125 0.3645833333333333 0.421875 0.3611111111111111 0.421875 0.3506944444444444 0.419921875 0.34375 0.416015625 0.3402777777777778 0.419921875 0.3368055555555556
0 0.4375 0.2881944444444444 0.44140625 0.2881944444444444 0.44140625 0.3194444444444444 0.439453125 0.3263888888888889 0.4375 0.3263888888888889 0.435546875 0.3194444444444444 0.431640625 0.3194444444444444 0.431640625 0.2951388888888889 0.435546875 0.2951388888888889 0.4375 0.2916666666666667
0 0.59765625 0.5416666666666666 0.60546875 0.5416666666666666 0.60546875 0.5729166666666666 0.607421875 0.5763888888888888 0.60546875 0.6076388888888888 0.6015625 0.6111111111111112 0.595703125 0.6111111111111112 0.59375 0.6076388888888888 0.59375 0.6006944444444444 0.591796875 0.5972222222222222 0.59375 0.5659722222222222 0.595703125 0.5659722222222222 0.6015625 0.5520833333333334 0.59765625 0.5451388888888888
0 0.4765625 0.05555555555555555 0.48046875 0.05555555555555555 0.482421875 0.059027777777777776 0.4921875 0.059027777777777776 0.494140625 0.05555555555555555 0.494140625 0.06597222222222222 0.48828125 0.0763888888888889 0.4921875 0.09375 0.490234375 0.09722222222222222 0.490234375 0.10416666666666667 0.478515625 0.1284722222222222 0.462890625 0.1388888888888889 0.458984375 0.13541666666666666 0.458984375 0.1076388888888889 0.45703125 0.10416666666666667 0.45703125 0.09722222222222222 0.453125 0.09375 0.462890625 0.09375 0.474609375 0.0798611111111111 0.478515625 0.07291666666666667 0.4765625 0.059027777777777776
0 0.46875 0.4340277777777778 0.47265625 0.4340277777777778 0.478515625 0.4409722222222222 0.48046875 0.4479166666666667 0.48046875 0.4618055555555556 0.4765625 0.4618055555555556 0.474609375 0.4479166666666667 0.470703125 0.4444444444444444 0.46875 0.4375
0 0.447265625 0.2951388888888889 0.45703125 0.2951388888888889 0.45703125 0.3194444444444444 0.453125 0.3263888888888889 0.453125 0.3194444444444444 0.451171875 0.3159722222222222 0.447265625 0.3159722222222222 0.447265625 0.2986111111111111
0 0.48828125 0.6631944444444444 0.490234375 0.6666666666666666 0.490234375 0.6944444444444444 0.48828125 0.6979166666666666 0.486328125 0.6979166666666666 0.48828125 0.6979166666666666 0.490234375 0.6909722222222222 0.484375 0.6840277777777778 0.482421875 0.6770833333333334 0.482421875 0.6631944444444444 0.4765625 0.65625 0.4765625 0.6527777777777778 0.48046875 0.6493055555555556 0.486328125 0.6631944444444444
0 0.607421875 0 0.62109375 0 0.62109375 0.059027777777777776 0.615234375 0.05555555555555555 0.615234375 0.04513888888888889 0.611328125 0.041666666666666664 0.611328125 0.027777777777777776 0.607421875 0.024305555555555556 0.607421875 0.003472222222222222
0 0.44140625 0.3576388888888889 0.4453125 0.3576388888888889 0.4453125 0.3680555555555556 0.44921875 0.3715277777777778 0.44921875 0.375 0.453125 0.3784722222222222 0.455078125 0.3854166666666667 0.455078125 0.3958333333333333 0.453125 0.3993055555555556 0.44921875 0.3923611111111111 0.4453125 0.3923611111111111 0.4453125 0.3854166666666667 0.44140625 0.3819444444444444 0.44140625 0.3611111111111111
0 0.53125 0.7083333333333334 0.533203125 0.7083333333333334 0.53515625 0.7152777777777778 0.5625 0.7152777777777778 0.5625 0.71875 0.537109375 0.71875 0.53125 0.7256944444444444 0.529296875 0.71875 0.53125 0.7118055555555556
0 0.466796875 0.6701388888888888 0.47265625 0.6701388888888888 0.474609375 0.6736111111111112 0.474609375 0.6805555555555556 0.478515625 0.6840277777777778 0.48046875 0.6909722222222222 0.48046875 0.71875 0.4765625 0.7222222222222222 0.474609375 0.7152777777777778 0.474609375 0.7048611111111112 0.47265625 0.7013888888888888 0.47265625 0.6875 0.46875 0.6840277777777778 0.46875 0.6770833333333334 0.466796875 0.6736111111111112
0 0.427734375 0.3819444444444444 0.431640625 0.3819444444444444 0.431640625 0.40625 0.427734375 0.3993055555555556 0.427734375 0.3854166666666667
0 0.46875 0.7152777777777778 0.474609375 0.7152777777777778 0.478515625 0.71875 0.478515625 0.7430555555555556 0.48046875 0.75 0.4765625 0.7534722222222222 0.474609375 0.7326388888888888 0.470703125 0.7291666666666666 0.47265625 0.7291666666666666 0.474609375 0.7222222222222222 0.470703125 0.71875
0 0.634765625 0.5520833333333334 0.640625 0.5520833333333334 0.642578125 0.5555555555555556 0.64453125 0.5520833333333334 0.6484375 0.5520833333333334 0.6484375 0.6111111111111112 0.64453125 0.6111111111111112 0.6484375 0.6076388888888888 0.64453125 0.6041666666666666 0.642578125 0.5659722222222222 0.638671875 0.5590277777777778 0.634765625 0.5590277777777778 0.634765625 0.5555555555555556
0 0.44140625 0.6944444444444444 0.447265625 0.6944444444444444 0.451171875 0.6979166666666666 0.451171875 0.7256944444444444 0.44921875 0.7256944444444444 0.44921875 0.7222222222222222 0.4453125 0.71875 0.4453125 0.7118055555555556 0.44140625 0.7083333333333334 0.44140625 0.6979166666666666
0 0.603515625 0.6145833333333334 0.609375 0.6145833333333334 0.609375 0.6736111111111112 0.60546875 0.6805555555555556 0.599609375 0.6805555555555556 0.59765625 0.6840277777777778 0.591796875 0.6840277777777778 0.591796875 0.6805555555555556 0.587890625 0.6770833333333334 0.587890625 0.6631944444444444 0.591796875 0.6597222222222222 0.59375 0.6423611111111112 0.599609375 0.6354166666666666 0.603515625 0.6180555555555556
0 0.458984375 0.3020833333333333 0.46875 0.3020833333333333 0.46875 0.3229166666666667 0.466796875 0.3263888888888889 0.46484375 0.3229166666666667 0.46484375 0.3055555555555556 0.4609375 0.3020833333333333
0 0.474609375 0.3159722222222222 0.478515625 0.3159722222222222 0.478515625 0.3541666666666667 0.474609375 0.3576388888888889 0.474609375 0.34375 0.47265625 0.3402777777777778 0.46875 0.3402777777777778 0.47265625 0.3402777777777778 0.474609375 0.3368055555555556 0.47265625 0.3333333333333333 0.46875 0.3333333333333333 0.46875 0.3229166666666667 0.47265625 0.3229166666666667 0.474609375 0.3194444444444444
0 0.505859375 0.3229166666666667 0.51171875 0.3229166666666667 0.51171875 0.3715277777777778 0.509765625 0.375 0.5078125 0.375 0.509765625 0.3715277777777778 0.505859375 0.3680555555555556 0.505859375 0.34375 0.509765625 0.3402777777777778 0.509765625 0.3333333333333333 0.505859375 0.3298611111111111 0.505859375 0.3263888888888889