0 0.375 0.4861111111111111 0.375 0.4791666666666667 0.376953125 0.4756944444444444 0.3828125 0.4756944444444444 0.384765625 0.4722222222222222 0.388671875 0.4722222222222222 0.388671875 0.4791666666666667 0.3828125 0.4861111111111111 0.376953125 0.4861111111111111
0 0.630859375 0.5173611111111112 0.630859375 0.5104166666666666 0.638671875 0.5 0.65625 0.5 0.658203125 0.5034722222222222 0.658203125 0.5243055555555556 0.642578125 0.5243055555555556 0.6328125 0.5173611111111112
0 0.509765625 0.13194444444444445 0.513671875 0.1284722222222222 0.51953125 0.1284722222222222 0.5234375 0.13541666666666666 0.521484375 0.1423611111111111 0.515625 0.1423611111111111 0.509765625 0.13541666666666666
0 0.369140625 0.4375 0.375 0.4375 0.38671875 0.4479166666666667 0.392578125 0.4479166666666667 0.40234375 0.4375 0.4140625 0.4375 0.431640625 0.4618055555555556 0.416015625 0.46875 0.4140625 0.4652777777777778 0.404296875 0.4652777777777778 0.40234375 0.4618055555555556 0.390625 0.4583333333333333 0.3828125 0.4756944444444444 0.37890625 0.4756944444444444 0.380859375 0.46875 0.380859375 0.4548611111111111 0.37109375 0.4375
0 0.35885416666666664 0.7018518518518518 0.014583333333333334 0.018518518518518517
0 0.513671875 0.16666666666666666 0.513671875 0.1736111111111111 0.51171875 0.17708333333333334 0.50390625 0.17708333333333334 0.501953125 0.1736111111111111 0.505859375 0.16666666666666666 0.51171875 0.16666666666666666
0 0.580078125 0.9097222222222222 0.591796875 0.9270833333333334 0.59375 0.9409722222222222 0.599609375 0.9513888888888888 0.609375 0.9513888888888888 0.60546875 0.9548611111111112 0.599609375 0.9652777777777778 0.599609375 0.96875 0.59765625 0.96875 0.591796875 0.9583333333333334 0.580078125 0.9583333333333334 0.578125 0.9548611111111112 0.572265625 0.9618055555555556 0.568359375 0.9479166666666666 0.556640625 0.9305555555555556 0.55859375 0.9166666666666666 0.564453125 0.9097222222222222 0.568359375 0.9097222222222222 0.5703125 0.90625 0.576171875 0.90625 0.578125 0.9097222222222222
0 0.564453125 0.1527777777777778 0.568359375 0.16666666666666666 0.56640625 0.1736111111111111 0.5546875 0.1736111111111111 0.552734375 0.1701388888888889 0.537109375 0.16319444444444445 0.537109375 0.1597222222222222 0.54296875 0.1527777777777778 0.546875 0.15625 0.55859375 0.15625 0.5625 0.1527777777777778
0 0.478515625 0.40625 0.484375 0.4131944444444444 0.484375 0.4340277777777778 0.482421875 0.4340277777777778 0.478515625 0.4201388888888889 0.478515625 0.4097222222222222
0 0.52734375 0.5694444444444444 0.533203125 0.5763888888888888 0.533203125 0.5833333333333334 0.53515625 0.5868055555555556 0.53515625 0.6041666666666666 0.533203125 0.6076388888888888 0.52734375 0.5972222222222222 0.525390625 0.5833333333333334 0.521484375 0.5729166666666666 0.525390625 0.5694444444444444
0 0.623046875 0.8541666666666666 0.619140625 0.84375 0.619140625 0.8333333333333334 0.62890625 0.8194444444444444 0.630859375 0.8194444444444444 0.630859375 0.8472222222222222 0.6328125 0.8506944444444444 0.626953125 0.8576388888888888 0.625 0.8541666666666666
0 0.45703125 0.1597222222222222 0.4609375 0.16319444444444445 0.458984375 0.1701388888888889 0.44921875 0.1701388888888889 0.447265625 0.16666666666666666 0.44921875 0.1597222222222222 0.455078125 0.1597222222222222
0 0.6515625 0.4615740740740741 0.013541666666666667 0.045370370370370366
0 0.34375 0.53125 0.34375 0.5138888888888888 0.34765625 0.5069444444444444 0.349609375 0.5069444444444444 0.3515625 0.5208333333333334 0.349609375 0.5277777777777778 0.345703125 0.53125
0 0.3515625 0.4513888888888889 0.353515625 0.4444444444444444 0.357421875 0.4409722222222222 0.359375 0.4444444444444444 0.357421875 0.4513888888888889 0.353515625 0.4548611111111111
0 0.48046875 0.3715277777777778 0.482421875 0.3854166666666667 0.486328125 0.3958333333333333 0.484375 0.3993055555555556 0.478515625 0.3993055555555556 0.4765625 0.3958333333333333 0.4765625 0.3784722222222222 0.478515625 0.375
0 0.37890625 0.11458333333333333 0.3828125 0.1111111111111111 0.388671875 0.1111111111111111 0.39453125 0.11805555555555555 0.39453125 0.125 0.390625 0.1284722222222222 0.37890625 0.11805555555555555
0 0.435546875 0.7083333333333334 0.435546875 0.7256944444444444 0.4296875 0.7256944444444444 0.427734375 0.7291666666666666 0.412109375 0.7291666666666666 0.41015625 0.7256944444444444 0.40625 0.7256944444444444 0.404296875 0.71875 0.412109375 0.7048611111111112 0.42578125 0.7048611111111112 0.4296875 0.7118055555555556 0.43359375 0.7118055555555556
0 0.55078125 0.8402777777777778 0.552734375 0.8402777777777778 0.5546875 0.8541666666666666 0.548828125 0.8645833333333334 0.541015625 0.8680555555555556 0.541015625 0.8576388888888888 0.54296875 0.8576388888888888 0.55078125 0.84375
0 0.646484375 0.10069444444444445 0.6484375 0.10069444444444445 0.646484375 0.1076388888888889 0.638671875 0.12152777777777778 0.626953125 0.13194444444444445 0.623046875 0.1388888888888889 0.62109375 0.14930555555555555 0.609375 0.16319444444444445 0.595703125 0.16319444444444445 0.587890625 0.15625 0.58203125 0.14583333333333334 0.58203125 0.1388888888888889 0.572265625 0.1076388888888889 0.578125 0.09722222222222222 0.587890625 0.1076388888888889 0.595703125 0.1076388888888889 0.59765625 0.1111111111111111 0.626953125 0.1111111111111111 0.62890625 0.11458333333333333 0.638671875 0.11458333333333333 0.64453125 0.10416666666666667
0 0.521484375 0.3368055555555556 0.525390625 0.3402777777777778 0.52734375 0.3541666666666667 0.5234375 0.3576388888888889 0.521484375 0.3541666666666667 0.51171875 0.3506944444444444 0.515625 0.3402777777777778 0.51953125 0.3402777777777778
0 0.46875 0.5243055555555556 0.47265625 0.5138888888888888 0.482421875 0.5138888888888888 0.484375 0.5173611111111112 0.48828125 0.5173611111111112 0.490234375 0.5243055555555556 0.484375 0.5243055555555556 0.48046875 0.53125 0.470703125 0.5277777777777778
0 0.640625 0.3194444444444444 0.646484375 0.3298611111111111 0.64453125 0.3368055555555556 0.640625 0.3368055555555556 0.62890625 0.3506944444444444 0.625 0.3506944444444444 0.623046875 0.3472222222222222 0.615234375 0.3472222222222222 0.61328125 0.3506944444444444 0.607421875 0.3402777777777778 0.607421875 0.3368055555555556 0.615234375 0.3333333333333333 0.626953125 0.3159722222222222 0.63671875 0.3159722222222222 0.638671875 0.3194444444444444
0 0.572265625 0.6597222222222222 0.583984375 0.6701388888888888 0.58984375 0.6701388888888888 0.591796875 0.6666666666666666 0.595703125 0.6701388888888888 0.595703125 0.6840277777777778 0.599609375 0.6875 0.603515625 0.6979166666666666 0.62890625 0.6979166666666666 0.630859375 0.7013888888888888 0.65625 0.7048611111111112 0.658203125 0.7083333333333334 0.658203125 0.8090277777777778 0.654296875 0.8090277777777778 0.6484375 0.7916666666666666 0.646484375 0.7708333333333334 0.642578125 0.7604166666666666 0.63671875 0.7534722222222222 0.6328125 0.7534722222222222 0.625 0.7465277777777778 0.619140625 0.7395833333333334 0.6171875 0.7326388888888888 0.611328125 0.7291666666666666 0.59765625 0.7118055555555556 0.580078125 0.7118055555555556 0.5703125 0.7222222222222222 0.568359375 0.71875 0.568359375 0.7083333333333334 0.5703125 0.7048611111111112 0.5703125 0.6736111111111112 0.572265625 0.6701388888888888 0.572265625 0.6631944444444444
0 0.48333333333333334 0.5666666666666667 0.00625 0.012962962962962963