0 0.888671875 0.4513888888888889 0.90234375 0.4513888888888889 0.904296875 0.4548611111111111 0.916015625 0.4583333333333333 0.9296875 0.4722222222222222 0.9375 0.4861111111111111 0.9375 0.5 0.93359375 0.5034722222222222 0.927734375 0.4930555555555556 0.89453125 0.46875 0.888671875 0.4583333333333333 0.888671875 0.4548611111111111
0 0.56171875 0.16620370370370371 0.04010416666666666 0.03240740740740741
0 0.685546875 0.19791666666666666 0.6875 0.2013888888888889 0.69921875 0.2013888888888889 0.703125 0.2048611111111111 0.703125 0.21180555555555555 0.6796875 0.21180555555555555 0.677734375 0.2152777777777778 0.66796875 0.2152777777777778 0.66015625 0.2222222222222222 0.62890625 0.21875 0.623046875 0.21180555555555555 0.623046875 0.2048611111111111 0.6328125 0.19791666666666666 0.638671875 0.19791666666666666 0.640625 0.19444444444444445 0.677734375 0.19444444444444445 0.6796875 0.19791666666666666 0.68359375 0.19791666666666666
0 0.640625 0.3472222222222222 0.642578125 0.3506944444444444 0.6484375 0.3506944444444444 0.65234375 0.3541666666666667 0.654296875 0.3576388888888889 0.654296875 0.3715277777777778 0.650390625 0.3715277777777778 0.64453125 0.3784722222222222 0.623046875 0.3784722222222222 0.62109375 0.375 0.615234375 0.375 0.61328125 0.3715277777777778 0.61328125 0.3645833333333333 0.615234375 0.3611111111111111 0.638671875 0.3506944444444444
0 0.587890625 0.17708333333333334 0.58984375 0.18055555555555555 0.59375 0.18055555555555555 0.59765625 0.1875 0.59765625 0.2013888888888889 0.59375 0.20833333333333334 0.583984375 0.20833333333333334 0.572265625 0.19444444444444445 0.5703125 0.1875 0.5703125 0.18055555555555555 0.572265625 0.17708333333333334 0.5859375 0.17708333333333334
0 0.630859375 0.6597222222222222 0.638671875 0.6666666666666666 0.64453125 0.6805555555555556 0.638671875 0.6805555555555556 0.630859375 0.6736111111111112 0.619140625 0.6736111111111112 0.607421875 0.6840277777777778 0.59375 0.6840277777777778 0.591796875 0.6805555555555556 0.580078125 0.6805555555555556 0.578125 0.6770833333333334 0.56640625 0.6770833333333334 0.564453125 0.6736111111111112 0.560546875 0.6736111111111112 0.55859375 0.6701388888888888 0.55859375 0.6631944444444444 0.5625 0.65625 0.56640625 0.65625 0.568359375 0.6527777777777778 0.6171875 0.6527777777777778 0.619140625 0.65625 0.62890625 0.6597222222222222
0 0.658203125 0.3958333333333333 0.662109375 0.40625 0.603515625 0.40625 0.59375 0.3993055555555556 0.591796875 0.3923611111111111 0.6015625 0.3854166666666667 0.630859375 0.3854166666666667 0.6328125 0.3888888888888889 0.64453125 0.3888888888888889 0.646484375 0.3923611111111111 0.65625 0.3958333333333333
0 0.470703125 0.1875 0.474609375 0.19444444444444445 0.478515625 0.19444444444444445 0.478515625 0.19791666666666666 0.46484375 0.2048611111111111 0.458984375 0.21180555555555555 0.455078125 0.21180555555555555 0.451171875 0.21875 0.435546875 0.22916666666666666 0.421875 0.2326388888888889 0.419921875 0.22916666666666666 0.416015625 0.22916666666666666 0.4140625 0.22569444444444445 0.4140625 0.21875 0.421875 0.2048611111111111 0.4296875 0.2048611111111111 0.431640625 0.2013888888888889 0.439453125 0.2013888888888889 0.44140625 0.19791666666666666 0.455078125 0.19791666666666666 0.45703125 0.19444444444444445 0.46484375 0.19444444444444445 0.46875 0.1909722222222222
0 0.46484375 0.4097222222222222 0.46484375 0.3993055555555556 0.462890625 0.3958333333333333 0.46484375 0.3888888888888889 0.494140625 0.3888888888888889 0.494140625 0.3958333333333333 0.486328125 0.40625 0.474609375 0.4097222222222222 0.47265625 0.4131944444444444 0.46875 0.4131944444444444 0.466796875 0.4097222222222222
0 0.615234375 0.2638888888888889 0.619140625 0.2604166666666667 0.64453125 0.2604166666666667 0.650390625 0.2673611111111111 0.65234375 0.2638888888888889 0.666015625 0.2638888888888889 0.671875 0.2743055555555556 0.67578125 0.2777777777777778 0.681640625 0.2777777777777778 0.685546875 0.2847222222222222 0.650390625 0.2847222222222222 0.646484375 0.2777777777777778 0.642578125 0.2847222222222222 0.625 0.2847222222222222 0.623046875 0.28125 0.619140625 0.28125 0.615234375 0.2673611111111111
0 0.56640625 0.3263888888888889 0.58203125 0.3263888888888889 0.587890625 0.3368055555555556 0.587890625 0.34375 0.591796875 0.3576388888888889 0.58984375 0.3611111111111111 0.576171875 0.3576388888888889 0.56640625 0.34375 0.56640625 0.3298611111111111
0 0.943359375 0.5902777777777778 0.947265625 0.5902777777777778 0.95703125 0.6041666666666666 0.9765625 0.6041666666666666 0.978515625 0.6006944444444444 0.99609375 0.6006944444444444 0.998046875 0.6041666666666666 0.998046875 0.6527777777777778 0.98046875 0.6527777777777778 0.978515625 0.6493055555555556 0.96875 0.6493055555555556 0.962890625 0.6597222222222222 0.958984375 0.6770833333333334 0.95703125 0.6736111111111112 0.95703125 0.6493055555555556 0.943359375 0.6076388888888888 0.943359375 0.59375
0 0.169921875 0.3611111111111111 0.171875 0.3645833333333333 0.171875 0.40625 0.16796875 0.40625 0.1640625 0.3993055555555556 0.162109375 0.4027777777777778 0.14453125 0.4027777777777778 0.14453125 0.3888888888888889 0.162109375 0.3611111111111111 0.16796875 0.3611111111111111
0 0.591796875 0.2465277777777778 0.59375 0.25 0.603515625 0.25 0.611328125 0.2604166666666667 0.591796875 0.2638888888888889 0.58984375 0.2673611111111111 0.57421875 0.2673611111111111 0.572265625 0.2708333333333333 0.564453125 0.2708333333333333 0.5625 0.2743055555555556 0.556640625 0.2708333333333333 0.552734375 0.2638888888888889 0.55078125 0.2569444444444444 0.55078125 0.25 0.552734375 0.2465277777777778 0.58984375 0.2465277777777778
0 0.09375 0.3402777777777778 0.111328125 0.34375 0.11328125 0.3472222222222222 0.125 0.3472222222222222 0.12890625 0.3506944444444444 0.126953125 0.3576388888888889 0.12109375 0.3576388888888889 0.115234375 0.3645833333333333 0.109375 0.3645833333333333 0.103515625 0.3541666666666667 0.09765625 0.3506944444444444 0.09375 0.34375
0 0.90625 0.3506944444444444 0.908203125 0.3541666666666667 0.921875 0.3541666666666667 0.927734375 0.3611111111111111 0.935546875 0.3645833333333333 0.935546875 0.3715277777777778 0.931640625 0.3784722222222222 0.86328125 0.3784722222222222 0.861328125 0.3819444444444444 0.853515625 0.3819444444444444 0.8515625 0.3854166666666667 0.83984375 0.3854166666666667 0.828125 0.3958333333333333 0.814453125 0.3958333333333333 0.80859375 0.3854166666666667 0.796875 0.3819444444444444 0.794921875 0.3784722222222222 0.794921875 0.3715277777777778 0.8046875 0.3611111111111111 0.814453125 0.3611111111111111 0.81640625 0.3576388888888889 0.841796875 0.3576388888888889 0.84375 0.3541666666666667 0.857421875 0.3541666666666667 0.859375 0.3506944444444444 0.904296875 0.3506944444444444
0 0.458984375 0.2881944444444444 0.462890625 0.2986111111111111 0.462890625 0.3159722222222222 0.4609375 0.3229166666666667 0.451171875 0.3298611111111111 0.443359375 0.3298611111111111 0.43359375 0.3159722222222222 0.43359375 0.3090277777777778 0.4375 0.3020833333333333 0.4453125 0.2986111111111111 0.451171875 0.2916666666666667 0.45703125 0.2916666666666667
0 0.17135416666666667 0.2828703703703704 0.05520833333333333 0.04722222222222222
0 0.998046875 0.375 0.998046875 0.3993055555555556 0.994140625 0.3993055555555556 0.98828125 0.3888888888888889 0.98828125 0.3784722222222222 0.990234375 0.375 0.99609375 0.375
0 0.4296875 0.2881944444444444 0.435546875 0.2777777777777778 0.447265625 0.2743055555555556 0.44921875 0.2708333333333333 0.458984375 0.2708333333333333 0.458984375 0.2881944444444444 0.455078125 0.2881944444444444 0.44140625 0.2986111111111111 0.43359375 0.2986111111111111 0.431640625 0.2916666666666667
0 0.119140625 0.4201388888888889 0.12890625 0.4305555555555556 0.150390625 0.4305555555555556 0.15234375 0.4340277777777778 0.162109375 0.4340277777777778 0.166015625 0.4375 0.166015625 0.4444444444444444 0.1640625 0.4479166666666667 0.158203125 0.4479166666666667 0.15625 0.4513888888888889 0.083984375 0.4513888888888889 0.08203125 0.4548611111111111 0.048828125 0.4548611111111111 0.044921875 0.4513888888888889 0.044921875 0.4444444444444444 0.048828125 0.4375 0.052734375 0.4375 0.05859375 0.4305555555555556 0.064453125 0.4305555555555556 0.06640625 0.4270833333333333 0.076171875 0.4270833333333333 0.078125 0.4236111111111111 0.11328125 0.4236111111111111 0.1171875 0.4201388888888889
0 0.697265625 0.4583333333333333 0.701171875 0.4652777777777778 0.677734375 0.46875 0.669921875 0.4756944444444444 0.662109375 0.4756944444444444 0.66015625 0.4791666666666667 0.640625 0.4791666666666667 0.638671875 0.4826388888888889 0.625 0.4826388888888889 0.623046875 0.4791666666666667 0.61328125 0.4791666666666667 0.609375 0.4756944444444444 0.609375 0.46875 0.6171875 0.4618055555555556 0.626953125 0.4618055555555556 0.62890625 0.4583333333333333 0.650390625 0.4583333333333333 0.65234375 0.4548611111111111 0.681640625 0.4548611111111111 0.68359375 0.4583333333333333 0.6953125 0.4583333333333333
0 0.291015625 0.6076388888888888 0.29296875 0.6111111111111112 0.30078125 0.6111111111111112 0.306640625 0.6215277777777778 0.306640625 0.6423611111111112 0.30859375 0.6458333333333334 0.30859375 0.6527777777777778 0.302734375 0.6701388888888888 0.3046875 0.6805555555555556 0.30078125 0.6909722222222222 0.287109375 0.6944444444444444 0.28125 0.7083333333333334 0.265625 0.7152777777777778 0.259765625 0.7222222222222222 0.23046875 0.7222222222222222 0.228515625 0.71875 0.21484375 0.71875 0.212890625 0.7152777777777778 0.20703125 0.7152777777777778 0.203125 0.7013888888888888 0.203125 0.6944444444444444 0.20703125 0.6875 0.21484375 0.6840277777777778 0.22265625 0.6701388888888888 0.22265625 0.6631944444444444 0.2265625 0.6527777777777778 0.228515625 0.6527777777777778 0.23828125 0.6354166666666666 0.25 0.6215277777777778 0.263671875 0.6111111111111112 0.28125 0.6111111111111112 0.283203125 0.6076388888888888 0.2890625 0.6076388888888888
0 0.990234375 0.5034722222222222 0.994140625 0.5069444444444444 0.994140625 0.5173611111111112 0.990234375 0.5208333333333334 0.984375 0.5208333333333334 0.970703125 0.53125 0.962890625 0.53125 0.9609375 0.5347222222222222 0.953125 0.5347222222222222 0.951171875 0.5381944444444444 0.94140625 0.5381944444444444 0.93359375 0.5451388888888888 0.92578125 0.5451388888888888 0.92578125 0.5381944444444444 0.9375 0.5243055555555556 0.947265625 0.5208333333333334 0.962890625 0.5069444444444444 0.98828125 0.5034722222222222
0 0.177734375 0.3125 0.197265625 0.2986111111111111 0.216796875 0.2951388888888889 0.216796875 0.3125 0.20703125 0.3263888888888889 0.197265625 0.3333333333333333 0.181640625 0.3333333333333333 0.17578125 0.3263888888888889 0.17578125 0.3194444444444444 0.177734375 0.3159722222222222
0 0.064453125 0.40625 0.0625 0.4131944444444444 0.0546875 0.4166666666666667 0.048828125 0.4270833333333333 0.046875 0.4270833333333333 0.041015625 0.4409722222222222 0.03125 0.4513888888888889 0.025390625 0.4513888888888889 0.021484375 0.4479166666666667 0.01953125 0.4409722222222222 0.01953125 0.4305555555555556 0.021484375 0.4270833333333333 0.02734375 0.4236111111111111 0.03125 0.4166666666666667 0.041015625 0.4131944444444444 0.052734375 0.3993055555555556 0.0625 0.40625
0 0.458984375 0.2708333333333333 0.458984375 0.2881944444444444 0.455078125 0.2881944444444444 0.44140625 0.2986111111111111 0.43359375 0.2986111111111111 0.4296875 0.2881944444444444 0.435546875 0.2777777777777778 0.439453125 0.2777777777777778 0.447265625 0.2708333333333333 0.45703125 0.2708333333333333
0 0.83203125 0.5347222222222222 0.830078125 0.5277777777777778 0.83203125 0.5208333333333334 0.849609375 0.5208333333333334 0.8515625 0.5243055555555556 0.859375 0.5243055555555556 0.86328125 0.53125 0.86328125 0.5520833333333334 0.861328125 0.5555555555555556 0.857421875 0.5555555555555556 0.833984375 0.5347222222222222
0 0.10546875 0.2222222222222222 0.109375 0.21875 0.126953125 0.21875 0.12890625 0.2222222222222222 0.138671875 0.2222222222222222 0.140625 0.22569444444444445 0.15234375 0.22916666666666666 0.16796875 0.24305555555555555 0.162109375 0.25 0.1484375 0.25 0.146484375 0.2534722222222222 0.142578125 0.2534722222222222 0.140625 0.25 0.125 0.25 0.109375 0.23958333333333334 0.10546875 0.2326388888888889 0.10546875 0.22569444444444445
0 0.64453125 0.3576388888888889 0.650390625 0.3715277777777778 0.646484375 0.3784722222222222 0.623046875 0.3784722222222222 0.62109375 0.375 0.615234375 0.375 0.611328125 0.3680555555555556 0.615234375 0.3611111111111111 0.619140625 0.3576388888888889 0.625 0.3576388888888889 0.626953125 0.3541666666666667 0.63671875 0.3541666666666667 0.638671875 0.3576388888888889 0.642578125 0.3576388888888889
0 0.5859375 0.3055555555555556 0.591796875 0.3125 0.591796875 0.3194444444444444 0.5859375 0.3194444444444444 0.583984375 0.3229166666666667 0.578125 0.3229166666666667 0.576171875 0.3194444444444444 0.5703125 0.3194444444444444 0.568359375 0.3229166666666667 0.533203125 0.3229166666666667 0.529296875 0.3194444444444444 0.529296875 0.3125 0.533203125 0.3020833333333333 0.578125 0.3020833333333333 0.580078125 0.3055555555555556 0.583984375 0.3055555555555556
0 0.904296875 0.5381944444444444 0.90625 0.5416666666666666 0.912109375 0.5416666666666666 0.91796875 0.5486111111111112 0.921875 0.5486111111111112 0.9375 0.5659722222222222 0.94140625 0.5659722222222222 0.943359375 0.5694444444444444 0.953125 0.5694444444444444 0.953125 0.5729166666666666 0.947265625 0.5798611111111112 0.927734375 0.5798611111111112 0.92578125 0.5763888888888888 0.90234375 0.5729166666666666 0.900390625 0.5694444444444444 0.88671875 0.5659722222222222 0.87109375 0.5520833333333334 0.8671875 0.5520833333333334 0.86328125 0.5416666666666666 0.86328125 0.5277777777777778 0.865234375 0.5243055555555556 0.884765625 0.5277777777777778 0.88671875 0.53125 0.90234375 0.5381944444444444
0 0.16796875 0.3472222222222222 0.17578125 0.3611111111111111 0.169921875 0.3611111111111111 0.16796875 0.3645833333333333 0.166015625 0.3611111111111111 0.162109375 0.3611111111111111 0.158203125 0.3680555555555556 0.154296875 0.3680555555555556 0.14453125 0.3784722222222222 0.126953125 0.3819444444444444 0.125 0.3854166666666667 0.11328125 0.3854166666666667 0.111328125 0.3819444444444444 0.107421875 0.3819444444444444 0.107421875 0.375 0.115234375 0.3611111111111111 0.119140625 0.3611111111111111 0.125 0.3541666666666667 0.142578125 0.3541666666666667 0.14453125 0.3506944444444444 0.166015625 0.3472222222222222
0 0.251953125 0.3159722222222222 0.255859375 0.3194444444444444 0.2578125 0.3333333333333333 0.25 0.3333333333333333 0.24609375 0.3368055555555556 0.236328125 0.3541666666666667 0.236328125 0.3784722222222222 0.23828125 0.3819444444444444 0.23828125 0.3888888888888889 0.23046875 0.3819444444444444 0.22265625 0.3680555555555556 0.21484375 0.3680555555555556 0.212890625 0.3715277777777778 0.19921875 0.375 0.197265625 0.3715277777777778 0.197265625 0.3645833333333333 0.208984375 0.3472222222222222 0.212890625 0.3472222222222222 0.2265625 0.3333333333333333 0.232421875 0.3333333333333333 0.240234375 0.3263888888888889 0.24609375 0.3263888888888889 0.25 0.3194444444444444
0 0.203125 0.2361111111111111 0.205078125 0.23958333333333334 0.208984375 0.2361111111111111 0.2109375 0.23958333333333334 0.228515625 0.23958333333333334 0.234375 0.25 0.236328125 0.25 0.236328125 0.2534722222222222 0.22265625 0.2534722222222222 0.220703125 0.2569444444444444 0.208984375 0.2604166666666667 0.203125 0.2673611111111111 0.19921875 0.2673611111111111 0.19140625 0.2604166666666667 0.16796875 0.2638888888888889 0.1640625 0.2604166666666667 0.162109375 0.2534722222222222 0.1640625 0.2465277777777778 0.171875 0.23958333333333334 0.201171875 0.23958333333333334
0 0.0078125 0.3541666666666667 0.03125 0.3333333333333333 0.037109375 0.3333333333333333 0.0390625 0.3298611111111111 0.052734375 0.3298611111111111 0.0546875 0.3333333333333333 0.0546875 0.3402777777777778 0.05078125 0.3541666666666667 0.04296875 0.3645833333333333 0.03515625 0.3645833333333333 0.033203125 0.3680555555555556 0.02734375 0.3680555555555556 0.021484375 0.375 0.017578125 0.375 0.009765625 0.3680555555555556 0.0078125 0.3645833333333333 0.0078125 0.3576388888888889
0 0.6328125 0.3229166666666667 0.642578125 0.3333333333333333 0.650390625 0.3333333333333333 0.65234375 0.3368055555555556 0.65234375 0.3472222222222222 0.650390625 0.3506944444444444 0.646484375 0.3506944444444444 0.64453125 0.3472222222222222 0.63671875 0.3541666666666667 0.634765625 0.3506944444444444 0.62890625 0.3506944444444444 0.623046875 0.3368055555555556 0.623046875 0.3298611111111111 0.630859375 0.3229166666666667
0 0.10546875 0.2916666666666667 0.109375 0.2986111111111111 0.109375 0.3125 0.10546875 0.3090277777777778 0.09375 0.3090277777777778 0.091796875 0.3125 0.08203125 0.3159722222222222 0.076171875 0.3229166666666667 0.06640625 0.3229166666666667 0.056640625 0.3298611111111111 0.048828125 0.3298611111111111 0.046875 0.3263888888888889 0.04296875 0.3298611111111111 0.0234375 0.3298611111111111 0.01953125 0.3194444444444444 0.025390625 0.3125 0.03515625 0.3090277777777778 0.037109375 0.3055555555555556 0.052734375 0.3020833333333333 0.0546875 0.2986111111111111 0.0703125 0.2986111111111111 0.072265625 0.2951388888888889 0.099609375 0.2951388888888889 0.103515625 0.2916666666666667
0 0.58984375 0.2777777777777778 0.059895833333333336 0.03333333333333333
0 0.869140625 0.3611111111111111 0.87109375 0.3645833333333333 0.87890625 0.3645833333333333 0.876953125 0.375 0.861328125 0.3784722222222222 0.8515625 0.3854166666666667 0.83984375 0.3854166666666667 0.828125 0.3958333333333333 0.814453125 0.3958333333333333 0.806640625 0.3854166666666667 0.796875 0.3819444444444444 0.79296875 0.375 0.796875 0.3680555555555556 0.8046875 0.3611111111111111 0.814453125 0.3611111111111111 0.81640625 0.3576388888888889 0.849609375 0.3576388888888889 0.8515625 0.3611111111111111 0.8671875 0.3611111111111111
0 0.318359375 0.5034722222222222 0.318359375 0.5173611111111112 0.3203125 0.5208333333333334 0.318359375 0.5243055555555556 0.318359375 0.5520833333333334 0.314453125 0.5590277777777778 0.314453125 0.5729166666666666 0.310546875 0.5763888888888888 0.314453125 0.5798611111111112 0.310546875 0.5798611111111112 0.30078125 0.59375 0.287109375 0.6041666666666666 0.26953125 0.6041666666666666 0.267578125 0.6076388888888888 0.26171875 0.6076388888888888 0.240234375 0.6284722222222222 0.236328125 0.6354166666666666 0.232421875 0.6354166666666666 0.22265625 0.6527777777777778 0.21875 0.6527777777777778 0.216796875 0.65625 0.208984375 0.6493055555555556 0.20703125 0.6527777777777778 0.19921875 0.6527777777777778 0.189453125 0.6597222222222222 0.185546875 0.6701388888888888 0.181640625 0.6701388888888888 0.17578125 0.6770833333333334 0.15625 0.6770833333333334 0.15625 0.6666666666666666 0.1640625 0.6597222222222222 0.162109375 0.6527777777777778 0.158203125 0.65625 0.142578125 0.65625 0.146484375 0.6458333333333334 0.150390625 0.6458333333333334 0.15234375 0.6423611111111112 0.15234375 0.6111111111111112 0.15625 0.5972222222222222 0.171875 0.5729166666666666 0.1953125 0.5486111111111112 0.19921875 0.5486111111111112 0.2109375 0.5381944444444444 0.224609375 0.5347222222222222 0.23046875 0.5277777777777778 0.234375 0.5277777777777778 0.2421875 0.5208333333333334 0.255859375 0.5173611111111112 0.2578125 0.5138888888888888 0.28125 0.5138888888888888 0.283203125 0.5104166666666666 0.294921875 0.5104166666666666 0.296875 0.5069444444444444 0.30859375 0.5069444444444444 0.310546875 0.5034722222222222 0.31640625 0.5034722222222222
0 0.548828125 0.3368055555555556 0.55078125 0.3402777777777778 0.556640625 0.3402777777777778 0.560546875 0.3472222222222222 0.556640625 0.3472222222222222 0.5546875 0.3506944444444444 0.544921875 0.3506944444444444 0.54296875 0.3541666666666667 0.533203125 0.3576388888888889 0.529296875 0.3645833333333333 0.5234375 0.3611111111111111 0.521484375 0.3541666666666667 0.521484375 0.3402777777777778 0.525390625 0.3368055555555556 0.546875 0.3368055555555556