0 0.486328125 0.3472222222222222 0.490234375 0.3472222222222222 0.4921875 0.3506944444444444 0.4921875 0.3576388888888889 0.48828125 0.3576388888888889 0.48828125 0.3506944444444444
0 0.609375 0.5798611111111112 0.615234375 0.5798611111111112 0.615234375 0.6041666666666666 0.6171875 0.6076388888888888 0.6171875 0.6319444444444444 0.611328125 0.6423611111111112 0.607421875 0.6423611111111112 0.60546875 0.6354166666666666 0.60546875 0.6111111111111112 0.609375 0.5972222222222222 0.609375 0.5833333333333334
0 0.490234375 0.7743055555555556 0.494140625 0.7743055555555556 0.49609375 0.7777777777777778 0.49609375 0.7881944444444444 0.498046875 0.7916666666666666 0.494140625 0.7951388888888888 0.490234375 0.7777777777777778
0 0.564453125 0.90625 0.568359375 0.9166666666666666 0.5703125 0.9375 0.572265625 0.9409722222222222 0.572265625 0.9548611111111112 0.5703125 0.9583333333333334 0.572265625 0.9652777777777778 0.572265625 0.9791666666666666 0.568359375 0.9791666666666666 0.56640625 0.9756944444444444 0.56640625 0.9583333333333334 0.5625 0.9444444444444444 0.5625 0.9097222222222222
0 0.515625 0.4618055555555556 0.51953125 0.46875 0.51953125 0.4756944444444444 0.521484375 0.4791666666666667 0.521484375 0.4826388888888889 0.517578125 0.4826388888888889 0.515625 0.4756944444444444 0.515625 0.4652777777777778
0 0.4583333333333333 0.036111111111111115 0.010416666666666666 0.027777777777777776
0 0.484375 0.10069444444444445 0.48828125 0.10416666666666667 0.494140625 0.10416666666666667 0.49609375 0.1076388888888889 0.501953125 0.1076388888888889 0.5 0.1076388888888889 0.494140625 0.11805555555555555 0.494140625 0.13541666666666666 0.498046875 0.14930555555555555 0.498046875 0.16666666666666666 0.494140625 0.17708333333333334 0.494140625 0.1840277777777778 0.48828125 0.19444444444444445 0.48828125 0.19791666666666666 0.48046875 0.2048611111111111 0.4765625 0.2013888888888889 0.474609375 0.19444444444444445 0.474609375 0.1701388888888889 0.47265625 0.16319444444444445 0.48046875 0.14930555555555555 0.482421875 0.13541666666666666 0.48828125 0.12152777777777778 0.48828125 0.1111111111111111 0.484375 0.10416666666666667
0 0.57421875 0.65625 0.576171875 0.6597222222222222 0.57421875 0.6631944444444444 0.55078125 0.6631944444444444 0.55078125 0.6597222222222222 0.5546875 0.65625 0.572265625 0.65625
0 0.466796875 0.3923611111111111 0.46875 0.3958333333333333 0.474609375 0.3958333333333333 0.4765625 0.3993055555555556 0.4765625 0.40625 0.47265625 0.40625 0.470703125 0.3993055555555556 0.466796875 0.3993055555555556 0.46484375 0.3958333333333333
0 0.501953125 0.7291666666666666 0.505859375 0.7395833333333334 0.505859375 0.7465277777777778 0.50390625 0.75 0.501953125 0.7465277777777778 0.501953125 0.7326388888888888
0 0.6328125 0.8958333333333334 0.63671875 0.8993055555555556 0.638671875 0.9201388888888888 0.64453125 0.9270833333333334 0.64453125 0.9375 0.640625 0.9409722222222222 0.634765625 0.9409722222222222 0.6328125 0.9375 0.6328125 0.9166666666666666 0.630859375 0.9131944444444444 0.630859375 0.9027777777777778 0.6328125 0.8993055555555556
0 0.484375 0.40625 0.490234375 0.4270833333333333 0.48828125 0.4340277777777778 0.484375 0.4201388888888889 0.484375 0.4097222222222222
0 0.583984375 0.6111111111111112 0.587890625 0.6111111111111112 0.58984375 0.6145833333333334 0.591796875 0.6284722222222222 0.595703125 0.6388888888888888 0.595703125 0.6527777777777778 0.59765625 0.65625 0.59765625 0.6701388888888888 0.59375 0.6875 0.595703125 0.6909722222222222 0.595703125 0.6979166666666666 0.58984375 0.6979166666666666 0.587890625 0.6944444444444444 0.5859375 0.6597222222222222 0.58203125 0.6458333333333334 0.58203125 0.6388888888888888 0.583984375 0.6354166666666666 0.583984375 0.6145833333333334
0 0.537109375 0.3993055555555556 0.54296875 0.3993055555555556 0.54296875 0.4097222222222222 0.546875 0.4201388888888889 0.544921875 0.4236111111111111 0.544921875 0.4375 0.54296875 0.4444444444444444 0.5390625 0.4305555555555556 0.5390625 0.4027777777777778
0 0.470703125 0.4409722222222222 0.4765625 0.4548611111111111 0.4765625 0.4583333333333333 0.474609375 0.4583333333333333 0.470703125 0.4444444444444444
0 0.5390625 0.09375 0.564453125 0.11805555555555555 0.572265625 0.14583333333333334 0.5703125 0.14930555555555555 0.56640625 0.14930555555555555 0.560546875 0.1423611111111111 0.5625 0.1388888888888889 0.560546875 0.13194444444444445 0.556640625 0.13194444444444445 0.546875 0.12152777777777778 0.5390625 0.12152777777777778 0.53515625 0.1076388888888889 0.53515625 0.09722222222222222 0.537109375 0.09722222222222222
0 0.482421875 0.7395833333333334 0.484375 0.7395833333333334 0.490234375 0.7534722222222222 0.490234375 0.7638888888888888 0.486328125 0.7604166666666666 0.482421875 0.75 0.482421875 0.7430555555555556
0 0.4921875 0.7395833333333334 0.49609375 0.7395833333333334 0.498046875 0.7465277777777778 0.498046875 0.7569444444444444 0.4921875 0.7430555555555556
0 0.595703125 0.7013888888888888 0.595703125 0.7256944444444444 0.591796875 0.7430555555555556 0.58984375 0.7395833333333334 0.58984375 0.7048611111111112 0.59375 0.7013888888888888
0 0.533203125 0.7777777777777778 0.537109375 0.78125 0.544921875 0.8125 0.54296875 0.8194444444444444 0.544921875 0.8263888888888888 0.54296875 0.8298611111111112 0.5390625 0.8229166666666666 0.533203125 0.78125
0 0.341796875 0.2916666666666667 0.341796875 0.2743055555555556 0.34765625 0.2673611111111111 0.34765625 0.28125 0.341796875 0.2951388888888889
0 0.59765625 0.7326388888888888 0.59765625 0.7152777777777778 0.599609375 0.7118055555555556 0.59765625 0.7048611111111112 0.59765625 0.6979166666666666 0.599609375 0.6944444444444444 0.59765625 0.6909722222222222 0.59765625 0.6840277777777778 0.6015625 0.6736111111111112 0.603515625 0.6736111111111112 0.603515625 0.6840277777777778 0.607421875 0.6944444444444444 0.607421875 0.7152777777777778 0.60546875 0.71875 0.60546875 0.7256944444444444 0.599609375 0.7326388888888888
0 0.498046875 0.3923611111111111 0.501953125 0.40625 0.501953125 0.4131944444444444 0.498046875 0.40625 0.49609375 0.3958333333333333
0 0.6328125 0.8958333333333334 0.63671875 0.8993055555555556 0.63671875 0.90625 0.638671875 0.9097222222222222 0.638671875 0.9236111111111112 0.634765625 0.9236111111111112 0.630859375 0.9166666666666666 0.630859375 0.9027777777777778 0.6328125 0.8993055555555556
0 0.6453125 0.7777777777777778 0.017708333333333333 0.061111111111111116
0 0.47265625 0.4097222222222222 0.474609375 0.4097222222222222 0.478515625 0.4201388888888889 0.478515625 0.4270833333333333 0.4765625 0.4270833333333333 0.47265625 0.4131944444444444
0 0.48046875 0.75 0.482421875 0.7534722222222222 0.482421875 0.7673611111111112 0.48046875 0.7673611111111112 0.48046875 0.7534722222222222
0 0.470703125 0.3819444444444444 0.4765625 0.3819444444444444 0.48046875 0.3923611111111111 0.4765625 0.3923611111111111 0.47265625 0.3819444444444444
0 0.6484375 0.9583333333333334 0.65234375 0.9756944444444444 0.65234375 0.9965277777777778 0.646484375 0.9965277777777778 0.646484375 0.96875 0.6484375 0.9618055555555556
0 0.50390625 0.4131944444444444 0.5078125 0.4131944444444444 0.51953125 0.4375 0.51953125 0.4409722222222222 0.517578125 0.4409722222222222 0.50390625 0.4166666666666667
0 0.515625 0.8055555555555556 0.525390625 0.8368055555555556 0.525390625 0.8576388888888888 0.521484375 0.8576388888888888 0.517578125 0.8472222222222222 0.517578125 0.8402777777777778 0.515625 0.8368055555555556 0.515625 0.8159722222222222 0.513671875 0.8090277777777778
0 0.619140625 0.10069444444444445 0.62109375 0.10416666666666667 0.62109375 0.11805555555555555 0.619140625 0.12152777777777778 0.619140625 0.1423611111111111 0.6171875 0.14930555555555555 0.615234375 0.1527777777777778 0.61328125 0.14930555555555555 0.61328125 0.125 0.615234375 0.12152777777777778 0.6171875 0.10416666666666667
0 0.6484375 0.0763888888888889 0.65625 0.08333333333333333 0.65625 0.09027777777777778 0.658203125 0.09375 0.658203125 0.14930555555555555 0.65625 0.15625 0.654296875 0.15625 0.654296875 0.1388888888888889 0.65234375 0.13541666666666666 0.654296875 0.10416666666666667 0.6484375 0.0798611111111111