0 0.30078125 0.34843205574912894 0.318359375 0.34843205574912894 0.3203125 0.3623693379790941 0.31640625 0.36585365853658536 0.306640625 0.36585365853658536 0.3046875 0.3693379790940767 0.30078125 0.3693379790940767 0.294921875 0.37630662020905925 0.287109375 0.3797909407665505 0.283203125 0.3867595818815331 0.27734375 0.3867595818815331 0.26953125 0.39372822299651566 0.25390625 0.39372822299651566 0.251953125 0.397212543554007 0.216796875 0.39372822299651566 0.216796875 0.3832752613240418 0.24609375 0.3623693379790941 0.251953125 0.3623693379790941 0.25390625 0.36585365853658536 0.255859375 0.3623693379790941 0.2734375 0.3623693379790941 0.275390625 0.3588850174216028 0.296875 0.3588850174216028 0.30078125 0.3519163763066202
0 0.796875 0.4250871080139373 0.81640625 0.4250871080139373 0.818359375 0.43205574912891986 0.845703125 0.43205574912891986 0.84765625 0.4355400696864111 0.869140625 0.43902439024390244 0.873046875 0.4425087108013937 0.869140625 0.445993031358885 0.845703125 0.445993031358885 0.84375 0.4425087108013937 0.8046875 0.445993031358885 0.802734375 0.4425087108013937 0.791015625 0.4425087108013937 0.7890625 0.43902439024390244 0.791015625 0.43205574912891986 0.794921875 0.43205574912891986 0.796875 0.42857142857142855
0 0.197265625 0.47735191637630664 0.234375 0.47735191637630664 0.236328125 0.4843205574912892 0.244140625 0.4878048780487805 0.240234375 0.4878048780487805 0.23828125 0.4912891986062718 0.23046875 0.4912891986062718 0.228515625 0.49477351916376305 0.212890625 0.49825783972125437 0.2109375 0.5017421602787456 0.17578125 0.5052264808362369 0.173828125 0.5087108013937283 0.162109375 0.5087108013937283 0.16015625 0.5052264808362369 0.15234375 0.5052264808362369 0.1484375 0.5017421602787456 0.1484375 0.49825783972125437 0.158203125 0.4912891986062718 0.166015625 0.4912891986062718 0.16796875 0.4878048780487805 0.17578125 0.4878048780487805 0.177734375 0.4843205574912892 0.1953125 0.4843205574912892 0.197265625 0.4808362369337979
0 0.8125 0.46689895470383275 0.81640625 0.47038327526132406 0.81640625 0.47735191637630664 0.80859375 0.47735191637630664 0.806640625 0.4808362369337979 0.78515625 0.4808362369337979 0.783203125 0.4843205574912892 0.751953125 0.4843205574912892 0.75 0.4808362369337979 0.734375 0.4808362369337979 0.732421875 0.47735191637630664 0.732421875 0.47038327526132406 0.73828125 0.4634146341463415 0.744140625 0.4634146341463415 0.74609375 0.45993031358885017 0.791015625 0.45993031358885017 0.79296875 0.4634146341463415 0.810546875 0.46689895470383275
0 0.650390625 0.7456445993031359 0.65234375 0.7491289198606271 0.67578125 0.7491289198606271 0.69140625 0.759581881533101 0.705078125 0.759581881533101 0.705078125 0.7700348432055749 0.701171875 0.7700348432055749 0.69921875 0.7735191637630662 0.673828125 0.7735191637630662 0.671875 0.7770034843205574 0.6484375 0.7770034843205574 0.646484375 0.7804878048780488 0.609375 0.7735191637630662 0.6015625 0.7630662020905923 0.6015625 0.7526132404181185 0.611328125 0.7456445993031359 0.6484375 0.7456445993031359
0 0.080078125 0.2926829268292683 0.115234375 0.2926829268292683 0.1171875 0.29965156794425085 0.15625 0.30313588850174217 0.15625 0.3205574912891986 0.14453125 0.3205574912891986 0.142578125 0.3240418118466899 0.13671875 0.3240418118466899 0.1328125 0.3310104529616725 0.123046875 0.3310104529616725 0.12109375 0.3344947735191638 0.10546875 0.3344947735191638 0.103515625 0.3310104529616725 0.091796875 0.3310104529616725 0.08984375 0.32752613240418116 0.08203125 0.32752613240418116 0.080078125 0.3240418118466899 0.064453125 0.3240418118466899 0.056640625 0.3170731707317073 0.056640625 0.31010452961672474 0.060546875 0.30313588850174217 0.064453125 0.30313588850174217 0.06640625 0.29965156794425085 0.078125 0.29965156794425085 0.080078125 0.2961672473867596
0 0.404296875 0.4529616724738676 0.404296875 0.4738675958188153 0.396484375 0.4738675958188153 0.39453125 0.47735191637630664 0.376953125 0.4738675958188153 0.373046875 0.47038327526132406 0.37109375 0.4634146341463415 0.38671875 0.44947735191637633 0.400390625 0.44947735191637633 0.40234375 0.4529616724738676
0 0.443359375 0.5958188153310104 0.455078125 0.6062717770034843 0.455078125 0.6167247386759582 0.451171875 0.6167247386759582 0.44921875 0.6202090592334495 0.4375 0.6202090592334495 0.435546875 0.6236933797909407 0.41796875 0.6236933797909407 0.416015625 0.627177700348432 0.39453125 0.6236933797909407 0.390625 0.6167247386759582 0.38671875 0.6167247386759582 0.390625 0.6167247386759582 0.3984375 0.6097560975609756 0.412109375 0.6062717770034843 0.419921875 0.5958188153310104 0.423828125 0.5958188153310104 0.42578125 0.5923344947735192 0.439453125 0.5923344947735192 0.44140625 0.5958188153310104
0 0.32421875 0.24738675958188153 0.33203125 0.25435540069686413 0.330078125 0.2613240418118467 0.314453125 0.2613240418118467 0.3125 0.26480836236933797 0.28515625 0.2682926829268293 0.283203125 0.27177700348432055 0.255859375 0.2682926829268293 0.251953125 0.2578397212543554 0.2578125 0.2508710801393728 0.26953125 0.2508710801393728 0.271484375 0.24738675958188153 0.29296875 0.24738675958188153 0.294921875 0.24390243902439024 0.3125 0.24390243902439024 0.314453125 0.24738675958188153 0.322265625 0.24738675958188153
0 0.623046875 0.4738675958188153 0.630859375 0.4843205574912892 0.62109375 0.4912891986062718 0.607421875 0.4878048780487805 0.60546875 0.4843205574912892 0.60546875 0.47735191637630664 0.609375 0.47038327526132406 0.619140625 0.47038327526132406 0.62109375 0.4738675958188153
0 0.15625 0.40069686411149824 0.21484375 0.40069686411149824 0.21484375 0.4146341463414634 0.19921875 0.42160278745644597 0.193359375 0.42857142857142855 0.181640625 0.42857142857142855 0.1796875 0.43205574912891986 0.15625 0.43205574912891986 0.154296875 0.4355400696864111 0.130859375 0.4355400696864111 0.12890625 0.43205574912891986 0.115234375 0.43205574912891986 0.115234375 0.42160278745644597 0.126953125 0.41114982578397213 0.134765625 0.41114982578397213 0.13671875 0.4076655052264808 0.154296875 0.4076655052264808 0.15625 0.40418118466898956
0 0.177734375 0.397212543554007 0.1796875 0.3902439024390244 0.1953125 0.3867595818815331 0.205078125 0.3797909407665505 0.21484375 0.3797909407665505 0.216796875 0.37630662020905925 0.2265625 0.37630662020905925 0.2265625 0.39372822299651566 0.224609375 0.397212543554007 0.212890625 0.397212543554007 0.2109375 0.40069686411149824 0.208984375 0.397212543554007 0.1796875 0.397212543554007
0 0.666015625 0.11846689895470383 0.671875 0.11846689895470383 0.671875 0.12195121951219512 0.67578125 0.1254355400696864 0.67578125 0.14982578397212543 0.6484375 0.156794425087108 0.646484375 0.15331010452961671 0.62890625 0.14982578397212543 0.626953125 0.14634146341463414 0.626953125 0.13937282229965156 0.62890625 0.13588850174216027 0.6328125 0.13588850174216027 0.63671875 0.1289198606271777 0.642578125 0.1289198606271777 0.64453125 0.1254355400696864 0.6640625 0.1254355400696864 0.666015625 0.12195121951219512
0 0.89453125 0.44947735191637633 0.89453125 0.47038327526132406 0.8828125 0.47038327526132406 0.880859375 0.4738675958188153 0.87109375 0.4738675958188153 0.869140625 0.47735191637630664 0.853515625 0.47735191637630664 0.8515625 0.4808362369337979 0.84375 0.4808362369337979 0.841796875 0.4843205574912892 0.82421875 0.4808362369337979 0.818359375 0.47038327526132406 0.818359375 0.46689895470383275 0.814453125 0.4634146341463415 0.814453125 0.4529616724738676 0.8203125 0.445993031358885 0.853515625 0.445993031358885 0.85546875 0.44947735191637633 0.875 0.44947735191637633 0.876953125 0.4529616724738676 0.888671875 0.4529616724738676 0.892578125 0.44947735191637633
0 0.345703125 0.39372822299651566 0.365234375 0.3797909407665505 0.390625 0.37282229965156793 0.390625 0.40069686411149824 0.361328125 0.40418118466898956 0.359375 0.40069686411149824 0.345703125 0.40069686411149824 0.345703125 0.397212543554007
0 0.3046875 0.4076655052264808 0.306640625 0.41114982578397213 0.306640625 0.42160278745644597 0.28515625 0.42857142857142855 0.27734375 0.4355400696864111 0.25 0.43902439024390244 0.248046875 0.4425087108013937 0.23828125 0.4425087108013937 0.236328125 0.445993031358885 0.224609375 0.4425087108013937 0.22265625 0.43902439024390244 0.212890625 0.43902439024390244 0.2109375 0.4425087108013937 0.1953125 0.43902439024390244 0.197265625 0.43205574912891986 0.2109375 0.42160278745644597 0.21875 0.42160278745644597 0.2265625 0.4146341463414634 0.240234375 0.4146341463414634 0.2421875 0.41114982578397213 0.263671875 0.41114982578397213 0.265625 0.4076655052264808 0.302734375 0.4076655052264808
0 0.19140625 0.36585365853658536 0.19140625 0.3832752613240418 0.185546875 0.3832752613240418 0.18359375 0.3867595818815331 0.171875 0.3867595818815331 0.166015625 0.39372822299651566 0.154296875 0.397212543554007 0.15234375 0.40069686411149824 0.1328125 0.40069686411149824 0.130859375 0.40418118466898956 0.09765625 0.40418118466898956 0.091796875 0.397212543554007 0.095703125 0.3867595818815331 0.109375 0.3832752613240418 0.119140625 0.37630662020905925 0.130859375 0.37630662020905925 0.1328125 0.37282229965156793 0.1484375 0.37282229965156793 0.150390625 0.3693379790940767 0.185546875 0.3693379790940767 0.189453125 0.36585365853658536
0 0.35546875 0.42160278745644597 0.357421875 0.4250871080139373 0.36328125 0.4250871080139373 0.36328125 0.43902439024390244 0.361328125 0.4425087108013937 0.357421875 0.4425087108013937 0.353515625 0.44947735191637633 0.341796875 0.44947735191637633 0.33984375 0.4529616724738676 0.328125 0.4529616724738676 0.326171875 0.44947735191637633 0.322265625 0.44947735191637633 0.322265625 0.43902439024390244 0.33203125 0.43205574912891986 0.333984375 0.4250871080139373 0.345703125 0.4250871080139373 0.34765625 0.42160278745644597 0.353515625 0.42160278745644597
0 0.1484375 0.4878048780487805 0.150390625 0.4912891986062718 0.154296875 0.4912891986062718 0.154296875 0.5052264808362369 0.134765625 0.5052264808362369 0.1328125 0.5087108013937283 0.119140625 0.5087108013937283 0.1171875 0.5121951219512195 0.09375 0.5121951219512195 0.091796875 0.5156794425087108 0.087890625 0.5156794425087108 0.0859375 0.5121951219512195 0.06640625 0.5121951219512195 0.0625 0.5087108013937283 0.0625 0.5017421602787456 0.06640625 0.49477351916376305 0.0703125 0.49477351916376305 0.072265625 0.4912891986062718 0.078125 0.4912891986062718 0.080078125 0.4878048780487805 0.091796875 0.4878048780487805 0.09375 0.4843205574912892 0.107421875 0.4843205574912892 0.109375 0.4808362369337979 0.146484375 0.4878048780487805
0 0.96875 0.4912891986062718 0.998046875 0.4912891986062718 0.998046875 0.519163763066202 0.970703125 0.519163763066202 0.96875 0.5156794425087108 0.95703125 0.5156794425087108 0.947265625 0.5087108013937283 0.939453125 0.5087108013937283 0.939453125 0.5052264808362369 0.943359375 0.5052264808362369 0.94921875 0.49825783972125437 0.966796875 0.49825783972125437 0.96875 0.49477351916376305
0 0.189453125 0.5017421602787456 0.205078125 0.4912891986062718 0.220703125 0.4878048780487805 0.2265625 0.4808362369337979 0.244140625 0.4808362369337979 0.24609375 0.4843205574912892 0.25 0.4843205574912892 0.25 0.49477351916376305 0.2421875 0.5017421602787456 0.236328125 0.5017421602787456 0.2265625 0.5087108013937283 0.21875 0.5087108013937283 0.216796875 0.5121951219512195 0.193359375 0.5121951219512195 0.189453125 0.5087108013937283 0.189453125 0.5052264808362369
0 0.328125 0.3344947735191638 0.33203125 0.33797909407665505 0.33203125 0.34494773519163763 0.322265625 0.3519163763066202 0.306640625 0.34843205574912894 0.3046875 0.3519163763066202 0.296875 0.3519163763066202 0.294921875 0.3554006968641115 0.271484375 0.3554006968641115 0.26953125 0.3588850174216028 0.248046875 0.3588850174216028 0.244140625 0.3554006968641115 0.255859375 0.34494773519163763 0.26953125 0.34494773519163763 0.271484375 0.34146341463414637 0.294921875 0.33797909407665505 0.296875 0.3344947735191638 0.326171875 0.3344947735191638
0 0.302734375 0.21951219512195122 0.31640625 0.21951219512195122 0.318359375 0.2264808362369338 0.326171875 0.2264808362369338 0.341796875 0.23693379790940766 0.34765625 0.23693379790940766 0.3515625 0.24390243902439024 0.357421875 0.24390243902439024 0.36328125 0.2508710801393728 0.361328125 0.2508710801393728 0.359375 0.2578397212543554 0.353515625 0.2578397212543554 0.34375 0.2508710801393728 0.337890625 0.2508710801393728 0.3359375 0.25435540069686413 0.318359375 0.2508710801393728 0.310546875 0.24390243902439024 0.3046875 0.24390243902439024 0.294921875 0.23344947735191637 0.294921875 0.22996515679442509 0.302734375 0.2229965156794425
0 0.666015625 0.4250871080139373 0.728515625 0.4250871080139373 0.73046875 0.43205574912891986 0.73046875 0.4425087108013937 0.71484375 0.4425087108013937 0.705078125 0.44947735191637633 0.693359375 0.44947735191637633 0.69140625 0.4529616724738676 0.658203125 0.4529616724738676 0.65625 0.44947735191637633 0.646484375 0.44947735191637633 0.642578125 0.445993031358885 0.642578125 0.4425087108013937 0.64453125 0.43902439024390244 0.65625 0.4355400696864111 0.658203125 0.43205574912891986 0.6640625 0.43205574912891986 0.666015625 0.42857142857142855
0 0.998046875 0.5853658536585366 0.998046875 0.6236933797909407 0.9609375 0.6236933797909407 0.958984375 0.6202090592334495 0.9453125 0.6202090592334495 0.943359375 0.6167247386759582 0.92578125 0.6132404181184669 0.916015625 0.6062717770034843 0.916015625 0.5993031358885017 0.921875 0.5993031358885017 0.923828125 0.5958188153310104 0.9375 0.5923344947735192 0.939453125 0.5888501742160279 0.99609375 0.5853658536585366
0 0.486328125 0.445993031358885 0.486328125 0.4738675958188153 0.484375 0.47735191637630664 0.47265625 0.47735191637630664 0.470703125 0.4808362369337979 0.458984375 0.47735191637630664 0.45703125 0.4738675958188153 0.45703125 0.46689895470383275 0.453125 0.4634146341463415 0.453125 0.45993031358885017 0.458984375 0.4529616724738676 0.48046875 0.44947735191637633 0.484375 0.445993031358885
0 0.220703125 0.23344947735191637 0.220703125 0.22996515679442509 0.2265625 0.2229965156794425 0.232421875 0.2229965156794425 0.234375 0.21951219512195122 0.248046875 0.21602787456445993 0.25 0.21254355400696864 0.265625 0.21254355400696864 0.267578125 0.20905923344947736 0.3125 0.20905923344947736 0.3125 0.21951219512195122 0.3046875 0.2264808362369338 0.296875 0.2264808362369338 0.2890625 0.23344947735191637 0.26953125 0.23344947735191637 0.267578125 0.23693379790940766 0.25 0.23693379790940766 0.248046875 0.24041811846689895 0.234375 0.24041811846689895 0.232421875 0.23693379790940766 0.2265625 0.23693379790940766 0.22265625 0.23344947735191637
0 0.0390625 0.40418118466898956 0.087890625 0.40418118466898956 0.087890625 0.4181184668989547 0.08203125 0.4181184668989547 0.072265625 0.4250871080139373 0.0625 0.4250871080139373 0.060546875 0.42857142857142855 0.05078125 0.42857142857142855 0.04296875 0.42160278745644597 0.0390625 0.4076655052264808
0 0.388671875 0.34146341463414637 0.388671875 0.3519163763066202 0.38671875 0.3554006968641115 0.3828125 0.3554006968641115 0.369140625 0.36585365853658536 0.353515625 0.3693379790940767 0.3515625 0.37282229965156793 0.333984375 0.37282229965156793 0.33203125 0.3693379790940767 0.328125 0.3693379790940767 0.328125 0.3588850174216028 0.330078125 0.3554006968641115 0.345703125 0.34494773519163763 0.35546875 0.34494773519163763 0.357421875 0.34146341463414637 0.38671875 0.34146341463414637
0 0.69140625 0.33797909407665505 0.69140625 0.3588850174216028 0.67578125 0.3832752613240418 0.67578125 0.3902439024390244 0.671875 0.397212543554007 0.66796875 0.397212543554007 0.666015625 0.40069686411149824 0.65625 0.40069686411149824 0.654296875 0.397212543554007 0.650390625 0.397212543554007 0.654296875 0.37282229965156793 0.658203125 0.37282229965156793 0.67578125 0.3519163763066202 0.6796875 0.3519163763066202 0.69140625 0.34146341463414637
0 0.388671875 0.6585365853658537 0.41015625 0.6585365853658537 0.412109375 0.6655052264808362 0.416015625 0.6655052264808362 0.416015625 0.6689895470383276 0.41015625 0.6724738675958188 0.404296875 0.6829268292682927 0.39453125 0.7073170731707317 0.39453125 0.7247386759581882 0.396484375 0.7282229965156795 0.396484375 0.7665505226480837 0.388671875 0.7770034843205574 0.376953125 0.7770034843205574 0.357421875 0.794425087108014 0.35546875 0.7909407665505227 0.33984375 0.7909407665505227 0.32421875 0.7804878048780488 0.30859375 0.7804878048780488 0.3046875 0.7874564459930313 0.302734375 0.8013937282229965 0.296875 0.8153310104529616 0.29296875 0.818815331010453 0.28515625 0.818815331010453 0.283203125 0.8153310104529616 0.279296875 0.8153310104529616 0.28515625 0.794425087108014 0.28515625 0.7770034843205574 0.26953125 0.7456445993031359 0.26953125 0.735191637630662 0.28125 0.735191637630662 0.287109375 0.7421602787456446 0.29296875 0.7421602787456446 0.30078125 0.7491289198606271 0.314453125 0.7491289198606271 0.32421875 0.7386759581881533 0.326171875 0.735191637630662 0.326171875 0.7282229965156795 0.34765625 0.6933797909407665 0.3671875 0.6759581881533101 0.37109375 0.6759581881533101 0.376953125 0.6689895470383276 0.380859375 0.6689895470383276 0.388671875 0.662020905923345
0 0.66015625 0.28222996515679444 0.669921875 0.28222996515679444 0.671875 0.289198606271777 0.69921875 0.289198606271777 0.701171875 0.2926829268292683 0.70703125 0.2926829268292683 0.712890625 0.29965156794425085 0.728515625 0.30313588850174217 0.728515625 0.30662020905923343 0.72265625 0.313588850174216 0.71875 0.313588850174216 0.716796875 0.31010452961672474 0.669921875 0.31010452961672474 0.66796875 0.30662020905923343 0.654296875 0.30662020905923343 0.654296875 0.289198606271777 0.658203125 0.289198606271777 0.66015625 0.2857142857142857
0 0.884765625 0.3693379790940767 0.88671875 0.37282229965156793 0.91015625 0.37282229965156793 0.912109375 0.37630662020905925 0.923828125 0.37630662020905925 0.92578125 0.3797909407665505 0.93359375 0.3797909407665505 0.935546875 0.3832752613240418 0.953125 0.3832752613240418 0.953125 0.397212543554007 0.92578125 0.397212543554007 0.923828125 0.40069686411149824 0.87890625 0.40069686411149824 0.876953125 0.40418118466898956 0.875 0.40069686411149824 0.86328125 0.40069686411149824 0.85546875 0.39372822299651566 0.849609375 0.39372822299651566 0.837890625 0.3832752613240418 0.84375 0.37630662020905925 0.8515625 0.37630662020905925 0.853515625 0.37282229965156793 0.8828125 0.3693379790940767