0 0.61328125 0.2613240418118467 0.62109375 0.2613240418118467 0.623046875 0.2682926829268293 0.62890625 0.27526132404181186 0.626953125 0.289198606271777 0.61328125 0.289198606271777 0.607421875 0.28222996515679444 0.607421875 0.27526132404181186 0.609375 0.27526132404181186 0.61328125 0.26480836236933797
0 0.48828125 0.027874564459930314 0.490234375 0.027874564459930314 0.490234375 0.041811846689895474 0.486328125 0.04529616724738676 0.484375 0.041811846689895474 0.48828125 0.0313588850174216
0 0.45703125 0.006968641114982578 0.466796875 0.013937282229965157 0.474609375 0.013937282229965157 0.474609375 0.03484320557491289 0.470703125 0.03832752613240418 0.45703125 0.020905923344947737 0.45703125 0.010452961672473868
0 0.46484375 0.47038327526132406 0.46875 0.46689895470383275 0.47265625 0.47038327526132406 0.478515625 0.47038327526132406 0.482421875 0.4808362369337979 0.482421875 0.49825783972125437 0.484375 0.5017421602787456 0.48046875 0.5052264808362369 0.478515625 0.5017421602787456 0.46484375 0.49825783972125437 0.470703125 0.49825783972125437 0.47265625 0.49477351916376305 0.46484375 0.4843205574912892 0.46484375 0.4738675958188153
0 0.458984375 0.5505226480836237 0.458984375 0.5435540069686411 0.466796875 0.5365853658536586 0.4765625 0.5365853658536586 0.4765625 0.5470383275261324 0.47265625 0.5470383275261324 0.470703125 0.5505226480836237 0.4609375 0.5505226480836237
0 0.46484375 0.25435540069686413 0.47265625 0.25435540069686413 0.478515625 0.27177700348432055 0.4765625 0.289198606271777 0.470703125 0.2926829268292683 0.46875 0.29965156794425085 0.46484375 0.30313588850174217 0.46484375 0.29965156794425085 0.4609375 0.2961672473867596 0.455078125 0.28222996515679444 0.4609375 0.2613240418118467 0.46484375 0.2578397212543554
0 0.515625 0.6376306620209059 0.51953125 0.6376306620209059 0.521484375 0.6445993031358885 0.525390625 0.6445993031358885 0.52734375 0.6480836236933798 0.54296875 0.6480836236933798 0.546875 0.6550522648083623 0.544921875 0.6585365853658537 0.544921875 0.6655052264808362 0.546875 0.6689895470383276 0.55078125 0.6689895470383276 0.55078125 0.6933797909407665 0.546875 0.7003484320557491 0.521484375 0.7003484320557491 0.51953125 0.7038327526132404 0.509765625 0.7073170731707317 0.505859375 0.7038327526132404 0.509765625 0.7003484320557491 0.51171875 0.6585365853658537 0.515625 0.6411149825783972
0 0.578125 0.8257839721254355 0.576171875 0.8222996515679443 0.580078125 0.8292682926829268 0.578125 0.8327526132404182 0.578125 0.8501742160278746 0.580078125 0.8536585365853658 0.578125 0.8641114982578397 0.572265625 0.8641114982578397 0.56640625 0.8571428571428571 0.564453125 0.8501742160278746 0.56640625 0.8362369337979094 0.576171875 0.8292682926829268
0 0.48828125 0.32752613240418116 0.4921875 0.32752613240418116 0.494140625 0.3344947735191638 0.501953125 0.3344947735191638 0.501953125 0.34146341463414637 0.5 0.34494773519163763 0.48828125 0.34494773519163763 0.48046875 0.33797909407665505 0.48046875 0.3344947735191638 0.486328125 0.3344947735191638 0.48828125 0.3310104529616725
0 0.5859375 0.006968641114982578 0.5859375 0.024390243902439025 0.58203125 0.0313588850174216 0.57421875 0.03484320557491289 0.564453125 0.04878048780487805 0.548828125 0.05226480836236934 0.546875 0.059233449477351915 0.544921875 0.05574912891986063 0.515625 0.05574912891986063 0.513671875 0.05226480836236934 0.509765625 0.05226480836236934 0.5078125 0.04878048780487805 0.5078125 0.0313588850174216 0.505859375 0.027874564459930314 0.517578125 0.027874564459930314 0.51953125 0.024390243902439025 0.54296875 0.024390243902439025 0.544921875 0.020905923344947737 0.5546875 0.020905923344947737 0.556640625 0.024390243902439025 0.564453125 0.024390243902439025 0.56640625 0.027874564459930314 0.576171875 0.027874564459930314 0.58203125 0.020905923344947737 0.5859375 0.010452961672473868
0 0.28515625 0.13588850174216027 0.298828125 0.1254355400696864 0.298828125 0.14285714285714285 0.296875 0.14634146341463414 0.29296875 0.14634146341463414 0.28515625 0.13937282229965156
0 0.482421875 0.2229965156794425 0.484375 0.2229965156794425 0.482421875 0.23693379790940766 0.478515625 0.23344947735191637 0.48046875 0.23344947735191637 0.482421875 0.2264808362369338
0 0.325 -0.008158409110223506 0.02781059451219512 0.022843545508625815
0 0.5 0.34146341463414637 0.51171875 0.3344947735191638 0.5234375 0.3170731707317073 0.52734375 0.3170731707317073 0.529296875 0.313588850174216 0.5625 0.31010452961672474 0.5625 0.32752613240418116 0.55078125 0.34843205574912894 0.55078125 0.3623693379790941 0.546875 0.3693379790940767 0.537109375 0.3588850174216028 0.521484375 0.3693379790940767 0.517578125 0.3832752613240418 0.509765625 0.3832752613240418 0.5078125 0.37630662020905925 0.501953125 0.37630662020905925 0.5 0.3797909407665505 0.498046875 0.397212543554007 0.494140625 0.3797909407665505 0.486328125 0.3623693379790941 0.498046875 0.36585365853658536 0.501953125 0.3588850174216028 0.501953125 0.34843205574912894 0.5 0.34494773519163763
0 0.314453125 0.23344947735191637 0.31640625 0.23693379790940766 0.31640625 0.24738675958188153 0.310546875 0.24738675958188153 0.302734375 0.24041811846689895 0.302734375 0.23693379790940766 0.306640625 0.23344947735191637 0.3125 0.23344947735191637
0 0.599609375 0.289198606271777 0.599609375 0.2961672473867596 0.60546875 0.30313588850174217 0.60546875 0.3170731707317073 0.599609375 0.32752613240418116 0.599609375 0.3554006968641115 0.595703125 0.36585365853658536 0.595703125 0.3867595818815331 0.58203125 0.39372822299651566 0.576171875 0.40418118466898956 0.568359375 0.4076655052264808 0.5625 0.40069686411149824 0.560546875 0.39372822299651566 0.560546875 0.3832752613240418 0.556640625 0.3797909407665505 0.556640625 0.3623693379790941 0.560546875 0.3588850174216028 0.564453125 0.34494773519163763 0.5703125 0.34146341463414637 0.578125 0.32752613240418116 0.5859375 0.32752613240418116 0.58984375 0.3240418118466899 0.591796875 0.3205574912891986 0.59375 0.2926829268292683 0.59765625 0.2926829268292683
0 0.458984375 0.3693379790940767 0.46484375 0.36585365853658536 0.46484375 0.3902439024390244 0.4609375 0.39372822299651566 0.455078125 0.3902439024390244 0.455078125 0.3797909407665505 0.45703125 0.3797909407665505 0.458984375 0.37282229965156793
0 0.26953125 0.32752613240418116 0.271484375 0.32752613240418116 0.2734375 0.33797909407665505 0.27734375 0.34494773519163763 0.28125 0.34494773519163763 0.28125 0.3623693379790941 0.271484375 0.3623693379790941 0.267578125 0.34494773519163763 0.267578125 0.3344947735191638 0.26953125 0.3310104529616725
0 0.509765625 0.8397212543554007 0.509765625 0.8606271777003485 0.49609375 0.8815331010452961 0.48828125 0.8885017421602788 0.48046875 0.8885017421602788 0.4765625 0.8780487804878049 0.4765625 0.867595818815331 0.478515625 0.8606271777003485 0.484375 0.8536585365853658 0.505859375 0.8501742160278746 0.509765625 0.8432055749128919
0 0.607421875 0.4250871080139373 0.607421875 0.4076655052264808 0.611328125 0.397212543554007 0.619140625 0.3867595818815331 0.625 0.3867595818815331 0.626953125 0.3832752613240418 0.62890625 0.3832752613240418 0.62890625 0.445993031358885 0.626953125 0.44947735191637633 0.62890625 0.445993031358885 0.626953125 0.43902439024390244 0.623046875 0.43902439024390244 0.615234375 0.42857142857142855 0.611328125 0.42857142857142855 0.609375 0.4250871080139373
0 0.2948170731707317 -0.010333984872949774 0.013786204268292683 0.022843545508625815
0 0.341796875 0.08013937282229965 0.349609375 0.08013937282229965 0.349609375 0.09407665505226481 0.345703125 0.0975609756097561 0.3359375 0.09059233449477352 0.341796875 0.08362369337979095
0 0.603515625 0.8153310104529616 0.603515625 0.8083623693379791 0.599609375 0.8013937282229965 0.599609375 0.794425087108014 0.59765625 0.7909407665505227 0.59765625 0.759581881533101 0.599609375 0.7560975609756098 0.599609375 0.7386759581881533 0.6015625 0.735191637630662 0.6015625 0.7142857142857143 0.599609375 0.710801393728223 0.599609375 0.7038327526132404 0.603515625 0.6933797909407665 0.619140625 0.6968641114982579 0.62109375 0.7038327526132404 0.625 0.7038327526132404 0.626953125 0.7073170731707317 0.626953125 0.7526132404181185 0.62890625 0.7560975609756098 0.62890625 0.7770034843205574 0.626953125 0.7804878048780488 0.626953125 0.818815331010453 0.609375 0.818815331010453 0.60546875 0.8153310104529616
0 0.296875 0.010452961672473868 0.302734375 0.010452961672473868 0.302734375 0.020905923344947737 0.30078125 0.027874564459930314 0.294921875 0.027874564459930314 0.2890625 0.020905923344947737 0.2890625 0.017421602787456445 0.294921875 0.017421602787456445 0.296875 0.013937282229965157
0 0.296875 0.06620209059233449 0.306640625 0.06620209059233449 0.306640625 0.07665505226480836 0.302734375 0.08013937282229965 0.29296875 0.07665505226480836 0.294921875 0.07665505226480836 0.296875 0.06968641114982578