0 0.5234375 0.024390243902439025 0.533203125 0.0313588850174216 0.53515625 0.027874564459930314 0.5390625 0.027874564459930314 0.533203125 0.04529616724738676 0.533203125 0.05226480836236934 0.53515625 0.05574912891986063 0.53515625 0.0975609756097561 0.53125 0.11149825783972125 0.521484375 0.1254355400696864 0.51171875 0.1254355400696864 0.513671875 0.12195121951219512 0.51171875 0.11846689895470383 0.51171875 0.09407665505226481 0.509765625 0.09059233449477352 0.509765625 0.08013937282229965 0.515625 0.08013937282229965 0.517578125 0.07665505226480836 0.517578125 0.06968641114982578 0.521484375 0.05574912891986063 0.5234375 0.05574912891986063 0.529296875 0.041811846689895474 0.5234375 0.027874564459930314
0 0.591796875 0.06968641114982578 0.595703125 0.06968641114982578 0.59765625 0.07665505226480836 0.60546875 0.08362369337979095 0.6171875 0.10452961672473868 0.62109375 0.12195121951219512 0.62109375 0.14982578397212543 0.619140625 0.15331010452961671 0.62109375 0.156794425087108 0.62109375 0.17770034843205576 0.623046875 0.18118466898954705 0.623046875 0.18815331010452963 0.619140625 0.18118466898954705 0.609375 0.17421602787456447 0.6171875 0.1602787456445993 0.6171875 0.15331010452961671 0.599609375 0.11498257839721254 0.591796875 0.11498257839721254 0.59375 0.11149825783972125 0.591796875 0.09407665505226481 0.58984375 0.09059233449477352 0.58984375 0.07665505226480836 0.591796875 0.07317073170731707
0 0.529296875 0.3170731707317073 0.53125 0.3205574912891986 0.529296875 0.3240418118466899 0.53125 0.32752613240418116 0.53125 0.34494773519163763 0.529296875 0.34843205574912894 0.529296875 0.3554006968641115 0.52734375 0.3519163763066202 0.529296875 0.34843205574912894 0.529296875 0.34146341463414637 0.525390625 0.33797909407665505 0.525390625 0.3240418118466899 0.529296875 0.3205574912891986
0 0.6484375 0.6027874564459931 0.650390625 0.6027874564459931 0.650390625 0.6202090592334495 0.654296875 0.6341463414634146 0.654296875 0.6480836236933798 0.65234375 0.6515679442508711 0.65234375 0.6585365853658537 0.6484375 0.6655052264808362 0.64453125 0.6515679442508711 0.640625 0.6480836236933798 0.640625 0.6306620209059234 0.646484375 0.6236933797909407 0.6484375 0.6062717770034843
0 0.609375 0.9581881533101045 0.61328125 0.9686411149825784 0.61328125 0.975609756097561 0.615234375 0.9790940766550522 0.6171875 0.975609756097561 0.6171875 0.9965156794425087 0.607421875 0.9965156794425087 0.607421875 0.9616724738675958
0 0.49609375 0.31010452961672474 0.5 0.313588850174216 0.5 0.32752613240418116 0.5 0.3205574912891986 0.49609375 0.313588850174216
0 0.5390625 0.41114982578397213 0.541015625 0.41114982578397213 0.541015625 0.4146341463414634 0.546875 0.4250871080139373 0.548828125 0.4250871080139373 0.548828125 0.4355400696864111 0.54296875 0.42857142857142855 0.5390625 0.4146341463414634
0 0.67578125 0.9024390243902439 0.677734375 0.9024390243902439 0.681640625 0.9163763066202091 0.681640625 0.9337979094076655 0.68359375 0.9372822299651568 0.6875 0.9372822299651568 0.685546875 0.9442508710801394 0.677734375 0.9442508710801394 0.677734375 0.9337979094076655 0.673828125 0.9198606271777003 0.673828125 0.9094076655052264 0.67578125 0.9059233449477352
0 0.595703125 0.6411149825783972 0.61328125 0.6411149825783972 0.615234375 0.6445993031358885 0.615234375 0.6480836236933798 0.5859375 0.6480836236933798 0.59375 0.6480836236933798 0.595703125 0.6445993031358885
0 0.685546875 0.30313588850174217 0.689453125 0.30662020905923343 0.689453125 0.3240418118466899 0.685546875 0.34146341463414637 0.68359375 0.34146341463414637 0.68359375 0.3170731707317073 0.685546875 0.313588850174216 0.685546875 0.30662020905923343
0 0.48828125 0.3344947735191638 0.4921875 0.3344947735191638 0.4921875 0.33797909407665505 0.498046875 0.34494773519163763 0.498046875 0.3519163763066202 0.49609375 0.3519163763066202 0.490234375 0.34494773519163763 0.48828125 0.33797909407665505
0 0.5078125 0.3588850174216028 0.51171875 0.3588850174216028 0.51171875 0.3623693379790941 0.515625 0.36585365853658536 0.515625 0.37282229965156793 0.513671875 0.37282229965156793 0.5078125 0.3623693379790941
0 0.490234375 0.3797909407665505 0.49609375 0.3832752613240418 0.498046875 0.3902439024390244 0.498046875 0.39372822299651566 0.49609375 0.39372822299651566 0.490234375 0.3832752613240418
0 0.65234375 0.5226480836236934 0.66015625 0.5226480836236934 0.65625 0.5331010452961672 0.658203125 0.5574912891986062 0.66015625 0.5609756097560976 0.658203125 0.5818815331010453 0.650390625 0.5888501742160279 0.6484375 0.5888501742160279 0.646484375 0.5818815331010453 0.646484375 0.5574912891986062 0.65234375 0.5365853658536586 0.65234375 0.5261324041811847
0 0.50390625 0.6898954703832753 0.5078125 0.6898954703832753 0.509765625 0.6968641114982579 0.51171875 0.6898954703832753 0.513671875 0.6898954703832753 0.513671875 0.7038327526132404 0.517578125 0.710801393728223 0.517578125 0.7247386759581882 0.51953125 0.7282229965156795 0.51953125 0.7386759581881533 0.517578125 0.735191637630662 0.513671875 0.735191637630662 0.51171875 0.7212543554006968 0.505859375 0.710801393728223 0.50390625 0.710801393728223 0.50390625 0.6933797909407665
0 0.5013888888888889 0.3627409988385598 0.007222222222222222 0.015857530003871467
0 0.509765625 0.6898954703832753 0.513671875 0.6898954703832753 0.515625 0.7073170731707317 0.51171875 0.6898954703832753
0 0.564453125 0.686411149825784 0.564453125 0.7003484320557491 0.56640625 0.7038327526132404 0.56640625 0.7421602787456446 0.564453125 0.7421602787456446 0.56640625 0.7386759581881533 0.564453125 0.735191637630662 0.564453125 0.7038327526132404 0.5625 0.7003484320557491 0.5625 0.6933797909407665 0.55859375 0.6898954703832753 0.560546875 0.6829268292682927 0.5625 0.686411149825784
0 0.671875 0.5993031358885017 0.68359375 0.6445993031358885 0.68359375 0.6655052264808362 0.681640625 0.6689895470383276 0.681640625 0.6759581881533101 0.67578125 0.6829268292682927 0.671875 0.6829268292682927 0.669921875 0.6794425087108014 0.669921875 0.6689895470383276 0.66796875 0.6655052264808362 0.66796875 0.6062717770034843 0.671875 0.6027874564459931
0 0.505859375 0.6898954703832753 0.5078125 0.6898954703832753 0.5078125 0.710801393728223 0.50390625 0.710801393728223 0.505859375 0.7073170731707317 0.505859375 0.6933797909407665
0 0.568359375 0.3170731707317073 0.5703125 0.3170731707317073 0.572265625 0.3240418118466899 0.572265625 0.34146341463414637 0.57421875 0.34494773519163763 0.57421875 0.36585365853658536 0.572265625 0.3693379790940767 0.572265625 0.37630662020905925 0.5703125 0.37282229965156793 0.5703125 0.36585365853658536 0.568359375 0.3623693379790941 0.568359375 0.3205574912891986
0 0.548828125 0.7456445993031359 0.548828125 0.7526132404181185 0.552734375 0.759581881533101 0.552734375 0.794425087108014 0.548828125 0.7874564459930313 0.546875 0.7804878048780488 0.546875 0.7526132404181185 0.548828125 0.7491289198606271
0 0.5078125 0.2926829268292683 0.513671875 0.2926829268292683 0.513671875 0.2961672473867596 0.517578125 0.29965156794425085 0.515625 0.30313588850174217 0.51171875 0.30313588850174217 0.51171875 0.29965156794425085 0.5078125 0.2961672473867596
0 0.51953125 0.6829268292682927 0.521484375 0.6829268292682927 0.5234375 0.6898954703832753 0.5234375 0.7003484320557491 0.51953125 0.6933797909407665 0.51953125 0.686411149825784
0 0.689453125 0.9965156794425087 0.689453125 0.9407665505226481 0.6953125 0.9616724738675958 0.6953125 0.9965156794425087 0.69140625 0.9965156794425087
0 0.529296875 0.3693379790940767 0.53515625 0.3693379790940767 0.5390625 0.37630662020905925 0.5390625 0.3832752613240418 0.537109375 0.3832752613240418 0.53125 0.3693379790940767
0 0.6328125 0.6515679442508711 0.63671875 0.6550522648083623 0.642578125 0.6759581881533101 0.642578125 0.686411149825784 0.638671875 0.6968641114982579 0.642578125 0.7073170731707317 0.640625 0.7038327526132404 0.638671875 0.7073170731707317 0.634765625 0.7073170731707317 0.634765625 0.7003484320557491 0.630859375 0.6933797909407665 0.62890625 0.6829268292682927 0.625 0.6794425087108014 0.625 0.6759581881533101 0.630859375 0.6689895470383276 0.6328125 0.6550522648083623
0 0.693359375 0.05574912891986063 0.69921875 0.0627177700348432 0.69921875 0.0975609756097561 0.693359375 0.07317073170731707 0.693359375 0.059233449477351915
0 0.583984375 0.3832752613240418 0.59765625 0.3832752613240418 0.599609375 0.3867595818815331 0.59765625 0.3902439024390244 0.580078125 0.3902439024390244 0.583984375 0.3867595818815331
0 0.517578125 0.30313588850174217 0.521484375 0.30662020905923343 0.521484375 0.3205574912891986 0.51953125 0.3205574912891986 0.521484375 0.3170731707317073 0.521484375 0.31010452961672474 0.517578125 0.30662020905923343
0 0.544921875 0.7073170731707317 0.544921875 0.7282229965156795 0.548828125 0.7421602787456446 0.546875 0.7456445993031359 0.546875 0.7630662020905923 0.544921875 0.7630662020905923 0.54296875 0.7560975609756098 0.54296875 0.735191637630662 0.544921875 0.7317073170731707 0.544921875 0.7212543554006968 0.5390625 0.7142857142857143 0.5390625 0.710801393728223 0.54296875 0.7073170731707317
0 0.583984375 0.6829268292682927 0.587890625 0.6829268292682927 0.5859375 0.686411149825784 0.5859375 0.7038327526132404 0.583984375 0.7003484320557491 0.583984375 0.686411149825784