0 0.455078125 0.6770833333333334 0.45703125 0.6805555555555556 0.46875 0.6770833333333334 0.46875 0.6875 0.466796875 0.6909722222222222 0.458984375 0.6909722222222222 0.455078125 0.7013888888888888 0.451171875 0.7013888888888888 0.44921875 0.7048611111111112 0.431640625 0.7048611111111112 0.4296875 0.7013888888888888 0.439453125 0.6805555555555556 0.443359375 0.6770833333333334 0.453125 0.6770833333333334
0 0.546875 0.3263888888888889 0.552734375 0.3333333333333333 0.560546875 0.3298611111111111 0.5703125 0.34375 0.5703125 0.3576388888888889 0.5625 0.3645833333333333 0.5546875 0.3645833333333333 0.55078125 0.3541666666666667 0.546875 0.3541666666666667 0.544921875 0.3506944444444444 0.546875 0.3298611111111111
0 0.568359375 0.6458333333333334 0.5703125 0.6493055555555556 0.57421875 0.6493055555555556 0.578125 0.65625 0.58984375 0.65625 0.591796875 0.6597222222222222 0.58984375 0.6701388888888888 0.591796875 0.6736111111111112 0.595703125 0.6736111111111112 0.595703125 0.6770833333333334 0.6015625 0.6875 0.603515625 0.6875 0.587890625 0.7013888888888888 0.576171875 0.6979166666666666 0.568359375 0.7083333333333334 0.564453125 0.7083333333333334 0.5625 0.7013888888888888 0.56640625 0.6840277777777778 0.56640625 0.6493055555555556
0 0.52734375 0.13194444444444445 0.53515625 0.13194444444444445 0.5390625 0.13541666666666666 0.544921875 0.14930555555555555 0.54296875 0.15625 0.5390625 0.15625 0.53125 0.14930555555555555 0.52734375 0.13541666666666666
0 0.341796875 0.06597222222222222 0.349609375 0.06597222222222222 0.353515625 0.06944444444444445 0.353515625 0.0763888888888889 0.349609375 0.0798611111111111 0.34375 0.0798611111111111 0.341796875 0.0763888888888889 0.341796875 0.06944444444444445
0 0.5 0.4305555555555556 0.50390625 0.4236111111111111 0.509765625 0.4201388888888889 0.51171875 0.4236111111111111 0.51171875 0.4305555555555556 0.505859375 0.4375 0.501953125 0.4340277777777778
0 0.6205729166666667 0.8245370370370371 0.0140625 0.03796296296296296
0 0.470703125 0.1284722222222222 0.47265625 0.13194444444444445 0.47265625 0.1423611111111111 0.46484375 0.1423611111111111 0.4609375 0.13541666666666666 0.46875 0.1284722222222222
0 0.36328125 0.1840277777777778 0.369140625 0.1875 0.369140625 0.19791666666666666 0.3671875 0.19791666666666666 0.36328125 0.1875
0 0.560546875 0.4340277777777778 0.568359375 0.4583333333333333 0.568359375 0.4756944444444444 0.5625 0.4756944444444444 0.556640625 0.4618055555555556 0.556640625 0.4548611111111111 0.5546875 0.4513888888888889 0.55859375 0.4375
0 0.41015625 0.4548611111111111 0.416015625 0.4548611111111111 0.416015625 0.4652777777777778 0.4140625 0.46875 0.41015625 0.4652777777777778 0.41015625 0.4583333333333333
0 0.49947916666666664 0.1412037037037037 0.005208333333333333 0.01574074074074074
0 0.646484375 0.3263888888888889 0.65625 0.3368055555555556 0.654296875 0.34375 0.65234375 0.34375 0.650390625 0.3506944444444444 0.642578125 0.3576388888888889 0.63671875 0.3680555555555556 0.6328125 0.3680555555555556 0.630859375 0.3715277777777778 0.6171875 0.3715277777777778 0.61328125 0.3645833333333333 0.611328125 0.3576388888888889 0.611328125 0.34375 0.61328125 0.3368055555555556 0.623046875 0.3263888888888889 0.630859375 0.3263888888888889 0.6328125 0.3229166666666667 0.63671875 0.3263888888888889 0.64453125 0.3263888888888889
0 0.349609375 0.10069444444444445 0.34765625 0.09375 0.34765625 0.08680555555555555 0.349609375 0.08333333333333333 0.3515625 0.08333333333333333 0.357421875 0.09722222222222222 0.35546875 0.10069444444444445 0.3515625 0.10069444444444445
0 0.65625 0.4270833333333333 0.658203125 0.4305555555555556 0.658203125 0.4722222222222222 0.654296875 0.4722222222222222 0.642578125 0.4583333333333333 0.646484375 0.4409722222222222 0.65234375 0.4305555555555556 0.654296875 0.4305555555555556
0 0.568359375 0.0798611111111111 0.57421875 0.10069444444444445 0.587890625 0.11458333333333333 0.607421875 0.11458333333333333 0.609375 0.11805555555555555 0.6171875 0.11805555555555555 0.623046875 0.1076388888888889 0.623046875 0.11458333333333333 0.60546875 0.1423611111111111 0.6015625 0.1423611111111111 0.59375 0.14930555555555555 0.57421875 0.14930555555555555 0.568359375 0.1423611111111111 0.568359375 0.13541666666666666 0.56640625 0.13194444444444445 0.56640625 0.11458333333333333 0.568359375 0.1111111111111111 0.56640625 0.10416666666666667 0.56640625 0.08333333333333333
0 0.4765625 0.09722222222222222 0.478515625 0.1076388888888889 0.474609375 0.11458333333333333 0.46875 0.1076388888888889 0.46875 0.10069444444444445 0.474609375 0.09722222222222222
0 0.505859375 0.4826388888888889 0.505859375 0.4895833333333333 0.5078125 0.4930555555555556 0.505859375 0.4965277777777778 0.505859375 0.5034722222222222 0.498046875 0.5104166666666666 0.49609375 0.5069444444444444 0.49609375 0.4965277777777778 0.50390625 0.4861111111111111
0 0.5390625 0.5173611111111112 0.541015625 0.5173611111111112 0.548828125 0.5347222222222222 0.548828125 0.5625 0.54296875 0.5694444444444444 0.5390625 0.5590277777777778 0.5390625 0.5381944444444444 0.541015625 0.5347222222222222 0.5390625 0.5208333333333334
0 0.453125 0.17708333333333334 0.45703125 0.16666666666666666 0.462890625 0.16666666666666666 0.462890625 0.17708333333333334 0.458984375 0.18055555555555555 0.455078125 0.17708333333333334
0 0.34479166666666666 0.4592592592592592 0.00625 0.014814814814814815
0 0.5307291666666667 0.8583333333333333 0.015625 0.03518518518518518
0 0.638671875 0.6944444444444444 0.65625 0.6944444444444444 0.658203125 0.6979166666666666 0.658203125 0.7986111111111112 0.65625 0.8020833333333334 0.654296875 0.7986111111111112 0.650390625 0.7986111111111112 0.64453125 0.7881944444444444 0.640625 0.7708333333333334 0.640625 0.75 0.642578125 0.7465277777777778 0.642578125 0.7048611111111112 0.640625 0.6979166666666666
0 0.55078125 0.12152777777777778 0.556640625 0.12152777777777778 0.556640625 0.1284722222222222 0.55078125 0.13541666666666666 0.548828125 0.13194444444444445 0.55078125 0.125
0 0.361328125 0.4513888888888889 0.365234375 0.4548611111111111 0.369140625 0.46875 0.369140625 0.4791666666666667 0.36328125 0.4861111111111111 0.361328125 0.4826388888888889 0.361328125 0.4548611111111111
0 0.490234375 0.5555555555555556 0.498046875 0.5590277777777778 0.5 0.5659722222222222 0.498046875 0.5694444444444444 0.494140625 0.5694444444444444 0.490234375 0.5590277777777778