0 0.66015625 0.3819444444444444 0.66796875 0.3854166666666667 0.66796875 0.4583333333333333 0.658203125 0.4652777777777778 0.65625 0.4618055555555556 0.65625 0.4513888888888889 0.65234375 0.4479166666666667 0.65234375 0.4131944444444444 0.6640625 0.3993055555555556 0.6640625 0.3923611111111111 0.66015625 0.3888888888888889 0.66015625 0.3854166666666667
0 0.494140625 0.2465277777777778 0.5078125 0.2465277777777778 0.5078125 0.2708333333333333 0.505859375 0.2743055555555556 0.501953125 0.2743055555555556 0.50390625 0.2708333333333333 0.501953125 0.2673611111111111 0.494140625 0.2673611111111111 0.494140625 0.25
0 0.5234375 0.18055555555555555 0.52734375 0.18055555555555555 0.52734375 0.19791666666666666 0.5234375 0.2048611111111111 0.521484375 0.2013888888888889 0.5234375 0.19791666666666666 0.5234375 0.1840277777777778
0 0.52734375 0.3125 0.53125 0.3125 0.53125 0.3402777777777778 0.525390625 0.34375 0.52734375 0.3402777777777778 0.525390625 0.3333333333333333 0.517578125 0.3333333333333333 0.517578125 0.3229166666666667 0.525390625 0.3229166666666667 0.52734375 0.3159722222222222
0 0.478515625 0 0.484375 0 0.48046875 0 0.478515625 0.006944444444444444 0.474609375 0.010416666666666666 0.46875 0.010416666666666666 0.466796875 0.006944444444444444 0.462890625 0.006944444444444444 0.462890625 0.003472222222222222 0.4765625 0
0 0.50390625 0.4618055555555556 0.513671875 0.4618055555555556 0.513671875 0.46875 0.521484375 0.4756944444444444 0.521484375 0.4930555555555556 0.517578125 0.4965277777777778 0.51953125 0.4965277777777778 0.521484375 0.4895833333333333 0.51953125 0.4861111111111111 0.515625 0.4861111111111111 0.513671875 0.4791666666666667 0.509765625 0.4791666666666667 0.509765625 0.4722222222222222 0.5078125 0.46875 0.50390625 0.46875 0.50390625 0.4652777777777778
0 0.564453125 0.2013888888888889 0.572265625 0.19791666666666666 0.572265625 0.2326388888888889 0.56640625 0.2361111111111111 0.5625 0.24305555555555555 0.560546875 0.2361111111111111 0.560546875 0.21875 0.564453125 0.2152777777777778 0.564453125 0.2048611111111111
0 0.59765625 0.6527777777777778 0.6015625 0.6527777777777778 0.6015625 0.6597222222222222 0.595703125 0.6631944444444444 0.59765625 0.65625
0 0.5859375 0.5798611111111112 0.58984375 0.5798611111111112 0.58984375 0.5833333333333334 0.5859375 0.5833333333333334 0.58203125 0.5902777777777778 0.58203125 0.5868055555555556 0.5859375 0.5833333333333334
0 0.642578125 0.4236111111111111 0.64453125 0.4201388888888889 0.6484375 0.4236111111111111 0.65625 0.4236111111111111 0.65625 0.4791666666666667 0.650390625 0.4861111111111111 0.64453125 0.4861111111111111 0.640625 0.4895833333333333 0.638671875 0.4826388888888889 0.634765625 0.4791666666666667 0.634765625 0.4618055555555556 0.638671875 0.4583333333333333 0.638671875 0.4444444444444444 0.642578125 0.4409722222222222 0.64453125 0.4270833333333333
0 0.486328125 0.2534722222222222 0.5 0.2534722222222222 0.5 0.2708333333333333 0.494140625 0.2777777777777778 0.49609375 0.2638888888888889 0.494140625 0.2604166666666667 0.486328125 0.2604166666666667 0.486328125 0.2569444444444444
0 0.5625 0 0.5625 0.017361111111111112 0.560546875 0.020833333333333332 0.560546875 0.027777777777777776 0.55859375 0.027777777777777776 0.5546875 0.03819444444444445 0.55078125 0.03819444444444445 0.546875 0.04513888888888889 0.541015625 0.04513888888888889 0.533203125 0.052083333333333336 0.52734375 0.052083333333333336 0.521484375 0.04513888888888889 0.521484375 0.003472222222222222 0.533203125 0.003472222222222222 0.53515625 0 0.560546875 0
0 0.57421875 0.375 0.607421875 0.375 0.607421875 0.3784722222222222 0.603515625 0.3819444444444444 0.583984375 0.3819444444444444 0.58203125 0.3854166666666667 0.57421875 0.3784722222222222
0 0.625 0.6388888888888888 0.630859375 0.6388888888888888 0.634765625 0.6319444444444444 0.640625 0.6319444444444444 0.64453125 0.6284722222222222 0.64453125 0.6354166666666666 0.640625 0.6388888888888888 0.640625 0.6493055555555556 0.646484375 0.65625 0.646484375 0.7083333333333334 0.63671875 0.7118055555555556 0.638671875 0.7083333333333334 0.634765625 0.7048611111111112 0.634765625 0.6979166666666666 0.62890625 0.6909722222222222 0.62890625 0.6875 0.6328125 0.6840277777777778 0.6328125 0.6631944444444444 0.634765625 0.65625 0.630859375 0.6458333333333334 0.625 0.6423611111111112
0 0.494140625 0.4965277777777778 0.50390625 0.4965277777777778 0.51171875 0.5034722222222222 0.51171875 0.5243055555555556 0.509765625 0.5208333333333334 0.505859375 0.5208333333333334 0.505859375 0.5138888888888888 0.50390625 0.5104166666666666 0.5 0.5104166666666666 0.5 0.5069444444444444 0.498046875 0.5034722222222222 0.494140625 0.5034722222222222 0.494140625 0.5
0 0.3671875 0.90625 0.3671875 0.9166666666666666 0.359375 0.9236111111111112 0.353515625 0.9236111111111112 0.341796875 0.9409722222222222 0.337890625 0.9409722222222222 0.333984375 0.9479166666666666 0.330078125 0.9444444444444444 0.330078125 0.9270833333333334 0.337890625 0.9270833333333334 0.33984375 0.9236111111111112 0.3515625 0.9270833333333334 0.365234375 0.9097222222222222
0 0.6015625 0.6006944444444444 0.60546875 0.6006944444444444 0.60546875 0.6076388888888888 0.599609375 0.6145833333333334 0.59765625 0.6111111111111112 0.599609375 0.6111111111111112 0.6015625 0.6041666666666666
0 0.49609375 0.5416666666666666 0.5078125 0.5416666666666666 0.5078125 0.5590277777777778 0.505859375 0.5659722222222222 0.50390625 0.5659722222222222 0.50390625 0.5625 0.5078125 0.5590277777777778 0.505859375 0.5555555555555556 0.501953125 0.5555555555555556 0.501953125 0.5486111111111112 0.5 0.5451388888888888 0.49609375 0.5451388888888888
0 0.494140625 0.19444444444444445 0.494140625 0.2222222222222222 0.490234375 0.22569444444444445 0.48046875 0.2222222222222222 0.48046875 0.19791666666666666 0.48828125 0.19791666666666666 0.4921875 0.19444444444444445
0 0.662109375 0.4791666666666667 0.66796875 0.4756944444444444 0.66796875 0.5277777777777778 0.654296875 0.5381944444444444 0.646484375 0.5347222222222222 0.646484375 0.5069444444444444 0.6484375 0.5069444444444444 0.650390625 0.5 0.65625 0.4965277777777778 0.658203125 0.4895833333333333 0.662109375 0.4861111111111111 0.662109375 0.4826388888888889
0 0.458984375 0 0.466796875 0 0.46875 0.006944444444444444 0.470703125 0.006944444444444444 0.470703125 0.05555555555555555 0.462890625 0.059027777777777776 0.462890625 0.052083333333333336 0.458984375 0.04861111111111111 0.458984375 0.034722222222222224 0.45703125 0.03125 0.453125 0.03125 0.453125 0.020833333333333332 0.45703125 0.020833333333333332 0.458984375 0.017361111111111112 0.458984375 0.003472222222222222
0 0.533203125 0.1840277777777778 0.537109375 0.1840277777777778 0.537109375 0.21875 0.533203125 0.2222222222222222 0.529296875 0.21875 0.5234375 0.21875 0.5234375 0.2152777777777778 0.53125 0.2152777777777778 0.533203125 0.21180555555555555 0.533203125 0.1875
0 0.515625 0.16319444444444445 0.517578125 0.16319444444444445 0.517578125 0.1909722222222222 0.509765625 0.1909722222222222 0.5078125 0.19444444444444445 0.505859375 0.1909722222222222 0.505859375 0.1840277777777778 0.509765625 0.18055555555555555 0.509765625 0.1701388888888889 0.513671875 0.1701388888888889 0.515625 0.16666666666666666
0 0.513671875 0.2534722222222222 0.525390625 0.25 0.525390625 0.2847222222222222 0.5234375 0.2916666666666667 0.521484375 0.2881944444444444 0.525390625 0.2847222222222222 0.525390625 0.2777777777777778 0.5234375 0.2743055555555556 0.51953125 0.2743055555555556 0.51953125 0.2638888888888889 0.517578125 0.2604166666666667 0.513671875 0.2604166666666667 0.513671875 0.2569444444444444
0 0.65234375 0.06597222222222222 0.658203125 0.06597222222222222 0.66015625 0.07291666666666667 0.666015625 0.07291666666666667 0.669921875 0.0763888888888889 0.6640625 0.08333333333333333 0.66015625 0.08333333333333333 0.65625 0.0763888888888889 0.65234375 0.0763888888888889 0.65234375 0.06944444444444445
0 0.509765625 0.21875 0.513671875 0.21875 0.513671875 0.25 0.5078125 0.2534722222222222 0.509765625 0.25 0.509765625 0.2361111111111111 0.5078125 0.2326388888888889 0.5 0.2326388888888889 0.5 0.22569444444444445 0.5078125 0.22569444444444445 0.509765625 0.2222222222222222
0 0.330078125 0.22916666666666666 0.33203125 0.2326388888888889 0.34765625 0.2326388888888889 0.36328125 0.24305555555555555 0.36328125 0.2916666666666667 0.3359375 0.2951388888888889 0.333984375 0.2916666666666667 0.330078125 0.2916666666666667 0.330078125 0.2326388888888889
0 0.59765625 0.6319444444444444 0.603515625 0.6319444444444444 0.60546875 0.6388888888888888 0.611328125 0.6388888888888888 0.611328125 0.6423611111111112 0.58203125 0.6423611111111112 0.58203125 0.6388888888888888 0.595703125 0.6388888888888888 0.59765625 0.6354166666666666
0 0.6484375 0.24305555555555555 0.650390625 0.2465277777777778 0.654296875 0.2465277777777778 0.65625 0.2534722222222222 0.666015625 0.2638888888888889 0.66796875 0.2708333333333333 0.66796875 0.3541666666666667 0.658203125 0.3541666666666667 0.6640625 0.3472222222222222 0.650390625 0.3298611111111111 0.6484375 0.3194444444444444 0.64453125 0.3159722222222222 0.640625 0.3020833333333333 0.6328125 0.3020833333333333 0.630859375 0.2465277777777778 0.6328125 0.24305555555555555 0.646484375 0.24305555555555555