0 0.46484375 0.7282229965156795 0.48046875 0.7282229965156795 0.482421875 0.735191637630662 0.48828125 0.7386759581881533 0.486328125 0.7526132404181185 0.474609375 0.7526132404181185 0.47265625 0.7560975609756098 0.451171875 0.7560975609756098 0.453125 0.7491289198606271 0.46484375 0.7317073170731707
0 0.626953125 0.34843205574912894 0.6328125 0.3519163763066202 0.6328125 0.3588850174216028 0.634765625 0.3623693379790941 0.6328125 0.3693379790940767 0.626953125 0.37630662020905925 0.626953125 0.3797909407665505 0.623046875 0.3797909407665505 0.619140625 0.37282229965156793 0.611328125 0.37282229965156793 0.607421875 0.3797909407665505 0.603515625 0.37630662020905925 0.603515625 0.3554006968641115 0.61328125 0.3588850174216028 0.615234375 0.3554006968641115 0.625 0.3554006968641115 0.626953125 0.3519163763066202
0 0.5703125 0.11498257839721254 0.57421875 0.12195121951219512 0.580078125 0.12195121951219512 0.58203125 0.1254355400696864 0.58984375 0.1254355400696864 0.591796875 0.12195121951219512 0.591796875 0.13240418118466898 0.59375 0.13588850174216027 0.59375 0.14285714285714285 0.591796875 0.14634146341463414 0.583984375 0.14634146341463414 0.5703125 0.13240418118466898 0.56640625 0.13240418118466898 0.5703125 0.11846689895470383
0 0.525390625 0.12195121951219512 0.529296875 0.11846689895470383 0.53515625 0.11846689895470383 0.537109375 0.1254355400696864 0.537109375 0.13240418118466898 0.53515625 0.13588850174216027 0.525390625 0.13588850174216027 0.525390625 0.1254355400696864
0 0.580078125 0.42857142857142855 0.5859375 0.445993031358885 0.58984375 0.44947735191637633 0.587890625 0.4564459930313589 0.587890625 0.46689895470383275 0.5859375 0.46689895470383275 0.587890625 0.4634146341463415 0.5859375 0.45993031358885017 0.58203125 0.4564459930313589 0.572265625 0.4564459930313589 0.568359375 0.4529616724738676 0.564453125 0.4425087108013937 0.5625 0.4425087108013937 0.5625 0.43902439024390244 0.564453125 0.43902439024390244 0.568359375 0.42857142857142855 0.578125 0.42857142857142855
0 0.580078125 0.5749128919860628 0.591796875 0.5644599303135889 0.59375 0.5644599303135889 0.59375 0.5714285714285714 0.595703125 0.5749128919860628 0.595703125 0.5958188153310104 0.591796875 0.6027874564459931 0.58203125 0.6097560975609756 0.576171875 0.6097560975609756 0.576171875 0.5853658536585366 0.580078125 0.578397212543554
0 0.525390625 0.5818815331010453 0.529296875 0.5818815331010453 0.533203125 0.5923344947735192 0.533203125 0.5958188153310104 0.529296875 0.5993031358885017 0.5234375 0.5923344947735192 0.525390625 0.5853658536585366
0 0.53515625 0.4529616724738676 0.544921875 0.4529616724738676 0.546875 0.45993031358885017 0.54296875 0.46689895470383275 0.53515625 0.46689895470383275 0.53125 0.4634146341463415 0.53125 0.45993031358885017 0.53515625 0.4564459930313589
0 0.6796875 0.8641114982578397 0.6796875 0.8745644599303136 0.677734375 0.8780487804878049 0.6796875 0.8989547038327527 0.677734375 0.9024390243902439 0.669921875 0.9024390243902439 0.671875 0.8989547038327527 0.66796875 0.89198606271777 0.66796875 0.8780487804878049 0.67578125 0.8641114982578397 0.677734375 0.8641114982578397
0 0.599609375 0.46689895470383275 0.603515625 0.46689895470383275 0.60546875 0.4738675958188153 0.61328125 0.47735191637630664 0.61328125 0.4878048780487805 0.615234375 0.4912891986062718 0.615234375 0.49825783972125437 0.61328125 0.5017421602787456 0.599609375 0.4878048780487805 0.599609375 0.47038327526132406
0 0.61328125 0.06620209059233449 0.615234375 0.06620209059233449 0.6171875 0.07317073170731707 0.626953125 0.08710801393728224 0.63671875 0.09407665505226481 0.646484375 0.09407665505226481 0.6484375 0.0975609756097561 0.650390625 0.09407665505226481 0.666015625 0.09407665505226481 0.66796875 0.0975609756097561 0.673828125 0.0975609756097561 0.68359375 0.06968641114982578 0.6875 0.06968641114982578 0.6875 0.09059233449477352 0.681640625 0.10104529616724739 0.673828125 0.10452961672473868 0.66015625 0.1289198606271777 0.65234375 0.13588850174216027 0.638671875 0.13588850174216027 0.63671875 0.13937282229965156 0.62109375 0.1289198606271777 0.619140625 0.10452961672473868 0.6171875 0.10104529616724739 0.619140625 0.0975609756097561 0.619140625 0.09059233449477352 0.6171875 0.08710801393728224 0.6171875 0.08013937282229965 0.61328125 0.07665505226480836 0.61328125 0.06968641114982578
0 0.50390625 0.156794425087108 0.5078125 0.15331010452961671 0.513671875 0.15331010452961671 0.513671875 0.1602787456445993 0.51171875 0.16376306620209058 0.5078125 0.16376306620209058 0.505859375 0.1602787456445993
0 0.439453125 0.4738675958188153 0.4453125 0.4738675958188153 0.44921875 0.4808362369337979 0.4453125 0.49477351916376305 0.43359375 0.49477351916376305 0.435546875 0.4912891986062718 0.435546875 0.4843205574912892 0.439453125 0.47735191637630664
0 0.7109375 0.31010452961672474 0.7109375 0.3623693379790941 0.70703125 0.36585365853658536 0.701171875 0.36585365853658536 0.69921875 0.3693379790940767 0.693359375 0.3693379790940767 0.68359375 0.37630662020905925 0.6796875 0.37630662020905925 0.677734375 0.37282229965156793 0.66796875 0.37282229965156793 0.6640625 0.3797909407665505 0.6640625 0.3867595818815331 0.662109375 0.3902439024390244 0.66015625 0.3693379790940767 0.658203125 0.3623693379790941 0.65234375 0.3554006968641115 0.65234375 0.3519163763066202 0.662109375 0.3519163763066202 0.6640625 0.3554006968641115 0.66796875 0.3554006968641115 0.673828125 0.33797909407665505 0.6796875 0.3310104529616725 0.68359375 0.3310104529616725 0.701171875 0.313588850174216 0.708984375 0.313588850174216
0 0.39453125 0.4912891986062718 0.396484375 0.4912891986062718 0.3984375 0.5052264808362369 0.392578125 0.5261324041811847 0.388671875 0.5261324041811847 0.38671875 0.5296167247386759 0.373046875 0.5296167247386759 0.37109375 0.5261324041811847 0.37109375 0.5156794425087108 0.373046875 0.5156794425087108 0.37890625 0.5017421602787456 0.3828125 0.49825783972125437 0.392578125 0.49825783972125437 0.39453125 0.49477351916376305
0 0.375 0.0627177700348432 0.37890625 0.0627177700348432 0.380859375 0.06620209059233449 0.380859375 0.08362369337979095 0.375 0.08362369337979095 0.369140625 0.07665505226480836 0.369140625 0.06968641114982578 0.373046875 0.06968641114982578 0.375 0.06620209059233449
0 0.392578125 0.21254355400696864 0.3984375 0.21254355400696864 0.400390625 0.21951219512195122 0.404296875 0.21951219512195122 0.40625 0.2229965156794425 0.40625 0.22996515679442509 0.38671875 0.22996515679442509 0.376953125 0.2229965156794425 0.384765625 0.2229965156794425 0.392578125 0.21602787456445993
0 0.7109375 0.445993031358885 0.7109375 0.4912891986062718 0.701171875 0.4878048780487805 0.6953125 0.4808362369337979 0.69921875 0.47735191637630664 0.701171875 0.4634146341463415 0.705078125 0.4529616724738676 0.708984375 0.44947735191637633
0 0.404296875 0.18466898954703834 0.40625 0.18815331010452963 0.40625 0.1986062717770035 0.404296875 0.20209059233449478 0.396484375 0.1986062717770035 0.39453125 0.1916376306620209 0.396484375 0.18466898954703834 0.40234375 0.18466898954703834
0 0.51953125 0.08362369337979095 0.5234375 0.08362369337979095 0.525390625 0.08710801393728224 0.525390625 0.0975609756097561 0.51953125 0.0975609756097561 0.517578125 0.09407665505226481 0.51953125 0.08710801393728224
0 0.537109375 0.519163763066202 0.5390625 0.5226480836236934 0.537109375 0.5365853658536586 0.533203125 0.5400696864111498 0.525390625 0.5400696864111498 0.529296875 0.5261324041811847 0.53515625 0.5261324041811847 0.537109375 0.5226480836236934
0 0.384765625 0.33797909407665505 0.392578125 0.3623693379790941 0.39453125 0.36585365853658536 0.40234375 0.36585365853658536 0.40625 0.3693379790940767 0.40625 0.37630662020905925 0.404296875 0.3797909407665505 0.384765625 0.3797909407665505 0.3828125 0.3832752613240418 0.37890625 0.3832752613240418 0.376953125 0.3797909407665505 0.3671875 0.3797909407665505 0.36328125 0.37630662020905925 0.36328125 0.3554006968641115 0.369140625 0.3519163763066202 0.376953125 0.33797909407665505 0.3828125 0.33797909407665505
0 0.375 0.4564459930313589 0.3828125 0.4564459930313589 0.384765625 0.4634146341463415 0.388671875 0.4634146341463415 0.396484375 0.47038327526132406 0.39453125 0.4878048780487805 0.38671875 0.4878048780487805 0.37890625 0.49477351916376305 0.365234375 0.49477351916376305 0.36328125 0.4912891986062718 0.365234375 0.4878048780487805 0.365234375 0.4634146341463415 0.373046875 0.4634146341463415 0.375 0.45993031358885017
0 0.564453125 0.313588850174216 0.568359375 0.313588850174216 0.5703125 0.3205574912891986 0.57421875 0.3170731707317073 0.57421875 0.32752613240418116 0.564453125 0.32752613240418116 0.5625 0.3310104529616725 0.55859375 0.3240418118466899 0.564453125 0.3170731707317073
0 0.615234375 0.686411149825784 0.6171875 0.6898954703832753 0.62109375 0.6898954703832753 0.625 0.6968641114982579 0.638671875 0.6968641114982579 0.640625 0.7003484320557491 0.638671875 0.710801393728223 0.650390625 0.7282229965156795 0.677734375 0.7282229965156795 0.6796875 0.7317073170731707 0.689453125 0.7317073170731707 0.69140625 0.735191637630662 0.703125 0.735191637630662 0.705078125 0.7386759581881533 0.7109375 0.7386759581881533 0.7109375 0.8571428571428571 0.701171875 0.8432055749128919 0.701171875 0.8362369337979094 0.697265625 0.8257839721254355 0.697265625 0.8083623693379791 0.69140625 0.794425087108014 0.677734375 0.7839721254355401 0.669921875 0.7735191637630662 0.666015625 0.7735191637630662 0.66015625 0.7630662020905923 0.65625 0.7630662020905923 0.64453125 0.7456445993031359 0.626953125 0.7456445993031359 0.625 0.7421602787456446 0.623046875 0.7456445993031359 0.619140625 0.7456445993031359 0.61328125 0.7560975609756098 0.611328125 0.7560975609756098 0.609375 0.7526132404181185 0.609375 0.7421602787456446 0.611328125 0.7386759581881533 0.61328125 0.6898954703832753
0 0.6171875 0.2926829268292683 0.619140625 0.2926829268292683 0.619140625 0.30313588850174217 0.62109375 0.31010452961672474 0.615234375 0.3170731707317073 0.609375 0.3170731707317073 0.609375 0.313588850174216 0.6171875 0.30662020905923343 0.6171875 0.2961672473867596