0 0.6328125 0.9201388888888888 0.630859375 0.9131944444444444 0.630859375 0.9027777777777778 0.6328125 0.8993055555555556 0.63671875 0.9027777777777778 0.63671875 0.9236111111111112 0.634765625 0.9201388888888888
0 0.607421875 0.6006944444444444 0.611328125 0.6006944444444444 0.61328125 0.6041666666666666 0.61328125 0.6111111111111112 0.6171875 0.625 0.6171875 0.6458333333333334 0.61328125 0.65625 0.609375 0.6597222222222222 0.60546875 0.65625 0.603515625 0.6493055555555556 0.603515625 0.6319444444444444 0.60546875 0.6284722222222222 0.607421875 0.6041666666666666
0 0.4765625 0.4236111111111111 0.478515625 0.4236111111111111 0.482421875 0.4340277777777778 0.482421875 0.4409722222222222 0.48046875 0.4409722222222222 0.4765625 0.4270833333333333
0 0.5625 0.8993055555555556 0.564453125 0.8993055555555556 0.56640625 0.90625 0.56640625 0.9166666666666666 0.568359375 0.9201388888888888 0.568359375 0.9583333333333334 0.56640625 0.9652777777777778 0.564453125 0.9652777777777778 0.564453125 0.9444444444444444 0.5625 0.9409722222222222 0.5625 0.9027777777777778
0 0.544921875 0.4097222222222222 0.55078125 0.4166666666666667 0.564453125 0.4166666666666667 0.560546875 0.4201388888888889 0.55078125 0.4201388888888889 0.548828125 0.4236111111111111 0.546875 0.4548611111111111 0.544921875 0.4583333333333333 0.544921875 0.4513888888888889 0.54296875 0.4479166666666667 0.54296875 0.4236111111111111 0.544921875 0.4201388888888889 0.544921875 0.4131944444444444
0 0.49609375 0.7951388888888888 0.498046875 0.7951388888888888 0.498046875 0.8020833333333334 0.501953125 0.8125 0.498046875 0.8125 0.49609375 0.8090277777777778 0.49609375 0.7986111111111112
0 0.529296875 0.09375 0.541015625 0.09375 0.556640625 0.1076388888888889 0.564453125 0.12152777777777778 0.564453125 0.1284722222222222 0.556640625 0.12152777777777778 0.533203125 0.11458333333333333 0.529296875 0.1076388888888889 0.529296875 0.09722222222222222
0 0.6015625 0.6944444444444444 0.6015625 0.7118055555555556 0.60546875 0.7291666666666666 0.603515625 0.7465277777777778 0.591796875 0.7638888888888888 0.587890625 0.7569444444444444 0.587890625 0.7291666666666666 0.59765625 0.7083333333333334 0.599609375 0.6979166666666666
0 0.51953125 0.4722222222222222 0.5234375 0.4826388888888889 0.5234375 0.4930555555555556 0.521484375 0.4930555555555556 0.51953125 0.4895833333333333 0.51953125 0.4756944444444444
0 0.65625 0.16319444444444445 0.658203125 0.16319444444444445 0.658203125 0.2048611111111111 0.65625 0.21180555555555555 0.65234375 0.20833333333333334 0.65234375 0.1909722222222222 0.654296875 0.1875 0.654296875 0.1736111111111111 0.65625 0.16666666666666666
0 0.5049479166666666 0.8074074074074074 0.0067708333333333336 0.016666666666666666
0 0.58203125 0.5868055555555556 0.5859375 0.5902777777777778 0.591796875 0.6111111111111112 0.591796875 0.6215277777777778 0.59375 0.625 0.59375 0.6527777777777778 0.591796875 0.65625 0.591796875 0.6701388888888888 0.595703125 0.6770833333333334 0.595703125 0.6840277777777778 0.591796875 0.6840277777777778 0.58984375 0.6805555555555556 0.580078125 0.6840277777777778 0.5859375 0.6701388888888888 0.58203125 0.6319444444444444 0.578125 0.625 0.580078125 0.6180555555555556 0.580078125 0.59375 0.58203125 0.5902777777777778
0 0.486328125 0.4236111111111111 0.490234375 0.4270833333333333 0.490234375 0.4340277777777778 0.4921875 0.4375 0.4921875 0.4479166666666667 0.490234375 0.4479166666666667 0.486328125 0.4340277777777778 0.486328125 0.4270833333333333
0 0.646484375 0.9791666666666666 0.650390625 0.9826388888888888 0.650390625 0.9965277777777778 0.64453125 0.9965277777777778 0.646484375 0.9826388888888888
0 0.490234375 0.7569444444444444 0.494140625 0.7604166666666666 0.498046875 0.7708333333333334 0.498046875 0.7743055555555556 0.494140625 0.7743055555555556 0.490234375 0.7604166666666666
0 0.498046875 0.4097222222222222 0.5 0.4097222222222222 0.505859375 0.4236111111111111 0.505859375 0.4305555555555556 0.50390625 0.4305555555555556 0.501953125 0.4201388888888889 0.498046875 0.4131944444444444
0 0.474609375 0.3923611111111111 0.4765625 0.3888888888888889 0.482421875 0.3888888888888889 0.486328125 0.3993055555555556 0.48046875 0.3923611111111111 0.4765625 0.3923611111111111
0 0.482421875 0.7673611111111112 0.486328125 0.78125 0.486328125 0.7847222222222222 0.484375 0.7847222222222222 0.482421875 0.7708333333333334
0 0.5390625 0.8125 0.54296875 0.8194444444444444 0.544921875 0.8368055555555556 0.548828125 0.8472222222222222 0.548828125 0.8576388888888888 0.544921875 0.8576388888888888 0.541015625 0.8402777777777778 0.5390625 0.8159722222222222
0 0.349609375 0.2569444444444444 0.3515625 0.2638888888888889 0.349609375 0.2673611111111111 0.349609375 0.2777777777777778 0.34765625 0.2847222222222222 0.341796875 0.2951388888888889 0.341796875 0.2743055555555556 0.34765625 0.2604166666666667
0 0.47265625 0.3958333333333333 0.48046875 0.4097222222222222 0.48046875 0.4201388888888889 0.478515625 0.4201388888888889 0.47265625 0.3993055555555556
0 0.474609375 0.4548611111111111 0.48046875 0.4652777777777778 0.48046875 0.4756944444444444 0.474609375 0.4583333333333333
0 0.3450520833333333 0.963888888888889 0.0067708333333333336 0.014814814814814815
0 0.548828125 0.6631944444444444 0.55078125 0.65625 0.576171875 0.65625 0.576171875 0.6597222222222222 0.572265625 0.6631944444444444 0.55078125 0.6631944444444444
0 0.51171875 0.4270833333333333 0.515625 0.4270833333333333 0.515625 0.4305555555555556 0.525390625 0.4479166666666667 0.525390625 0.4548611111111111 0.51953125 0.4479166666666667 0.513671875 0.4305555555555556
0 0.650390625 0.7673611111111112 0.650390625 0.7847222222222222 0.658203125 0.8125 0.658203125 0.84375 0.654296875 0.8506944444444444 0.650390625 0.8506944444444444 0.6484375 0.8472222222222222 0.646484375 0.8402777777777778 0.646484375 0.8298611111111112 0.64453125 0.8263888888888888 0.64453125 0.7708333333333334 0.6484375 0.7673611111111112
0 0.482421875 0.11458333333333333 0.5 0.12152777777777778 0.4921875 0.13541666666666666 0.4921875 0.14583333333333334 0.49609375 0.1597222222222222 0.494140625 0.1875 0.48046875 0.2152777777777778 0.4765625 0.2152777777777778 0.47265625 0.2048611111111111 0.47265625 0.18055555555555555 0.470703125 0.17708333333333334 0.470703125 0.1701388888888889 0.47265625 0.1701388888888889 0.478515625 0.1597222222222222 0.482421875 0.1423611111111111 0.48828125 0.13194444444444445 0.48828125 0.125 0.484375 0.12152777777777778 0.484375 0.11805555555555555
0 0.50234375 0.7601851851851852 0.0109375 0.02037037037037037
0 0.615234375 0.15625 0.615234375 0.1875 0.61328125 0.1909722222222222 0.61328125 0.2013888888888889 0.609375 0.2048611111111111 0.609375 0.1736111111111111 0.61328125 0.1597222222222222
0 0.6484375 0.059027777777777776 0.650390625 0.059027777777777776 0.654296875 0.06944444444444445 0.65625 0.0763888888888889 0.65625 0.08680555555555555 0.658203125 0.09027777777777778 0.658203125 0.1076388888888889 0.65625 0.1076388888888889 0.6484375 0.0763888888888889 0.6484375 0.0625
0 0.48828125 0.3506944444444444 0.490234375 0.3472222222222222 0.49609375 0.3472222222222222 0.49609375 0.3611111111111111 0.498046875 0.3680555555555556 0.49609375 0.3680555555555556 0.490234375 0.3541666666666667
0 0.521484375 0.8402777777777778 0.529296875 0.8611111111111112 0.53125 0.8923611111111112 0.529296875 0.8923611111111112 0.52734375 0.8819444444444444 0.5234375 0.875 0.51953125 0.84375
0 0.5598958333333334 0.749074074074074 0.007291666666666667 0.016666666666666666