0 0.130859375 0.4444444444444444 0.140625 0.4444444444444444 0.142578125 0.4409722222222222 0.150390625 0.4409722222222222 0.15234375 0.4375 0.197265625 0.4375 0.19921875 0.4409722222222222 0.19921875 0.4513888888888889 0.146484375 0.4513888888888889 0.14453125 0.4548611111111111 0.125 0.4548611111111111 0.12109375 0.4583333333333333 0.12109375 0.4548611111111111 0.130859375 0.4479166666666667
0 0.806640625 0.4652777777777778 0.81640625 0.4722222222222222 0.81640625 0.4861111111111111 0.794921875 0.4861111111111111 0.79296875 0.4826388888888889 0.771484375 0.4826388888888889 0.767578125 0.4791666666666667 0.76953125 0.4722222222222222 0.779296875 0.4652777777777778 0.8046875 0.4652777777777778
0 0.20703125 0.59375 0.248046875 0.59375 0.25 0.6006944444444444 0.265625 0.6006944444444444 0.267578125 0.6041666666666666 0.27734375 0.6076388888888888 0.294921875 0.625 0.294921875 0.6388888888888888 0.29296875 0.6388888888888888 0.291015625 0.6458333333333334 0.283203125 0.65625 0.28515625 0.6631944444444444 0.28125 0.6701388888888888 0.271484375 0.6701388888888888 0.26953125 0.6736111111111112 0.240234375 0.6736111111111112 0.23828125 0.6770833333333334 0.23828125 0.6701388888888888 0.234375 0.6631944444444444 0.23046875 0.6631944444444444 0.228515625 0.6701388888888888 0.220703125 0.6805555555555556 0.216796875 0.6770833333333334 0.2109375 0.6770833333333334 0.208984375 0.6805555555555556 0.189453125 0.6805555555555556 0.1875 0.6840277777777778 0.185546875 0.6805555555555556 0.18359375 0.6840277777777778 0.173828125 0.6840277777777778 0.171875 0.6805555555555556 0.162109375 0.6875 0.13671875 0.6875 0.13671875 0.6701388888888888 0.1328125 0.6666666666666666 0.1328125 0.65625 0.13671875 0.6527777777777778 0.138671875 0.6423611111111112 0.142578125 0.6354166666666666 0.146484375 0.6319444444444444 0.15234375 0.6319444444444444 0.154296875 0.6284722222222222 0.154296875 0.6180555555555556 0.162109375 0.6111111111111112 0.181640625 0.6076388888888888 0.19140625 0.6006944444444444 0.205078125 0.6006944444444444 0.20703125 0.5972222222222222
0 0.1484375 0.3888888888888889 0.158203125 0.3993055555555556 0.177734375 0.3993055555555556 0.1796875 0.4027777777777778 0.185546875 0.4027777777777778 0.1875 0.40625 0.19140625 0.40625 0.193359375 0.4131944444444444 0.19140625 0.4166666666666667 0.13671875 0.4166666666666667 0.13671875 0.40625 0.138671875 0.3993055555555556 0.146484375 0.3923611111111111
0 0.5703125 0.6319444444444444 0.580078125 0.6319444444444444 0.58203125 0.6388888888888888 0.5859375 0.6388888888888888 0.603515625 0.65625 0.607421875 0.65625 0.61328125 0.6666666666666666 0.619140625 0.6701388888888888 0.625 0.6840277777777778 0.6328125 0.6909722222222222 0.6328125 0.6944444444444444 0.64453125 0.7118055555555556 0.64453125 0.71875 0.638671875 0.71875 0.58984375 0.6805555555555556 0.5859375 0.6701388888888888 0.578125 0.6666666666666666 0.5703125 0.6527777777777778 0.568359375 0.6458333333333334 0.568359375 0.6388888888888888 0.5703125 0.6354166666666666
0 0.0234375 0.2916666666666667 0.03515625 0.2916666666666667 0.037109375 0.2986111111111111 0.044921875 0.2986111111111111 0.044921875 0.3090277777777778 0.0234375 0.3090277777777778 0.021484375 0.3125 0.001953125 0.3125 0 0.3159722222222222 0 0.2986111111111111 0.021484375 0.2986111111111111 0.0234375 0.2951388888888889
0 0.22265625 0.2569444444444444 0.22265625 0.2708333333333333 0.21875 0.2777777777777778 0.19140625 0.3020833333333333 0.1875 0.3020833333333333 0.1796875 0.3090277777777778 0.16796875 0.3090277777777778 0.166015625 0.3125 0.16015625 0.3125 0.158203125 0.3090277777777778 0.154296875 0.3090277777777778 0.15625 0.2986111111111111 0.16796875 0.2847222222222222 0.173828125 0.2847222222222222 0.1796875 0.2743055555555556 0.18359375 0.2743055555555556 0.1875 0.2673611111111111 0.19140625 0.2673611111111111 0.193359375 0.2638888888888889 0.197265625 0.2673611111111111 0.212890625 0.2673611111111111 0.220703125 0.2604166666666667
0 0.33203125 0.3680555555555556 0.33203125 0.375 0.328125 0.375 0.31640625 0.3888888888888889 0.30859375 0.3888888888888889 0.29296875 0.4027777777777778 0.271484375 0.40625 0.26953125 0.4097222222222222 0.24609375 0.4097222222222222 0.244140625 0.40625 0.255859375 0.3923611111111111 0.26171875 0.3923611111111111 0.263671875 0.3888888888888889 0.2734375 0.3854166666666667 0.279296875 0.3784722222222222 0.294921875 0.375 0.296875 0.3715277777777778 0.306640625 0.3715277777777778 0.30859375 0.3680555555555556 0.330078125 0.3680555555555556
0 0.509765625 0.5069444444444444 0.509765625 0.5 0.51171875 0.4965277777777778 0.51953125 0.4930555555555556 0.5234375 0.4861111111111111 0.55078125 0.4895833333333333 0.55078125 0.5138888888888888 0.541015625 0.5208333333333334 0.529296875 0.5208333333333334 0.52734375 0.5173611111111112 0.517578125 0.5138888888888888 0.51171875 0.5069444444444444
0 0.998046875 0.3506944444444444 0.998046875 0.3819444444444444 0.96484375 0.3819444444444444 0.9609375 0.3784722222222222 0.9609375 0.375 0.962890625 0.375 0.96484375 0.3680555555555556 0.96875 0.3645833333333333 0.978515625 0.3645833333333333 0.984375 0.3576388888888889 0.99609375 0.3576388888888889 0.998046875 0.3541666666666667
0 0.337890625 0.2986111111111111 0.33984375 0.2986111111111111 0.33984375 0.3333333333333333 0.333984375 0.3402777777777778 0.330078125 0.34375 0.322265625 0.34375 0.31640625 0.3506944444444444 0.296875 0.3506944444444444 0.294921875 0.3541666666666667 0.29296875 0.3506944444444444 0.287109375 0.3506944444444444 0.291015625 0.3472222222222222 0.291015625 0.34375 0.302734375 0.3194444444444444 0.306640625 0.3194444444444444 0.3125 0.3125 0.318359375 0.3125 0.3203125 0.3090277777777778 0.3359375 0.3055555555555556 0.337890625 0.3020833333333333
0 0.349609375 0.4305555555555556 0.349609375 0.4479166666666667 0.345703125 0.4513888888888889 0.3359375 0.4513888888888889 0.333984375 0.4479166666666667 0.328125 0.4479166666666667 0.32421875 0.4444444444444444 0.326171875 0.4444444444444444 0.330078125 0.4340277777777778 0.34765625 0.4305555555555556
0 0.111328125 0.5451388888888888 0.1171875 0.5451388888888888 0.1171875 0.5729166666666666 0.115234375 0.5763888888888888 0.109375 0.5763888888888888 0.107421875 0.5798611111111112 0.103515625 0.5798611111111112 0.1015625 0.5763888888888888 0.091796875 0.5763888888888888 0.091796875 0.5659722222222222 0.09375 0.5659722222222222 0.09765625 0.5555555555555556 0.109375 0.5520833333333334 0.111328125 0.5486111111111112
0 0.083984375 0.375 0.111328125 0.375 0.111328125 0.3784722222222222 0.115234375 0.3819444444444444 0.115234375 0.3923611111111111 0.111328125 0.3923611111111111 0.109375 0.3993055555555556 0.099609375 0.3993055555555556 0.09765625 0.4027777777777778 0.080078125 0.40625 0.0703125 0.4131944444444444 0.044921875 0.4131944444444444 0.04296875 0.4166666666666667 0.03515625 0.4131944444444444 0.03515625 0.4097222222222222 0.03125 0.40625 0.03125 0.3888888888888889 0.03515625 0.3854166666666667 0.048828125 0.3854166666666667 0.05078125 0.3819444444444444 0.08203125 0.3819444444444444 0.083984375 0.3784722222222222
0 0.201171875 0.3125 0.201171875 0.3263888888888889 0.203125 0.3333333333333333 0.201171875 0.3368055555555556 0.197265625 0.3368055555555556 0.1953125 0.34375 0.181640625 0.3576388888888889 0.162109375 0.3576388888888889 0.16015625 0.3611111111111111 0.14453125 0.3611111111111111 0.142578125 0.3645833333333333 0.126953125 0.3645833333333333 0.125 0.3680555555555556 0.119140625 0.3680555555555556 0.1171875 0.3645833333333333 0.099609375 0.3645833333333333 0.09765625 0.3611111111111111 0.099609375 0.3541666666666667 0.107421875 0.3472222222222222 0.111328125 0.3472222222222222 0.11328125 0.3402777777777778 0.12109375 0.3402777777777778 0.12890625 0.3333333333333333 0.13671875 0.3333333333333333 0.146484375 0.3263888888888889 0.158203125 0.3263888888888889 0.16796875 0.3194444444444444 0.171875 0.3229166666666667 0.181640625 0.3229166666666667 0.18359375 0.3194444444444444 0.19921875 0.3194444444444444 0.201171875 0.3159722222222222
0 0.642578125 0.4236111111111111 0.662109375 0.4236111111111111 0.662109375 0.4270833333333333 0.66796875 0.4340277777777778 0.69140625 0.4375 0.693359375 0.4444444444444444 0.693359375 0.4479166666666667 0.68359375 0.4479166666666667 0.681640625 0.4513888888888889 0.640625 0.4479166666666667 0.6328125 0.4409722222222222 0.6328125 0.4340277777777778 0.63671875 0.4340277777777778 0.642578125 0.4270833333333333
0 0.154296875 0.4444444444444444 0.1875 0.4444444444444444 0.189453125 0.4513888888888889 0.203125 0.4513888888888889 0.205078125 0.4479166666666667 0.205078125 0.46875 0.1875 0.46875 0.1796875 0.4756944444444444 0.1484375 0.4756944444444444 0.146484375 0.4791666666666667 0.12109375 0.4756944444444444 0.12109375 0.4618055555555556 0.130859375 0.4548611111111111 0.13671875 0.4548611111111111 0.138671875 0.4513888888888889 0.15234375 0.4513888888888889 0.154296875 0.4479166666666667
0 0.259765625 0.4236111111111111 0.291015625 0.4236111111111111 0.291015625 0.4375 0.287109375 0.4375 0.28515625 0.4444444444444444 0.279296875 0.4444444444444444 0.271484375 0.4513888888888889 0.26171875 0.4513888888888889 0.259765625 0.4548611111111111 0.2265625 0.4548611111111111 0.2265625 0.4513888888888889 0.23046875 0.4479166666666667 0.234375 0.4375 0.248046875 0.4340277777777778 0.25 0.4305555555555556 0.2578125 0.4305555555555556 0.259765625 0.4270833333333333
0 0.333984375 0.3680555555555556 0.33984375 0.3680555555555556 0.341796875 0.375 0.345703125 0.375 0.345703125 0.3923611111111111 0.34375 0.3958333333333333 0.314453125 0.3923611111111111 0.3125 0.3888888888888889 0.3125 0.3819444444444444 0.31640625 0.3784722222222222 0.3203125 0.3784722222222222 0.322265625 0.375 0.33203125 0.375 0.333984375 0.3715277777777778
0 0.25390625 0.375 0.255859375 0.375 0.255859375 0.3888888888888889 0.2421875 0.4027777777777778 0.236328125 0.4027777777777778 0.234375 0.40625 0.220703125 0.40625 0.21875 0.4097222222222222 0.201171875 0.4097222222222222 0.19921875 0.40625 0.201171875 0.3993055555555556 0.205078125 0.3993055555555556 0.212890625 0.3923611111111111 0.220703125 0.3923611111111111 0.22265625 0.3888888888888889 0.236328125 0.3854166666666667 0.23828125 0.3819444444444444 0.251953125 0.3819444444444444 0.25390625 0.3784722222222222
0 0.111328125 0.4548611111111111 0.12109375 0.4548611111111111 0.12109375 0.46875 0.115234375 0.4756944444444444 0.109375 0.4756944444444444 0.103515625 0.4826388888888889 0.09765625 0.4826388888888889 0.095703125 0.4861111111111111 0.08203125 0.4895833333333333 0.080078125 0.4930555555555556 0.0625 0.4930555555555556 0.060546875 0.4965277777777778 0.0546875 0.4965277777777778 0.052734375 0.4930555555555556 0.052734375 0.4861111111111111 0.056640625 0.4791666666666667 0.06640625 0.4756944444444444 0.07421875 0.46875 0.08984375 0.4652777777777778 0.091796875 0.4618055555555556 0.109375 0.4618055555555556 0.111328125 0.4583333333333333
0 0.30078125 0.5833333333333334 0.3125 0.5833333333333334 0.314453125 0.5868055555555556 0.318359375 0.5868055555555556 0.32421875 0.59375 0.328125 0.59375 0.333984375 0.6041666666666666 0.333984375 0.625 0.330078125 0.6388888888888888 0.318359375 0.65625 0.3046875 0.6597222222222222 0.310546875 0.625 0.3046875 0.6111111111111112 0.30078125 0.5868055555555556
0 0.943359375 0.4027777777777778 0.9453125 0.4027777777777778 0.94140625 0.4131944444444444 0.94140625 0.4201388888888889 0.9453125 0.4340277777777778 0.955078125 0.4479166666666667 0.955078125 0.4756944444444444 0.951171875 0.4791666666666667 0.947265625 0.4791666666666667 0.947265625 0.4722222222222222 0.943359375 0.4652777777777778 0.939453125 0.4652777777777778 0.9375 0.4618055555555556 0.93359375 0.4513888888888889 0.93359375 0.4375 0.9296875 0.4340277777777778 0.9296875 0.4270833333333333 0.93359375 0.4236111111111111 0.935546875 0.4097222222222222 0.94140625 0.4027777777777778
0 0.30078125 0.4548611111111111 0.31640625 0.4548611111111111 0.31640625 0.4583333333333333 0.322265625 0.4652777777777778 0.322265625 0.4791666666666667 0.3203125 0.4826388888888889 0.314453125 0.4826388888888889 0.306640625 0.4756944444444444 0.3046875 0.4652777777777778 0.30078125 0.4618055555555556 0.30078125 0.4583333333333333
0 0.947265625 0.5347222222222222 0.95703125 0.5347222222222222 0.958984375 0.5416666666666666 0.9765625 0.5416666666666666 0.978515625 0.5451388888888888 0.998046875 0.5486111111111112 0.998046875 0.5763888888888888 0.986328125 0.5763888888888888 0.984375 0.5729166666666666 0.962890625 0.5729166666666666 0.9609375 0.5694444444444444 0.953125 0.5694444444444444 0.9453125 0.5625 0.93359375 0.5590277777777778 0.9296875 0.5520833333333334 0.9296875 0.5451388888888888 0.93359375 0.5416666666666666 0.9453125 0.5416666666666666 0.947265625 0.5381944444444444
0 0.09375 0.3159722222222222 0.09765625 0.3159722222222222 0.1015625 0.3333333333333333 0.09765625 0.3506944444444444 0.091796875 0.3506944444444444 0.087890625 0.3472222222222222 0.0859375 0.34375 0.0859375 0.3263888888888889 0.09375 0.3194444444444444
0 0.154296875 0.3576388888888889 0.181640625 0.3576388888888889 0.18359375 0.3645833333333333 0.18359375 0.375 0.169921875 0.375 0.16796875 0.3784722222222222 0.15234375 0.3784722222222222 0.150390625 0.375 0.123046875 0.375 0.123046875 0.3715277777777778 0.126953125 0.3680555555555556 0.1328125 0.3680555555555556 0.134765625 0.3645833333333333 0.15234375 0.3645833333333333 0.154296875 0.3611111111111111
0 0.548828125 0.4097222222222222 0.5546875 0.4166666666666667 0.5546875 0.4340277777777778 0.54296875 0.4340277777777778 0.541015625 0.4375 0.529296875 0.4375 0.52734375 0.4340277777777778 0.521484375 0.4340277777777778 0.515625 0.4236111111111111 0.513671875 0.4131944444444444 0.521484375 0.4027777777777778 0.54296875 0.4027777777777778 0.546875 0.4097222222222222
0 0.853515625 0.5520833333333334 0.861328125 0.5590277777777778 0.861328125 0.5729166666666666 0.857421875 0.5729166666666666 0.85546875 0.5694444444444444 0.83203125 0.5694444444444444 0.830078125 0.5729166666666666 0.82421875 0.5729166666666666 0.814453125 0.5798611111111112 0.787109375 0.5833333333333334 0.78515625 0.5868055555555556 0.7734375 0.5868055555555556 0.771484375 0.5833333333333334 0.765625 0.5833333333333334 0.765625 0.5763888888888888 0.76953125 0.5625 0.78125 0.5520833333333334 0.7890625 0.5520833333333334 0.798828125 0.5451388888888888 0.8359375 0.5451388888888888 0.837890625 0.5486111111111112 0.8515625 0.5520833333333334
0 0.29296875 0.4305555555555556 0.314453125 0.4305555555555556 0.326171875 0.4409722222222222 0.326171875 0.4479166666666667 0.322265625 0.4513888888888889 0.3125 0.4513888888888889 0.310546875 0.4479166666666667 0.298828125 0.4479166666666667 0.29296875 0.4375 0.29296875 0.4340277777777778
0 0.197265625 0.2604166666666667 0.19921875 0.2673611111111111 0.21484375 0.2673611111111111 0.22265625 0.2604166666666667 0.22265625 0.2708333333333333 0.220703125 0.2743055555555556 0.21484375 0.28125 0.2109375 0.28125 0.201171875 0.2951388888888889 0.19140625 0.2986111111111111 0.17578125 0.3125 0.154296875 0.3125 0.15234375 0.3090277777777778 0.14453125 0.3090277777777778 0.142578125 0.3125 0.12890625 0.3125 0.126953125 0.3159722222222222 0.107421875 0.3159722222222222 0.103515625 0.3125 0.123046875 0.2916666666666667 0.134765625 0.2881944444444444 0.13671875 0.2847222222222222 0.142578125 0.2847222222222222 0.14453125 0.28125 0.150390625 0.28125 0.15234375 0.2777777777777778 0.158203125 0.2777777777777778 0.16015625 0.2743055555555556 0.181640625 0.2743055555555556 0.1953125 0.2604166666666667
0 0.126953125 0.4131944444444444 0.12890625 0.4201388888888889 0.134765625 0.4201388888888889 0.134765625 0.4270833333333333 0.130859375 0.4305555555555556 0.123046875 0.4305555555555556 0.12109375 0.4375 0.1171875 0.4375 0.109375 0.4444444444444444 0.08984375 0.4479166666666667 0.087890625 0.4513888888888889 0.07421875 0.4513888888888889 0.072265625 0.4548611111111111 0.052734375 0.4548611111111111 0.05078125 0.4513888888888889 0.046875 0.4513888888888889 0.046875 0.4444444444444444 0.05078125 0.4340277777777778 0.064453125 0.4305555555555556 0.06640625 0.4270833333333333 0.07421875 0.4270833333333333 0.076171875 0.4236111111111111 0.083984375 0.4236111111111111 0.0859375 0.4201388888888889 0.125 0.4201388888888889 0.126953125 0.4166666666666667
0 0.1796875 0.2743055555555556 0.1796875 0.28125 0.1640625 0.2951388888888889 0.162109375 0.3020833333333333 0.158203125 0.3055555555555556 0.158203125 0.3090277777777778 0.12890625 0.3125 0.126953125 0.3159722222222222 0.107421875 0.3159722222222222 0.107421875 0.3090277777777778 0.109375 0.3055555555555556 0.125 0.2916666666666667 0.130859375 0.2916666666666667 0.1328125 0.2881944444444444 0.14453125 0.2847222222222222 0.146484375 0.28125 0.15234375 0.28125 0.154296875 0.2777777777777778 0.162109375 0.2777777777777778 0.1640625 0.2743055555555556 0.177734375 0.2743055555555556
0 0.98046875 0.3229166666666667 0.99609375 0.3229166666666667 0.998046875 0.3298611111111111 0.998046875 0.3506944444444444 0.953125 0.3472222222222222 0.9453125 0.3402777777777778 0.9453125 0.3368055555555556 0.955078125 0.3298611111111111 0.978515625 0.3298611111111111 0.98046875 0.3263888888888889
0 0.326171875 0.34375 0.34375 0.3298611111111111 0.34375 0.3472222222222222 0.341796875 0.3506944444444444 0.328125 0.3506944444444444 0.326171875 0.3472222222222222
0 0.65625 0.3784722222222222 0.666015625 0.3784722222222222 0.66796875 0.3854166666666667 0.673828125 0.3854166666666667 0.67578125 0.3888888888888889 0.685546875 0.3923611111111111 0.689453125 0.3958333333333333 0.693359375 0.40625 0.71484375 0.40625 0.71484375 0.4166666666666667 0.708984375 0.4166666666666667 0.70703125 0.4201388888888889 0.703125 0.4166666666666667 0.693359375 0.4166666666666667 0.69140625 0.4131944444444444 0.669921875 0.4131944444444444 0.66796875 0.4097222222222222 0.662109375 0.4097222222222222 0.65625 0.4027777777777778 0.65234375 0.4027777777777778 0.65234375 0.3958333333333333 0.650390625 0.3923611111111111 0.65234375 0.3854166666666667 0.65625 0.3819444444444444