0 0.48828125 0.017361111111111112 0.49609375 0.03125 0.49609375 0.041666666666666664 0.494140625 0.04513888888888889 0.48046875 0.04513888888888889 0.4765625 0.041666666666666664 0.47265625 0.03125 0.47265625 0.024305555555555556 0.4765625 0.017361111111111112 0.486328125 0.017361111111111112
0 0.560546875 0.10416666666666667 0.56640625 0.10416666666666667 0.568359375 0.1076388888888889 0.56640625 0.11458333333333333 0.560546875 0.11458333333333333 0.560546875 0.1076388888888889
0 0.501953125 0.06944444444444445 0.505859375 0.0798611111111111 0.51171875 0.08333333333333333 0.517578125 0.09375 0.517578125 0.10069444444444445 0.51953125 0.10416666666666667 0.515625 0.1111111111111111 0.51171875 0.1076388888888889 0.5078125 0.09722222222222222 0.501953125 0.09027777777777778 0.501953125 0.08333333333333333 0.50390625 0.0798611111111111 0.501953125 0.07291666666666667
0 0.458984375 0.059027777777777776 0.45703125 0.07291666666666667 0.44921875 0.07291666666666667 0.44140625 0.06597222222222222 0.44140625 0.059027777777777776 0.439453125 0.05555555555555555 0.439453125 0.04513888888888889 0.44140625 0.041666666666666664 0.447265625 0.041666666666666664 0.45703125 0.059027777777777776
0 0.50390625 0.2638888888888889 0.509765625 0.2673611111111111 0.515625 0.2604166666666667 0.521484375 0.2604166666666667 0.525390625 0.2673611111111111 0.525390625 0.28125 0.521484375 0.28125 0.51953125 0.2847222222222222 0.513671875 0.2847222222222222 0.509765625 0.2777777777777778 0.50390625 0.28125 0.50390625 0.2673611111111111
0 0.6083333333333333 0.8092592592592592 0.014583333333333334 0.037037037037037035
0 0.619140625 0.4375 0.62109375 0.4409722222222222 0.62109375 0.4513888888888889 0.6171875 0.4652777777777778 0.603515625 0.4861111111111111 0.59375 0.5173611111111112 0.58984375 0.5208333333333334 0.583984375 0.5208333333333334 0.56640625 0.5486111111111112 0.560546875 0.5520833333333334 0.556640625 0.5590277777777778 0.548828125 0.5659722222222222 0.544921875 0.5659722222222222 0.5390625 0.5729166666666666 0.533203125 0.5729166666666666 0.52734375 0.5798611111111112 0.5234375 0.5798611111111112 0.51953125 0.5868055555555556 0.513671875 0.5868055555555556 0.51171875 0.5902777777777778 0.515625 0.5833333333333334 0.51953125 0.5833333333333334 0.537109375 0.5659722222222222 0.5390625 0.5590277777777778 0.552734375 0.5381944444444444 0.552734375 0.5347222222222222 0.560546875 0.5208333333333334 0.580078125 0.4722222222222222 0.58203125 0.4722222222222222 0.59375 0.4513888888888889 0.60546875 0.4409722222222222 0.6171875 0.4375
0 0.525390625 0.4791666666666667 0.5234375 0.4548611111111111 0.525390625 0.4513888888888889 0.53515625 0.4513888888888889 0.546875 0.4270833333333333 0.546875 0.4236111111111111 0.556640625 0.4097222222222222 0.56640625 0.4097222222222222 0.568359375 0.4131944444444444 0.56640625 0.4201388888888889 0.56640625 0.4305555555555556 0.5703125 0.4375 0.568359375 0.4409722222222222 0.564453125 0.4409722222222222 0.55078125 0.4652777777777778 0.541015625 0.4756944444444444 0.537109375 0.4895833333333333 0.53515625 0.4895833333333333 0.53515625 0.4826388888888889 0.533203125 0.4791666666666667 0.52734375 0.4791666666666667
0 0.55078125 0.09375 0.560546875 0.10416666666666667 0.56640625 0.10416666666666667 0.568359375 0.1111111111111111 0.572265625 0.1111111111111111 0.57421875 0.11458333333333333 0.5859375 0.11458333333333333 0.587890625 0.11805555555555555 0.591796875 0.11805555555555555 0.603515625 0.10416666666666667 0.603515625 0.11458333333333333 0.59765625 0.13541666666666666 0.587890625 0.13541666666666666 0.5859375 0.1388888888888889 0.5546875 0.1388888888888889 0.55078125 0.13541666666666666 0.55078125 0.13194444444444445 0.546875 0.1284722222222222 0.546875 0.12152777777777778 0.541015625 0.1076388888888889 0.54296875 0.09722222222222222 0.548828125 0.09375
0 0.6419270833333334 0.13194444444444445 0.013020833333333334 0.01759259259259259
0 0.451171875 0.0763888888888889 0.453125 0.0798611111111111 0.45703125 0.0798611111111111 0.45703125 0.09027777777777778 0.455078125 0.09375 0.44140625 0.09027777777777778 0.439453125 0.08680555555555555 0.439453125 0.0798611111111111 0.44140625 0.0763888888888889 0.4453125 0.07291666666666667 0.44921875 0.0763888888888889
0 0.4575520833333333 0.15324074074074073 0.019270833333333334 0.021296296296296296
0 0.623046875 0.8541666666666666 0.6328125 0.8680555555555556 0.634765625 0.875 0.634765625 0.8854166666666666 0.6328125 0.8888888888888888 0.62890625 0.8854166666666666 0.619140625 0.8854166666666666 0.6171875 0.8819444444444444 0.61328125 0.8819444444444444 0.6015625 0.8680555555555556 0.611328125 0.8541666666666666 0.62109375 0.8541666666666666
0 0.400390625 0.1875 0.40234375 0.1909722222222222 0.412109375 0.19444444444444445 0.412109375 0.2013888888888889 0.3984375 0.2013888888888889 0.39453125 0.19444444444444445 0.3984375 0.1909722222222222
0 0.3828125 0.09722222222222222 0.388671875 0.10416666666666667 0.388671875 0.1076388888888889 0.384765625 0.1111111111111111 0.37890625 0.1111111111111111 0.376953125 0.1076388888888889 0.376953125 0.10069444444444445 0.380859375 0.09722222222222222
0 0.564453125 0.6319444444444444 0.5703125 0.6388888888888888 0.576171875 0.6388888888888888 0.578125 0.6423611111111112 0.58203125 0.6388888888888888 0.583984375 0.6423611111111112 0.583984375 0.65625 0.587890625 0.6597222222222222 0.58984375 0.6666666666666666 0.58984375 0.6770833333333334 0.58203125 0.6840277777777778 0.572265625 0.6840277777777778 0.568359375 0.6805555555555556 0.560546875 0.6909722222222222 0.5546875 0.6909722222222222 0.5546875 0.6840277777777778 0.55859375 0.6701388888888888 0.55859375 0.6493055555555556 0.5625 0.6354166666666666
0 0.564453125 0.7291666666666666 0.564453125 0.7326388888888888 0.5703125 0.7430555555555556 0.5703125 0.7534722222222222 0.572265625 0.7569444444444444 0.5703125 0.7673611111111112 0.568359375 0.7708333333333334 0.56640625 0.7673611111111112 0.56640625 0.7430555555555556 0.564453125 0.7395833333333334 0.564453125 0.7326388888888888
0 0.64921875 0.4425925925925926 0.018229166666666668 0.05
0 0.62890625 0.07291666666666667 0.62890625 0.0625 0.630859375 0.059027777777777776 0.634765625 0.0625 0.634765625 0.07291666666666667 0.630859375 0.07291666666666667
0 0.4296875 0.13194444444444445 0.431640625 0.13194444444444445 0.42578125 0.1423611111111111 0.421875 0.1423611111111111 0.419921875 0.1388888888888889 0.419921875 0.13194444444444445 0.421875 0.1284722222222222 0.427734375 0.1284722222222222
0 0.62109375 0.1423611111111111 0.626953125 0.14930555555555555 0.619140625 0.1597222222222222 0.609375 0.15625 0.60546875 0.14930555555555555 0.61328125 0.1423611111111111 0.619140625 0.1423611111111111
0 0.533203125 0.2916666666666667 0.53515625 0.2986111111111111 0.53515625 0.3159722222222222 0.533203125 0.3194444444444444 0.533203125 0.3263888888888889 0.529296875 0.3298611111111111 0.51953125 0.3298611111111111 0.51953125 0.3055555555555556 0.521484375 0.3020833333333333 0.529296875 0.3020833333333333 0.533203125 0.2951388888888889