0 0.44921875 0.6875 0.451171875 0.6909722222222222 0.455078125 0.6909722222222222 0.45703125 0.6875 0.458984375 0.6909722222222222 0.458984375 0.7013888888888888 0.44921875 0.7048611111111112 0.443359375 0.7118055555555556 0.423828125 0.7118055555555556 0.421875 0.7083333333333334 0.42578125 0.6979166666666666 0.43359375 0.6875 0.44140625 0.6875 0.443359375 0.6840277777777778 0.447265625 0.6875
0 0.56640625 0.09027777777777778 0.5703125 0.09027777777777778 0.5703125 0.09375 0.58203125 0.1111111111111111 0.595703125 0.11458333333333333 0.59765625 0.11805555555555555 0.609375 0.11458333333333333 0.6171875 0.12152777777777778 0.61328125 0.1388888888888889 0.60546875 0.14930555555555555 0.6015625 0.14930555555555555 0.595703125 0.15625 0.583984375 0.15625 0.58203125 0.1527777777777778 0.578125 0.1527777777777778 0.572265625 0.1423611111111111 0.5703125 0.10416666666666667 0.56640625 0.09375
0 0.580078125 0.3402777777777778 0.583984375 0.3472222222222222 0.583984375 0.3611111111111111 0.578125 0.375 0.568359375 0.3680555555555556 0.556640625 0.3680555555555556 0.55859375 0.3645833333333333 0.55859375 0.3472222222222222 0.564453125 0.3472222222222222 0.56640625 0.34375 0.57421875 0.34375 0.578125 0.3402777777777778
0 0.529296875 0.1284722222222222 0.529296875 0.13194444444444445 0.53515625 0.1388888888888889 0.541015625 0.1388888888888889 0.54296875 0.1423611111111111 0.546875 0.13541666666666666 0.548828125 0.1388888888888889 0.548828125 0.1597222222222222 0.5390625 0.1597222222222222 0.533203125 0.14930555555555555 0.52734375 0.14583333333333334 0.529296875 0.13194444444444445
0 0.4921875 0.5555555555555556 0.49609375 0.5694444444444444 0.490234375 0.5694444444444444 0.486328125 0.5625 0.486328125 0.5590277777777778 0.490234375 0.5555555555555556
0 0.626953125 0.8090277777777778 0.62890625 0.8125 0.626953125 0.8194444444444444 0.626953125 0.8333333333333334 0.62890625 0.8402777777777778 0.626953125 0.84375 0.62109375 0.84375 0.6171875 0.8402777777777778 0.6171875 0.8333333333333334 0.615234375 0.8298611111111112 0.615234375 0.8263888888888888 0.623046875 0.8125 0.625 0.8125
0 0.498046875 0.1423611111111111 0.5 0.14930555555555555 0.49609375 0.15625 0.4921875 0.15625 0.484375 0.14583333333333334 0.484375 0.1423611111111111 0.490234375 0.13541666666666666 0.49609375 0.1423611111111111
0 0.546875 0.5381944444444444 0.55078125 0.5416666666666666 0.552734375 0.5486111111111112 0.552734375 0.5659722222222222 0.541015625 0.5798611111111112 0.537109375 0.5798611111111112 0.53515625 0.5763888888888888 0.53515625 0.5555555555555556 0.5390625 0.5451388888888888 0.544921875 0.5416666666666666
0 0.560546875 0.4513888888888889 0.568359375 0.46875 0.568359375 0.4826388888888889 0.556640625 0.46875 0.55859375 0.4548611111111111
0 0.56640625 0.09027777777777778 0.5703125 0.09027777777777778 0.5703125 0.09375 0.578125 0.1076388888888889 0.587890625 0.11458333333333333 0.595703125 0.11458333333333333 0.59765625 0.11805555555555555 0.603515625 0.11805555555555555 0.60546875 0.11458333333333333 0.62109375 0.11805555555555555 0.62890625 0.09722222222222222 0.6328125 0.09722222222222222 0.634765625 0.10069444444444445 0.6328125 0.11458333333333333 0.619140625 0.1284722222222222 0.607421875 0.14583333333333334 0.59375 0.15625 0.583984375 0.15625 0.57421875 0.14583333333333334 0.572265625 0.1388888888888889 0.572265625 0.1111111111111111 0.5703125 0.1076388888888889 0.5703125 0.10069444444444445 0.56640625 0.09375
0 0.41796875 0.4583333333333333 0.41796875 0.4756944444444444 0.4140625 0.4756944444444444 0.412109375 0.4791666666666667 0.408203125 0.4791666666666667 0.40625 0.4756944444444444 0.40625 0.4652777777777778 0.41015625 0.4583333333333333 0.416015625 0.4583333333333333
0 0.60546875 0.3506944444444444 0.61328125 0.3541666666666667 0.623046875 0.3333333333333333 0.630859375 0.3298611111111111 0.638671875 0.3194444444444444 0.642578125 0.3194444444444444 0.64453125 0.3159722222222222 0.658203125 0.3159722222222222 0.658203125 0.3541666666666667 0.65234375 0.3611111111111111 0.638671875 0.3645833333333333 0.63671875 0.3680555555555556 0.62890625 0.3680555555555556 0.626953125 0.375 0.62109375 0.3680555555555556 0.615234375 0.3680555555555556 0.61328125 0.3715277777777778 0.61328125 0.3819444444444444 0.607421875 0.3541666666666667
0 0.634765625 0.9409722222222222 0.65625 0.9583333333333334 0.658203125 0.9652777777777778 0.658203125 0.9965277777777778 0.63671875 0.9965277777777778 0.630859375 0.9895833333333334 0.62890625 0.9791666666666666 0.625 0.9756944444444444 0.623046875 0.96875 0.623046875 0.9548611111111112 0.62890625 0.9444444444444444 0.6328125 0.9444444444444444
0 0.373046875 0.2222222222222222 0.380859375 0.2326388888888889 0.380859375 0.23958333333333334 0.36328125 0.23958333333333334 0.359375 0.2361111111111111 0.357421875 0.22916666666666666 0.361328125 0.22916666666666666 0.365234375 0.2222222222222222 0.37109375 0.2222222222222222
0 0.53125 0.034722222222222224 0.533203125 0.03819444444444445 0.54296875 0.03819444444444445 0.544921875 0.041666666666666664 0.544921875 0.052083333333333336 0.541015625 0.05555555555555555 0.52734375 0.05555555555555555 0.525390625 0.052083333333333336 0.51953125 0.052083333333333336 0.515625 0.04861111111111111 0.515625 0.03819444444444445 0.51953125 0.034722222222222224 0.529296875 0.034722222222222224
0 0.490234375 0.5173611111111112 0.490234375 0.5069444444444444 0.494140625 0.5 0.5 0.5 0.501953125 0.5069444444444444 0.49609375 0.5173611111111112 0.4921875 0.5173611111111112
0 0.35546875 0.08680555555555555 0.357421875 0.09375 0.357421875 0.10069444444444445 0.35546875 0.10416666666666667 0.349609375 0.10416666666666667 0.34765625 0.10069444444444445 0.34765625 0.09027777777777778 0.353515625 0.08680555555555555
0 0.53125 0.3159722222222222 0.533203125 0.3159722222222222 0.5234375 0.3298611111111111 0.51953125 0.3263888888888889 0.521484375 0.3194444444444444 0.5234375 0.3159722222222222 0.529296875 0.3159722222222222
0 0.64453125 0.4652777777777778 0.64453125 0.4513888888888889 0.654296875 0.4305555555555556 0.658203125 0.4305555555555556 0.658203125 0.4756944444444444 0.654296875 0.4756944444444444 0.646484375 0.4652777777777778
0 0.6328125 0.09375 0.634765625 0.09722222222222222 0.634765625 0.1111111111111111 0.623046875 0.1284722222222222 0.619140625 0.1284722222222222 0.619140625 0.12152777777777778 0.625 0.10069444444444445 0.630859375 0.09375
0 0.505859375 0.4375 0.5078125 0.4409722222222222 0.50390625 0.4513888888888889 0.498046875 0.4513888888888889 0.49609375 0.4479166666666667 0.49609375 0.4409722222222222 0.498046875 0.4375 0.50390625 0.4375
0 0.376953125 0.1909722222222222 0.37890625 0.19444444444444445 0.37890625 0.2048611111111111 0.375 0.20833333333333334 0.373046875 0.20833333333333334 0.3671875 0.19791666666666666 0.3671875 0.19444444444444445 0.375 0.1909722222222222
0 0.474609375 0.16319444444444445 0.478515625 0.1736111111111111 0.4765625 0.17708333333333334 0.470703125 0.17708333333333334 0.46875 0.1701388888888889 0.47265625 0.16666666666666666
0 0.484375 0.10416666666666667 0.48828125 0.1111111111111111 0.486328125 0.11805555555555555 0.478515625 0.11458333333333333 0.478515625 0.1076388888888889 0.482421875 0.10416666666666667
0 0.529296875 0.4340277777777778 0.53515625 0.4201388888888889 0.541015625 0.4201388888888889 0.546875 0.4340277777777778 0.546875 0.4479166666666667 0.544921875 0.4548611111111111 0.53515625 0.4479166666666667 0.53125 0.4375
0 0.37890625 0.3611111111111111 0.380859375 0.3645833333333333 0.380859375 0.3715277777777778 0.373046875 0.3715277777777778 0.36328125 0.3784722222222222 0.341796875 0.3784722222222222 0.341796875 0.3506944444444444 0.353515625 0.3333333333333333 0.359375 0.3333333333333333 0.365234375 0.3541666666666667 0.369140625 0.3611111111111111 0.376953125 0.3611111111111111
0 0.361328125 0.4479166666666667 0.369140625 0.4548611111111111 0.37109375 0.4618055555555556 0.357421875 0.4756944444444444 0.34375 0.4756944444444444 0.341796875 0.4722222222222222 0.341796875 0.4479166666666667 0.34375 0.4444444444444444 0.357421875 0.4444444444444444 0.359375 0.4479166666666667
0 0.568359375 0.6493055555555556 0.57421875 0.6527777777777778 0.578125 0.6597222222222222 0.591796875 0.6597222222222222 0.59375 0.6736111111111112 0.599609375 0.6875 0.623046875 0.6875 0.625 0.6909722222222222 0.6328125 0.6909722222222222 0.634765625 0.6944444444444444 0.650390625 0.6944444444444444 0.658203125 0.7013888888888888 0.658203125 0.8055555555555556 0.6484375 0.7986111111111112 0.642578125 0.7743055555555556 0.642578125 0.7604166666666666 0.63671875 0.7465277777777778 0.6328125 0.7465277777777778 0.625 0.7395833333333334 0.619140625 0.7291666666666666 0.615234375 0.7291666666666666 0.603515625 0.7118055555555556 0.591796875 0.7013888888888888 0.576171875 0.7013888888888888 0.5703125 0.7118055555555556 0.564453125 0.7118055555555556 0.564453125 0.7048611111111112 0.56640625 0.7013888888888888 0.56640625 0.6770833333333334 0.568359375 0.6736111111111112 0.568359375 0.6527777777777778
0 0.37109375 0.46875 0.373046875 0.4722222222222222 0.373046875 0.4826388888888889 0.37109375 0.4861111111111111 0.369140625 0.5034722222222222 0.35546875 0.5069444444444444 0.35546875 0.4861111111111111 0.359375 0.4791666666666667 0.365234375 0.4791666666666667 0.369140625 0.4722222222222222