0 0.4453125 0.7282229965156795 0.4453125 0.7421602787456446 0.44140625 0.7421602787456446 0.4375 0.7491289198606271 0.419921875 0.7491289198606271 0.41796875 0.7526132404181185 0.404296875 0.7526132404181185 0.40234375 0.7491289198606271 0.396484375 0.7491289198606271 0.3984375 0.7421602787456446 0.41015625 0.7282229965156795 0.4140625 0.7282229965156795 0.416015625 0.7247386759581882 0.4375 0.7247386759581882 0.439453125 0.7282229965156795 0.443359375 0.7282229965156795
0 0.50390625 0.12195121951219512 0.515625 0.12195121951219512 0.517578125 0.1254355400696864 0.525390625 0.1254355400696864 0.52734375 0.1289198606271777 0.533203125 0.1289198606271777 0.537109375 0.13240418118466898 0.537109375 0.14634146341463414 0.525390625 0.14982578397212543 0.5234375 0.14634146341463414 0.513671875 0.14634146341463414 0.509765625 0.13937282229965156 0.50390625 0.13588850174216027 0.50390625 0.1254355400696864
0 0.3046875 0.05574912891986063 0.310546875 0.05574912891986063 0.3125 0.059233449477351915 0.32421875 0.059233449477351915 0.32421875 0.06620209059233449 0.314453125 0.06620209059233449 0.30859375 0.07317073170731707 0.30859375 0.06968641114982578 0.3046875 0.06620209059233449 0.3046875 0.059233449477351915
0 0.45591581342434584 0.09437395202815996 0.027570392491467574 0.014781605641507415
0 0.650390625 0.3170731707317073 0.658203125 0.313588850174216 0.658203125 0.3310104529616725 0.654296875 0.3310104529616725 0.65234375 0.3344947735191638 0.650390625 0.3310104529616725 0.63671875 0.3310104529616725 0.63671875 0.32752613240418116 0.6484375 0.32752613240418116 0.650390625 0.3205574912891986
0 0.548828125 0.06620209059233449 0.548828125 0.0627177700348432 0.548828125 0.06620209059233449 0.5546875 0.07317073170731707 0.556640625 0.08362369337979095 0.564453125 0.0975609756097561 0.580078125 0.10104529616724739 0.58203125 0.10452961672473868 0.611328125 0.10452961672473868 0.61328125 0.11149825783972125 0.6171875 0.0975609756097561 0.619140625 0.0975609756097561 0.623046875 0.08710801393728224 0.626953125 0.08362369337979095 0.626953125 0.10801393728222997 0.623046875 0.11149825783972125 0.6171875 0.11149825783972125 0.607421875 0.13240418118466898 0.603515625 0.13240418118466898 0.591796875 0.14285714285714285 0.578125 0.14285714285714285 0.576171875 0.14634146341463414 0.572265625 0.14634146341463414 0.5703125 0.14285714285714285 0.556640625 0.14285714285714285 0.55078125 0.13588850174216027 0.55078125 0.09059233449477352 0.546875 0.07317073170731707 0.548828125 0.06968641114982578
0 0.330078125 0.34146341463414637 0.3359375 0.34843205574912894 0.3359375 0.3588850174216028 0.33984375 0.3623693379790941 0.34375 0.37282229965156793 0.34765625 0.37630662020905925 0.353515625 0.37630662020905925 0.353515625 0.3832752613240418 0.3515625 0.3867595818815331 0.322265625 0.3867595818815331 0.3203125 0.3902439024390244 0.30078125 0.3867595818815331 0.30078125 0.3554006968641115 0.314453125 0.34843205574912894 0.318359375 0.34146341463414637 0.328125 0.34146341463414637
0 0.328125 0.21951219512195122 0.345703125 0.21951219512195122 0.345703125 0.2229965156794425 0.349609375 0.2264808362369338 0.349609375 0.22996515679442509 0.34375 0.22996515679442509 0.341796875 0.23344947735191637 0.326171875 0.23344947735191637 0.32421875 0.22996515679442509 0.3203125 0.22996515679442509 0.3203125 0.2264808362369338 0.326171875 0.2264808362369338 0.328125 0.2229965156794425
0 0.451171875 0.1602787456445993 0.451171875 0.17073170731707318 0.4453125 0.17073170731707318 0.443359375 0.17421602787456447 0.431640625 0.17073170731707318 0.43359375 0.17073170731707318 0.435546875 0.16376306620209058 0.439453125 0.1602787456445993 0.44921875 0.1602787456445993
0 0.626953125 0.3310104529616725 0.65234375 0.3310104529616725 0.654296875 0.33797909407665505 0.658203125 0.33797909407665505 0.658203125 0.3588850174216028 0.65234375 0.3693379790940767 0.642578125 0.37630662020905925 0.638671875 0.3832752613240418 0.599609375 0.3832752613240418 0.59765625 0.3797909407665505 0.59765625 0.3588850174216028 0.599609375 0.3554006968641115 0.599609375 0.34843205574912894 0.611328125 0.34494773519163763 0.6171875 0.33797909407665505 0.625 0.33797909407665505 0.626953125 0.3344947735191638
0 0.326171875 0.07317073170731707 0.326171875 0.08362369337979095 0.3125 0.08362369337979095 0.3125 0.06620209059233449 0.322265625 0.06620209059233449 0.32421875 0.07317073170731707
0 0.46875 0.13588850174216027 0.478515625 0.13588850174216027 0.48046875 0.13240418118466898 0.48046875 0.1254355400696864 0.486328125 0.1254355400696864 0.486328125 0.14285714285714285 0.46875 0.14285714285714285 0.46875 0.13937282229965156
0 0.44921875 0.12195121951219512 0.46484375 0.12195121951219512 0.46484375 0.13240418118466898 0.458984375 0.13240418118466898 0.45703125 0.13588850174216027 0.4453125 0.13240418118466898 0.4453125 0.1289198606271777 0.44921875 0.1254355400696864
0 0.599609375 0.8815331010452961 0.6171875 0.867595818815331 0.619140625 0.8606271777003485 0.625 0.8606271777003485 0.625 0.8989547038327527 0.607421875 0.8989547038327527 0.603515625 0.8954703832752613 0.599609375 0.8850174216027874
0 0.658203125 0.44947735191637633 0.658203125 0.49477351916376305 0.646484375 0.49477351916376305 0.64453125 0.4912891986062718 0.638671875 0.4912891986062718 0.6328125 0.4843205574912892 0.62890625 0.4843205574912892 0.62890625 0.4808362369337979 0.6328125 0.4808362369337979 0.634765625 0.47735191637630664 0.634765625 0.46689895470383275 0.64453125 0.45993031358885017 0.646484375 0.4529616724738676 0.650390625 0.44947735191637633 0.65625 0.44947735191637633
0 0.33203125 0.18118466898954705 0.34375 0.18118466898954705 0.34375 0.18466898954703834 0.34765625 0.18815331010452963 0.34765625 0.1916376306620209 0.3359375 0.1951219512195122 0.333984375 0.1916376306620209 0.328125 0.1916376306620209 0.328125 0.18815331010452963 0.33203125 0.18466898954703834
0 0.578125 0.6968641114982579 0.578125 0.7003484320557491 0.58203125 0.7038327526132404 0.580078125 0.7038327526132404 0.578125 0.710801393728223 0.591796875 0.7282229965156795 0.62109375 0.7282229965156795 0.623046875 0.7317073170731707 0.654296875 0.735191637630662 0.65625 0.7386759581881533 0.65625 0.8536585365853658 0.646484375 0.8432055749128919 0.646484375 0.8362369337979094 0.642578125 0.8222996515679443 0.642578125 0.8048780487804879 0.638671875 0.7979094076655052 0.6328125 0.7979094076655052 0.623046875 0.7874564459930313 0.619140625 0.7874564459930313 0.609375 0.7735191637630662 0.60546875 0.7735191637630662 0.6015625 0.7630662020905923 0.58984375 0.7526132404181185 0.5859375 0.7456445993031359 0.564453125 0.7456445993031359 0.560546875 0.7421602787456446 0.55078125 0.7526132404181185 0.544921875 0.7526132404181185 0.544921875 0.7386759581881533 0.546875 0.735191637630662 0.546875 0.7073170731707317 0.548828125 0.7038327526132404 0.548828125 0.6829268292682927 0.55078125 0.6829268292682927 0.552734375 0.6898954703832753 0.556640625 0.6898954703832753 0.564453125 0.6968641114982579 0.576171875 0.6968641114982579
0 0.328125 0.4912891986062718 0.3359375 0.4878048780487805 0.337890625 0.4808362369337979 0.34375 0.4808362369337979 0.34375 0.5121951219512195 0.3359375 0.5121951219512195 0.333984375 0.5156794425087108 0.32421875 0.5121951219512195 0.32421875 0.49825783972125437 0.328125 0.49477351916376305
0 0.484375 0.5888501742160279 0.484375 0.5993031358885017 0.46484375 0.5993031358885017 0.46484375 0.5818815331010453 0.48046875 0.5818815331010453 0.482421875 0.5888501742160279