0 0.462890625 0.23344947735191637 0.462890625 0.2508710801393728 0.46484375 0.25435540069686413 0.46484375 0.2613240418118467 0.462890625 0.2682926829268293 0.4609375 0.2682926829268293 0.462890625 0.26480836236933797 0.462890625 0.23693379790940766
0 0.48046875 0.313588850174216 0.486328125 0.31010452961672474 0.486328125 0.3205574912891986 0.48828125 0.3240418118466899 0.48828125 0.3344947735191638 0.486328125 0.34146341463414637 0.484375 0.34146341463414637 0.484375 0.3240418118466899 0.48046875 0.3205574912891986 0.48046875 0.3170731707317073
0 0.453125 0.5365853658536586 0.4609375 0.5365853658536586 0.462890625 0.5435540069686411 0.462890625 0.5679442508710801 0.458984375 0.5644599303135889 0.458984375 0.554006968641115 0.45703125 0.5470383275261324 0.453125 0.5435540069686411 0.453125 0.5400696864111498
0 0.4379977246871445 -0.025369341943053753 0.024706253555176336 0.05479777859699611
0 0.55078125 0.5749128919860628 0.55078125 0.5888501742160279 0.548828125 0.5923344947735192 0.541015625 0.5923344947735192 0.54296875 0.5923344947735192 0.546875 0.578397212543554 0.548828125 0.578397212543554
0 0.529296875 0.18466898954703834 0.52734375 0.2264808362369338 0.5234375 0.23344947735191637 0.525390625 0.2264808362369338 0.525390625 0.20209059233449478 0.529296875 0.18815331010452963
0 0.560546875 0.662020905923345 0.560546875 0.6724738675958188 0.552734375 0.6689895470383276 0.552734375 0.6655052264808362 0.55859375 0.662020905923345
0 0.458984375 0.49825783972125437 0.462890625 0.49825783972125437 0.46484375 0.5052264808362369 0.46484375 0.5296167247386759 0.462890625 0.5296167247386759 0.4609375 0.5226480836236934 0.455078125 0.5156794425087108 0.455078125 0.5052264808362369 0.458984375 0.5017421602787456
0 0.474609375 0.14982578397212543 0.470703125 0.17770034843205576 0.46875 0.17770034843205576 0.466796875 0.17073170731707318 0.466796875 0.1602787456445993 0.47265625 0.15331010452961671
0 0.609375 0.42160278745644597 0.61328125 0.42160278745644597 0.615234375 0.4250871080139373 0.615234375 0.43205574912891986 0.61328125 0.4355400696864111 0.61328125 0.445993031358885 0.615234375 0.44947735191637633 0.615234375 0.47038327526132406 0.61328125 0.4738675958188153 0.61328125 0.4843205574912892 0.603515625 0.4912891986062718 0.60546875 0.4878048780487805 0.603515625 0.4808362369337979 0.603515625 0.4529616724738676 0.611328125 0.43205574912891986 0.609375 0.4250871080139373
0 0.44921875 0.24041811846689895 0.455078125 0.24738675958188153 0.455078125 0.2682926829268293 0.44921875 0.2613240418118467 0.44921875 0.24390243902439024
0 0.48828125 0 0.515625 0 0.509765625 0.020905923344947737 0.505859375 0.024390243902439025 0.505859375 0.03484320557491289 0.5 0.03484320557491289 0.498046875 0.03832752613240418 0.486328125 0.03832752613240418 0.484375 0.03484320557491289 0.484375 0.017421602787456445 0.48828125 0.013937282229965157 0.48828125 0.003484320557491289
0 0.603515625 0.24738675958188153 0.61328125 0.24738675958188153 0.615234375 0.25435540069686413 0.62109375 0.2578397212543554 0.62890625 0.2787456445993031 0.62890625 0.34843205574912894 0.626953125 0.3554006968641115 0.623046875 0.3554006968641115 0.623046875 0.3519163763066202 0.619140625 0.34843205574912894 0.615234375 0.33797909407665505 0.611328125 0.3170731707317073 0.603515625 0.31010452961672474 0.603515625 0.29965156794425085 0.60546875 0.2961672473867596 0.6015625 0.2857142857142857 0.6015625 0.26480836236933797 0.59765625 0.2613240418118467 0.59765625 0.2578397212543554 0.603515625 0.2508710801393728
0 0.462890625 0.20905923344947736 0.46875 0.20905923344947736 0.46875 0.24041811846689895 0.470703125 0.24390243902439024 0.466796875 0.24041811846689895 0.466796875 0.21602787456445993 0.462890625 0.21254355400696864
0 0.603515625 0.6341463414634146 0.603515625 0.6411149825783972 0.599609375 0.6550522648083623 0.60546875 0.6689895470383276 0.60546875 0.6933797909407665 0.607421875 0.6968641114982579 0.60546875 0.7003484320557491 0.60546875 0.7212543554006968 0.6015625 0.7247386759581882 0.59375 0.7038327526132404 0.59375 0.6898954703832753 0.595703125 0.686411149825784 0.595703125 0.6759581881533101 0.59375 0.6724738675958188 0.595703125 0.6689895470383276 0.595703125 0.6585365853658537 0.591796875 0.6515679442508711 0.591796875 0.6445993031358885 0.6015625 0.6376306620209059
0 0.314453125 0.926829268292683 0.31640625 0.926829268292683 0.31640625 0.9303135888501742 0.314453125 0.9337979094076655 0.314453125 0.9407665505226481 0.310546875 0.9477351916376306 0.306640625 0.9477351916376306 0.30078125 0.9581881533101045 0.294921875 0.9616724738675958 0.291015625 0.9686411149825784 0.28515625 0.9686411149825784 0.28515625 0.9547038327526133 0.2890625 0.9547038327526133 0.291015625 0.9512195121951219 0.3046875 0.9512195121951219 0.30859375 0.9407665505226481 0.314453125 0.9337979094076655 0.314453125 0.9303135888501742
0 0.56640625 0.5993031358885017 0.564453125 0.6167247386759582 0.5625 0.6202090592334495 0.55859375 0.6167247386759582 0.55859375 0.6097560975609756 0.564453125 0.6027874564459931
0 0.625 0.3797909407665505 0.626953125 0.3797909407665505 0.62890625 0.3867595818815331 0.62890625 0.44947735191637633 0.626953125 0.4529616724738676 0.626953125 0.45993031358885017 0.62109375 0.4634146341463415 0.623046875 0.45993031358885017 0.623046875 0.4425087108013937 0.62109375 0.43902439024390244 0.623046875 0.43205574912891986 0.6171875 0.4250871080139373 0.6171875 0.4146341463414634 0.619140625 0.4146341463414634 0.626953125 0.397212543554007 0.625 0.3832752613240418
0 0.447265625 0.18118466898954705 0.44921875 0.18118466898954705 0.44921875 0.21602787456445993 0.447265625 0.21602787456445993 0.447265625 0.20905923344947736 0.443359375 0.20557491289198607 0.443359375 0.1986062717770035 0.447265625 0.1951219512195122 0.447265625 0.18466898954703834
0 0.29296875 0.554006968641115 0.296875 0.5574912891986062 0.296875 0.5644599303135889 0.29296875 0.5714285714285714 0.28515625 0.5714285714285714 0.28515625 0.5679442508710801 0.29296875 0.5574912891986062
0 0.474609375 0.15331010452961671 0.4765625 0.15331010452961671 0.4765625 0.17770034843205576 0.474609375 0.18118466898954705 0.470703125 0.17770034843205576 0.470703125 0.1672473867595819 0.474609375 0.16376306620209058 0.474609375 0.156794425087108
0 0.62890625 0.4808362369337979 0.62890625 0.519163763066202 0.626953125 0.5226480836236934 0.626953125 0.5296167247386759 0.619140625 0.5400696864111498 0.615234375 0.5400696864111498 0.61328125 0.5365853658536586 0.61328125 0.5017421602787456 0.619140625 0.4843205574912892 0.626953125 0.4808362369337979
0 0.46875 0.45993031358885017 0.470703125 0.45993031358885017 0.4765625 0.4843205574912892 0.4765625 0.49477351916376305 0.474609375 0.49477351916376305 0.474609375 0.4878048780487805 0.46875 0.47038327526132406 0.46875 0.4634146341463415
0 0.419921875 0 0.421875 0 0.423828125 0.006968641114982578 0.423828125 0.03832752613240418 0.421875 0.041811846689895474 0.423828125 0.04529616724738676 0.423828125 0.059233449477351915 0.41796875 0.059233449477351915 0.421875 0.05574912891986063 0.421875 0.04529616724738676 0.419921875 0.041811846689895474 0.419921875 0.003484320557491289
0 0.494140625 0.17073170731707318 0.494140625 0.20557491289198607 0.4921875 0.21254355400696864 0.490234375 0.21254355400696864 0.490234375 0.20209059233449478 0.494140625 0.1986062717770035 0.494140625 0.17421602787456447
0 0.48046875 0.2787456445993031 0.478515625 0.25435540069686413 0.4765625 0.2508710801393728 0.478515625 0.24390243902439024 0.48046875 0.24390243902439024 0.48046875 0.2682926829268293 0.482421875 0.27177700348432055 0.482421875 0.2787456445993031
0 0.62109375 0.05226480836236934 0.623046875 0.05226480836236934 0.623046875 0.05574912891986063 0.62890625 0.0627177700348432 0.62890625 0.07317073170731707 0.625 0.07317073170731707 0.62109375 0.06620209059233449 0.6171875 0.06620209059233449 0.6171875 0.059233449477351915 0.62109375 0.05574912891986063
0 0.482421875 0.16376306620209058 0.484375 0.16376306620209058 0.486328125 0.17073170731707318 0.486328125 0.1916376306620209 0.482421875 0.1951219512195122 0.482421875 0.1916376306620209 0.478515625 0.18815331010452963 0.478515625 0.17421602787456447 0.48046875 0.17421602787456447 0.482421875 0.1672473867595819
0 0.541015625 0.6480836236933798 0.5703125 0.6480836236933798 0.5703125 0.6515679442508711 0.55078125 0.6515679442508711 0.548828125 0.6550522648083623 0.541015625 0.6515679442508711