0 0.716796875 0.2692307692307692 0.720703125 0.2692307692307692 0.72265625 0.26223776223776224 0.7265625 0.26223776223776224 0.728515625 0.2692307692307692 0.736328125 0.2692307692307692 0.740234375 0.2762237762237762 0.744140625 0.2762237762237762 0.75 0.28321678321678323 0.75 0.2937062937062937 0.736328125 0.2972027972027972 0.716796875 0.2762237762237762 0.716796875 0.2727272727272727
0 0.734375 0 0.767578125 0 0.767578125 0.013986013986013986 0.763671875 0.017482517482517484 0.759765625 0.017482517482517484 0.7578125 0.013986013986013986 0.748046875 0.013986013986013986 0.74609375 0.01048951048951049 0.7421875 0.01048951048951049 0.740234375 0.0034965034965034965 0.734375 0.0034965034965034965
0 0.615234375 0.2937062937062937 0.625 0.28321678321678323 0.630859375 0.28321678321678323 0.63671875 0.2762237762237762 0.64453125 0.2762237762237762 0.646484375 0.2692307692307692 0.65625 0.2692307692307692 0.65625 0.28321678321678323 0.650390625 0.2902097902097902 0.64453125 0.2902097902097902 0.642578125 0.2972027972027972 0.638671875 0.3006993006993007 0.626953125 0.3006993006993007 0.61328125 0.3146853146853147 0.595703125 0.3146853146853147 0.595703125 0.3076923076923077 0.599609375 0.3041958041958042 0.609375 0.3041958041958042 0.615234375 0.2972027972027972
0 1.0036630036630036 0.08360869899331438 0.024417639652014652 0.06535771920387305
0 0.8828125 0.13986013986013987 0.890625 0.13636363636363635 0.892578125 0.12937062937062938 0.89453125 0.12937062937062938 0.89453125 0.15034965034965034 0.884765625 0.16083916083916083 0.876953125 0.16083916083916083 0.876953125 0.15384615384615385 0.87890625 0.15384615384615385 0.8828125 0.14335664335664336
0 0.177734375 0 0.193359375 0 0.193359375 0.013986013986013986 0.189453125 0.017482517482517484 0.185546875 0.027972027972027972 0.181640625 0.027972027972027972 0.1796875 0.03146853146853147 0.1796875 0.038461538461538464 0.171875 0.038461538461538464 0.169921875 0.04195804195804196 0.16796875 0.038461538461538464 0.1640625 0.038461538461538464 0.1640625 0.027972027972027972 0.166015625 0.02097902097902098 0.16796875 0.02097902097902098 0.171875 0.01048951048951049 0.177734375 0.0034965034965034965
0 0.3125 0.11538461538461539 0.3125 0.11888111888111888 0.318359375 0.1258741258741259 0.318359375 0.17482517482517482 0.31640625 0.18181818181818182 0.302734375 0.1853146853146853 0.30078125 0.18181818181818182 0.291015625 0.18181818181818182 0.2890625 0.17482517482517482 0.291015625 0.17132867132867133 0.291015625 0.15734265734265734 0.294921875 0.15384615384615385 0.294921875 0.14685314685314685 0.298828125 0.13636363636363635 0.30078125 0.13636363636363635 0.306640625 0.1258741258741259 0.306640625 0.12237762237762238 0.310546875 0.12237762237762238 0.3125 0.11888111888111888
0 0.095703125 0.32867132867132864 0.09765625 0.3321678321678322 0.10546875 0.3321678321678322 0.109375 0.33916083916083917 0.109375 0.35664335664335667 0.10546875 0.36013986013986016 0.09375 0.35664335664335667 0.091796875 0.36013986013986016 0.08203125 0.36013986013986016 0.080078125 0.36363636363636365 0.0703125 0.35664335664335667 0.0703125 0.34615384615384615 0.068359375 0.34265734265734266 0.064453125 0.33916083916083917 0.0625 0.34265734265734266 0.0625 0.34965034965034963 0.06640625 0.3531468531468531 0.06640625 0.36363636363636365 0.072265625 0.3741258741258741 0.076171875 0.3741258741258741 0.078125 0.3776223776223776 0.078125 0.3811188811188811 0.07421875 0.3811188811188811 0.072265625 0.38461538461538464 0.0625 0.38461538461538464 0.05078125 0.3741258741258741 0.046875 0.3741258741258741 0.041015625 0.36713286713286714 0.0390625 0.36013986013986016 0.037109375 0.36013986013986016 0.041015625 0.35664335664335667 0.041015625 0.34965034965034963 0.046875 0.34265734265734266 0.056640625 0.34265734265734266 0.060546875 0.3321678321678322 0.078125 0.32867132867132864 0.080078125 0.32167832167832167 0.091796875 0.32167832167832167 0.09375 0.32867132867132864
0 0.890625 0.02097902097902098 0.90234375 0.01048951048951049 0.904296875 0.006993006993006993 0.904296875 0 0.908203125 0 0.908203125 0.03146853146853147 0.904296875 0.03496503496503497 0.90234375 0.04195804195804196 0.8984375 0.045454545454545456 0.892578125 0.045454545454545456 0.890625 0.04895104895104895 0.888671875 0.045454545454545456 0.8828125 0.045454545454545456 0.8828125 0.03496503496503497 0.884765625 0.03496503496503497 0.88671875 0.027972027972027972 0.890625 0.024475524475524476
0 0.927734375 0.2867132867132867 0.939453125 0.3006993006993007 0.943359375 0.3006993006993007 0.947265625 0.3111888111888112 0.955078125 0.3181818181818182 0.95703125 0.32167832167832167 0.95703125 0.32867132867132864 0.953125 0.3321678321678322 0.9453125 0.3321678321678322 0.9375 0.32167832167832167 0.93359375 0.32167832167832167 0.921875 0.3111888111888112 0.916015625 0.2972027972027972 0.900390625 0.2902097902097902 0.900390625 0.2867132867132867 0.904296875 0.28321678321678323 0.90625 0.2762237762237762 0.91015625 0.2762237762237762 0.912109375 0.28321678321678323 0.916015625 0.28321678321678323 0.91796875 0.2867132867132867 0.92578125 0.2867132867132867
0 0.83203125 0.3146853146853147 0.84375 0.3041958041958042 0.86328125 0.3041958041958042 0.865234375 0.3006993006993007 0.900390625 0.3041958041958042 0.904296875 0.3146853146853147 0.904296875 0.3321678321678322 0.89453125 0.3321678321678322 0.892578125 0.3356643356643357 0.8828125 0.3356643356643357 0.880859375 0.3321678321678322 0.841796875 0.3321678321678322 0.83203125 0.32517482517482516 0.83203125 0.3181818181818182
0 0.90234375 0.07692307692307693 0.90234375 0.0944055944055944 0.8828125 0.11188811188811189 0.87890625 0.11188811188811189 0.876953125 0.10839160839160839 0.876953125 0.1048951048951049 0.8828125 0.0979020979020979 0.8828125 0.09090909090909091 0.884765625 0.08741258741258741 0.888671875 0.08741258741258741 0.892578125 0.08041958041958042 0.900390625 0.07692307692307693