0 0.466796875 0.5868055555555556 0.4765625 0.5868055555555556 0.4765625 0.5972222222222222 0.47265625 0.6006944444444444 0.462890625 0.5972222222222222 0.462890625 0.59375 0.466796875 0.5902777777777778
0 0.486328125 0.6944444444444444 0.486328125 0.7048611111111112 0.484375 0.7083333333333334 0.48046875 0.7118055555555556 0.470703125 0.7118055555555556 0.462890625 0.71875 0.44921875 0.71875 0.44921875 0.7118055555555556 0.45703125 0.6979166666666666 0.4609375 0.6979166666666666 0.462890625 0.6944444444444444 0.484375 0.6944444444444444
0 0.435546875 0.1701388888888889 0.439453125 0.1701388888888889 0.439453125 0.18055555555555555 0.4375 0.1840277777777778 0.427734375 0.1840277777777778 0.42578125 0.18055555555555555 0.435546875 0.1736111111111111
0 0.630859375 0.3472222222222222 0.6328125 0.3506944444444444 0.640625 0.3506944444444444 0.64453125 0.3541666666666667 0.64453125 0.3715277777777778 0.63671875 0.3784722222222222 0.607421875 0.3784722222222222 0.603515625 0.375 0.603515625 0.3680555555555556 0.60546875 0.3680555555555556 0.607421875 0.3611111111111111 0.615234375 0.3506944444444444 0.62890625 0.3472222222222222
0 0.5859375 0.4618055555555556 0.58984375 0.4618055555555556 0.58984375 0.4652777777777778 0.59765625 0.4756944444444444 0.59765625 0.4965277777777778 0.595703125 0.5 0.591796875 0.4965277777777778 0.587890625 0.4965277777777778 0.5859375 0.5 0.583984375 0.4965277777777778 0.583984375 0.4756944444444444 0.5859375 0.4722222222222222 0.5859375 0.4652777777777778
0 0.529296875 0.10416666666666667 0.529296875 0.1076388888888889 0.533203125 0.1111111111111111 0.533203125 0.11805555555555555 0.53515625 0.12152777777777778 0.5390625 0.12152777777777778 0.546875 0.1284722222222222 0.546875 0.14583333333333334 0.544921875 0.14930555555555555 0.541015625 0.14930555555555555 0.541015625 0.14583333333333334 0.529296875 0.1284722222222222 0.529296875 0.1076388888888889
0 0.52734375 0.53125 0.53125 0.53125 0.533203125 0.5381944444444444 0.548828125 0.5381944444444444 0.556640625 0.5486111111111112 0.556640625 0.5694444444444444 0.552734375 0.5694444444444444 0.548828125 0.5659722222222222 0.544921875 0.5555555555555556 0.541015625 0.5555555555555556 0.537109375 0.5486111111111112 0.533203125 0.5486111111111112 0.53125 0.5416666666666666 0.52734375 0.5381944444444444 0.52734375 0.5347222222222222
0 0.50390625 0.5798611111111112 0.513671875 0.5798611111111112 0.513671875 0.5902777777777778 0.51171875 0.59375 0.50390625 0.5902777777777778 0.50390625 0.5833333333333334
0 0.63671875 0.84375 0.63671875 0.8715277777777778 0.6328125 0.875 0.626953125 0.8680555555555556 0.619140625 0.8645833333333334 0.619140625 0.8576388888888888 0.634765625 0.84375
0 0.47265625 0.09722222222222222 0.47265625 0.1076388888888889 0.462890625 0.1076388888888889 0.458984375 0.10416666666666667 0.458984375 0.10069444444444445 0.470703125 0.09722222222222222
0 0.3515625 0.1840277777777778 0.361328125 0.1840277777777778 0.361328125 0.1909722222222222 0.3515625 0.1875
0 0.5546875 0.3958333333333333 0.560546875 0.4027777777777778 0.560546875 0.4097222222222222 0.5625 0.4131944444444444 0.568359375 0.4131944444444444 0.568359375 0.4513888888888889 0.56640625 0.4548611111111111 0.564453125 0.4513888888888889 0.560546875 0.4513888888888889 0.55859375 0.4479166666666667 0.55859375 0.4305555555555556 0.5546875 0.4270833333333333 0.5546875 0.3993055555555556
0 0.58984375 0.3715277777777778 0.599609375 0.3715277777777778 0.599609375 0.40625 0.595703125 0.40625 0.595703125 0.3888888888888889 0.58984375 0.3819444444444444 0.58984375 0.375
0 0.623046875 0.3472222222222222 0.6328125 0.3472222222222222 0.634765625 0.3541666666666667 0.640625 0.3541666666666667 0.64453125 0.3576388888888889 0.64453125 0.375 0.638671875 0.3888888888888889 0.62109375 0.3888888888888889 0.6171875 0.3958333333333333 0.619140625 0.3993055555555556 0.615234375 0.4027777777777778 0.611328125 0.3854166666666667 0.603515625 0.3854166666666667 0.59765625 0.3923611111111111 0.599609375 0.40625 0.595703125 0.40625 0.587890625 0.3784722222222222 0.587890625 0.375 0.603515625 0.3784722222222222 0.607421875 0.3611111111111111 0.6171875 0.3576388888888889 0.623046875 0.3506944444444444
0 0.384765625 0.4618055555555556 0.388671875 0.4618055555555556 0.390625 0.46875 0.404296875 0.46875 0.40625 0.4652777777777778 0.40625 0.4791666666666667 0.40234375 0.4861111111111111 0.396484375 0.4861111111111111 0.39453125 0.4791666666666667 0.384765625 0.4791666666666667 0.380859375 0.4756944444444444 0.384765625 0.4722222222222222 0.384765625 0.4652777777777778
0 0.359375 0.10069444444444445 0.357421875 0.09375 0.359375 0.08680555555555555 0.369140625 0.08680555555555555 0.37109375 0.09027777777777778 0.37109375 0.10416666666666667 0.365234375 0.10416666666666667 0.361328125 0.10069444444444445
0 0.4296875 0.125 0.44140625 0.12152777777777778 0.44140625 0.1284722222222222 0.439453125 0.13194444444444445 0.431640625 0.13194444444444445 0.4296875 0.1284722222222222
0 0.671875 0.4409722222222222 0.671875 0.4861111111111111 0.666015625 0.4861111111111111 0.650390625 0.4722222222222222 0.654296875 0.46875 0.65625 0.4583333333333333 0.658203125 0.4583333333333333 0.662109375 0.4479166666666667 0.669921875 0.4444444444444444
0 0.34375 0.11805555555555555 0.353515625 0.11805555555555555 0.353515625 0.1284722222222222 0.349609375 0.13194444444444445 0.341796875 0.13194444444444445 0.33984375 0.125 0.34375 0.12152777777777778
0 0.578125 0.6701388888888888 0.580078125 0.6770833333333334 0.587890625 0.6840277777777778 0.599609375 0.6840277777777778 0.599609375 0.6979166666666666 0.603515625 0.7048611111111112 0.607421875 0.7048611111111112 0.615234375 0.7152777777777778 0.623046875 0.7152777777777778 0.626953125 0.7118055555555556 0.62890625 0.7152777777777778 0.658203125 0.71875 0.66015625 0.7222222222222222 0.66796875 0.7222222222222222 0.671875 0.7256944444444444 0.671875 0.8298611111111112 0.6640625 0.8298611111111112 0.658203125 0.8125 0.65625 0.7847222222222222 0.65234375 0.7777777777777778 0.64453125 0.7743055555555556 0.640625 0.7673611111111112 0.63671875 0.7673611111111112 0.61328125 0.7361111111111112 0.60546875 0.7291666666666666 0.58984375 0.7291666666666666 0.587890625 0.7256944444444444 0.58203125 0.7291666666666666 0.578125 0.7361111111111112 0.568359375 0.7361111111111112 0.568359375 0.7326388888888888 0.572265625 0.7291666666666666 0.572265625 0.7222222222222222 0.57421875 0.71875 0.572265625 0.7152777777777778 0.57421875 0.7118055555555556 0.57421875 0.6875 0.578125 0.6736111111111112
0 0.564453125 0.08680555555555555 0.5703125 0.0798611111111111 0.576171875 0.0798611111111111 0.578125 0.09027777777777778 0.58203125 0.09722222222222222 0.599609375 0.11458333333333333 0.626953125 0.11458333333333333 0.6328125 0.10416666666666667 0.6328125 0.11805555555555555 0.625 0.13194444444444445 0.595703125 0.1527777777777778 0.58203125 0.1527777777777778 0.572265625 0.1388888888888889 0.5703125 0.13194444444444445 0.5703125 0.1076388888888889 0.568359375 0.10416666666666667 0.568359375 0.09375 0.564453125 0.09027777777777778
0 0.525390625 0.4201388888888889 0.53515625 0.4201388888888889 0.53515625 0.4305555555555556 0.517578125 0.4340277777777778 0.51953125 0.4270833333333333 0.5234375 0.4270833333333333 0.525390625 0.4236111111111111
0 0.341796875 0.4305555555555556 0.34765625 0.4305555555555556 0.34765625 0.4340277777777778 0.349609375 0.4375 0.353515625 0.4375 0.35546875 0.4444444444444444 0.35546875 0.4548611111111111 0.353515625 0.4618055555555556 0.3515625 0.4618055555555556 0.3515625 0.4513888888888889 0.345703125 0.4409722222222222 0.341796875 0.4444444444444444 0.341796875 0.4340277777777778
0 0.357421875 0.04861111111111111 0.361328125 0.04861111111111111 0.361328125 0.052083333333333336 0.365234375 0.05555555555555555 0.365234375 0.059027777777777776 0.357421875 0.06597222222222222 0.35546875 0.0625 0.35546875 0.05555555555555555 0.357421875 0.052083333333333336
0 0.52734375 0.3159722222222222 0.529296875 0.3159722222222222 0.533203125 0.3298611111111111 0.54296875 0.3298611111111111 0.544921875 0.3263888888888889 0.544921875 0.3159722222222222 0.544921875 0.3229166666666667 0.546875 0.3263888888888889 0.560546875 0.3298611111111111 0.568359375 0.3368055555555556 0.568359375 0.3541666666666667 0.552734375 0.3541666666666667 0.546875 0.3611111111111111 0.546875 0.3541666666666667 0.544921875 0.3506944444444444 0.533203125 0.3506944444444444 0.533203125 0.34375 0.53125 0.3402777777777778 0.5234375 0.34375 0.5234375 0.3333333333333333 0.52734375 0.3298611111111111 0.52734375 0.3194444444444444
0 0.51171875 0.1284722222222222 0.517578125 0.13541666666666666 0.517578125 0.1423611111111111 0.509765625 0.1423611111111111 0.5078125 0.13541666666666666 0.51171875 0.13194444444444445
0 0.529296875 0.3159722222222222 0.533203125 0.3159722222222222 0.537109375 0.3263888888888889 0.541015625 0.3263888888888889 0.541015625 0.34375 0.537109375 0.3472222222222222 0.537109375 0.34375 0.541015625 0.3402777777777778 0.5390625 0.3368055555555556 0.52734375 0.3402777777777778 0.529296875 0.3194444444444444