0 0.85546875 0.1258741258741259 0.865234375 0.1258741258741259 0.865234375 0.15034965034965034 0.85546875 0.15034965034965034 0.8515625 0.16433566433566432 0.828125 0.16433566433566432 0.828125 0.16083916083916083 0.830078125 0.16083916083916083 0.83203125 0.15384615384615385 0.837890625 0.15034965034965034 0.841796875 0.13986013986013987 0.845703125 0.13636363636363635 0.8515625 0.13636363636363635 0.85546875 0.12937062937062938
0 0.912109375 0.23776223776223776 0.91796875 0.23776223776223776 0.91796875 0.2762237762237762 0.880859375 0.2762237762237762 0.880859375 0.2692307692307692 0.884765625 0.26573426573426573 0.890625 0.26573426573426573 0.89453125 0.25524475524475526 0.900390625 0.25524475524475526 0.90234375 0.2517482517482518 0.90234375 0.24475524475524477 0.91015625 0.24475524475524477 0.912109375 0.24125874125874125
0 0.720703125 0.1888111888111888 0.7265625 0.1958041958041958 0.73046875 0.1958041958041958 0.73046875 0.1993006993006993 0.736328125 0.2062937062937063 0.736328125 0.21678321678321677 0.71875 0.21678321678321677 0.708984375 0.2097902097902098 0.69921875 0.2097902097902098 0.697265625 0.20279720279720279 0.6796875 0.1993006993006993 0.677734375 0.19230769230769232 0.673828125 0.19230769230769232 0.671875 0.1888111888111888 0.671875 0.18181818181818182 0.673828125 0.17832167832167833 0.6796875 0.17832167832167833 0.681640625 0.17132867132867133 0.697265625 0.17132867132867133 0.69921875 0.17832167832167833 0.70703125 0.17832167832167833 0.708984375 0.18181818181818182 0.712890625 0.18181818181818182 0.71484375 0.1888111888111888 0.71875 0.1888111888111888
0 0.740234375 0.34965034965034963 0.791015625 0.34965034965034963 0.79296875 0.35664335664335667 0.798828125 0.35664335664335667 0.798828125 0.3741258741258741 0.74609375 0.3741258741258741 0.744140625 0.3706293706293706 0.73828125 0.3706293706293706 0.73828125 0.36713286713286714 0.734375 0.36363636363636365 0.734375 0.36013986013986016 0.740234375 0.3531468531468531
0 0.873046875 0.34615384615384615 0.87890625 0.34615384615384615 0.880859375 0.34265734265734266 0.90234375 0.34265734265734266 0.904296875 0.34615384615384615 0.91015625 0.34615384615384615 0.912109375 0.3531468531468531 0.92578125 0.35664335664335667 0.92578125 0.36713286713286714 0.873046875 0.36713286713286714 0.873046875 0.34965034965034963
0 0.978515625 0.17132867132867133 0.984375 0.17132867132867133 0.98828125 0.16783216783216784 0.998046875 0.17482517482517482 0.998046875 0.22377622377622378 0.990234375 0.22377622377622378 0.984375 0.21678321678321677 0.970703125 0.21328671328671328 0.96875 0.2062937062937063 0.96484375 0.2062937062937063 0.96484375 0.1853146853146853 0.96875 0.1853146853146853 0.978515625 0.17482517482517482
0 0.099609375 0.3181818181818182 0.1015625 0.32167832167832167 0.10546875 0.32167832167832167 0.10546875 0.3706293706293706 0.064453125 0.3706293706293706 0.060546875 0.36713286713286714 0.060546875 0.34615384615384615 0.0625 0.34615384615384615 0.064453125 0.33916083916083917 0.068359375 0.3356643356643357 0.068359375 0.32867132867132864 0.0703125 0.32517482517482516 0.09375 0.32167832167832167 0.09765625 0.3181818181818182
0 0.880859375 0.3006993006993007 0.88671875 0.3006993006993007 0.88671875 0.3041958041958042 0.890625 0.3076923076923077 0.892578125 0.3146853146853147 0.8984375 0.3181818181818182 0.8984375 0.32167832167832167 0.90234375 0.32517482517482516 0.90234375 0.3321678321678322 0.884765625 0.3321678321678322 0.8828125 0.32867132867132864 0.876953125 0.32867132867132864 0.876953125 0.3076923076923077 0.880859375 0.3041958041958042
0 0.837890625 0.2937062937062937 0.85546875 0.2937062937062937 0.857421875 0.3006993006993007 0.86328125 0.3006993006993007 0.865234375 0.3041958041958042 0.875 0.3076923076923077 0.87890625 0.3181818181818182 0.8828125 0.3181818181818182 0.884765625 0.32167832167832167 0.884765625 0.3321678321678322 0.86328125 0.3321678321678322 0.861328125 0.32867132867132864 0.849609375 0.32867132867132864 0.845703125 0.32517482517482516 0.845703125 0.32167832167832167 0.83984375 0.3111888111888112 0.837890625 0.3111888111888112 0.837890625 0.3041958041958042 0.8359375 0.3006993006993007 0.837890625 0.2972027972027972
0 0.310546875 0.17132867132867133 0.32421875 0.17132867132867133 0.326171875 0.17832167832167833 0.33203125 0.17832167832167833 0.33203125 0.1958041958041958 0.314453125 0.1958041958041958 0.310546875 0.19230769230769232 0.30859375 0.1853146853146853 0.306640625 0.1853146853146853 0.306640625 0.17832167832167833 0.310546875 0.17482517482517482
0 0.87109375 0.45454545454545453 0.87109375 0.47202797202797203 0.861328125 0.4825174825174825 0.857421875 0.493006993006993 0.849609375 0.4965034965034965 0.845703125 0.5034965034965035 0.822265625 0.5034965034965035 0.822265625 0.5 0.82421875 0.4965034965034965 0.828125 0.4965034965034965 0.830078125 0.493006993006993 0.830078125 0.486013986013986 0.837890625 0.4825174825174825 0.841796875 0.4755244755244755 0.853515625 0.47202797202797203 0.85546875 0.46503496503496505 0.86328125 0.46153846153846156 0.869140625 0.45454545454545453
0 0.9296875 0.2937062937062937 0.9453125 0.2937062937062937 0.9453125 0.3146853146853147 0.943359375 0.32167832167832167 0.9375 0.32167832167832167 0.935546875 0.32517482517482516 0.912109375 0.32517482517482516 0.912109375 0.3146853146853147 0.91796875 0.3111888111888112 0.919921875 0.3041958041958042 0.9296875 0.2972027972027972
0 0.970703125 0.15034965034965034 0.98046875 0.15034965034965034 0.982421875 0.15734265734265734 0.990234375 0.16433566433566432 0.998046875 0.16433566433566432 0.998046875 0.22377622377622378 0.990234375 0.22377622377622378 0.984375 0.21678321678321677 0.978515625 0.21678321678321677 0.97265625 0.2097902097902098 0.96484375 0.2097902097902098 0.96484375 0.1888111888111888 0.96875 0.1888111888111888 0.970703125 0.1853146853146853 0.970703125 0.17832167832167833 0.974609375 0.17482517482517482 0.974609375 0.16783216783216784 0.970703125 0.16433566433566432 0.970703125 0.15384615384615385