0 0.6328125 0.3576388888888889 0.634765625 0.3611111111111111 0.634765625 0.3715277777777778 0.62890625 0.3784722222222222 0.625 0.3888888888888889 0.62109375 0.3888888888888889 0.619140625 0.3923611111111111 0.58203125 0.3923611111111111 0.580078125 0.3958333333333333 0.576171875 0.3923611111111111 0.56640625 0.3923611111111111 0.5703125 0.3888888888888889 0.572265625 0.375 0.57421875 0.375 0.580078125 0.3611111111111111 0.583984375 0.3611111111111111 0.591796875 0.3541666666666667 0.6171875 0.3541666666666667 0.619140625 0.3576388888888889 0.630859375 0.3576388888888889
0 0.572265625 0.4652777777777778 0.580078125 0.4652777777777778 0.580078125 0.4756944444444444 0.58203125 0.4791666666666667 0.58203125 0.5173611111111112 0.56640625 0.5173611111111112 0.56640625 0.5069444444444444 0.5625 0.5034722222222222 0.5625 0.4791666666666667 0.5703125 0.4756944444444444 0.572265625 0.46875
0 0.501953125 0.09722222222222222 0.515625 0.10069444444444445 0.517578125 0.1076388888888889 0.5234375 0.1076388888888889 0.52734375 0.1111111111111111 0.52734375 0.13541666666666666 0.509765625 0.13541666666666666 0.501953125 0.1284722222222222 0.501953125 0.12152777777777778 0.498046875 0.11805555555555555 0.498046875 0.1076388888888889 0.5 0.1076388888888889 0.501953125 0.10069444444444445
0 0.494140625 0.5416666666666666 0.5 0.5416666666666666 0.50390625 0.5486111111111112 0.51171875 0.5486111111111112 0.513671875 0.5451388888888888 0.5234375 0.5416666666666666 0.525390625 0.5451388888888888 0.533203125 0.5451388888888888 0.53515625 0.5520833333333334 0.5390625 0.5555555555555556 0.5390625 0.5729166666666666 0.533203125 0.5729166666666666 0.53125 0.5763888888888888 0.529296875 0.5729166666666666 0.51953125 0.5729166666666666 0.51171875 0.5659722222222222 0.498046875 0.5659722222222222 0.498046875 0.5486111111111112 0.494140625 0.5451388888888888
0 0.484375 0.5972222222222222 0.498046875 0.5972222222222222 0.5 0.6041666666666666 0.50390625 0.6041666666666666 0.50390625 0.6076388888888888 0.486328125 0.6111111111111112 0.484375 0.6076388888888888 0.48046875 0.6076388888888888 0.48046875 0.6041666666666666 0.484375 0.6006944444444444
0 0.625 0.8680555555555556 0.625 0.90625 0.60546875 0.90625 0.6015625 0.9027777777777778 0.6015625 0.8854166666666666 0.603515625 0.8854166666666666 0.60546875 0.8784722222222222 0.61328125 0.8715277777777778 0.619140625 0.8715277777777778 0.623046875 0.8680555555555556
0 0.546875 0.06944444444444445 0.548828125 0.07291666666666667 0.552734375 0.07291666666666667 0.5546875 0.0798611111111111 0.5625 0.08333333333333333 0.56640625 0.09375 0.57421875 0.09375 0.580078125 0.10069444444444445 0.603515625 0.10069444444444445 0.60546875 0.10416666666666667 0.61328125 0.10416666666666667 0.619140625 0.09375 0.619140625 0.1076388888888889 0.615234375 0.11805555555555555 0.61328125 0.12152777777777778 0.609375 0.12152777777777778 0.603515625 0.13541666666666666 0.599609375 0.13541666666666666 0.591796875 0.1423611111111111 0.548828125 0.1423611111111111 0.54296875 0.13194444444444445 0.54296875 0.11458333333333333 0.5390625 0.1111111111111111 0.5390625 0.09375 0.53515625 0.0798611111111111 0.5390625 0.06944444444444445 0.544921875 0.06944444444444445
0 0.322265625 0.1701388888888889 0.326171875 0.1701388888888889 0.328125 0.16666666666666666 0.337890625 0.16666666666666666 0.337890625 0.1909722222222222 0.318359375 0.1909722222222222 0.318359375 0.17708333333333334 0.322265625 0.1736111111111111
0 0.330078125 0.0763888888888889 0.34375 0.07291666666666667 0.345703125 0.0763888888888889 0.3515625 0.0763888888888889 0.353515625 0.08333333333333333 0.353515625 0.09027777777777778 0.330078125 0.09027777777777778 0.330078125 0.0798611111111111
0 0.576171875 0.3645833333333333 0.578125 0.3645833333333333 0.578125 0.4270833333333333 0.5703125 0.4305555555555556 0.568359375 0.4375 0.537109375 0.4375 0.537109375 0.4305555555555556 0.541015625 0.4270833333333333 0.541015625 0.4166666666666667 0.54296875 0.4097222222222222 0.546875 0.40625 0.546875 0.3993055555555556 0.5546875 0.3888888888888889 0.572265625 0.3854166666666667 0.576171875 0.375 0.576171875 0.3680555555555556
0 0.5 0.1076388888888889 0.505859375 0.1076388888888889 0.5078125 0.11458333333333333 0.51171875 0.11458333333333333 0.51171875 0.13194444444444445 0.486328125 0.13194444444444445 0.486328125 0.12152777777777778 0.4921875 0.12152777777777778 0.494140625 0.11458333333333333 0.498046875 0.11458333333333333 0.5 0.1111111111111111
0 0.3203125 0.09722222222222222 0.337890625 0.09722222222222222 0.337890625 0.11458333333333333 0.314453125 0.11458333333333333 0.314453125 0.10416666666666667 0.318359375 0.10416666666666667 0.3203125 0.10069444444444445
0 0.333984375 0.4479166666666667 0.337890625 0.4479166666666667 0.337890625 0.4548611111111111 0.341796875 0.4583333333333333 0.34375 0.4652777777777778 0.3515625 0.4652777777777778 0.353515625 0.4583333333333333 0.3671875 0.4583333333333333 0.3671875 0.4618055555555556 0.37109375 0.4652777777777778 0.37109375 0.4861111111111111 0.34375 0.4861111111111111 0.33984375 0.4826388888888889 0.337890625 0.4756944444444444 0.333984375 0.4756944444444444 0.333984375 0.4513888888888889
0 0.38671875 0.15625 0.400390625 0.15625 0.400390625 0.18055555555555555 0.37109375 0.18055555555555555 0.37109375 0.1701388888888889 0.375 0.1701388888888889 0.376953125 0.16319444444444445 0.384765625 0.16319444444444445 0.38671875 0.1597222222222222
0 0.337890625 0.3333333333333333 0.337890625 0.3645833333333333 0.30078125 0.3645833333333333 0.30078125 0.3402777777777778 0.310546875 0.3402777777777778 0.318359375 0.3333333333333333 0.3359375 0.3333333333333333
0 0.375 0.10069444444444445 0.37890625 0.10069444444444445 0.380859375 0.09722222222222222 0.39453125 0.09722222222222222 0.3984375 0.10069444444444445 0.3984375 0.11458333333333333 0.390625 0.11458333333333333 0.388671875 0.11805555555555555 0.384765625 0.11805555555555555 0.3828125 0.11458333333333333 0.369140625 0.11458333333333333 0.369140625 0.1076388888888889 0.373046875 0.1076388888888889 0.375 0.10416666666666667
0 0.310546875 0.03819444444444445 0.31640625 0.03819444444444445 0.31640625 0.0625 0.310546875 0.0625 0.310546875 0.041666666666666664
0 0.55078125 0.6909722222222222 0.552734375 0.6944444444444444 0.55859375 0.6944444444444444 0.564453125 0.7013888888888888 0.578125 0.7013888888888888 0.578125 0.7118055555555556 0.576171875 0.7152777777777778 0.580078125 0.7222222222222222 0.583984375 0.7222222222222222 0.58984375 0.7326388888888888 0.6171875 0.7326388888888888 0.619140625 0.7361111111111112 0.62890625 0.7361111111111112 0.630859375 0.7395833333333334 0.658203125 0.7430555555555556 0.658203125 0.7465277777777778 0.662109375 0.75 0.662109375 0.8611111111111112 0.650390625 0.8611111111111112 0.6484375 0.8576388888888888 0.64453125 0.84375 0.64453125 0.8229166666666666 0.638671875 0.8090277777777778 0.634765625 0.8090277777777778 0.6328125 0.8020833333333334 0.615234375 0.7881944444444444 0.603515625 0.7708333333333334 0.599609375 0.7708333333333334 0.595703125 0.7638888888888888 0.591796875 0.7638888888888888 0.583984375 0.7534722222222222 0.56640625 0.7534722222222222 0.564453125 0.75 0.55859375 0.75 0.55078125 0.7604166666666666 0.54296875 0.7604166666666666 0.544921875 0.7361111111111112 0.546875 0.7326388888888888 0.546875 0.7013888888888888 0.548828125 0.6944444444444444
0 0.41015625 0.06944444444444445 0.443359375 0.06944444444444445 0.443359375 0.09375 0.419921875 0.09375 0.419921875 0.09027777777777778 0.416015625 0.08680555555555555 0.4140625 0.0798611111111111 0.41015625 0.0798611111111111 0.41015625 0.07291666666666667
0 0.5234375 0.3020833333333333 0.52734375 0.3020833333333333 0.52734375 0.3159722222222222 0.529296875 0.3194444444444444 0.533203125 0.3229166666666667 0.5390625 0.3229166666666667 0.544921875 0.3298611111111111 0.544921875 0.3611111111111111 0.515625 0.3611111111111111 0.513671875 0.3472222222222222 0.5078125 0.3402777777777778 0.50390625 0.3402777777777778 0.5 0.3506944444444444 0.4921875 0.3506944444444444 0.4921875 0.3298611111111111 0.49609375 0.3263888888888889 0.49609375 0.3194444444444444 0.5 0.3194444444444444 0.501953125 0.3263888888888889 0.51171875 0.3263888888888889 0.513671875 0.3229166666666667 0.517578125 0.3229166666666667 0.521484375 0.3159722222222222 0.521484375 0.3090277777777778 0.5234375 0.3055555555555556
0 0.326171875 0.020833333333333332 0.34375 0.020833333333333332 0.345703125 0.027777777777777776 0.349609375 0.027777777777777776 0.349609375 0.04513888888888889 0.326171875 0.04513888888888889 0.326171875 0.024305555555555556
0 0.310546875 0.4270833333333333 0.31640625 0.4270833333333333 0.31640625 0.4375 0.310546875 0.4375 0.310546875 0.4305555555555556
0 0.658203125 0.4409722222222222 0.6640625 0.4409722222222222 0.6640625 0.5069444444444444 0.66015625 0.5034722222222222 0.654296875 0.5034722222222222 0.65234375 0.5 0.646484375 0.5 0.64453125 0.4965277777777778 0.638671875 0.4965277777777778 0.63671875 0.4895833333333333 0.630859375 0.4861111111111111 0.630859375 0.4826388888888889 0.634765625 0.4791666666666667 0.634765625 0.4722222222222222 0.63671875 0.4722222222222222 0.638671875 0.4652777777777778 0.640625 0.4652777777777778 0.642578125 0.4583333333333333 0.646484375 0.4548611111111111 0.646484375 0.4513888888888889 0.650390625 0.4479166666666667 0.65625 0.4479166666666667 0.658203125 0.4444444444444444
0 0.517578125 0.4131944444444444 0.5234375 0.4131944444444444 0.5234375 0.4305555555555556 0.51953125 0.4340277777777778 0.494140625 0.4340277777777778 0.494140625 0.4270833333333333 0.498046875 0.4236111111111111 0.515625 0.4201388888888889 0.517578125 0.4166666666666667