0 0.609375 0.32752613240418116 0.62890625 0.32752613240418116 0.630859375 0.3310104529616725 0.634765625 0.3310104529616725 0.634765625 0.3344947735191638 0.638671875 0.33797909407665505 0.638671875 0.36585365853658536 0.626953125 0.3693379790940767 0.625 0.36585365853658536 0.625 0.3588850174216028 0.62109375 0.3554006968641115 0.62109375 0.34494773519163763 0.619140625 0.34146341463414637 0.615234375 0.34146341463414637 0.615234375 0.33797909407665505 0.61328125 0.3344947735191638 0.609375 0.3344947735191638 0.609375 0.3310104529616725
0 0.44921875 0.6829268292682927 0.451171875 0.6829268292682927 0.453125 0.6759581881533101 0.498046875 0.6759581881533101 0.498046875 0.6898954703832753 0.4921875 0.6898954703832753 0.490234375 0.6968641114982579 0.486328125 0.6968641114982579 0.478515625 0.7038327526132404 0.47265625 0.7038327526132404 0.470703125 0.7073170731707317 0.44140625 0.7073170731707317 0.44140625 0.7038327526132404 0.447265625 0.6968641114982579 0.447265625 0.6898954703832753 0.44921875 0.686411149825784
0 0.578125 0.6585365853658537 0.58203125 0.6550522648083623 0.58203125 0.6480836236933798 0.591796875 0.6480836236933798 0.59375 0.6550522648083623 0.59765625 0.6550522648083623 0.599609375 0.6585365853658537 0.62109375 0.6585365853658537 0.62109375 0.6689895470383276 0.6171875 0.6724738675958188 0.623046875 0.6794425087108014 0.625 0.6759581881533101 0.62890625 0.6759581881533101 0.62890625 0.7038327526132404 0.623046875 0.7038327526132404 0.62109375 0.7073170731707317 0.59375 0.7073170731707317 0.587890625 0.7142857142857143 0.572265625 0.7142857142857143 0.576171875 0.710801393728223 0.576171875 0.7038327526132404 0.578125 0.7003484320557491 0.578125 0.662020905923345
0 0.53515625 0.09407665505226481 0.546875 0.09407665505226481 0.548828125 0.10104529616724739 0.564453125 0.10452961672473868 0.564453125 0.10801393728222997 0.568359375 0.11149825783972125 0.568359375 0.11846689895470383 0.5546875 0.12195121951219512 0.5390625 0.10801393728222997 0.53515625 0.10801393728222997 0.53515625 0.0975609756097561
0 0.5 0.5609756097560976 0.5078125 0.5609756097560976 0.509765625 0.554006968641115 0.517578125 0.554006968641115 0.51953125 0.5609756097560976 0.5234375 0.5609756097560976 0.525390625 0.5644599303135889 0.521484375 0.5644599303135889 0.51953125 0.5679442508710801 0.5 0.5644599303135889
0 0.517578125 0.40418118466898956 0.52734375 0.40418118466898956 0.529296875 0.397212543554007 0.533203125 0.397212543554007 0.53515625 0.40418118466898956 0.544921875 0.40418118466898956 0.544921875 0.4146341463414634 0.529296875 0.4146341463414634 0.52734375 0.4181184668989547 0.5234375 0.4146341463414634 0.51171875 0.4146341463414634 0.515625 0.4146341463414634 0.517578125 0.4076655052264808
0 0.6328125 0.8292682926829268 0.640625 0.8292682926829268 0.642578125 0.8257839721254355 0.646484375 0.8257839721254355 0.6484375 0.818815331010453 0.65625 0.818815331010453 0.65625 0.8571428571428571 0.638671875 0.8571428571428571 0.63671875 0.8501742160278746 0.626953125 0.8466898954703833 0.626953125 0.8362369337979094 0.630859375 0.8362369337979094 0.6328125 0.8327526132404182
0 0.478515625 0.5644599303135889 0.48828125 0.5644599303135889 0.48828125 0.5749128919860628 0.46875 0.5749128919860628 0.478515625 0.5679442508710801
0 0.470703125 0.14285714285714285 0.470703125 0.14634146341463414 0.466796875 0.14634146341463414 0.4609375 0.15331010452961671 0.451171875 0.14634146341463414 0.455078125 0.14285714285714285 0.46875 0.14285714285714285
0 0.40234375 0.44947735191637633 0.408203125 0.44947735191637633 0.41015625 0.445993031358885 0.421875 0.445993031358885 0.423828125 0.43902439024390244 0.427734375 0.43902439024390244 0.427734375 0.4634146341463415 0.41015625 0.4634146341463415 0.408203125 0.45993031358885017 0.40234375 0.45993031358885017 0.40234375 0.4529616724738676
0 0.5078125 0.47735191637630664 0.521484375 0.4738675958188153 0.5234375 0.46689895470383275 0.537109375 0.46689895470383275 0.537109375 0.47735191637630664 0.53515625 0.47735191637630664 0.533203125 0.4843205574912892 0.529296875 0.4843205574912892 0.521484375 0.4912891986062718 0.5078125 0.4912891986062718 0.5078125 0.4808362369337979
0 0.365234375 0.04878048780487805 0.3671875 0.04878048780487805 0.3671875 0.05574912891986063 0.369140625 0.059233449477351915 0.375 0.059233449477351915 0.375 0.06620209059233449 0.37109375 0.06620209059233449 0.369140625 0.06968641114982578 0.35546875 0.06620209059233449 0.35546875 0.05574912891986063 0.36328125 0.05574912891986063 0.365234375 0.05226480836236934
0 0.453125 0.0975609756097561 0.45703125 0.0975609756097561 0.458984375 0.09407665505226481 0.4765625 0.09407665505226481 0.4765625 0.10452961672473868 0.46875 0.10452961672473868 0.466796875 0.10801393728222997 0.46484375 0.10452961672473868 0.453125 0.10452961672473868 0.453125 0.10104529616724739
0 0.349609375 0.42857142857142855 0.359375 0.42857142857142855 0.361328125 0.43205574912891986 0.3671875 0.43205574912891986 0.369140625 0.4355400696864111 0.375 0.4355400696864111 0.37890625 0.43902439024390244 0.37890625 0.4529616724738676 0.373046875 0.4529616724738676 0.37109375 0.4564459930313589 0.3671875 0.4564459930313589 0.369140625 0.44947735191637633 0.365234375 0.445993031358885 0.36328125 0.43902439024390244 0.3515625 0.42857142857142855
0 0.55078125 0.5121951219512195 0.556640625 0.519163763066202 0.5625 0.519163763066202 0.564453125 0.5226480836236934 0.5703125 0.5226480836236934 0.57421875 0.5261324041811847 0.57421875 0.5574912891986062 0.568359375 0.554006968641115 0.568359375 0.5470383275261324 0.56640625 0.5435540069686411 0.556640625 0.5365853658536586 0.5546875 0.5296167247386759 0.544921875 0.5226480836236934 0.544921875 0.519163763066202 0.541015625 0.5156794425087108 0.541015625 0.5052264808362369 0.54296875 0.5052264808362369 0.544921875 0.5121951219512195 0.548828125 0.5121951219512195
0 0.67578125 0.4181184668989547 0.69140625 0.4181184668989547 0.69140625 0.4634146341463415 0.67578125 0.4634146341463415 0.673828125 0.45993031358885017 0.66796875 0.45993031358885017 0.662109375 0.4529616724738676 0.658203125 0.4529616724738676 0.658203125 0.445993031358885 0.662109375 0.445993031358885 0.6640625 0.4425087108013937 0.6640625 0.4355400696864111 0.67578125 0.42160278745644597
0 0.361328125 0.15331010452961671 0.365234375 0.15331010452961671 0.3671875 0.14634146341463414 0.37890625 0.14634146341463414 0.37890625 0.16376306620209058 0.3671875 0.16376306620209058 0.365234375 0.1602787456445993 0.361328125 0.1602787456445993 0.361328125 0.156794425087108
0 0.591796875 0.6550522648083623 0.59375 0.6585365853658537 0.609375 0.6585365853658537 0.611328125 0.662020905923345 0.609375 0.6724738675958188 0.61328125 0.6794425087108014 0.6171875 0.6759581881533101 0.6171875 0.6829268292682927 0.623046875 0.6898954703832753 0.650390625 0.6898954703832753 0.65234375 0.6933797909407665 0.662109375 0.6933797909407665 0.6640625 0.6968641114982579 0.685546875 0.6968641114982579 0.6875 0.7003484320557491 0.69140625 0.7003484320557491 0.69140625 0.8153310104529616 0.6875 0.8153310104529616 0.6796875 0.8083623693379791 0.67578125 0.7979094076655052 0.673828125 0.7665505226480837 0.669921875 0.759581881533101 0.66015625 0.7526132404181185 0.658203125 0.7456445993031359 0.654296875 0.7456445993031359 0.650390625 0.7386759581881533 0.642578125 0.7317073170731707 0.638671875 0.7317073170731707 0.63671875 0.7247386759581882 0.6328125 0.7247386759581882 0.61328125 0.7038327526132404 0.60546875 0.7038327526132404 0.603515625 0.7073170731707317 0.58984375 0.7038327526132404 0.58203125 0.7142857142857143 0.576171875 0.7142857142857143 0.572265625 0.710801393728223 0.576171875 0.7073170731707317 0.576171875 0.7003484320557491 0.578125 0.6968641114982579 0.578125 0.6655052264808362 0.580078125 0.662020905923345 0.580078125 0.6480836236933798 0.587890625 0.6480836236933798 0.58984375 0.6550522648083623
0 0.46875 0.06968641114982578 0.48046875 0.06620209059233449 0.482421875 0.059233449477351915 0.494140625 0.059233449477351915 0.494140625 0.07665505226480836 0.4765625 0.07665505226480836 0.474609375 0.07317073170731707 0.46875 0.07317073170731707
0 0.380859375 0.1951219512195122 0.380859375 0.20557491289198607 0.369140625 0.20557491289198607 0.3671875 0.20905923344947736 0.353515625 0.20557491289198607 0.359375 0.20557491289198607 0.361328125 0.1986062717770035 0.365234375 0.1951219512195122 0.37890625 0.1951219512195122
0 0.345703125 0.027874564459930314 0.3515625 0.027874564459930314 0.353515625 0.020905923344947737 0.37109375 0.020905923344947737 0.37109375 0.03832752613240418 0.345703125 0.03832752613240418 0.345703125 0.0313588850174216
0 0.564453125 0.34494773519163763 0.564453125 0.3344947735191638 0.578125 0.3344947735191638 0.578125 0.34494773519163763 0.56640625 0.34494773519163763
0 0.50390625 0.10452961672473868 0.513671875 0.10452961672473868 0.515625 0.0975609756097561 0.525390625 0.0975609756097561 0.525390625 0.11498257839721254 0.50390625 0.11498257839721254 0.50390625 0.10801393728222997
0 0.572265625 0.4146341463414634 0.576171875 0.4146341463414634 0.578125 0.4076655052264808 0.58984375 0.4076655052264808 0.58984375 0.4529616724738676 0.583984375 0.4529616724738676 0.58203125 0.4564459930313589 0.564453125 0.4529616724738676 0.564453125 0.4250871080139373 0.5703125 0.4250871080139373 0.572265625 0.4181184668989547
0 0.572265625 0.08362369337979095 0.583984375 0.08362369337979095 0.5859375 0.07665505226480836 0.58984375 0.07665505226480836 0.58984375 0.09407665505226481 0.580078125 0.09407665505226481 0.578125 0.0975609756097561 0.576171875 0.09407665505226481 0.572265625 0.09407665505226481 0.572265625 0.08710801393728224
0 0.578125 0.04529616724738676 0.583984375 0.04529616724738676 0.587890625 0.04878048780487805 0.591796875 0.06620209059233449 0.595703125 0.07317073170731707 0.607421875 0.07665505226480836 0.609375 0.08013937282229965 0.615234375 0.08013937282229965 0.6171875 0.08710801393728224 0.623046875 0.08710801393728224 0.625 0.08013937282229965 0.6328125 0.08013937282229965 0.634765625 0.08710801393728224 0.642578125 0.08710801393728224 0.654296875 0.0627177700348432 0.654296875 0.08710801393728224 0.650390625 0.0975609756097561 0.626953125 0.11846689895470383 0.599609375 0.12195121951219512 0.59765625 0.11846689895470383 0.5859375 0.11846689895470383 0.58203125 0.11498257839721254 0.58203125 0.10801393728222997 0.578125 0.10452961672473868 0.578125 0.09059233449477352 0.58203125 0.08710801393728224 0.578125 0.08362369337979095 0.578125 0.04878048780487805