0 0.359375 0.013937282229965157 0.373046875 0.027874564459930314 0.375 0.03484320557491289 0.3828125 0.041811846689895474 0.388671875 0.041811846689895474 0.39453125 0.04878048780487805 0.41015625 0.07317073170731707 0.412109375 0.08362369337979095 0.419921875 0.0975609756097561 0.419921875 0.10452961672473868 0.396484375 0.10801393728222997 0.39453125 0.11149825783972125 0.380859375 0.11149825783972125 0.365234375 0.10104529616724739 0.36328125 0.09059233449477352 0.3515625 0.06968641114982578 0.345703125 0.06968641114982578 0.34375 0.07317073170731707 0.333984375 0.07665505226480836 0.33203125 0.07317073170731707 0.33203125 0.06620209059233449 0.3359375 0.05226480836236934 0.3359375 0.03484320557491289 0.33984375 0.03484320557491289 0.345703125 0.04878048780487805 0.349609375 0.04878048780487805 0.3515625 0.05226480836236934 0.36328125 0.03484320557491289 0.36328125 0.027874564459930314 0.359375 0.017421602787456445
0 0.802734375 0.8710801393728222 0.814453125 0.8710801393728222 0.81640625 0.8780487804878049 0.8203125 0.8780487804878049 0.82421875 0.89198606271777 0.828125 0.8954703832752613 0.830078125 0.9024390243902439 0.830078125 0.9233449477351916 0.83203125 0.926829268292683 0.83203125 0.9651567944250871 0.82421875 0.9651567944250871 0.8203125 0.9581881533101045 0.81640625 0.9581881533101045 0.814453125 0.9512195121951219 0.8046875 0.9372822299651568 0.802734375 0.926829268292683 0.798828125 0.9233449477351916 0.794921875 0.8850174216027874 0.796875 0.8780487804878049 0.80078125 0.8780487804878049 0.802734375 0.8745644599303136
0 0.806640625 0.0975609756097561 0.8203125 0.0975609756097561 0.822265625 0.10452961672473868 0.830078125 0.11149825783972125 0.833984375 0.11149825783972125 0.83984375 0.11846689895470383 0.845703125 0.11846689895470383 0.85546875 0.13240418118466898 0.87109375 0.14285714285714285 0.87890625 0.156794425087108 0.87890625 0.1602787456445993 0.900390625 0.1951219512195122 0.904296875 0.1951219512195122 0.916015625 0.20557491289198607 0.916015625 0.21254355400696864 0.904296875 0.21254355400696864 0.888671875 0.20209059233449478 0.876953125 0.20209059233449478 0.8671875 0.1951219512195122 0.853515625 0.1951219512195122 0.849609375 0.20209059233449478 0.84765625 0.21254355400696864 0.84375 0.21254355400696864 0.845703125 0.20557491289198607 0.845703125 0.1951219512195122 0.837890625 0.18118466898954705 0.83203125 0.18118466898954705 0.814453125 0.16376306620209058 0.810546875 0.15331010452961671 0.7890625 0.1289198606271777 0.7890625 0.1254355400696864 0.77734375 0.10801393728222997 0.77734375 0.10452961672473868 0.8046875 0.10452961672473868 0.806640625 0.10104529616724739
0 0.453125 0 0.521484375 0 0.517578125 0.027874564459930314 0.501953125 0.027874564459930314 0.5 0.0313588850174216 0.49609375 0.027874564459930314 0.46875 0.027874564459930314 0.466796875 0.020905923344947737 0.4609375 0.020905923344947737 0.4609375 0.010452961672473868 0.458984375 0.006968641114982578 0.453125 0.006968641114982578 0.453125 0.003484320557491289
0 0.4177553444180523 -0.04131526893823401 0.09468248960807601 0.10942090757860412
0 0.767578125 0.9547038327526133 0.77734375 0.9547038327526133 0.779296875 0.9616724738675958 0.78515625 0.9651567944250871 0.787109375 0.9721254355400697 0.794921875 0.9825783972125436 0.794921875 0.9965156794425087 0.767578125 0.9965156794425087 0.765625 0.9895470383275261 0.765625 0.9616724738675958 0.767578125 0.9581881533101045
0 0.8741092636579573 -0.021717000339328132 0.0762739385391924 0.057511979938258836
0 0.80078125 0.9581881533101045 0.81640625 0.9581881533101045 0.81640625 0.9651567944250871 0.8203125 0.9686411149825784 0.822265625 0.9790940766550522 0.82421875 0.9825783972125436 0.828125 0.9825783972125436 0.828125 0.9930313588850174 0.830078125 0.9965156794425087 0.796875 0.9965156794425087 0.796875 0.9686411149825784 0.798828125 0.9686411149825784 0.80078125 0.9616724738675958
0 0.509765625 0 0.578125 0 0.576171875 0.010452961672473868 0.572265625 0.010452961672473868 0.5703125 0.017421602787456445 0.56640625 0.020905923344947737 0.56640625 0.024390243902439025 0.5625 0.024390243902439025 0.560546875 0.0313588850174216 0.556640625 0.0313588850174216 0.5546875 0.03832752613240418 0.55078125 0.03832752613240418 0.548828125 0.04529616724738676 0.541015625 0.04529616724738676 0.5390625 0.05226480836236934 0.5078125 0.05226480836236934 0.505859375 0.059233449477351915 0.5 0.059233449477351915 0.498046875 0.06620209059233449 0.494140625 0.06620209059233449 0.4921875 0.06968641114982578 0.478515625 0.06968641114982578 0.48046875 0.0627177700348432 0.484375 0.0627177700348432 0.486328125 0.05574912891986063 0.48828125 0.05574912891986063 0.490234375 0.04878048780487805 0.4921875 0.04878048780487805 0.494140625 0.041811846689895474 0.49609375 0.041811846689895474 0.498046875 0.03484320557491289 0.501953125 0.0313588850174216 0.50390625 0.020905923344947737 0.5078125 0.017421602787456445 0.5078125 0.006968641114982578 0.509765625 0.003484320557491289
0 0.94921875 0.06620209059233449 0.955078125 0.06620209059233449 0.95703125 0.0627177700348432 0.962890625 0.0627177700348432 0.96484375 0.059233449477351915 0.970703125 0.059233449477351915 0.98046875 0.05226480836236934 0.994140625 0.05226480836236934 0.99609375 0.04878048780487805 0.998046875 0.04878048780487805 0.998046875 0.06968641114982578 0.96484375 0.06968641114982578 0.962890625 0.06620209059233449 0.951171875 0.06620209059233449
0 0.032957244655581946 -0.046612098289289645 0.08755659887173398 0.09882724887649284
0 0.501953125 0.9581881533101045 0.505859375 0.9581881533101045 0.505859375 0.9790940766550522 0.5078125 0.9825783972125436 0.5078125 0.9965156794425087 0.498046875 0.9965156794425087 0.498046875 0.975609756097561 0.501953125 0.9721254355400697 0.501953125 0.9616724738675958