0 0.591796875 0.4250871080139373 0.595703125 0.4250871080139373 0.595703125 0.43205574912891986 0.599609375 0.445993031358885 0.599609375 0.4634146341463415 0.595703125 0.46689895470383275 0.591796875 0.45993031358885017 0.591796875 0.44947735191637633 0.587890625 0.445993031358885 0.587890625 0.43902439024390244 0.591796875 0.4355400696864111 0.591796875 0.42857142857142855
0 0.533203125 0.06968641114982578 0.53515625 0.06968641114982578 0.537109375 0.07665505226480836 0.54296875 0.07665505226480836 0.546875 0.09059233449477352 0.544921875 0.0975609756097561 0.52734375 0.0975609756097561 0.533203125 0.07317073170731707
0 0.583984375 0.6341463414634146 0.583984375 0.6376306620209059 0.58984375 0.6445993031358885 0.603515625 0.6445993031358885 0.609375 0.6585365853658537 0.611328125 0.6829268292682927 0.60546875 0.6898954703832753 0.583984375 0.6898954703832753 0.578125 0.6968641114982579 0.5703125 0.6933797909407665 0.57421875 0.6898954703832753 0.57421875 0.6759581881533101 0.576171875 0.6724738675958188 0.576171875 0.6411149825783972 0.578125 0.6376306620209059 0.578125 0.6306620209059234 0.58203125 0.6341463414634146
0 0.529296875 0.4878048780487805 0.533203125 0.49477351916376305 0.537109375 0.49477351916376305 0.5390625 0.4912891986062718 0.55078125 0.4912891986062718 0.5546875 0.49825783972125437 0.5546875 0.5087108013937283 0.556640625 0.5121951219512195 0.556640625 0.519163763066202 0.546875 0.519163763066202 0.544921875 0.5156794425087108 0.541015625 0.5156794425087108 0.53515625 0.5017421602787456 0.53125 0.5017421602787456 0.529296875 0.49825783972125437 0.529296875 0.4912891986062718
0 0.5234375 0.5435540069686411 0.525390625 0.5470383275261324 0.525390625 0.554006968641115 0.51953125 0.554006968641115 0.517578125 0.5574912891986062 0.513671875 0.554006968641115 0.513671875 0.5470383275261324 0.515625 0.5435540069686411 0.521484375 0.5435540069686411
0 0.525390625 0.4146341463414634 0.52734375 0.4146341463414634 0.52734375 0.42857142857142855 0.521484375 0.4250871080139373 0.521484375 0.42160278745644597 0.525390625 0.4181184668989547
0 0.634765625 0.8013937282229965 0.638671875 0.8013937282229965 0.638671875 0.8362369337979094 0.63671875 0.8397212543554007 0.6328125 0.8397212543554007 0.62890625 0.8362369337979094 0.626953125 0.8292682926829268 0.626953125 0.818815331010453 0.6328125 0.8118466898954704 0.634765625 0.8048780487804879
0 0.453125 0.041811846689895474 0.458984375 0.041811846689895474 0.462890625 0.05226480836236934 0.4609375 0.059233449477351915 0.455078125 0.059233449477351915 0.447265625 0.05226480836236934 0.453125 0.04529616724738676
0 0.611328125 0.31010452961672474 0.61328125 0.313588850174216 0.61328125 0.3344947735191638 0.615234375 0.34146341463414637 0.61328125 0.34494773519163763 0.611328125 0.34146341463414637 0.607421875 0.34146341463414637 0.599609375 0.3623693379790941 0.595703125 0.36585365853658536 0.595703125 0.37630662020905925 0.59375 0.3797909407665505 0.58984375 0.3797909407665505 0.5859375 0.37282229965156793 0.580078125 0.37282229965156793 0.580078125 0.3519163763066202 0.583984375 0.33797909407665505 0.58984375 0.3310104529616725 0.603515625 0.32752613240418116 0.609375 0.3170731707317073 0.609375 0.313588850174216
0 0.37109375 0.40069686411149824 0.375 0.40418118466898956 0.376953125 0.41114982578397213 0.388671875 0.4146341463414634 0.390625 0.4181184668989547 0.390625 0.43205574912891986 0.380859375 0.43205574912891986 0.376953125 0.42857142857142855 0.373046875 0.4181184668989547 0.37109375 0.4181184668989547 0.373046875 0.40418118466898956
0 0.36328125 0.06620209059233449 0.3671875 0.06620209059233449 0.369140625 0.07317073170731707 0.373046875 0.07317073170731707 0.37109375 0.08013937282229965 0.361328125 0.08013937282229965 0.357421875 0.07665505226480836 0.36328125 0.06968641114982578
0 0.41015625 0.0627177700348432 0.4140625 0.06620209059233449 0.4140625 0.07317073170731707 0.412109375 0.07665505226480836 0.40625 0.07665505226480836 0.40234375 0.07317073170731707 0.41015625 0.06620209059233449
0 0.341796875 0.017421602787456445 0.34765625 0.017421602787456445 0.349609375 0.020905923344947737 0.349609375 0.0313588850174216 0.345703125 0.03832752613240418 0.341796875 0.03484320557491289 0.341796875 0.020905923344947737
0 0.373046875 0.059233449477351915 0.375 0.05574912891986063 0.375 0.04529616724738676 0.37890625 0.041811846689895474 0.3828125 0.04878048780487805 0.3828125 0.05574912891986063 0.375 0.0627177700348432
0 0.6015625 0.6411149825783972 0.603515625 0.6480836236933798 0.609375 0.6550522648083623 0.609375 0.6655052264808362 0.61328125 0.6724738675958188 0.634765625 0.6724738675958188 0.63671875 0.6759581881533101 0.646484375 0.6759581881533101 0.6484375 0.6794425087108014 0.662109375 0.6794425087108014 0.6640625 0.6829268292682927 0.669921875 0.6829268292682927 0.67578125 0.6898954703832753 0.67578125 0.794425087108014 0.673828125 0.7979094076655052 0.6640625 0.7909407665505227 0.66015625 0.7839721254355401 0.66015625 0.7735191637630662 0.65625 0.759581881533101 0.65625 0.7456445993031359 0.65234375 0.7386759581881533 0.642578125 0.7317073170731707 0.625 0.7073170731707317 0.619140625 0.7038327526132404 0.611328125 0.6898954703832753 0.607421875 0.686411149825784 0.5859375 0.686411149825784 0.578125 0.6968641114982579 0.57421875 0.6933797909407665 0.576171875 0.686411149825784 0.576171875 0.6724738675958188 0.578125 0.6689895470383276 0.578125 0.6411149825783972 0.580078125 0.6376306620209059 0.580078125 0.6306620209059234 0.591796875 0.6411149825783972 0.599609375 0.6411149825783972
0 0.572265625 0.04529616724738676 0.57421875 0.04529616724738676 0.578125 0.05574912891986063 0.58984375 0.06620209059233449 0.595703125 0.06620209059233449 0.6015625 0.07317073170731707 0.619140625 0.07317073170731707 0.62109375 0.07665505226480836 0.625 0.07665505226480836 0.630859375 0.06968641114982578 0.6328125 0.06620209059233449 0.6328125 0.05226480836236934 0.634765625 0.05226480836236934 0.630859375 0.08013937282229965 0.619140625 0.0975609756097561 0.611328125 0.10452961672473868 0.6015625 0.10452961672473868 0.599609375 0.10801393728222997 0.58203125 0.10801393728222997 0.572265625 0.09059233449477352 0.572265625 0.08013937282229965 0.56640625 0.06620209059233449 0.568359375 0.05226480836236934 0.572265625 0.04878048780487805
0 0.548828125 0.26480836236933797 0.548828125 0.2787456445993031 0.55859375 0.289198606271777 0.560546875 0.2961672473867596 0.560546875 0.30662020905923343 0.556640625 0.31010452961672474 0.546875 0.31010452961672474 0.541015625 0.3170731707317073 0.5390625 0.31010452961672474 0.533203125 0.31010452961672474 0.53125 0.30313588850174217 0.529296875 0.30662020905923343 0.525390625 0.30662020905923343 0.525390625 0.2961672473867596 0.5234375 0.2926829268292683 0.5234375 0.2857142857142857 0.53515625 0.289198606271777 0.544921875 0.28222996515679444 0.548828125 0.2682926829268293
0 0.36328125 0 0.380859375 0 0.380859375 0.010452961672473868 0.375 0.010452961672473868 0.373046875 0.013937282229965157 0.365234375 0.010452961672473868 0.36328125 0.003484320557491289
0 0.4140625 0.1289198606271777 0.41796875 0.1289198606271777 0.41796875 0.14285714285714285 0.416015625 0.14634146341463414 0.41015625 0.14285714285714285 0.4140625 0.13240418118466898
0 0.5403314917127072 0.8688239936858723 0.01852771063535912 0.02858297880532081
0 0.666015625 0.4076655052264808 0.67578125 0.40069686411149824 0.67578125 0.4529616724738676 0.671875 0.445993031358885 0.6640625 0.4425087108013937 0.66015625 0.43902439024390244 0.658203125 0.43205574912891986 0.65625 0.43205574912891986 0.66015625 0.42857142857142855 0.662109375 0.4181184668989547 0.666015625 0.41114982578397213
0 0.544921875 0.3623693379790941 0.546875 0.3693379790940767 0.537109375 0.3832752613240418 0.52734375 0.3867595818815331 0.529296875 0.37282229965156793 0.53515625 0.36585365853658536 0.54296875 0.36585365853658536
0 0.591796875 0.059233449477351915 0.59375 0.059233449477351915 0.595703125 0.05226480836236934 0.599609375 0.04878048780487805 0.599609375 0.059233449477351915 0.59765625 0.0627177700348432 0.59375 0.0627177700348432