0 0.66015625 0.45993031358885017 0.66015625 0.4564459930313589 0.685546875 0.4564459930313589 0.685546875 0.5365853658536586 0.66796875 0.5365853658536586 0.6640625 0.5331010452961672 0.6640625 0.5052264808362369 0.66796875 0.5017421602787456 0.66796875 0.46689895470383275 0.662109375 0.45993031358885017
0 0.517578125 0.627177700348432 0.517578125 0.6202090592334495 0.5234375 0.6202090592334495 0.525390625 0.627177700348432 0.533203125 0.627177700348432 0.537109375 0.6306620209059234 0.537109375 0.6655052264808362 0.533203125 0.6655052264808362 0.53125 0.6689895470383276 0.529296875 0.6689895470383276 0.53125 0.6655052264808362 0.529296875 0.662020905923345 0.525390625 0.662020905923345 0.525390625 0.6376306620209059 0.521484375 0.6341463414634146 0.51953125 0.627177700348432
0 0.60546875 0.6515679442508711 0.615234375 0.6515679442508711 0.615234375 0.6829268292682927 0.611328125 0.6829268292682927 0.609375 0.686411149825784 0.60546875 0.686411149825784 0.603515625 0.6794425087108014 0.599609375 0.6794425087108014 0.599609375 0.662020905923345 0.603515625 0.662020905923345 0.60546875 0.6550522648083623
0 0.490234375 0.6236933797909407 0.4921875 0.6236933797909407 0.494140625 0.6167247386759582 0.5 0.6167247386759582 0.501953125 0.6236933797909407 0.5078125 0.6236933797909407 0.5078125 0.627177700348432 0.51171875 0.6306620209059234 0.51171875 0.6689895470383276 0.505859375 0.6689895470383276 0.498046875 0.662020905923345 0.49609375 0.6550522648083623 0.490234375 0.6515679442508711 0.490234375 0.6445993031358885 0.486328125 0.6411149825783972 0.486328125 0.6306620209059234 0.490234375 0.627177700348432
0 0.54296875 0 0.5625 0 0.556640625 0.006968641114982578 0.556640625 0.010452961672473868 0.5625 0.017421602787456445 0.5625 0.041811846689895474 0.55859375 0.04529616724738676 0.556640625 0.059233449477351915 0.544921875 0.07317073170731707 0.51953125 0.07317073170731707 0.517578125 0.06968641114982578 0.517578125 0.041811846689895474 0.513671875 0.03832752613240418 0.513671875 0.03484320557491289 0.5234375 0.03484320557491289 0.52734375 0.0313588850174216 0.529296875 0.027874564459930314 0.529296875 0.020905923344947737 0.537109375 0.010452961672473868 0.544921875 0.006968641114982578 0.546875 0.003484320557491289 0.544921875 0
0 0.6328125 0.6933797909407665 0.640625 0.6933797909407665 0.646484375 0.686411149825784 0.65234375 0.686411149825784 0.65625 0.6829268292682927 0.658203125 0.6759581881533101 0.66015625 0.6759581881533101 0.66015625 0.6898954703832753 0.65625 0.6933797909407665 0.65625 0.7038327526132404 0.662109375 0.710801393728223 0.662109375 0.735191637630662 0.658203125 0.735191637630662 0.65625 0.7386759581881533 0.65234375 0.735191637630662 0.638671875 0.735191637630662 0.638671875 0.7247386759581882 0.646484375 0.7177700348432056 0.646484375 0.7073170731707317 0.642578125 0.7038327526132404 0.640625 0.6968641114982579 0.6328125 0.6968641114982579
0 0.5234375 0.5574912891986062 0.541015625 0.5574912891986062 0.541015625 0.5609756097560976 0.544921875 0.5644599303135889 0.544921875 0.5888501742160279 0.54296875 0.5888501742160279 0.54296875 0.5818815331010453 0.541015625 0.578397212543554 0.537109375 0.578397212543554 0.537109375 0.5714285714285714 0.53515625 0.5679442508710801 0.53125 0.5679442508710801 0.53125 0.5609756097560976 0.529296875 0.5574912891986062 0.525390625 0.5574912891986062
0 0.525390625 0.30313588850174217 0.53515625 0.30313588850174217 0.53515625 0.31010452961672474 0.5390625 0.313588850174216 0.5390625 0.3344947735191638 0.533203125 0.33797909407665505 0.537109375 0.3344947735191638 0.53515625 0.3310104529616725 0.53125 0.3310104529616725 0.529296875 0.3240418118466899 0.525390625 0.3240418118466899 0.525390625 0.30662020905923343
0 0.6796875 0.9303135888501742 0.68359375 0.9303135888501742 0.685546875 0.9233449477351916 0.693359375 0.9233449477351916 0.693359375 0.9547038327526133 0.6796875 0.9512195121951219 0.6796875 0.9337979094076655
0 0.68359375 0.5505226480836237 0.689453125 0.5505226480836237 0.69140625 0.5470383275261324 0.69140625 0.5331010452961672 0.705078125 0.5331010452961672 0.705078125 0.5923344947735192 0.69140625 0.5923344947735192 0.69140625 0.5853658536585366 0.689453125 0.5818815331010453 0.68359375 0.5818815331010453 0.68359375 0.554006968641115
0 0.6953125 0.4634146341463415 0.6953125 0.4564459930313589 0.708984375 0.4564459930313589 0.708984375 0.5365853658536586 0.701171875 0.5365853658536586 0.701171875 0.47735191637630664 0.705078125 0.47735191637630664 0.70703125 0.4738675958188153 0.705078125 0.47038327526132406 0.701171875 0.47038327526132406 0.701171875 0.46689895470383275 0.697265625 0.4634146341463415
0 0.6484375 0.18466898954703834 0.66015625 0.1986062717770035 0.6640625 0.21254355400696864 0.6640625 0.2578397212543554 0.66015625 0.27526132404181186 0.66015625 0.29965156794425085 0.6640625 0.30662020905923343 0.6640625 0.313588850174216 0.638671875 0.313588850174216 0.650390625 0.2961672473867596 0.650390625 0.28222996515679444 0.640625 0.27177700348432055 0.63671875 0.2578397212543554 0.6328125 0.25435540069686413 0.6328125 0.23693379790940766 0.630859375 0.23344947735191637 0.62109375 0.22996515679442509 0.62109375 0.2229965156794425 0.625 0.21951219512195122 0.625 0.20905923344947736 0.62109375 0.20557491289198607 0.619140625 0.17421602787456447 0.623046875 0.17073170731707318 0.625 0.16376306620209058 0.626953125 0.17073170731707318 0.642578125 0.17770034843205576 0.646484375 0.18466898954703834
0 0.517578125 0.21602787456445993 0.5234375 0.21602787456445993 0.5234375 0.24738675958188153 0.51953125 0.24738675958188153 0.517578125 0.2508710801393728 0.517578125 0.24390243902439024 0.515625 0.24041811846689895 0.505859375 0.24041811846689895 0.505859375 0.2229965156794425 0.515625 0.2229965156794425 0.517578125 0.21951219512195122
0 0.650390625 0.47735191637630664 0.669921875 0.47735191637630664 0.669921875 0.5365853658536586 0.658203125 0.5365853658536586 0.65625 0.5400696864111498 0.654296875 0.5365853658536586 0.64453125 0.5331010452961672 0.64453125 0.5087108013937283 0.6484375 0.5087108013937283 0.650390625 0.5052264808362369 0.650390625 0.49825783972125437 0.654296875 0.49477351916376305 0.654296875 0.4808362369337979 0.65234375 0.47735191637630664
0 0.677734375 0.9337979094076655 0.6796875 0.9337979094076655 0.681640625 0.926829268292683 0.6875 0.926829268292683 0.6875 0.9337979094076655 0.69140625 0.9372822299651568 0.693359375 0.9442508710801394 0.6953125 0.9442508710801394 0.6953125 0.9581881533101045 0.701171875 0.9651567944250871 0.701171875 0.9721254355400697 0.697265625 0.9721254355400697 0.6953125 0.975609756097561 0.685546875 0.975609756097561 0.685546875 0.9721254355400697 0.681640625 0.9686411149825784 0.681640625 0.9547038327526133 0.677734375 0.9512195121951219 0.677734375 0.9372822299651568
0 0.478515625 0.27526132404181186 0.478515625 0.25435540069686413 0.482421875 0.25435540069686413 0.484375 0.2613240418118467 0.494140625 0.26480836236933797 0.494140625 0.2926829268292683 0.486328125 0.2961672473867596 0.490234375 0.2926829268292683 0.48828125 0.289198606271777 0.484375 0.289198606271777 0.484375 0.2787456445993031 0.48046875 0.27526132404181186
0 0.525390625 0.3693379790940767 0.537109375 0.3693379790940767 0.537109375 0.37282229965156793 0.541015625 0.37630662020905925 0.54296875 0.3832752613240418 0.544921875 0.3832752613240418 0.544921875 0.3902439024390244 0.541015625 0.39372822299651566 0.533203125 0.39372822299651566 0.533203125 0.3832752613240418 0.529296875 0.3797909407665505 0.529296875 0.37282229965156793 0.52734375 0.3693379790940767
0 0.58984375 0.6341463414634146 0.58984375 0.6515679442508711 0.591796875 0.6550522648083623 0.599609375 0.6550522648083623 0.603515625 0.6585365853658537 0.609375 0.6515679442508711 0.61328125 0.6515679442508711 0.623046875 0.6585365853658537 0.623046875 0.6689895470383276 0.6171875 0.6759581881533101 0.6171875 0.6829268292682927 0.611328125 0.6829268292682927 0.607421875 0.686411149825784 0.609375 0.6829268292682927 0.607421875 0.6759581881533101 0.591796875 0.6724738675958188 0.58984375 0.6689895470383276 0.58203125 0.6689895470383276 0.58203125 0.6480836236933798 0.583984375 0.6480836236933798 0.5859375 0.6445993031358885 0.5859375 0.6376306620209059 0.587890625 0.6376306620209059
0 0.67578125 0 0.689453125 0 0.689453125 0.05226480836236934 0.68359375 0.05226480836236934 0.681640625 0.05574912891986063 0.673828125 0.04878048780487805 0.66796875 0.04878048780487805 0.66796875 0.010452961672473868 0.673828125 0.010452961672473868 0.67578125 0.003484320557491289
0 0.505859375 0.2857142857142857 0.513671875 0.289198606271777 0.513671875 0.30662020905923343 0.517578125 0.31010452961672474 0.51953125 0.3170731707317073 0.521484375 0.3170731707317073 0.521484375 0.32752613240418116 0.509765625 0.3240418118466899 0.509765625 0.3170731707317073 0.501953125 0.31010452961672474 0.501953125 0.2961672473867596 0.50390625 0.2961672473867596 0.505859375 0.289198606271777
0 0.50390625 0.21254355400696864 0.51171875 0.21254355400696864 0.51171875 0.24390243902439024 0.5078125 0.24390243902439024 0.505859375 0.24738675958188153 0.50390625 0.24738675958188153 0.50390625 0.21602787456445993
0 0.51953125 0.24041811846689895 0.51953125 0.21602787456445993 0.537109375 0.21602787456445993 0.537109375 0.25435540069686413 0.53125 0.25435540069686413 0.53125 0.24390243902439024 0.529296875 0.24041811846689895 0.521484375 0.24041811846689895
0 0.517578125 0.5853658536585366 0.525390625 0.5853658536585366 0.52734375 0.5923344947735192 0.53515625 0.5958188153310104 0.537109375 0.6027874564459931 0.537109375 0.6236933797909407 0.529296875 0.627177700348432 0.525390625 0.6167247386759582 0.521484375 0.6167247386759582 0.521484375 0.6027874564459931 0.517578125 0.5993031358885017 0.517578125 0.5888501742160279
0 0.45703125 0 0.47265625 0 0.47265625 0.006968641114982578 0.466796875 0.006968641114982578 0.46484375 0.010452961672473868 0.4609375 0.010452961672473868 0.45703125 0.006968641114982578 0.45703125 0.003484320557491289
0 0.482421875 0.30662020905923343 0.5 0.30662020905923343 0.5 0.3310104529616725 0.494140625 0.3310104529616725 0.494140625 0.3240418118466899 0.4921875 0.3205574912891986 0.482421875 0.3205574912891986 0.482421875 0.31010452961672474
0 0.55859375 0.24390243902439024 0.580078125 0.24390243902439024 0.580078125 0.289198606271777 0.576171875 0.289198606271777 0.57421875 0.2961672473867596 0.5703125 0.29965156794425085 0.568359375 0.2961672473867596 0.564453125 0.2961672473867596 0.5625 0.289198606271777 0.55859375 0.289198606271777 0.55859375 0.27526132404181186 0.5625 0.27526132404181186 0.564453125 0.27177700348432055 0.564453125 0.2508710801393728 0.5625 0.24738675958188153 0.55859375 0.24738675958188153
0 0.537109375 0.24041811846689895 0.54296875 0.24041811846689895 0.54296875 0.2787456445993031 0.5390625 0.2787456445993031 0.537109375 0.28222996515679444 0.537109375 0.26480836236933797 0.53515625 0.2613240418118467 0.525390625 0.2613240418118467 0.525390625 0.24738675958188153 0.53515625 0.24738675958188153 0.537109375 0.24390243902439024
0 0.66796875 0.5365853658536586 0.67578125 0.5365853658536586 0.67578125 0.5958188153310104 0.673828125 0.6027874564459931 0.662109375 0.6027874564459931 0.66015625 0.6062717770034843 0.646484375 0.6027874564459931 0.646484375 0.578397212543554 0.650390625 0.578397212543554 0.65234375 0.5714285714285714 0.65625 0.5679442508710801 0.65625 0.5609756097560976 0.658203125 0.5609756097560976 0.66015625 0.554006968641115 0.6640625 0.5505226480836237 0.6640625 0.5435540069686411 0.66796875 0.5400696864111498
0 0.525390625 0.32752613240418116 0.525390625 0.3205574912891986 0.541015625 0.3205574912891986 0.541015625 0.33797909407665505 0.53125 0.33797909407665505 0.53125 0.3310104529616725 0.52734375 0.32752613240418116