0 0.462890625 0.5763888888888888 0.462890625 0.5659722222222222 0.46484375 0.5625 0.470703125 0.5694444444444444 0.46484375 0.5763888888888888
0 0.4453125 0.6770833333333334 0.447265625 0.6770833333333334 0.44921875 0.6701388888888888 0.455078125 0.6631944444444444 0.48046875 0.6631944444444444 0.4765625 0.6736111111111112 0.4609375 0.6875 0.4453125 0.6875 0.4453125 0.6805555555555556
0 0.42916666666666664 0.17453703703703705 0.013541666666666667 0.01759259259259259
0 0.62109375 0.3368055555555556 0.623046875 0.3402777777777778 0.626953125 0.3402777777777778 0.630859375 0.3472222222222222 0.623046875 0.3680555555555556 0.62109375 0.3645833333333333 0.595703125 0.3645833333333333 0.59375 0.3611111111111111 0.59375 0.3541666666666667 0.59765625 0.34375 0.611328125 0.3333333333333333 0.619140625 0.3368055555555556
0 0.57421875 0.4444444444444444 0.576171875 0.4444444444444444 0.580078125 0.4548611111111111 0.583984375 0.4548611111111111 0.5859375 0.4583333333333333 0.583984375 0.4652777777777778 0.583984375 0.4791666666666667 0.580078125 0.4791666666666667 0.578125 0.4756944444444444 0.57421875 0.4791666666666667 0.572265625 0.4722222222222222 0.57421875 0.4652777777777778 0.57421875 0.4479166666666667
0 0.5234375 0.10416666666666667 0.525390625 0.11805555555555555 0.52734375 0.12152777777777778 0.53125 0.12152777777777778 0.537109375 0.13541666666666666 0.537109375 0.14583333333333334 0.53125 0.14583333333333334 0.52734375 0.1388888888888889 0.521484375 0.12152777777777778 0.5234375 0.11805555555555555 0.5234375 0.1076388888888889
0 0.5234375 0.5104166666666666 0.541015625 0.5173611111111112 0.546875 0.5381944444444444 0.546875 0.5451388888888888 0.5390625 0.5416666666666666 0.537109375 0.5347222222222222 0.52734375 0.5243055555555556 0.5234375 0.5138888888888888
0 0.498046875 0.5555555555555556 0.505859375 0.5625 0.50390625 0.5694444444444444 0.5 0.5694444444444444 0.49609375 0.5625 0.498046875 0.5590277777777778
0 0.6177083333333333 0.8199074074074074 0.014583333333333334 0.03796296296296296
0 0.46484375 0.09375 0.466796875 0.09722222222222222 0.466796875 0.10416666666666667 0.46484375 0.1076388888888889 0.458984375 0.1076388888888889 0.453125 0.10069444444444445 0.453125 0.09722222222222222 0.45703125 0.09375 0.462890625 0.09375
0 0.35546875 0.17708333333333334 0.359375 0.1736111111111111 0.361328125 0.1840277777777778 0.357421875 0.1875 0.357421875 0.18055555555555555
0 0.548828125 0.3819444444444444 0.556640625 0.3993055555555556 0.556640625 0.40625 0.55859375 0.4097222222222222 0.55859375 0.4340277777777778 0.556640625 0.4375 0.5546875 0.4340277777777778 0.55078125 0.4340277777777778 0.55078125 0.3958333333333333 0.548828125 0.3923611111111111 0.548828125 0.3854166666666667
0 0.578125 0.3576388888888889 0.583984375 0.3576388888888889 0.587890625 0.3611111111111111 0.587890625 0.3923611111111111 0.583984375 0.3923611111111111 0.58203125 0.3680555555555556 0.578125 0.3611111111111111
0 0.626953125 0.3402777777777778 0.630859375 0.3506944444444444 0.623046875 0.3680555555555556 0.619140625 0.3715277777777778 0.60546875 0.3715277777777778 0.603515625 0.375 0.60546875 0.3819444444444444 0.603515625 0.3854166666666667 0.599609375 0.3819444444444444 0.6015625 0.3784722222222222 0.6015625 0.3715277777777778 0.599609375 0.3680555555555556 0.591796875 0.3680555555555556 0.587890625 0.375 0.587890625 0.3888888888888889 0.5859375 0.3923611111111111 0.583984375 0.3888888888888889 0.58203125 0.3680555555555556 0.578125 0.3576388888888889 0.591796875 0.3611111111111111 0.595703125 0.3472222222222222 0.60546875 0.3368055555555556 0.619140625 0.3368055555555556 0.62109375 0.3402777777777778 0.625 0.3402777777777778
0 0.384765625 0.4444444444444444 0.388671875 0.4479166666666667 0.40234375 0.4444444444444444 0.404296875 0.4479166666666667 0.404296875 0.4548611111111111 0.400390625 0.4652777777777778 0.39453125 0.4652777777777778 0.388671875 0.4548611111111111 0.384765625 0.4548611111111111 0.384765625 0.4479166666666667
0 0.36432291666666666 0.09398148148148149 0.015104166666666667 0.021296296296296296
0 0.431640625 0.11458333333333333 0.435546875 0.11805555555555555 0.4375 0.125 0.435546875 0.1284722222222222 0.427734375 0.1284722222222222 0.42578125 0.12152777777777778 0.4296875 0.11805555555555555
0 0.64921875 0.44814814814814813 0.018229166666666668 0.053703703703703705
0 0.34375 0.11805555555555555 0.353515625 0.11805555555555555 0.353515625 0.125 0.349609375 0.1284722222222222 0.34375 0.1284722222222222 0.34375 0.12152777777777778
0 0.59375 0.6736111111111112 0.59765625 0.6805555555555556 0.619140625 0.6805555555555556 0.62890625 0.6875 0.646484375 0.6875 0.6484375 0.6909722222222222 0.654296875 0.6909722222222222 0.658203125 0.6944444444444444 0.658203125 0.7951388888888888 0.654296875 0.7986111111111112 0.65234375 0.7951388888888888 0.6484375 0.7951388888888888 0.642578125 0.7847222222222222 0.638671875 0.7673611111111112 0.638671875 0.75 0.6328125 0.7395833333333334 0.62890625 0.7395833333333334 0.62109375 0.7291666666666666 0.615234375 0.7256944444444444 0.609375 0.7152777777777778 0.591796875 0.6944444444444444 0.572265625 0.6944444444444444 0.564453125 0.7048611111111112 0.560546875 0.7013888888888888 0.560546875 0.6944444444444444 0.5625 0.6909722222222222 0.5625 0.6736111111111112 0.564453125 0.6701388888888888 0.564453125 0.6493055555555556 0.56640625 0.6458333333333334 0.572265625 0.6458333333333334 0.576171875 0.6527777777777778 0.587890625 0.6527777777777778 0.587890625 0.6666666666666666 0.591796875 0.6736111111111112
0 0.560546875 0.0798611111111111 0.56640625 0.0798611111111111 0.568359375 0.08680555555555555 0.583984375 0.1111111111111111 0.6015625 0.1111111111111111 0.603515625 0.11458333333333333 0.609375 0.11458333333333333 0.6171875 0.10069444444444445 0.6171875 0.09375 0.619140625 0.09027777777777778 0.619140625 0.1076388888888889 0.609375 0.1284722222222222 0.583984375 0.14930555555555555 0.572265625 0.14930555555555555 0.568359375 0.14583333333333334 0.5625 0.13194444444444445 0.5625 0.11458333333333333 0.560546875 0.1111111111111111 0.560546875 0.09375 0.55859375 0.09027777777777778 0.560546875 0.08333333333333333
0 0.51796875 0.4115740740740741 0.019270833333333334 0.01759259259259259
0 0.341796875 0.4236111111111111 0.341796875 0.4166666666666667 0.345703125 0.4131944444444444 0.353515625 0.4270833333333333 0.35546875 0.4270833333333333 0.35546875 0.4375 0.353515625 0.4409722222222222 0.3515625 0.4409722222222222 0.349609375 0.4375 0.349609375 0.4305555555555556 0.34375 0.4236111111111111
0 0.35546875 0.052083333333333336 0.361328125 0.052083333333333336 0.36328125 0.05555555555555555 0.36328125 0.0625 0.359375 0.0625 0.357421875 0.06597222222222222 0.35546875 0.0625 0.35546875 0.05555555555555555
0 0.521484375 0.3055555555555556 0.5234375 0.3055555555555556 0.52734375 0.3159722222222222 0.541015625 0.3125 0.556640625 0.3229166666666667 0.556640625 0.3402777777777778 0.544921875 0.3402777777777778 0.537109375 0.3472222222222222 0.5390625 0.3402777777777778 0.53515625 0.3333333333333333 0.53125 0.3333333333333333 0.529296875 0.3368055555555556 0.525390625 0.3263888888888889 0.51953125 0.3263888888888889 0.521484375 0.3090277777777778
0 0.5057291666666667 0.13425925925925924 0.010416666666666666 0.018518518518518517
0 0.521484375 0.3055555555555556 0.5234375 0.3055555555555556 0.52734375 0.3159722222222222 0.533203125 0.3159722222222222 0.529296875 0.3229166666666667 0.53125 0.3298611111111111 0.529296875 0.3368055555555556 0.525390625 0.3263888888888889 0.51953125 0.3263888888888889 0.51953125 0.3159722222222222 0.521484375 0.3090277777777778