0 0.62890625 0.5296167247386759 0.650390625 0.5296167247386759 0.650390625 0.5400696864111498 0.6484375 0.5435540069686411 0.6484375 0.5505226480836237 0.650390625 0.554006968641115 0.650390625 0.6027874564459931 0.6484375 0.6097560975609756 0.63671875 0.6097560975609756 0.6328125 0.6062717770034843 0.6328125 0.6027874564459931 0.63671875 0.5993031358885017 0.6328125 0.5958188153310104 0.6328125 0.578397212543554 0.62890625 0.5749128919860628 0.62890625 0.5609756097560976 0.630859375 0.5609756097560976 0.6328125 0.554006968641115 0.63671875 0.5505226480836237 0.63671875 0.5435540069686411 0.6328125 0.5400696864111498 0.630859375 0.5331010452961672 0.62890625 0.5331010452961672
0 0.46484375 0.6689895470383276 0.466796875 0.6689895470383276 0.46875 0.6759581881533101 0.48046875 0.6759581881533101 0.48046875 0.686411149825784 0.482421875 0.6898954703832753 0.482421875 0.7212543554006968 0.478515625 0.7212543554006968 0.478515625 0.7177700348432056 0.470703125 0.710801393728223 0.466796875 0.7003484320557491 0.4609375 0.6968641114982579 0.4609375 0.6759581881533101 0.46484375 0.6724738675958188
0 0.609375 0.7177700348432056 0.623046875 0.7177700348432056 0.623046875 0.7421602787456446 0.6171875 0.7421602787456446 0.615234375 0.7456445993031359 0.61328125 0.7421602787456446 0.6015625 0.7421602787456446 0.603515625 0.7386759581881533 0.6015625 0.735191637630662 0.6015625 0.7282229965156795 0.59765625 0.7247386759581882 0.607421875 0.7247386759581882 0.609375 0.7212543554006968
0 0.5304323094425483 -0.022325020909887305 0.22844229948805458 0.052193457088154496
0 0.486328125 0.34494773519163763 0.49609375 0.34494773519163763 0.49609375 0.3519163763066202 0.498046875 0.3554006968641115 0.501953125 0.3554006968641115 0.50390625 0.3623693379790941 0.50390625 0.3797909407665505 0.501953125 0.37282229965156793 0.4921875 0.3693379790940767 0.490234375 0.3623693379790941 0.486328125 0.3623693379790941 0.486328125 0.34843205574912894
0 0.576171875 0.6898954703832753 0.578125 0.6898954703832753 0.578125 0.710801393728223 0.5703125 0.7177700348432056 0.56640625 0.7142857142857143 0.56640625 0.7073170731707317 0.5703125 0.7038327526132404 0.5703125 0.6968641114982579 0.57421875 0.6968641114982579 0.576171875 0.6933797909407665
0 0.669921875 0.10104529616724739 0.673828125 0.10104529616724739 0.673828125 0.1254355400696864 0.669921875 0.1254355400696864 0.669921875 0.10452961672473868
0 0.57421875 0.13937282229965156 0.580078125 0.13937282229965156 0.580078125 0.14285714285714285 0.5859375 0.15331010452961671 0.595703125 0.15331010452961671 0.599609375 0.16376306620209058 0.607421875 0.17073170731707318 0.607421875 0.17770034843205576 0.611328125 0.18118466898954705 0.611328125 0.1916376306620209 0.61328125 0.1951219512195122 0.611328125 0.2682926829268293 0.615234375 0.28222996515679444 0.615234375 0.289198606271777 0.609375 0.289198606271777 0.60546875 0.28222996515679444 0.591796875 0.2857142857142857 0.59375 0.27526132404181186 0.595703125 0.27526132404181186 0.6015625 0.26480836236933797 0.6015625 0.2578397212543554 0.599609375 0.2508710801393728 0.59375 0.24390243902439024 0.587890625 0.22996515679442509 0.5859375 0.22996515679442509 0.58203125 0.20209059233449478 0.580078125 0.1986062717770035 0.576171875 0.1986062717770035 0.57421875 0.20209059233449478 0.57421875 0.16376306620209058 0.5703125 0.1602787456445993 0.5703125 0.15331010452961671 0.57421875 0.14982578397212543 0.57421875 0.14285714285714285
0 0.470703125 0.2787456445993031 0.484375 0.2787456445993031 0.484375 0.2961672473867596 0.48046875 0.29965156794425085 0.4765625 0.2961672473867596 0.470703125 0.2961672473867596 0.470703125 0.28222996515679444
0 0.62109375 0.5121951219512195 0.62890625 0.5121951219512195 0.62890625 0.5156794425087108 0.6328125 0.519163763066202 0.6328125 0.5400696864111498 0.634765625 0.5435540069686411 0.634765625 0.578397212543554 0.62109375 0.5818815331010453 0.61328125 0.5749128919860628 0.61328125 0.5400696864111498 0.62109375 0.5331010452961672 0.62109375 0.5156794425087108
0 0.451171875 0.3519163763066202 0.462890625 0.36585365853658536 0.462890625 0.37630662020905925 0.45703125 0.3797909407665505 0.455078125 0.37282229965156793 0.451171875 0.3693379790940767 0.451171875 0.3554006968641115
0 0.4765625 0.33797909407665505 0.4765625 0.3623693379790941 0.462890625 0.3588850174216028 0.462890625 0.34146341463414637 0.470703125 0.34146341463414637 0.474609375 0.33797909407665505
0 0.443359375 0.3240418118466899 0.44921875 0.3240418118466899 0.453125 0.32752613240418116 0.455078125 0.3344947735191638 0.4609375 0.3344947735191638 0.4609375 0.34146341463414637 0.453125 0.34494773519163763 0.447265625 0.33797909407665505 0.447265625 0.3310104529616725 0.443359375 0.32752613240418116
0 0.498046875 0.03484320557491289 0.501953125 0.03484320557491289 0.50390625 0.041811846689895474 0.509765625 0.041811846689895474 0.51171875 0.04529616724738676 0.517578125 0.04529616724738676 0.521484375 0.041811846689895474 0.51171875 0.05226480836236934 0.51171875 0.05574912891986063 0.515625 0.059233449477351915 0.515625 0.08362369337979095 0.51171875 0.08710801393728224 0.509765625 0.0975609756097561 0.505859375 0.10104529616724739 0.5 0.11149825783972125 0.5 0.11498257839721254 0.48046875 0.11498257839721254 0.4765625 0.06968641114982578 0.484375 0.06968641114982578 0.490234375 0.0627177700348432 0.494140625 0.05226480836236934 0.5 0.05226480836236934 0.501953125 0.04878048780487805 0.501953125 0.041811846689895474 0.498046875 0.03832752613240418
0 0.5 0.29965156794425085 0.505859375 0.29965156794425085 0.505859375 0.3310104529616725 0.501953125 0.3344947735191638 0.5 0.3344947735191638 0.50390625 0.3310104529616725 0.50390625 0.31010452961672474 0.5 0.30662020905923343 0.5 0.30313588850174217
0 0.5546875 0.6689895470383276 0.58984375 0.6689895470383276 0.58984375 0.6794425087108014 0.580078125 0.6794425087108014 0.578125 0.686411149825784 0.560546875 0.686411149825784 0.556640625 0.6933797909407665 0.548828125 0.6933797909407665 0.548828125 0.6898954703832753 0.552734375 0.686411149825784 0.5546875 0.6724738675958188
0 0.5 0.6341463414634146 0.515625 0.6341463414634146 0.515625 0.6411149825783972 0.51953125 0.6445993031358885 0.521484375 0.6515679442508711 0.521484375 0.6724738675958188 0.521484375 0.6655052264808362 0.517578125 0.662020905923345 0.517578125 0.6515679442508711 0.515625 0.6480836236933798 0.50390625 0.6376306620209059 0.5 0.6376306620209059
0 0.646484375 0 0.6484375 0 0.6484375 0.017421602787456445 0.646484375 0.017421602787456445 0.646484375 0.003484320557491289
0 0.47265625 0.34843205574912894 0.48046875 0.34843205574912894 0.48046875 0.3519163763066202 0.484375 0.3554006968641115 0.484375 0.37282229965156793 0.482421875 0.37282229965156793 0.48046875 0.36585365853658536 0.4765625 0.36585365853658536 0.4765625 0.3588850174216028 0.47265625 0.3554006968641115 0.47265625 0.3519163763066202
0 0.462890625 0.2682926829268293 0.466796875 0.2682926829268293 0.466796875 0.30313588850174217 0.462890625 0.30313588850174217 0.462890625 0.2787456445993031 0.4609375 0.27526132404181186 0.453125 0.27526132404181186 0.4609375 0.27526132404181186 0.462890625 0.27177700348432055
0 0.646484375 0.5818815331010453 0.6484375 0.5818815331010453 0.650390625 0.5749128919860628 0.65625 0.5749128919860628 0.65625 0.5818815331010453 0.658203125 0.5853658536585366 0.66796875 0.5923344947735192 0.66796875 0.6411149825783972 0.6640625 0.6445993031358885 0.658203125 0.6445993031358885 0.65625 0.6411149825783972 0.650390625 0.6411149825783972 0.650390625 0.5888501742160279 0.646484375 0.5853658536585366
0 0.482421875 0.27177700348432055 0.49609375 0.27177700348432055 0.49609375 0.30313588850174217 0.490234375 0.30313588850174217 0.490234375 0.2857142857142857 0.48828125 0.28222996515679444 0.482421875 0.28222996515679444 0.482421875 0.27526132404181186
0 0.5 0.7073170731707317 0.51171875 0.7073170731707317 0.51171875 0.7386759581881533 0.50390625 0.735191637630662 0.50390625 0.7282229965156795 0.5 0.7247386759581882 0.5 0.710801393728223
0 0.66796875 0.5261324041811847 0.673828125 0.5261324041811847 0.673828125 0.5923344947735192 0.66796875 0.5923344947735192 0.66796875 0.578397212543554 0.666015625 0.5749128919860628 0.662109375 0.5749128919860628 0.662109375 0.5505226480836237 0.666015625 0.5505226480836237 0.66796875 0.5470383275261324 0.666015625 0.5400696864111498 0.662109375 0.5400696864111498 0.662109375 0.5331010452961672 0.666015625 0.5331010452961672 0.66796875 0.5296167247386759
0 0.625 0.5818815331010453 0.6328125 0.5818815331010453 0.634765625 0.5888501742160279 0.634765625 0.6411149825783972 0.6328125 0.6480836236933798 0.62890625 0.6480836236933798 0.623046875 0.6550522648083623 0.609375 0.6550522648083623 0.609375 0.627177700348432 0.61328125 0.6236933797909407 0.615234375 0.6097560975609756 0.619140625 0.6062717770034843 0.619140625 0.5993031358885017 0.62109375 0.5923344947735192 0.625 0.5888501742160279 0.625 0.5853658536585366
0 0.546875 0.40418118466898956 0.576171875 0.40418118466898956 0.576171875 0.4146341463414634 0.546875 0.4146341463414634 0.546875 0.4076655052264808
0 0.533203125 0.30313588850174217 0.541015625 0.30313588850174217 0.541015625 0.34843205574912894 0.537109375 0.34843205574912894 0.53515625 0.3519163763066202 0.533203125 0.3519163763066202 0.533203125 0.33797909407665505 0.529296875 0.3344947735191638 0.529296875 0.32752613240418116 0.533203125 0.3240418118466899 0.533203125 0.30662020905923343
0 0.490234375 0.6550522648083623 0.505859375 0.6480836236933798 0.505859375 0.6585365853658537 0.509765625 0.662020905923345 0.51171875 0.6689895470383276 0.51171875 0.7003484320557491 0.5078125 0.7038327526132404 0.50390625 0.7038327526132404 0.50390625 0.6968641114982579 0.5 0.6933797909407665 0.5 0.662020905923345 0.4921875 0.6550522648083623
0 0.494140625 0.4076655052264808 0.501953125 0.4076655052264808 0.505859375 0.41114982578397213 0.505859375 0.4146341463414634 0.509765625 0.4181184668989547 0.51171875 0.4250871080139373 0.513671875 0.4250871080139373 0.513671875 0.4355400696864111 0.5078125 0.4355400696864111 0.5078125 0.43205574912891986 0.50390625 0.42857142857142855 0.5 0.4181184668989547 0.498046875 0.4181184668989547 0.498046875 0.41114982578397213 0.49609375 0.4076655052264808