0 0.482421875 0.26480836236933797 0.484375 0.26480836236933797 0.484375 0.27526132404181186 0.486328125 0.2787456445993031 0.486328125 0.2961672473867596 0.484375 0.29965156794425085 0.482421875 0.2682926829268293
0 0.505859375 0.18815331010452963 0.5078125 0.18815331010452963 0.5078125 0.21951219512195122 0.501953125 0.21254355400696864 0.501953125 0.1986062717770035 0.50390625 0.1986062717770035 0.505859375 0.1916376306620209
0 0.5078125 0.34146341463414637 0.509765625 0.34146341463414637 0.509765625 0.3519163763066202 0.51171875 0.3554006968641115 0.51171875 0.3693379790940767 0.5078125 0.37282229965156793 0.5078125 0.34494773519163763
0 0.4921875 0.49825783972125437 0.494140625 0.5052264808362369 0.5 0.5121951219512195 0.50390625 0.5296167247386759 0.50390625 0.5400696864111498 0.501953125 0.5435540069686411 0.501953125 0.5331010452961672 0.498046875 0.5296167247386759 0.4921875 0.5017421602787456
0 0.5546875 0.21602787456445993 0.5546875 0.24390243902439024 0.552734375 0.24738675958188153 0.552734375 0.2578397212543554 0.548828125 0.2613240418118467 0.55078125 0.2578397212543554 0.546875 0.25435540069686413 0.546875 0.24738675958188153 0.55078125 0.24390243902439024 0.552734375 0.21951219512195122
0 0.58203125 0.7038327526132404 0.587890625 0.7038327526132404 0.58984375 0.710801393728223 0.587890625 0.7177700348432056 0.5859375 0.7177700348432056 0.58203125 0.7142857142857143 0.58203125 0.7073170731707317
0 0.638671875 0.4564459930313589 0.646484375 0.4564459930313589 0.646484375 0.4912891986062718 0.6484375 0.49477351916376305 0.646484375 0.519163763066202 0.640625 0.5296167247386759 0.634765625 0.5296167247386759 0.634765625 0.5226480836236934 0.6328125 0.519163763066202 0.6328125 0.5017421602787456 0.634765625 0.49825783972125437 0.634765625 0.4808362369337979 0.638671875 0.47038327526132406 0.638671875 0.45993031358885017
0 0.47265625 0.2682926829268293 0.4765625 0.27177700348432055 0.4765625 0.29965156794425085 0.474609375 0.29965156794425085 0.4765625 0.289198606271777 0.47265625 0.2857142857142857 0.47265625 0.27177700348432055
0 0.5078125 0 0.54296875 0 0.541015625 0.013937282229965157 0.53515625 0.027874564459930314 0.533203125 0.03832752613240418 0.529296875 0.04529616724738676 0.5234375 0.04529616724738676 0.51953125 0.05226480836236934 0.509765625 0.05226480836236934 0.5078125 0.04878048780487805 0.5078125 0.003484320557491289
0 0.626953125 0.25435540069686413 0.640625 0.25435540069686413 0.640625 0.2578397212543554 0.6484375 0.2682926829268293 0.6484375 0.27177700348432055 0.66015625 0.2961672473867596 0.66015625 0.3623693379790941 0.658203125 0.36585365853658536 0.66015625 0.3832752613240418 0.6484375 0.3832752613240418 0.646484375 0.3867595818815331 0.640625 0.3867595818815331 0.646484375 0.3867595818815331 0.650390625 0.3832752613240418 0.65234375 0.3797909407665505 0.65234375 0.3693379790940767 0.640625 0.3519163763066202 0.634765625 0.32752613240418116 0.626953125 0.3205574912891986 0.626953125 0.31010452961672474 0.62890625 0.30313588850174217 0.626953125 0.29965156794425085 0.626953125 0.2926829268292683 0.623046875 0.289198606271777 0.623046875 0.2613240418118467 0.626953125 0.2578397212543554
0 0.6328125 0.6829268292682927 0.6328125 0.7073170731707317 0.634765625 0.710801393728223 0.634765625 0.7212543554006968 0.638671875 0.7386759581881533 0.638671875 0.7526132404181185 0.634765625 0.7700348432055749 0.630859375 0.7700348432055749 0.62890625 0.7665505226480837 0.62890625 0.7560975609756098 0.625 0.7491289198606271 0.625 0.7282229965156795 0.626953125 0.7247386759581882 0.626953125 0.7038327526132404 0.625 0.7003484320557491 0.625 0.6933797909407665 0.630859375 0.686411149825784
0 0.482421875 0.5400696864111498 0.486328125 0.5365853658536586 0.48828125 0.5505226480836237 0.4921875 0.5609756097560976 0.490234375 0.578397212543554 0.484375 0.5435540069686411
0 0.591796875 0.6411149825783972 0.59375 0.6445993031358885 0.59375 0.6550522648083623 0.591796875 0.662020905923345 0.587890625 0.6655052264808362 0.5859375 0.6585365853658537 0.587890625 0.6585365853658537 0.58984375 0.6515679442508711 0.59375 0.6480836236933798 0.59375 0.6445993031358885
0 0.572265625 0.686411149825784 0.6015625 0.686411149825784 0.6015625 0.6933797909407665 0.5703125 0.6933797909407665 0.572265625 0.6898954703832753
0 0.654296875 0.4146341463414634 0.662109375 0.42160278745644597 0.66015625 0.42857142857142855 0.66015625 0.4425087108013937 0.662109375 0.445993031358885 0.662109375 0.4878048780487805 0.658203125 0.5017421602787456 0.65234375 0.5052264808362369 0.65234375 0.4878048780487805 0.650390625 0.4843205574912892 0.65234375 0.47038327526132406 0.650390625 0.46689895470383275 0.650390625 0.4529616724738676 0.65625 0.43902439024390244 0.65625 0.4250871080139373 0.654296875 0.4181184668989547
0 0.48046875 0.5853658536585366 0.482421875 0.5888501742160279 0.486328125 0.5888501742160279 0.48828125 0.6167247386759582 0.486328125 0.6167247386759582 0.486328125 0.6062717770034843 0.482421875 0.6027874564459931 0.478515625 0.5923344947735192 0.4765625 0.5923344947735192 0.4765625 0.5888501742160279 0.478515625 0.5888501742160279
0 0.466796875 0.21602787456445993 0.46875 0.21602787456445993 0.46875 0.24390243902439024 0.462890625 0.24041811846689895 0.462890625 0.2264808362369338 0.46484375 0.2264808362369338 0.466796875 0.21951219512195122
0 0.306640625 0.5923344947735192 0.310546875 0.5923344947735192 0.310546875 0.6027874564459931 0.30859375 0.6062717770034843 0.30078125 0.6062717770034843 0.306640625 0.5958188153310104
0 0.65625 0.5156794425087108 0.66015625 0.519163763066202 0.66015625 0.5644599303135889 0.65234375 0.5818815331010453 0.6484375 0.5818815331010453 0.646484375 0.5853658536585366 0.642578125 0.5818815331010453 0.642578125 0.5714285714285714 0.638671875 0.5679442508710801 0.638671875 0.5574912891986062 0.640625 0.5574912891986062 0.6484375 0.5365853658536586 0.65625 0.5261324041811847 0.65625 0.519163763066202
0 0.439453125 0 0.4453125 0 0.4453125 0.059233449477351915 0.447265625 0.0627177700348432 0.44140625 0.05574912891986063 0.44140625 0.04529616724738676 0.439453125 0.041811846689895474 0.439453125 0.003484320557491289
0 0.494140625 0.17421602787456447 0.49609375 0.17421602787456447 0.494140625 0.20209059233449478 0.4921875 0.20905923344947736 0.48828125 0.20557491289198607 0.494140625 0.18466898954703834 0.494140625 0.17770034843205576
0 0.5 0.2682926829268293 0.505859375 0.2682926829268293 0.505859375 0.313588850174216 0.50390625 0.313588850174216 0.505859375 0.31010452961672474 0.501953125 0.30662020905923343 0.5 0.29965156794425085 0.5 0.2857142857142857 0.49609375 0.28222996515679444 0.49609375 0.27526132404181186 0.5 0.27177700348432055
0 0.646484375 0.06968641114982578 0.65625 0.06968641114982578 0.66015625 0.07665505226480836 0.662109375 0.07317073170731707 0.662109375 0.08362369337979095 0.66015625 0.08710801393728224 0.65234375 0.08362369337979095 0.6484375 0.06968641114982578
0 0.5703125 0.40418118466898956 0.59375 0.40418118466898956 0.595703125 0.4076655052264808 0.59375 0.41114982578397213 0.5703125 0.41114982578397213 0.568359375 0.4146341463414634 0.56640625 0.4146341463414634 0.56640625 0.41114982578397213 0.5703125 0.4076655052264808
0 0.517578125 0.1986062717770035 0.517578125 0.23344947735191637 0.515625 0.24041811846689895 0.513671875 0.24041811846689895 0.513671875 0.2229965156794425 0.517578125 0.21951219512195122 0.517578125 0.20209059233449478
0 0.484375 0.24041811846689895 0.490234375 0.24041811846689895 0.490234375 0.2508710801393728 0.4921875 0.25435540069686413 0.4921875 0.27526132404181186 0.48828125 0.27526132404181186 0.48828125 0.2682926829268293 0.484375 0.26480836236933797 0.484375 0.2613240418118467 0.48828125 0.2578397212543554 0.48828125 0.24738675958188153 0.484375 0.24390243902439024
0 0.298828125 0.24390243902439024 0.310546875 0.24390243902439024 0.3125 0.2508710801393728 0.318359375 0.2508710801393728 0.322265625 0.25435540069686413 0.328125 0.26480836236933797 0.328125 0.27177700348432055 0.330078125 0.27526132404181186 0.328125 0.31010452961672474 0.322265625 0.31010452961672474 0.3203125 0.313588850174216 0.302734375 0.313588850174216 0.298828125 0.31010452961672474 0.298828125 0.24738675958188153
0 0.576171875 0.6236933797909407 0.57421875 0.6376306620209059 0.5703125 0.6411149825783972 0.568359375 0.6376306620209059 0.5703125 0.6376306620209059 0.57421875 0.627177700348432