0 0.6361979166666667 0.9120370370370371 0.008854166666666666 0.027777777777777776
0 0.603515625 0.6909722222222222 0.603515625 0.6979166666666666 0.607421875 0.7083333333333334 0.607421875 0.7152777777777778 0.60546875 0.71875 0.59375 0.71875 0.591796875 0.7152777777777778 0.59375 0.6944444444444444 0.59765625 0.6875 0.6015625 0.6909722222222222
0 0.501953125 0.4270833333333333 0.5078125 0.4305555555555556 0.51171875 0.4479166666666667 0.5078125 0.4444444444444444 0.50390625 0.4305555555555556
0 0.4765625 0.3159722222222222 0.48046875 0.3159722222222222 0.48046875 0.3229166666666667 0.482421875 0.3263888888888889 0.482421875 0.3298611111111111 0.478515625 0.3298611111111111 0.478515625 0.3229166666666667 0.4765625 0.3194444444444444
0 0.6544270833333333 0.5921296296296297 0.0078125 0.05277777777777778
0 0.5625 0.14930555555555555 0.568359375 0.14930555555555555 0.580078125 0.1597222222222222 0.587890625 0.1736111111111111 0.58984375 0.18055555555555555 0.58984375 0.1909722222222222 0.591796875 0.19444444444444445 0.591796875 0.21180555555555555 0.58984375 0.2152777777777778 0.58984375 0.22916666666666666 0.587890625 0.2326388888888889 0.587890625 0.2465277777777778 0.5859375 0.25 0.58984375 0.2743055555555556 0.583984375 0.2673611111111111 0.576171875 0.2673611111111111 0.578125 0.2569444444444444 0.58203125 0.2534722222222222 0.58203125 0.2361111111111111 0.57421875 0.21875 0.5703125 0.19444444444444445 0.568359375 0.1909722222222222 0.564453125 0.19444444444444445 0.56640625 0.17708333333333334 0.5625 0.16319444444444445 0.5625 0.1527777777777778
0 0.4828125 0.6805555555555556 0.00625 0.018518518518518517
0 0.61328125 0.5592592592592592 0.015104166666666667 0.06296296296296296
0 0.474609375 0.6736111111111112 0.478515625 0.6840277777777778 0.478515625 0.6979166666666666 0.474609375 0.6979166666666666 0.47265625 0.6770833333333334
0 0.55546875 0.4185185185185185 0.024479166666666666 0.011111111111111112
0 0.4765625 0.3784722222222222 0.482421875 0.3854166666666667 0.482421875 0.3958333333333333 0.4765625 0.3819444444444444
0 0.45703125 0.3888888888888889 0.458984375 0.3888888888888889 0.462890625 0.3993055555555556 0.462890625 0.40625 0.4609375 0.40625 0.458984375 0.3923611111111111
0 0.455078125 0.3506944444444444 0.462890625 0.3645833333333333 0.462890625 0.3715277777777778 0.4609375 0.3715277777777778 0.455078125 0.3541666666666667
0 0.494140625 0.0763888888888889 0.498046875 0.0798611111111111 0.5078125 0.0798611111111111 0.501953125 0.08680555555555555 0.501953125 0.09375 0.505859375 0.10416666666666667 0.505859375 0.125 0.498046875 0.1527777777777778 0.494140625 0.1597222222222222 0.486328125 0.16319444444444445 0.482421875 0.15625 0.482421875 0.13194444444444445 0.48046875 0.1284722222222222 0.48046875 0.11805555555555555 0.484375 0.11805555555555555 0.490234375 0.09722222222222222 0.498046875 0.08680555555555555 0.49609375 0.0798611111111111
0 0.517578125 0.65625 0.525390625 0.6875 0.525390625 0.7048611111111112 0.5234375 0.7048611111111112 0.51953125 0.6909722222222222 0.51953125 0.6701388888888888 0.515625 0.6597222222222222
0 0.4765625 0.7048611111111112 0.48046875 0.7048611111111112 0.48046875 0.7118055555555556 0.482421875 0.7152777777777778 0.482421875 0.7256944444444444 0.4765625 0.7152777777777778 0.4765625 0.7083333333333334
0 0.4609375 0.3159722222222222 0.466796875 0.3263888888888889 0.466796875 0.3402777777777778 0.4609375 0.3194444444444444
0 0.625 0.5694444444444444 0.634765625 0.5694444444444444 0.634765625 0.5902777777777778 0.63671875 0.59375 0.63671875 0.6215277777777778 0.634765625 0.625 0.634765625 0.6319444444444444 0.62890625 0.6423611111111112 0.626953125 0.6423611111111112 0.625 0.6354166666666666 0.625 0.6180555555555556 0.623046875 0.6145833333333334 0.623046875 0.6076388888888888 0.625 0.6041666666666666 0.623046875 0.5972222222222222 0.625 0.5729166666666666
0 0.470703125 0.3715277777777778 0.47265625 0.3715277777777778 0.474609375 0.3784722222222222 0.474609375 0.3854166666666667 0.47265625 0.3888888888888889 0.470703125 0.3854166666666667 0.470703125 0.375
0 0.529296875 0.3402777777777778 0.533203125 0.3402777777777778 0.533203125 0.3506944444444444 0.53515625 0.3541666666666667 0.53515625 0.3784722222222222 0.533203125 0.3854166666666667 0.53125 0.3819444444444444 0.53125 0.3680555555555556 0.529296875 0.3645833333333333 0.529296875 0.3541666666666667 0.53125 0.3506944444444444 0.529296875 0.34375
0 0.6484375 0.9305555555555556 0.65234375 0.9305555555555556 0.65234375 0.9513888888888888 0.654296875 0.9548611111111112 0.65234375 0.9756944444444444 0.6484375 0.9756944444444444 0.6484375 0.96875 0.646484375 0.9652777777777778 0.646484375 0.9375 0.6484375 0.9340277777777778
0 0.49609375 0.3854166666666667 0.50390625 0.3958333333333333 0.50390625 0.4027777777777778 0.494140625 0.3888888888888889
0 0.609375 0.5972222222222222 0.61328125 0.6006944444444444 0.615234375 0.6076388888888888 0.615234375 0.6215277777777778 0.6171875 0.625 0.6171875 0.6354166666666666 0.61328125 0.6527777777777778 0.607421875 0.6631944444444444 0.603515625 0.6631944444444444 0.6015625 0.6597222222222222 0.6015625 0.6319444444444444 0.60546875 0.6215277777777778 0.60546875 0.6145833333333334 0.609375 0.6006944444444444
0 0.65234375 0.1284722222222222 0.654296875 0.1284722222222222 0.658203125 0.1388888888888889 0.658203125 0.15625 0.65625 0.1597222222222222 0.654296875 0.15625 0.65234375 0.13194444444444445
0 0.48828125 0.3125 0.490234375 0.3125 0.490234375 0.3229166666666667 0.4921875 0.3263888888888889 0.490234375 0.34375 0.48828125 0.3402777777777778 0.48828125 0.3159722222222222
0 0.498046875 0.3298611111111111 0.501953125 0.3472222222222222 0.501953125 0.3576388888888889 0.498046875 0.3680555555555556 0.498046875 0.3333333333333333
0 0.4953125 0.374537037037037 0.00625 0.012037037037037037
0 0.55078125 0.6666666666666666 0.552734375 0.6597222222222222 0.57421875 0.6597222222222222 0.57421875 0.6631944444444444 0.560546875 0.6631944444444444 0.55859375 0.6666666666666666 0.552734375 0.6666666666666666
0 0.50390625 0.6736111111111112 0.5078125 0.6736111111111112 0.5078125 0.6840277777777778 0.509765625 0.6875 0.509765625 0.7118055555555556 0.51171875 0.7152777777777778 0.51171875 0.7326388888888888 0.513671875 0.7361111111111112 0.513671875 0.7569444444444444 0.51171875 0.7569444444444444 0.509765625 0.75 0.5078125 0.7222222222222222 0.505859375 0.71875 0.505859375 0.6805555555555556 0.50390625 0.6770833333333334
0 0.55078125 0.6770833333333334 0.552734375 0.6770833333333334 0.552734375 0.6875 0.55078125 0.6944444444444444 0.548828125 0.6909722222222222 0.55078125 0.6805555555555556