0 0.599609375 0.9198606271777003 0.603515625 0.9198606271777003 0.60546875 0.9128919860627178 0.615234375 0.9128919860627178 0.6171875 0.9198606271777003 0.62109375 0.9198606271777003 0.62109375 0.9442508710801394 0.60546875 0.9442508710801394 0.603515625 0.9407665505226481 0.599609375 0.9407665505226481 0.599609375 0.9233449477351916
0 0.529296875 0.06968641114982578 0.53515625 0.06968641114982578 0.53515625 0.07317073170731707 0.54296875 0.08362369337979095 0.552734375 0.08710801393728224 0.55859375 0.09407665505226481 0.5625 0.10801393728222997 0.568359375 0.11498257839721254 0.568359375 0.17770034843205576 0.56640625 0.18118466898954705 0.568359375 0.21951219512195122 0.564453125 0.2229965156794425 0.5625 0.21602787456445993 0.548828125 0.21602787456445993 0.548828125 0.20905923344947736 0.556640625 0.1986062717770035 0.556640625 0.18815331010452963 0.5546875 0.18118466898954705 0.55078125 0.17770034843205576 0.544921875 0.16376306620209058 0.54296875 0.16376306620209058 0.541015625 0.156794425087108 0.541015625 0.14634146341463414 0.537109375 0.14285714285714285 0.537109375 0.13588850174216027 0.533203125 0.1289198606271777 0.529296875 0.1289198606271777 0.529296875 0.10452961672473868 0.52734375 0.10104529616724739 0.52734375 0.08013937282229965 0.529296875 0.07317073170731707
0 0.5 0.37282229965156793 0.5 0.3623693379790941 0.537109375 0.3623693379790941 0.537109375 0.37282229965156793 0.53125 0.37282229965156793 0.529296875 0.37630662020905925 0.52734375 0.37282229965156793 0.501953125 0.37282229965156793
0 0.58203125 0.686411149825784 0.583984375 0.6933797909407665 0.583984375 0.710801393728223 0.57421875 0.710801393728223 0.572265625 0.7142857142857143 0.5703125 0.710801393728223 0.55859375 0.710801393728223 0.55859375 0.7038327526132404 0.5546875 0.7003484320557491 0.552734375 0.6933797909407665 0.55078125 0.6933797909407665 0.5546875 0.6898954703832753 0.564453125 0.6898954703832753 0.56640625 0.686411149825784 0.56640625 0.6794425087108014 0.578125 0.6794425087108014 0.580078125 0.686411149825784
0 0.4453125 0.313588850174216 0.447265625 0.313588850174216 0.447265625 0.3170731707317073 0.451171875 0.3205574912891986 0.453125 0.32752613240418116 0.45703125 0.32752613240418116 0.458984375 0.3344947735191638 0.46484375 0.33797909407665505 0.46484375 0.34494773519163763 0.458984375 0.34843205574912894 0.462890625 0.34494773519163763 0.45703125 0.33797909407665505 0.44921875 0.3344947735191638 0.44921875 0.3310104529616725 0.4453125 0.32752613240418116 0.4453125 0.3170731707317073
0 0.578125 0.5888501742160279 0.58203125 0.5853658536585366 0.58203125 0.5609756097560976 0.59375 0.5609756097560976 0.59375 0.6306620209059234 0.591796875 0.6306620209059234 0.58984375 0.6376306620209059 0.5859375 0.6411149825783972 0.568359375 0.6411149825783972 0.568359375 0.6097560975609756 0.5703125 0.6097560975609756 0.578125 0.5923344947735192
0 0.396484375 0.29965156794425085 0.400390625 0.29965156794425085 0.40234375 0.2926829268292683 0.408203125 0.2926829268292683 0.41015625 0.29965156794425085 0.416015625 0.29965156794425085 0.41796875 0.30313588850174217 0.41796875 0.31010452961672474 0.4140625 0.313588850174216 0.3984375 0.29965156794425085
0 0.431640625 0.24738675958188153 0.439453125 0.24738675958188153 0.439453125 0.26480836236933797 0.435546875 0.2682926829268293 0.431640625 0.26480836236933797 0.431640625 0.2508710801393728
0 0.578125 0.49477351916376305 0.580078125 0.49477351916376305 0.58203125 0.4878048780487805 0.587890625 0.4878048780487805 0.58984375 0.49477351916376305 0.595703125 0.49477351916376305 0.595703125 0.554006968641115 0.5859375 0.554006968641115 0.583984375 0.5574912891986062 0.57421875 0.554006968641115 0.57421875 0.5470383275261324 0.5703125 0.5435540069686411 0.5703125 0.5365853658536586 0.57421875 0.5331010452961672 0.57421875 0.519163763066202 0.576171875 0.519163763066202 0.578125 0.5156794425087108 0.578125 0.5087108013937283 0.58203125 0.5052264808362369 0.58203125 0.49825783972125437 0.580078125 0.49477351916376305
0 0.48046875 0.27526132404181186 0.498046875 0.27526132404181186 0.498046875 0.3205574912891986 0.494140625 0.3240418118466899 0.490234375 0.3205574912891986 0.490234375 0.2857142857142857 0.48828125 0.28222996515679444 0.48046875 0.28222996515679444 0.48046875 0.2787456445993031
0 0.416015625 0.3170731707317073 0.43359375 0.3170731707317073 0.43359375 0.32752613240418116 0.4296875 0.32752613240418116 0.427734375 0.3310104529616725 0.423828125 0.32752613240418116 0.416015625 0.32752613240418116 0.416015625 0.3205574912891986
0 0.603515625 0.9198606271777003 0.60546875 0.9198606271777003 0.607421875 0.9128919860627178 0.61328125 0.9128919860627178 0.61328125 0.9163763066202091 0.6171875 0.9198606271777003 0.619140625 0.926829268292683 0.62109375 0.926829268292683 0.62109375 0.9337979094076655 0.625 0.9372822299651568 0.625 0.9651567944250871 0.611328125 0.9651567944250871 0.611328125 0.9512195121951219 0.607421875 0.9477351916376306 0.607421875 0.9407665505226481 0.603515625 0.9372822299651568 0.603515625 0.9233449477351916
0 0.400390625 0.3310104529616725 0.400390625 0.32752613240418116 0.416015625 0.32752613240418116 0.41796875 0.3519163763066202 0.416015625 0.34494773519163763 0.412109375 0.34494773519163763 0.41015625 0.33797909407665505 0.40625 0.33797909407665505 0.40625 0.3344947735191638 0.40234375 0.3310104529616725
0 0.44140625 0 0.470703125 0 0.470703125 0.03484320557491289 0.46875 0.03832752613240418 0.46875 0.04878048780487805 0.466796875 0.04878048780487805 0.46484375 0.05574912891986063 0.458984375 0.0627177700348432 0.458984375 0.06968641114982578 0.45703125 0.07317073170731707 0.447265625 0.07317073170731707 0.4453125 0.07665505226480836 0.431640625 0.07317073170731707 0.431640625 0.03832752613240418 0.4296875 0.0313588850174216 0.42578125 0.027874564459930314 0.42578125 0.017421602787456445 0.435546875 0.017421602787456445 0.4375 0.010452961672473868 0.44140625 0.006968641114982578 0.44140625 0.003484320557491289
0 0.455078125 0.30313588850174217 0.455078125 0.26480836236933797 0.462890625 0.26480836236933797 0.462890625 0.30313588850174217 0.45703125 0.30313588850174217 0.455078125 0.30662020905923343
0 0.623046875 0.5261324041811847 0.623046875 0.5226480836236934 0.638671875 0.5226480836236934 0.638671875 0.5888501742160279 0.638671875 0.5853658536585366 0.634765625 0.5818815331010453 0.634765625 0.5749128919860628 0.630859375 0.5714285714285714 0.630859375 0.5365853658536586 0.626953125 0.5331010452961672 0.625 0.5261324041811847
0 0.478515625 0.6306620209059234 0.478515625 0.6376306620209059 0.486328125 0.6445993031358885 0.486328125 0.6759581881533101 0.48046875 0.6689895470383276 0.48046875 0.662020905923345 0.478515625 0.6585365853658537 0.474609375 0.6585365853658537 0.474609375 0.6445993031358885 0.47265625 0.6411149825783972 0.46484375 0.6341463414634146 0.4609375 0.6341463414634146 0.46484375 0.6341463414634146 0.466796875 0.6306620209059234 0.4765625 0.6306620209059234
0 0.421875 0.6898954703832753 0.42578125 0.6898954703832753 0.427734375 0.686411149825784 0.4375 0.686411149825784 0.439453125 0.6898954703832753 0.439453125 0.710801393728223 0.43359375 0.710801393728223 0.431640625 0.7038327526132404 0.421875 0.7003484320557491 0.421875 0.6933797909407665
0 0.4296875 0.3344947735191638 0.4296875 0.313588850174216 0.43359375 0.313588850174216 0.435546875 0.3205574912891986 0.439453125 0.3205574912891986 0.439453125 0.32752613240418116 0.44140625 0.3310104529616725 0.44140625 0.33797909407665505 0.435546875 0.33797909407665505 0.431640625 0.3344947735191638
0 0.615234375 0.5853658536585366 0.619140625 0.5818815331010453 0.619140625 0.5679442508710801 0.634765625 0.5679442508710801 0.634765625 0.6202090592334495 0.609375 0.6202090592334495 0.609375 0.5958188153310104 0.61328125 0.5958188153310104 0.615234375 0.5888501742160279
0 0.435546875 0.26480836236933797 0.435546875 0.24041811846689895 0.453125 0.24041811846689895 0.453125 0.27177700348432055 0.447265625 0.27177700348432055 0.4453125 0.27526132404181186 0.4453125 0.2682926829268293 0.443359375 0.26480836236933797 0.4375 0.26480836236933797
0 0.58984375 0.5296167247386759 0.611328125 0.5296167247386759 0.611328125 0.5365853658536586 0.607421875 0.5400696864111498 0.615234375 0.5470383275261324 0.615234375 0.6027874564459931 0.60546875 0.6027874564459931 0.6015625 0.6062717770034843 0.59765625 0.6027874564459931 0.59765625 0.5958188153310104 0.59375 0.5923344947735192 0.59375 0.5749128919860628 0.58984375 0.5714285714285714 0.58984375 0.5574912891986062 0.5859375 0.554006968641115 0.5859375 0.5505226480836237 0.58984375 0.5470383275261324 0.58984375 0.5331010452961672
0 0.40625 0.24041811846689895 0.41015625 0.24041811846689895 0.412109375 0.23344947735191637 0.416015625 0.23344947735191637 0.41796875 0.24041811846689895 0.421875 0.24041811846689895 0.421875 0.2578397212543554 0.423828125 0.2613240418118467 0.423828125 0.27177700348432055 0.419921875 0.27177700348432055 0.41796875 0.27526132404181186 0.41796875 0.2682926829268293 0.416015625 0.26480836236933797 0.412109375 0.26480836236933797 0.412109375 0.25435540069686413 0.41015625 0.2508710801393728 0.40625 0.2508710801393728 0.40625 0.24390243902439024
0 0.62109375 0.059233449477351915 0.62109375 0.041811846689895474 0.638671875 0.041811846689895474 0.638671875 0.06968641114982578 0.630859375 0.06968641114982578 0.630859375 0.0627177700348432 0.62890625 0.059233449477351915 0.623046875 0.059233449477351915
0 0.509765625 0.6445993031358885 0.51171875 0.6445993031358885 0.513671875 0.6376306620209059 0.546875 0.6376306620209059 0.546875 0.6480836236933798 0.533203125 0.6480836236933798 0.53125 0.6515679442508711 0.52734375 0.6515679442508711 0.525390625 0.6480836236933798 0.5234375 0.6515679442508711 0.509765625 0.6480836236933798
0 0.451171875 0.6480836236933798 0.455078125 0.6480836236933798 0.45703125 0.6411149825783972 0.466796875 0.6411149825783972 0.466796875 0.6550522648083623 0.470703125 0.6585365853658537 0.47265625 0.6655052264808362 0.47265625 0.735191637630662 0.46875 0.7317073170731707 0.46875 0.7247386759581882 0.46484375 0.7212543554006968 0.46484375 0.6968641114982579 0.4609375 0.6933797909407665 0.4609375 0.6689895470383276 0.45703125 0.6655052264808362 0.4609375 0.662020905923345 0.45703125 0.6585365853658537 0.45703125 0.6515679442508711 0.453125 0.6480836236933798
0 0.455078125 0.3693379790940767 0.4609375 0.3693379790940767 0.4609375 0.37282229965156793 0.470703125 0.3867595818815331 0.470703125 0.39372822299651566 0.462890625 0.397212543554007 0.466796875 0.39372822299651566 0.462890625 0.3902439024390244 0.462890625 0.3867595818815331 0.458984375 0.3832752613240418 0.455078125 0.37282229965156793