0 0.373046875 0.40069686411149824 0.3984375 0.40069686411149824 0.400390625 0.4076655052264808 0.408203125 0.4146341463414634 0.408203125 0.4250871080139373 0.404296875 0.43205574912891986 0.392578125 0.43205574912891986 0.390625 0.4355400696864111 0.35546875 0.4355400696864111 0.3515625 0.43205574912891986 0.3515625 0.42160278745644597 0.361328125 0.4146341463414634 0.365234375 0.4076655052264808 0.37109375 0.4076655052264808 0.373046875 0.40418118466898956
0 0.638671875 0.27526132404181186 0.650390625 0.27526132404181186 0.650390625 0.2787456445993031 0.65625 0.2857142857142857 0.65625 0.2961672473867596 0.650390625 0.30662020905923343 0.650390625 0.313588850174216 0.646484375 0.313588850174216 0.642578125 0.3205574912891986 0.630859375 0.3205574912891986 0.625 0.313588850174216 0.619140625 0.313588850174216 0.619140625 0.30313588850174217 0.623046875 0.29965156794425085 0.623046875 0.2926829268292683 0.626953125 0.2857142857142857 0.630859375 0.2857142857142857 0.638671875 0.2787456445993031
0 0.591796875 0.05226480836236934 0.603515625 0.0627177700348432 0.603515625 0.07665505226480836 0.6015625 0.08013937282229965 0.587890625 0.08013937282229965 0.583984375 0.06968641114982578 0.580078125 0.06968641114982578 0.5703125 0.059233449477351915 0.57421875 0.05574912891986063 0.58984375 0.05574912891986063
0 0.59765625 0.5365853658536586 0.599609375 0.5435540069686411 0.59765625 0.5470383275261324 0.59765625 0.5679442508710801 0.583984375 0.5679442508710801 0.58203125 0.5714285714285714 0.57421875 0.5714285714285714 0.572265625 0.5644599303135889 0.572265625 0.5435540069686411 0.57421875 0.5365853658536586 0.578125 0.5296167247386759 0.587890625 0.5296167247386759 0.595703125 0.5365853658536586
0 0.55078125 0.3588850174216028 0.55859375 0.3693379790940767 0.55859375 0.3832752613240418 0.556640625 0.3832752613240418 0.5546875 0.3902439024390244 0.548828125 0.3832752613240418 0.5390625 0.3832752613240418 0.5390625 0.37630662020905925 0.537109375 0.37282229965156793 0.5390625 0.36585365853658536 0.54296875 0.3588850174216028 0.548828125 0.3588850174216028
0 0.537109375 0.40418118466898956 0.537109375 0.4146341463414634 0.53515625 0.4181184668989547 0.529296875 0.4181184668989547 0.52734375 0.4146341463414634 0.52734375 0.4076655052264808 0.53515625 0.40418118466898956
0 0.6875 0.8292682926829268 0.6875 0.867595818815331 0.68359375 0.8710801393728222 0.67578125 0.8641114982578397 0.673828125 0.8606271777003485 0.673828125 0.8536585365853658 0.669921875 0.8501742160278746 0.669921875 0.8466898954703833 0.671875 0.8466898954703833 0.67578125 0.8362369337979094 0.6796875 0.8362369337979094 0.685546875 0.8292682926829268
0 0.517578125 0.05574912891986063 0.525390625 0.05574912891986063 0.525390625 0.06620209059233449 0.521484375 0.07317073170731707 0.515625 0.07317073170731707 0.515625 0.06968641114982578 0.51171875 0.06620209059233449 0.517578125 0.059233449477351915
0 0.572265625 0.4181184668989547 0.57421875 0.4181184668989547 0.576171875 0.41114982578397213 0.58203125 0.40418118466898956 0.587890625 0.40418118466898956 0.591796875 0.41114982578397213 0.595703125 0.41114982578397213 0.59765625 0.4146341463414634 0.59765625 0.4355400696864111 0.591796875 0.4355400696864111 0.58984375 0.43205574912891986 0.578125 0.43205574912891986 0.576171875 0.4250871080139373 0.572265625 0.42160278745644597
0 0.71875 0.3902439024390244 0.71875 0.43902439024390244 0.71484375 0.4355400696864111 0.70703125 0.4355400696864111 0.701171875 0.42857142857142855 0.701171875 0.4250871080139373 0.705078125 0.42160278745644597 0.70703125 0.41114982578397213 0.708984375 0.41114982578397213 0.7109375 0.40418118466898956 0.71875 0.39372822299651566
0 0.423828125 0.42160278745644597 0.4296875 0.42160278745644597 0.431640625 0.42857142857142855 0.439453125 0.42857142857142855 0.439453125 0.43902439024390244 0.435546875 0.445993031358885 0.421875 0.445993031358885 0.41796875 0.4355400696864111 0.419921875 0.42857142857142855 0.423828125 0.4250871080139373
0 0.51953125 0.07665505226480836 0.521484375 0.07665505226480836 0.521484375 0.08710801393728224 0.51953125 0.09407665505226481 0.51171875 0.09407665505226481 0.51171875 0.08710801393728224 0.51953125 0.08013937282229965
0 0.666015625 0.975609756097561 0.67578125 0.975609756097561 0.677734375 0.9825783972125436 0.681640625 0.9825783972125436 0.685546875 0.9965156794425087 0.658203125 0.9965156794425087 0.666015625 0.9790940766550522
0 0.515625 0.5331010452961672 0.525390625 0.5331010452961672 0.529296875 0.5365853658536586 0.529296875 0.5470383275261324 0.52734375 0.5505226480836237 0.525390625 0.5470383275261324 0.521484375 0.5470383275261324 0.515625 0.5400696864111498 0.515625 0.5365853658536586
0 0.365234375 0 0.3828125 0 0.3828125 0.006968641114982578 0.380859375 0.010452961672473868 0.37109375 0.010452961672473868 0.365234375 0.003484320557491289
0 0.4765625 0.6898954703832753 0.478515625 0.6933797909407665 0.478515625 0.710801393728223 0.4765625 0.7142857142857143 0.47265625 0.7142857142857143 0.470703125 0.7177700348432056 0.45703125 0.7177700348432056 0.455078125 0.7212543554006968 0.44140625 0.7177700348432056 0.44140625 0.7073170731707317 0.447265625 0.6968641114982579 0.462890625 0.686411149825784 0.466796875 0.6898954703832753 0.474609375 0.6898954703832753
0 0.61328125 0.6445993031358885 0.623046875 0.6445993031358885 0.625 0.6515679442508711 0.6328125 0.6585365853658537 0.6484375 0.6585365853658537 0.650390625 0.662020905923345 0.6484375 0.6724738675958188 0.650390625 0.6759581881533101 0.654296875 0.6759581881533101 0.65625 0.6724738675958188 0.654296875 0.6759581881533101 0.654296875 0.6829268292682927 0.65625 0.686411149825784 0.65625 0.7003484320557491 0.654296875 0.7038327526132404 0.650390625 0.7073170731707317 0.626953125 0.7073170731707317 0.619140625 0.7142857142857143 0.61328125 0.7142857142857143 0.611328125 0.710801393728223 0.611328125 0.7038327526132404 0.61328125 0.7003484320557491 0.61328125 0.6759581881533101 0.615234375 0.6724738675958188 0.615234375 0.6550522648083623 0.61328125 0.6480836236933798
0 0.396484375 0.12195121951219512 0.40234375 0.11846689895470383 0.40234375 0.1254355400696864 0.404296875 0.1289198606271777 0.40234375 0.13588850174216027 0.3984375 0.13588850174216027 0.396484375 0.13240418118466898 0.396484375 0.1254355400696864
0 0.35546875 0.662020905923345 0.365234375 0.6655052264808362 0.365234375 0.6794425087108014 0.361328125 0.6794425087108014 0.359375 0.6829268292682927 0.35546875 0.6829268292682927 0.35546875 0.6655052264808362
0 0.61328125 0 0.615234375 0 0.615234375 0.003484320557491289 0.623046875 0.017421602787456445 0.630859375 0.024390243902439025 0.673828125 0.024390243902439025 0.67578125 0.027874564459930314 0.689453125 0.027874564459930314 0.693359375 0.020905923344947737 0.6953125 0.010452961672473868 0.69921875 0.006968641114982578 0.69921875 0 0.701171875 0 0.701171875 0.027874564459930314 0.69140625 0.03832752613240418 0.677734375 0.03832752613240418 0.6640625 0.0627177700348432 0.66015625 0.06620209059233449 0.65234375 0.06620209059233449 0.650390625 0.06968641114982578 0.625 0.06620209059233449 0.62109375 0.059233449477351915 0.62109375 0.041811846689895474 0.619140625 0.03832752613240418 0.619140625 0.027874564459930314 0.6171875 0.020905923344947737 0.61328125 0.013937282229965157 0.609375 0.013937282229965157 0.609375 0.006968641114982578 0.61328125 0.003484320557491289
0 0.521484375 0.017421602787456445 0.53125 0.017421602787456445 0.53125 0.0313588850174216 0.517578125 0.027874564459930314 0.517578125 0.024390243902439025 0.521484375 0.020905923344947737
0 0.53515625 0.4738675958188153 0.53515625 0.4878048780487805 0.53125 0.4878048780487805 0.529296875 0.4912891986062718 0.521484375 0.4912891986062718 0.521484375 0.47735191637630664 0.5234375 0.4738675958188153 0.533203125 0.4738675958188153
0 0.61328125 0.6445993031358885 0.62109375 0.6445993031358885 0.630859375 0.6550522648083623 0.64453125 0.6550522648083623 0.646484375 0.6585365853658537 0.64453125 0.6689895470383276 0.646484375 0.6724738675958188 0.650390625 0.6724738675958188 0.65234375 0.6689895470383276 0.650390625 0.6724738675958188 0.650390625 0.6794425087108014 0.654296875 0.686411149825784 0.68359375 0.686411149825784 0.685546875 0.6898954703832753 0.71875 0.6968641114982579 0.71875 0.818815331010453 0.71484375 0.8153310104529616 0.7109375 0.8048780487804879 0.705078125 0.7630662020905923 0.701171875 0.7560975609756098 0.677734375 0.7386759581881533 0.66796875 0.7247386759581882 0.662109375 0.7247386759581882 0.658203125 0.7142857142857143 0.65234375 0.710801393728223 0.6484375 0.7038327526132404 0.625 0.7038327526132404 0.6171875 0.7142857142857143 0.611328125 0.7142857142857143 0.607421875 0.710801393728223 0.611328125 0.7073170731707317 0.611328125 0.7003484320557491 0.61328125 0.6968641114982579 0.61328125 0.6724738675958188 0.615234375 0.6689895470383276 0.615234375 0.6515679442508711 0.61328125 0.6480836236933798
0 0.544921875 0.05226480836236934 0.548828125 0.05226480836236934 0.548828125 0.0627177700348432 0.546875 0.06620209059233449 0.541015625 0.06620209059233449 0.5390625 0.0627177700348432 0.5390625 0.059233449477351915 0.54296875 0.059233449477351915 0.544921875 0.05574912891986063
0 0.568359375 0.26480836236933797 0.5703125 0.2682926829268293 0.568359375 0.27177700348432055 0.556640625 0.27177700348432055 0.5546875 0.2682926829268293 0.556640625 0.26480836236933797 0.56640625 0.26480836236933797
0 0.35546875 0.4878048780487805 0.35546875 0.47038327526132406 0.36328125 0.4564459930313589 0.373046875 0.4564459930313589 0.375 0.45993031358885017 0.388671875 0.45993031358885017 0.392578125 0.4564459930313589 0.392578125 0.47038327526132406 0.373046875 0.4878048780487805 0.357421875 0.4878048780487805
0 0.71875 0.24041811846689895 0.720703125 0.24041811846689895 0.720703125 0.30313588850174217 0.70703125 0.30662020905923343 0.697265625 0.3205574912891986 0.693359375 0.3205574912891986 0.69140625 0.3170731707317073 0.689453125 0.3205574912891986 0.689453125 0.32752613240418116 0.6875 0.32752613240418116 0.6796875 0.3170731707317073 0.681640625 0.313588850174216 0.6796875 0.31010452961672474 0.6796875 0.30313588850174217 0.67578125 0.29965156794425085 0.67578125 0.289198606271777 0.685546875 0.289198606271777 0.6875 0.28222996515679444 0.69140625 0.2787456445993031 0.69140625 0.27177700348432055 0.6953125 0.26480836236933797 0.71875 0.24390243902439024