0 0.60546875 0.8362369337979094 0.607421875 0.8362369337979094 0.607421875 0.8745644599303136 0.578125 0.8745644599303136 0.578125 0.8641114982578397 0.58203125 0.8606271777003485 0.58984375 0.8606271777003485 0.59375 0.8571428571428571 0.595703125 0.8501742160278746 0.603515625 0.8466898954703833 0.60546875 0.8397212543554007
0 0.658203125 0.27526132404181186 0.666015625 0.28222996515679444 0.666015625 0.31010452961672474 0.65625 0.3170731707317073 0.650390625 0.3170731707317073 0.6484375 0.313588850174216 0.634765625 0.313588850174216 0.6328125 0.30662020905923343 0.6328125 0.2926829268292683 0.63671875 0.2926829268292683 0.638671875 0.2857142857142857 0.646484375 0.27526132404181186 0.65625 0.27526132404181186
0 0.61328125 0.04878048780487805 0.6171875 0.04878048780487805 0.6171875 0.05574912891986063 0.62109375 0.059233449477351915 0.62109375 0.08013937282229965 0.6171875 0.08013937282229965 0.615234375 0.08362369337979095 0.599609375 0.08013937282229965 0.595703125 0.07665505226480836 0.59375 0.06968641114982578 0.58984375 0.06968641114982578 0.587890625 0.06620209059233449 0.587890625 0.05574912891986063 0.611328125 0.05574912891986063 0.61328125 0.05226480836236934
0 0.54296875 0.013937282229965157 0.552734375 0.013937282229965157 0.552734375 0.0313588850174216 0.53515625 0.0313588850174216 0.53515625 0.020905923344947737 0.541015625 0.020905923344947737 0.54296875 0.017421602787456445
0 0.58984375 0.3588850174216028 0.591796875 0.3623693379790941 0.595703125 0.3623693379790941 0.595703125 0.39372822299651566 0.572265625 0.3867595818815331 0.56640625 0.3797909407665505 0.56640625 0.37282229965156793 0.5625 0.3693379790940767 0.564453125 0.3693379790940767 0.56640625 0.3623693379790941 0.572265625 0.3554006968641115 0.5859375 0.3554006968641115 0.587890625 0.3588850174216028
0 0.546875 0.397212543554007 0.55078125 0.39372822299651566 0.564453125 0.39372822299651566 0.564453125 0.40418118466898956 0.546875 0.40418118466898956 0.546875 0.40069686411149824
0 0.703125 0.8013937282229965 0.70703125 0.8013937282229965 0.70703125 0.8466898954703833 0.689453125 0.8466898954703833 0.685546875 0.8432055749128919 0.685546875 0.8327526132404182 0.681640625 0.8292682926829268 0.685546875 0.818815331010453 0.69140625 0.8153310104529616 0.6953125 0.8083623693379791 0.701171875 0.8083623693379791 0.703125 0.8048780487804879
0 0.59765625 0.5087108013937283 0.60546875 0.5087108013937283 0.609375 0.519163763066202 0.619140625 0.5226480836236934 0.619140625 0.5365853658536586 0.615234375 0.5400696864111498 0.619140625 0.5435540069686411 0.59375 0.554006968641115 0.591796875 0.5505226480836237 0.587890625 0.5505226480836237 0.587890625 0.5226480836236934 0.58984375 0.5226480836236934 0.591796875 0.5156794425087108 0.595703125 0.5156794425087108 0.59765625 0.5121951219512195
0 0.611328125 0.39372822299651566 0.615234375 0.39372822299651566 0.6171875 0.40069686411149824 0.625 0.40418118466898956 0.625 0.4076655052264808 0.6328125 0.4181184668989547 0.6328125 0.4250871080139373 0.62890625 0.42857142857142855 0.626953125 0.4250871080139373 0.60546875 0.4250871080139373 0.603515625 0.42160278745644597 0.60546875 0.40418118466898956 0.611328125 0.397212543554007
0 0.53515625 0.07665505226480836 0.541015625 0.07665505226480836 0.541015625 0.09407665505226481 0.5234375 0.09407665505226481 0.5234375 0.09059233449477352 0.52734375 0.09059233449477352 0.529296875 0.08362369337979095 0.533203125 0.08362369337979095 0.53515625 0.08013937282229965
0 0.6796875 0.28222996515679444 0.685546875 0.28222996515679444 0.6875 0.289198606271777 0.69140625 0.289198606271777 0.693359375 0.2926829268292683 0.69921875 0.2857142857142857 0.705078125 0.26480836236933797 0.71484375 0.2613240418118467 0.72265625 0.2508710801393728 0.736328125 0.24390243902439024 0.736328125 0.29965156794425085 0.734375 0.30313588850174217 0.71875 0.30662020905923343 0.71484375 0.313588850174216 0.705078125 0.313588850174216 0.703125 0.31010452961672474 0.693359375 0.3240418118466899 0.685546875 0.3240418118466899 0.685546875 0.30662020905923343 0.68359375 0.29965156794425085 0.6796875 0.2961672473867596 0.6796875 0.2857142857142857
0 0.68359375 0.9442508710801394 0.697265625 0.9442508710801394 0.69921875 0.9512195121951219 0.712890625 0.9547038327526133 0.71875 0.9721254355400697 0.71875 0.9790940766550522 0.720703125 0.9825783972125436 0.724609375 0.9825783972125436 0.724609375 0.9895470383275261 0.728515625 0.9965156794425087 0.68359375 0.9965156794425087 0.6796875 0.9895470383275261 0.6796875 0.9825783972125436 0.67578125 0.9790940766550522 0.67578125 0.9651567944250871 0.6796875 0.9616724738675958 0.6796875 0.9547038327526133 0.68359375 0.9477351916376306
0 0.384765625 0.4738675958188153 0.384765625 0.4529616724738676 0.392578125 0.4425087108013937 0.421875 0.4425087108013937 0.421875 0.4529616724738676 0.419921875 0.45993031358885017 0.41015625 0.47038327526132406 0.40625 0.47038327526132406 0.404296875 0.4738675958188153 0.38671875 0.4738675958188153
0 0.392578125 0.27177700348432055 0.400390625 0.27177700348432055 0.400390625 0.27526132404181186 0.40625 0.28222996515679444 0.408203125 0.2961672473867596 0.412109375 0.30313588850174217 0.416015625 0.30662020905923343 0.4296875 0.30662020905923343 0.4296875 0.3170731707317073 0.37890625 0.3170731707317073 0.376953125 0.31010452961672474 0.376953125 0.2961672473867596 0.37890625 0.289198606271777 0.388671875 0.28222996515679444 0.392578125 0.27526132404181186
0 0.5625 0.04878048780487805 0.564453125 0.04878048780487805 0.564453125 0.06968641114982578 0.556640625 0.06968641114982578 0.5546875 0.07317073170731707 0.53515625 0.07317073170731707 0.53515625 0.0627177700348432 0.54296875 0.05574912891986063 0.546875 0.059233449477351915 0.5546875 0.059233449477351915 0.5625 0.05226480836236934
0 0.38671875 0 0.408203125 0 0.408203125 0.013937282229965157 0.400390625 0.013937282229965157 0.3984375 0.017421602787456445 0.38671875 0.010452961672473868 0.38671875 0.003484320557491289
0 0.736328125 0.37630662020905925 0.736328125 0.42857142857142855 0.728515625 0.42857142857142855 0.71484375 0.4181184668989547 0.71484375 0.4146341463414634 0.71875 0.41114982578397213 0.71875 0.40418118466898956 0.72265625 0.40069686411149824 0.72265625 0.39372822299651566 0.736328125 0.3797909407665505
0 0.537109375 0.5156794425087108 0.55078125 0.5156794425087108 0.55078125 0.519163763066202 0.5546875 0.5226480836236934 0.5546875 0.5331010452961672 0.546875 0.5365853658536586 0.544921875 0.5331010452961672 0.537109375 0.5331010452961672 0.537109375 0.519163763066202
0 0.412109375 0.14285714285714285 0.427734375 0.14285714285714285 0.4296875 0.14982578397212543 0.4296875 0.1602787456445993 0.42578125 0.1602787456445993 0.423828125 0.16376306620209058 0.408203125 0.16376306620209058 0.40625 0.1602787456445993 0.3984375 0.1602787456445993 0.3984375 0.156794425087108 0.40234375 0.156794425087108 0.404296875 0.14982578397212543 0.41015625 0.14982578397212543 0.412109375 0.14634146341463414
0 0.375 0.6411149825783972 0.392578125 0.6411149825783972 0.392578125 0.6585365853658537 0.384765625 0.6585365853658537 0.3828125 0.662020905923345 0.380859375 0.6585365853658537 0.375 0.6585365853658537 0.375 0.6445993031358885
0 0.62890625 0 0.6328125 0 0.6328125 0.006968641114982578 0.638671875 0.020905923344947737 0.642578125 0.020905923344947737 0.650390625 0.027874564459930314 0.6640625 0.027874564459930314 0.666015625 0.0313588850174216 0.677734375 0.0313588850174216 0.6796875 0.027874564459930314 0.685546875 0.027874564459930314 0.6875 0.0313588850174216 0.697265625 0.0313588850174216 0.69921875 0.03484320557491289 0.701171875 0.0313588850174216 0.705078125 0.0313588850174216 0.712890625 0.003484320557491289 0.716796875 0.003484320557491289 0.716796875 0.027874564459930314 0.712890625 0.0313588850174216 0.708984375 0.041811846689895474 0.705078125 0.04529616724738676 0.6953125 0.04529616724738676 0.69140625 0.05226480836236934 0.69140625 0.059233449477351915 0.685546875 0.06620209059233449 0.669921875 0.06620209059233449 0.66796875 0.06968641114982578 0.63671875 0.06620209059233449 0.63671875 0.05574912891986063 0.634765625 0.05226480836236934 0.634765625 0.0313588850174216 0.630859375 0.020905923344947737 0.62890625 0.003484320557491289
0 0.560546875 0.4529616724738676 0.560546875 0.47735191637630664 0.55078125 0.47735191637630664 0.548828125 0.4808362369337979 0.5390625 0.47735191637630664 0.5390625 0.4738675958188153 0.54296875 0.47038327526132406 0.54296875 0.4634146341463415 0.546875 0.4634146341463415 0.548828125 0.45993031358885017 0.55859375 0.45993031358885017 0.560546875 0.4564459930313589
0 0.42578125 0.40069686411149824 0.427734375 0.40418118466898956 0.427734375 0.4181184668989547 0.421875 0.4250871080139373 0.375 0.4250871080139373 0.375 0.40418118466898956 0.390625 0.39372822299651566 0.416015625 0.39372822299651566 0.423828125 0.40069686411149824
0 0.44921875 0.4076655052264808 0.462890625 0.4076655052264808 0.46484375 0.4146341463414634 0.470703125 0.4146341463414634 0.470703125 0.43205574912891986 0.4609375 0.43205574912891986 0.45703125 0.4355400696864111 0.455078125 0.43205574912891986 0.44140625 0.43205574912891986 0.44140625 0.4181184668989547 0.44921875 0.41114982578397213
0 0.630859375 0.6236933797909407 0.634765625 0.6236933797909407 0.63671875 0.6306620209059234 0.646484375 0.6376306620209059 0.658203125 0.6376306620209059 0.66015625 0.6411149825783972 0.658203125 0.6515679442508711 0.662109375 0.6585365853658537 0.666015625 0.6585365853658537 0.669921875 0.6689895470383276 0.703125 0.6689895470383276 0.705078125 0.6724738675958188 0.732421875 0.6759581881533101 0.734375 0.6794425087108014 0.73828125 0.6794425087108014 0.73828125 0.8013937282229965 0.736328125 0.8013937282229965 0.728515625 0.7909407665505227 0.728515625 0.7839721254355401 0.724609375 0.7770034843205574 0.724609375 0.7630662020905923 0.720703125 0.7456445993031359 0.703125 0.7282229965156795 0.69921875 0.7282229965156795 0.6953125 0.7212543554006968 0.69140625 0.7212543554006968 0.685546875 0.7073170731707317 0.6796875 0.7073170731707317 0.677734375 0.7003484320557491 0.666015625 0.686411149825784 0.638671875 0.686411149825784 0.634765625 0.6933797909407665 0.62890625 0.6968641114982579 0.626953125 0.6933797909407665 0.626953125 0.686411149825784 0.62890625 0.6829268292682927 0.62890625 0.6585365853658537 0.630859375 0.6550522648083623 0.630859375 0.627177700348432
0 0.412109375 0.11846689895470383 0.4296875 0.11846689895470383 0.4296875 0.1289198606271777 0.42578125 0.13240418118466898 0.412109375 0.1289198606271777 0.412109375 0.12195121951219512
0 0.576171875 0.25435540069686413 0.59375 0.25435540069686413 0.59375 0.27177700348432055 0.572265625 0.27177700348432055 0.572265625 0.2613240418118467 0.576171875 0.2578397212543554
0 0.48046875 0.6655052264808362 0.5 0.6655052264808362 0.501953125 0.6724738675958188 0.505859375 0.6724738675958188 0.505859375 0.6968641114982579 0.4609375 0.6968641114982579 0.462890625 0.6968641114982579 0.474609375 0.6724738675958188 0.478515625 0.6724738675958188 0.48046875 0.6689895470383276