0 0.646484375 0.42857142857142855 0.650390625 0.42857142857142855 0.650390625 0.49825783972125437 0.650390625 0.49477351916376305 0.64453125 0.4878048780487805 0.638671875 0.4878048780487805 0.6328125 0.4808362369337979 0.6171875 0.4738675958188153 0.6171875 0.45993031358885017 0.619140625 0.45993031358885017 0.62109375 0.4529616724738676 0.625 0.44947735191637633 0.625 0.445993031358885 0.630859375 0.4425087108013937 0.634765625 0.4355400696864111 0.64453125 0.4355400696864111 0.646484375 0.43205574912891986
0 0.6484375 0.29965156794425085 0.650390625 0.29965156794425085 0.650390625 0.3588850174216028 0.630859375 0.3588850174216028 0.62890625 0.3554006968641115 0.625 0.3588850174216028 0.611328125 0.3588850174216028 0.609375 0.3554006968641115 0.6015625 0.3554006968641115 0.6015625 0.34146341463414637 0.60546875 0.33797909407665505 0.607421875 0.3205574912891986 0.61328125 0.313588850174216 0.62109375 0.313588850174216 0.630859375 0.30662020905923343 0.646484375 0.30662020905923343 0.6484375 0.30313588850174217
0 0.580078125 0.3554006968641115 0.587890625 0.3554006968641115 0.58984375 0.3623693379790941 0.58984375 0.37630662020905925 0.583984375 0.3832752613240418 0.580078125 0.3832752613240418 0.576171875 0.3902439024390244 0.576171875 0.40418118466898956 0.5625 0.40418118466898956 0.560546875 0.4076655052264808 0.548828125 0.4076655052264808 0.546875 0.41114982578397213 0.54296875 0.41114982578397213 0.5390625 0.4181184668989547 0.5390625 0.42857142857142855 0.533203125 0.42857142857142855 0.529296875 0.4181184668989547 0.5234375 0.4181184668989547 0.521484375 0.4146341463414634 0.521484375 0.3902439024390244 0.525390625 0.3832752613240418 0.529296875 0.3832752613240418 0.548828125 0.36585365853658536 0.55859375 0.36585365853658536 0.560546875 0.3623693379790941 0.578125 0.3623693379790941 0.580078125 0.3588850174216028
0 0.48046875 0.0627177700348432 0.494140625 0.07665505226480836 0.501953125 0.07665505226480836 0.501953125 0.10104529616724739 0.49609375 0.10452961672473868 0.484375 0.09059233449477352 0.4765625 0.09059233449477352 0.4765625 0.08710801393728224 0.478515625 0.08710801393728224 0.48046875 0.08013937282229965 0.484375 0.07665505226480836 0.484375 0.06968641114982578 0.48046875 0.06620209059233449
0 0.484375 0.5156794425087108 0.490234375 0.5156794425087108 0.4921875 0.519163763066202 0.5 0.5156794425087108 0.513671875 0.5296167247386759 0.513671875 0.5505226480836237 0.4921875 0.5470383275261324 0.48828125 0.5435540069686411 0.48828125 0.5365853658536586 0.484375 0.5331010452961672 0.484375 0.519163763066202
0 0.5078125 0.313588850174216 0.509765625 0.3170731707317073 0.509765625 0.3344947735191638 0.50390625 0.34146341463414637 0.5 0.34146341463414637 0.498046875 0.34494773519163763 0.498046875 0.3554006968641115 0.490234375 0.3554006968641115 0.48828125 0.3519163763066202 0.47265625 0.3519163763066202 0.47265625 0.32752613240418116 0.474609375 0.32752613240418116 0.4765625 0.3205574912891986 0.482421875 0.313588850174216 0.48828125 0.313588850174216 0.490234375 0.31010452961672474 0.50390625 0.31010452961672474 0.505859375 0.313588850174216
0 0.58203125 0.867595818815331 0.5859375 0.8641114982578397 0.591796875 0.8641114982578397 0.59765625 0.8571428571428571 0.603515625 0.8571428571428571 0.603515625 0.8954703832752613 0.58984375 0.8954703832752613 0.5859375 0.89198606271777 0.5859375 0.8885017421602788 0.58203125 0.8850174216027874 0.58203125 0.8710801393728222
0 0.53515625 0.6759581881533101 0.541015625 0.6759581881533101 0.546875 0.6829268292682927 0.568359375 0.686411149825784 0.568359375 0.7003484320557491 0.5703125 0.7038327526132404 0.57421875 0.7038327526132404 0.57421875 0.710801393728223 0.576171875 0.7142857142857143 0.576171875 0.7282229965156795 0.572265625 0.735191637630662 0.568359375 0.735191637630662 0.56640625 0.7386759581881533 0.544921875 0.735191637630662 0.537109375 0.7421602787456446 0.52734375 0.7421602787456446 0.529296875 0.7177700348432056 0.53125 0.7142857142857143 0.53125 0.6898954703832753 0.53515625 0.686411149825784 0.53515625 0.6794425087108014
0 0.33984375 0.04529616724738676 0.34765625 0.04529616724738676 0.349609375 0.05226480836236934 0.365234375 0.05574912891986063 0.365234375 0.06968641114982578 0.3359375 0.06968641114982578 0.33203125 0.06620209059233449 0.33203125 0.05574912891986063 0.33984375 0.04878048780487805
0 0.607421875 0.37630662020905925 0.607421875 0.3867595818815331 0.611328125 0.39372822299651566 0.611328125 0.40418118466898956 0.60546875 0.4076655052264808 0.6015625 0.4181184668989547 0.603515625 0.43902439024390244 0.6015625 0.445993031358885 0.59765625 0.44947735191637633 0.6015625 0.45993031358885017 0.59375 0.4634146341463415 0.58984375 0.47038327526132406 0.580078125 0.47038327526132406 0.578125 0.4738675958188153 0.576171875 0.47038327526132406 0.56640625 0.47038327526132406 0.56640625 0.4564459930313589 0.5625 0.4529616724738676 0.5625 0.4355400696864111 0.564453125 0.4355400696864111 0.568359375 0.42160278745644597 0.57421875 0.4146341463414634 0.583984375 0.4076655052264808 0.591796875 0.4076655052264808 0.595703125 0.40418118466898956 0.599609375 0.3902439024390244 0.599609375 0.3797909407665505 0.60546875 0.37630662020905925
0 0.318359375 0.13240418118466898 0.33984375 0.13240418118466898 0.33984375 0.14285714285714285 0.318359375 0.14285714285714285 0.318359375 0.13588850174216027
0 0.515625 0.27177700348432055 0.515625 0.2961672473867596 0.5 0.2961672473867596 0.5 0.28222996515679444 0.50390625 0.28222996515679444 0.505859375 0.27526132404181186 0.513671875 0.27177700348432055
0 0.3046875 0.3832752613240418 0.310546875 0.3832752613240418 0.310546875 0.3902439024390244 0.314453125 0.39372822299651566 0.314453125 0.40069686411149824 0.322265625 0.4076655052264808 0.322265625 0.42160278745644597 0.314453125 0.42160278745644597 0.3125 0.4250871080139373 0.310546875 0.42160278745644597 0.30078125 0.42160278745644597 0.30078125 0.39372822299651566 0.302734375 0.39372822299651566 0.3046875 0.3867595818815331
0 0.53515625 0.867595818815331 0.53515625 0.8954703832752613 0.521484375 0.9163763066202091 0.517578125 0.9198606271777003 0.505859375 0.9198606271777003 0.50390625 0.9233449477351916 0.5 0.9198606271777003 0.490234375 0.9198606271777003 0.490234375 0.9059233449477352 0.4921875 0.9059233449477352 0.494140625 0.8989547038327527 0.498046875 0.8989547038327527 0.5 0.8954703832752613 0.509765625 0.8954703832752613 0.51171875 0.89198606271777 0.5234375 0.89198606271777 0.525390625 0.8850174216027874 0.52734375 0.8850174216027874 0.53125 0.8745644599303136 0.53515625 0.8710801393728222
0 0.4765625 0.5853658536585366 0.48046875 0.5818815331010453 0.505859375 0.5818815331010453 0.505859375 0.5923344947735192 0.47265625 0.5923344947735192 0.4765625 0.5888501742160279
0 0.337890625 0.05226480836236934 0.337890625 0.06968641114982578 0.33203125 0.06968641114982578 0.330078125 0.07317073170731707 0.326171875 0.06968641114982578 0.31640625 0.06968641114982578 0.31640625 0.05574912891986063 0.3203125 0.05574912891986063 0.322265625 0.05226480836236934 0.3359375 0.05226480836236934
0 0.37890625 0.041811846689895474 0.3828125 0.03832752613240418 0.404296875 0.03832752613240418 0.408203125 0.041811846689895474 0.408203125 0.05574912891986063 0.390625 0.05574912891986063 0.3828125 0.04878048780487805 0.380859375 0.041811846689895474
0 0.583984375 0.3554006968641115 0.587890625 0.3554006968641115 0.58984375 0.3623693379790941 0.58984375 0.37630662020905925 0.587890625 0.37630662020905925 0.583984375 0.3867595818815331 0.576171875 0.39372822299651566 0.576171875 0.4076655052264808 0.580078125 0.41114982578397213 0.580078125 0.4181184668989547 0.57421875 0.4181184668989547 0.57421875 0.41114982578397213 0.572265625 0.4076655052264808 0.5625 0.4076655052264808 0.560546875 0.4146341463414634 0.548828125 0.4146341463414634 0.544921875 0.42160278745644597 0.544921875 0.42857142857142855 0.54296875 0.43205574912891986 0.5390625 0.43205574912891986 0.529296875 0.42160278745644597 0.525390625 0.42857142857142855 0.525390625 0.43902439024390244 0.521484375 0.43902439024390244 0.515625 0.43205574912891986 0.515625 0.4250871080139373 0.51171875 0.4181184668989547 0.51171875 0.41114982578397213 0.498046875 0.3902439024390244 0.501953125 0.3797909407665505 0.51171875 0.3797909407665505 0.517578125 0.39372822299651566 0.525390625 0.397212543554007 0.533203125 0.3797909407665505 0.5390625 0.3797909407665505 0.55078125 0.36585365853658536 0.560546875 0.36585365853658536 0.5625 0.3623693379790941 0.58203125 0.3623693379790941 0.583984375 0.3588850174216028
0 0.4921875 0.4146341463414634 0.4921875 0.445993031358885 0.48828125 0.445993031358885 0.486328125 0.44947735191637633 0.482421875 0.44947735191637633 0.48046875 0.445993031358885 0.48046875 0.43205574912891986 0.484375 0.43205574912891986 0.486328125 0.42857142857142855 0.486328125 0.4181184668989547 0.490234375 0.4181184668989547
0 0.470703125 0.662020905923345 0.48046875 0.6689895470383276 0.486328125 0.6689895470383276 0.48828125 0.6655052264808362 0.48828125 0.686411149825784 0.48046875 0.686411149825784 0.4765625 0.6933797909407665 0.447265625 0.6933797909407665 0.4453125 0.6968641114982579 0.439453125 0.6968641114982579 0.4375 0.6933797909407665 0.44140625 0.6898954703832753 0.443359375 0.6829268292682927 0.451171875 0.6724738675958188 0.451171875 0.6689895470383276 0.455078125 0.6655052264808362 0.4609375 0.6655052264808362 0.462890625 0.662020905923345 0.46875 0.662020905923345
0 0.33984375 0 0.353515625 0 0.35546875 0.006968641114982578 0.357421875 0.006968641114982578 0.357421875 0.013937282229965157 0.34765625 0.013937282229965157 0.34375 0.017421602787456445 0.341796875 0.013937282229965157 0.3359375 0.013937282229965157 0.3359375 0.006968641114982578 0.33984375 0.003484320557491289
0 0.36328125 0.14285714285714285 0.375 0.14285714285714285 0.376953125 0.14982578397212543 0.3828125 0.14982578397212543 0.3828125 0.15331010452961671 0.3671875 0.156794425087108 0.36328125 0.15331010452961671 0.36328125 0.14634146341463414
0 0.3203125 0.18466898954703834 0.333984375 0.18466898954703834 0.3359375 0.1916376306620209 0.3359375 0.20209059233449478 0.3203125 0.20209059233449478 0.3203125 0.18815331010452963
0 0.609375 0.7282229965156795 0.63671875 0.7282229965156795 0.638671875 0.735191637630662 0.650390625 0.7386759581881533 0.650390625 0.8501742160278746 0.619140625 0.8501742160278746 0.6171875 0.8397212543554007 0.61328125 0.8362369337979094 0.611328125 0.8292682926829268 0.609375 0.8292682926829268 0.609375 0.794425087108014 0.61328125 0.7909407665505227 0.61328125 0.7665505226480837 0.6171875 0.7630662020905923 0.6171875 0.7456445993031359 0.61328125 0.7421602787456446 0.61328125 0.735191637630662 0.609375 0.7317073170731707
0 0.513671875 0.09407665505226481 0.513671875 0.11149825783972125 0.5 0.11149825783972125 0.5 0.0975609756097561 0.5078125 0.0975609756097561 0.51171875 0.09407665505226481
0 0.578125 0.04878048780487805 0.583984375 0.04878048780487805 0.583984375 0.059233449477351915 0.578125 0.059233449477351915 0.57421875 0.0627177700348432 0.578125 0.059233449477351915 0.578125 0.05226480836236934