0 0.32421875 0.8541666666666666 0.326171875 0.8576388888888888 0.33203125 0.8576388888888888 0.333984375 0.8611111111111112 0.33984375 0.8611111111111112 0.349609375 0.8680555555555556 0.3515625 0.8819444444444444 0.345703125 0.8923611111111112 0.3359375 0.8993055555555556 0.33203125 0.90625 0.30859375 0.9097222222222222 0.30078125 0.9166666666666666 0.28125 0.9131944444444444 0.271484375 0.9236111111111112 0.26953125 0.9201388888888888 0.271484375 0.9166666666666666 0.271484375 0.8993055555555556 0.267578125 0.8854166666666666 0.271484375 0.8854166666666666 0.2734375 0.8888888888888888 0.28515625 0.8888888888888888 0.296875 0.8680555555555556 0.310546875 0.8576388888888888 0.318359375 0.8576388888888888 0.322265625 0.8541666666666666
0 0.83203125 0.2638888888888889 0.845703125 0.2986111111111111 0.84765625 0.3194444444444444 0.849609375 0.3229166666666667 0.849609375 0.34375 0.84375 0.3472222222222222 0.83203125 0.3368055555555556 0.828125 0.3368055555555556 0.82421875 0.3298611111111111 0.82421875 0.3263888888888889 0.828125 0.3229166666666667 0.828125 0.3159722222222222 0.826171875 0.3125 0.826171875 0.2951388888888889 0.822265625 0.2847222222222222 0.830078125 0.2708333333333333 0.830078125 0.2673611111111111
0 0.66015625 0.6215277777777778 0.66796875 0.6076388888888888 0.66796875 0.5798611111111112 0.669921875 0.5763888888888888 0.669921875 0.5694444444444444 0.671875 0.5659722222222222 0.677734375 0.5659722222222222 0.677734375 0.5972222222222222 0.67578125 0.6006944444444444 0.67578125 0.6076388888888888 0.671875 0.6180555555555556 0.666015625 0.625 0.662109375 0.625
0 0.45729166666666665 0.30648148148148147 0.04375 0.04074074074074074
0 0.458984375 0.6770833333333334 0.4609375 0.6805555555555556 0.4609375 0.6875 0.45703125 0.6909722222222222 0.451171875 0.7048611111111112 0.44140625 0.7118055555555556 0.423828125 0.7118055555555556 0.421875 0.7048611111111112 0.4375 0.6805555555555556 0.44140625 0.6805555555555556 0.44921875 0.6736111111111112 0.455078125 0.6736111111111112 0.45703125 0.6770833333333334
0 0.455078125 0.3854166666666667 0.458984375 0.3958333333333333 0.458984375 0.4166666666666667 0.45703125 0.4201388888888889 0.455078125 0.4479166666666667 0.447265625 0.4652777777777778 0.447265625 0.4722222222222222 0.44140625 0.4930555555555556 0.44140625 0.5173611111111112 0.439453125 0.5173611111111112 0.4296875 0.5 0.431640625 0.4930555555555556 0.431640625 0.4583333333333333 0.43359375 0.4548611111111111 0.435546875 0.4270833333333333 0.439453125 0.4166666666666667 0.44140625 0.4027777777777778 0.451171875 0.3854166666666667 0.453125 0.3854166666666667
0 0.345703125 0.7881944444444444 0.34765625 0.7916666666666666 0.3515625 0.7916666666666666 0.359375 0.8020833333333334 0.359375 0.8125 0.35546875 0.8159722222222222 0.34375 0.8159722222222222 0.333984375 0.8090277777777778 0.330078125 0.8020833333333334 0.330078125 0.7951388888888888 0.33203125 0.7916666666666666 0.33984375 0.7916666666666666 0.34375 0.7881944444444444
0 0.74453125 0.6143518518518518 0.043229166666666666 0.045370370370370366
0 0.560546875 0.4652777777777778 0.560546875 0.4722222222222222 0.552734375 0.4861111111111111 0.548828125 0.5 0.54296875 0.5 0.541015625 0.5034722222222222 0.53125 0.5034722222222222 0.53125 0.4965277777777778 0.537109375 0.4791666666666667 0.548828125 0.4652777777777778 0.55859375 0.4652777777777778
0 0.306640625 0.7083333333333334 0.310546875 0.7083333333333334 0.318359375 0.6979166666666666 0.3203125 0.6840277777777778 0.330078125 0.6597222222222222 0.341796875 0.6493055555555556 0.349609375 0.6527777777777778 0.3515625 0.6597222222222222 0.345703125 0.6805555555555556 0.345703125 0.6875 0.330078125 0.7048611111111112 0.318359375 0.7256944444444444 0.318359375 0.7326388888888888 0.314453125 0.7291666666666666 0.3125 0.7152777777777778 0.30859375 0.7118055555555556
0 0.140625 0.22569444444444445 0.154296875 0.2152777777777778 0.16796875 0.2152777777777778 0.169921875 0.21875 0.169921875 0.2326388888888889 0.162109375 0.2604166666666667 0.158203125 0.2673611111111111 0.150390625 0.2708333333333333 0.142578125 0.2847222222222222 0.142578125 0.2916666666666667 0.14453125 0.2951388888888889 0.140625 0.3020833333333333 0.138671875 0.2916666666666667 0.126953125 0.2777777777777778 0.130859375 0.2708333333333333 0.12890625 0.2638888888888889 0.1328125 0.2534722222222222 0.1328125 0.2465277777777778 0.140625 0.22916666666666666
0 0.419921875 0.3541666666666667 0.421875 0.3576388888888889 0.421875 0.3715277777777778 0.416015625 0.3923611111111111 0.41015625 0.3993055555555556 0.408203125 0.40625 0.40234375 0.40625 0.39453125 0.4131944444444444 0.390625 0.4131944444444444 0.388671875 0.3993055555555556 0.39453125 0.3923611111111111 0.396484375 0.3819444444444444 0.412109375 0.3541666666666667 0.41796875 0.3541666666666667
0 0.322265625 0.6319444444444444 0.322265625 0.6493055555555556 0.314453125 0.6631944444444444 0.3125 0.6631944444444444 0.296875 0.6909722222222222 0.296875 0.6944444444444444 0.291015625 0.7013888888888888 0.287109375 0.7048611111111112 0.27734375 0.7048611111111112 0.265625 0.71875 0.248046875 0.71875 0.24609375 0.7152777777777778 0.23828125 0.7152777777777778 0.228515625 0.7326388888888888 0.2265625 0.7326388888888888 0.224609375 0.7395833333333334 0.216796875 0.7465277777777778 0.20703125 0.7465277777777778 0.216796875 0.7291666666666666 0.216796875 0.7118055555555556 0.212890625 0.7048611111111112 0.220703125 0.6944444444444444 0.234375 0.6944444444444444 0.23828125 0.6909722222222222 0.240234375 0.6875 0.240234375 0.6805555555555556 0.251953125 0.6597222222222222 0.271484375 0.6354166666666666 0.283203125 0.625 0.291015625 0.625 0.29296875 0.6215277777777778 0.310546875 0.6215277777777778 0.3125 0.625 0.31640625 0.625 0.3203125 0.6319444444444444
0 0.2265625 0.1875 0.228515625 0.1909722222222222 0.228515625 0.21180555555555555 0.224609375 0.22569444444444445 0.201171875 0.2708333333333333 0.193359375 0.2951388888888889 0.185546875 0.3090277777777778 0.181640625 0.3055555555555556 0.17578125 0.3055555555555556 0.171875 0.3125 0.169921875 0.3194444444444444 0.169921875 0.3368055555555556 0.16796875 0.3402777777777778 0.166015625 0.3576388888888889 0.162109375 0.3680555555555556 0.162109375 0.3263888888888889 0.158203125 0.3194444444444444 0.13671875 0.3194444444444444 0.134765625 0.3229166666666667 0.134765625 0.3159722222222222 0.142578125 0.3090277777777778 0.15234375 0.3055555555555556 0.162109375 0.2916666666666667 0.162109375 0.2673611111111111 0.1640625 0.2638888888888889 0.1640625 0.2569444444444444 0.17578125 0.22569444444444445 0.181640625 0.21875 0.185546875 0.20833333333333334 0.197265625 0.19444444444444445 0.20703125 0.1875 0.224609375 0.1875
0 0.390625 0.6388888888888888 0.396484375 0.6493055555555556 0.396484375 0.65625 0.3984375 0.6597222222222222 0.39453125 0.6666666666666666 0.384765625 0.6666666666666666 0.3828125 0.6631944444444444 0.3671875 0.65625 0.365234375 0.6493055555555556 0.37109375 0.6423611111111112 0.388671875 0.6388888888888888
0 0.361328125 0.3020833333333333 0.3671875 0.3020833333333333 0.369140625 0.3055555555555556 0.369140625 0.3125 0.37109375 0.3159722222222222 0.37109375 0.34375 0.361328125 0.3680555555555556 0.353515625 0.3645833333333333 0.34765625 0.3541666666666667 0.349609375 0.3506944444444444 0.353515625 0.3506944444444444 0.357421875 0.34375 0.357421875 0.3333333333333333 0.359375 0.3298611111111111 0.359375 0.3090277777777778 0.361328125 0.3055555555555556
0 0.33177083333333335 0.7287037037037037 0.030208333333333334 0.0462962962962963
0 0.85546875 0.6805555555555556 0.87109375 0.6944444444444444 0.87109375 0.7048611111111112 0.8671875 0.7083333333333334 0.849609375 0.7083333333333334 0.84765625 0.7048611111111112 0.837890625 0.7048611111111112 0.828125 0.6979166666666666 0.828125 0.6909722222222222 0.830078125 0.6875 0.8359375 0.6875 0.84375 0.6805555555555556 0.853515625 0.6805555555555556
0 0.818359375 0.059027777777777776 0.826171875 0.06597222222222222 0.830078125 0.07291666666666667 0.830078125 0.0798611111111111 0.826171875 0.09027777777777778 0.810546875 0.10069444444444445 0.7890625 0.10069444444444445 0.783203125 0.09375 0.7734375 0.10069444444444445 0.7734375 0.08333333333333333 0.771484375 0.0763888888888889 0.7734375 0.07291666666666667 0.779296875 0.07291666666666667 0.78125 0.06944444444444445 0.791015625 0.06597222222222222 0.79296875 0.0625 0.81640625 0.059027777777777776
0 0.015625 0.1527777777777778 0.01953125 0.15625 0.01953125 0.18055555555555555 0.013671875 0.2013888888888889 0.001953125 0.2222222222222222 0.001953125 0.22569444444444445 0 0.22569444444444445 0 0.1597222222222222 0.013671875 0.1527777777777778
0 0.66015625 0.4826388888888889 0.662109375 0.4861111111111111 0.662109375 0.4965277777777778 0.654296875 0.5138888888888888 0.654296875 0.5208333333333334 0.640625 0.5416666666666666 0.630859375 0.5520833333333334 0.626953125 0.5451388888888888 0.6171875 0.5451388888888888 0.6171875 0.5416666666666666 0.62890625 0.53125 0.630859375 0.5138888888888888 0.640625 0.4895833333333333 0.6484375 0.4826388888888889 0.658203125 0.4826388888888889
0 0.05078125 0.5972222222222222 0.052734375 0.6006944444444444 0.052734375 0.6145833333333334 0.048828125 0.6284722222222222 0.044921875 0.6388888888888888 0.02734375 0.6666666666666666 0.02734375 0.6701388888888888 0.021484375 0.6701388888888888 0.021484375 0.6493055555555556 0.0234375 0.6458333333333334 0.0234375 0.6388888888888888 0.02734375 0.6319444444444444 0.029296875 0.6215277777777778 0.0390625 0.6041666666666666 0.048828125 0.5972222222222222
0 0.2109375 0.16319444444444445 0.21484375 0.16666666666666666 0.212890625 0.1840277777777778 0.20703125 0.1840277777777778 0.197265625 0.1909722222222222 0.17578125 0.22569444444444445 0.17578125 0.2013888888888889 0.177734375 0.19791666666666666 0.177734375 0.1909722222222222 0.1875 0.1736111111111111 0.1953125 0.16666666666666666 0.208984375 0.16319444444444445
0 0.8359375 0.9756944444444444 0.83984375 0.9861111111111112 0.83203125 0.9965277777777778 0.78125 0.9965277777777778 0.78125 0.9895833333333334 0.78515625 0.9895833333333334 0.8046875 0.96875 0.826171875 0.96875 0.833984375 0.9756944444444444
0 0.546875 0.5034722222222222 0.5546875 0.5104166666666666 0.560546875 0.5208333333333334 0.560546875 0.5347222222222222 0.552734375 0.5416666666666666 0.548828125 0.5416666666666666 0.541015625 0.5347222222222222 0.53515625 0.5243055555555556 0.529296875 0.5243055555555556 0.52734375 0.5208333333333334 0.533203125 0.5069444444444444 0.541015625 0.5069444444444444 0.544921875 0.5034722222222222
0 0.09765625 0.1111111111111111 0.103515625 0.12152777777777778 0.103515625 0.1423611111111111 0.1015625 0.14583333333333334 0.099609375 0.1701388888888889 0.095703125 0.17708333333333334 0.091796875 0.1909722222222222 0.091796875 0.19791666666666666 0.083984375 0.20833333333333334 0.083984375 0.21875 0.087890625 0.22916666666666666 0.087890625 0.23958333333333334 0.0859375 0.23958333333333334 0.083984375 0.22916666666666666 0.076171875 0.2152777777777778 0.072265625 0.21180555555555555 0.060546875 0.2152777777777778 0.064453125 0.2048611111111111 0.0703125 0.2013888888888889 0.07421875 0.19444444444444445 0.07421875 0.1597222222222222 0.076171875 0.15625 0.078125 0.13541666666666666 0.083984375 0.125 0.083984375 0.12152777777777778 0.095703125 0.1111111111111111
0 0.86328125 0.1111111111111111 0.873046875 0.125 0.87890625 0.1423611111111111 0.87890625 0.14930555555555555 0.876953125 0.15625 0.86328125 0.1597222222222222 0.85546875 0.1701388888888889 0.845703125 0.15625 0.8359375 0.15625 0.8359375 0.14930555555555555 0.833984375 0.14583333333333334 0.82421875 0.14930555555555555 0.828125 0.1423611111111111 0.828125 0.125 0.826171875 0.12152777777777778 0.83984375 0.125 0.84765625 0.1111111111111111 0.861328125 0.1111111111111111
0 0.706770833984375 0.8481481493055556 0.709895833984375 0.8435185173611112 0.709895833984375 0.825 0.703125 0.8092592604166666 0.695833333984375 0.8018518506944444 0.691666666015625 0.7935185173611111 0.688541666015625 0.7935185173611111 0.684895833984375 0.8055555555555556 0.688541666015625 0.8240740729166667 0.697395833984375 0.8444444444444444 0.706770833984375 0.8481481493055556
0 0.8828125 0.7768518506944444 0.886979166015625 0.7777777777777778 0.8875 0.78240740625 0.883333333984375 0.7861111111111111 0.894270833984375 0.7898148159722223 0.904166666015625 0.8101851840277778 0.910416666015625 0.818518517361111 0.922395833984375 0.8157407395833334 0.928645833984375 0.8259259270833333 0.930208333984375 0.8222222222222223 0.928125 0.8101851840277778 0.9296875 0.7944444444444445 0.928645833984375 0.7777777777777778 0.919270833984375 0.7527777777777778 0.9125 0.746296295138889 0.909114583984375 0.746296295138889 0.903645833984375 0.7472222222222222 0.886458333984375 0.7648148159722222 0.883333333984375 0.7703703715277778 0.8828125 0.7768518506944444
0 0.659375 0.8101851840277778 0.6578125 0.8037037048611111 0.654166666015625 0.8101851840277778 0.655729166015625 0.8129629618055555 0.654166666015625 0.818518517361111 0.6578125 0.8222222222222223 0.661458333984375 0.818518517361111 0.678125 0.8138888888888889 0.680208333984375 0.8 0.676041666015625 0.7953703715277778 0.672916666015625 0.7953703715277778 0.6671875 0.8018518506944444 0.6703125 0.806481482638889 0.668229166015625 0.8101851840277778 0.659375 0.8101851840277778