0 0.416015625 0.6933797909407665 0.427734375 0.6933797909407665 0.4296875 0.7003484320557491 0.43359375 0.7003484320557491 0.435546875 0.7038327526132404 0.44140625 0.6968641114982579 0.44140625 0.7073170731707317 0.4296875 0.7247386759581882 0.3984375 0.7247386759581882 0.40625 0.7038327526132404 0.416015625 0.6968641114982579
0 0.52734375 0.29965156794425085 0.529296875 0.29965156794425085 0.529296875 0.30313588850174217 0.53515625 0.31010452961672474 0.546875 0.30662020905923343 0.556640625 0.3170731707317073 0.556640625 0.34146341463414637 0.552734375 0.34494773519163763 0.537109375 0.34494773519163763 0.529296875 0.3344947735191638 0.5234375 0.3344947735191638 0.5234375 0.3170731707317073 0.52734375 0.313588850174216 0.52734375 0.30313588850174217
0 0.55078125 0.6655052264808362 0.556640625 0.6655052264808362 0.568359375 0.6759581881533101 0.580078125 0.6724738675958188 0.58203125 0.6759581881533101 0.58203125 0.6898954703832753 0.5859375 0.6933797909407665 0.58984375 0.7038327526132404 0.591796875 0.7038327526132404 0.591796875 0.7142857142857143 0.583984375 0.7212543554006968 0.578125 0.7212543554006968 0.576171875 0.7247386759581882 0.560546875 0.7212543554006968 0.552734375 0.7282229965156795 0.546875 0.7282229965156795 0.548828125 0.7212543554006968 0.548828125 0.7038327526132404 0.55078125 0.7003484320557491 0.55078125 0.6689895470383276
0 0.501953125 0.08013937282229965 0.509765625 0.08013937282229965 0.51171875 0.08710801393728224 0.5234375 0.09059233449477352 0.52734375 0.0975609756097561 0.52734375 0.10452961672473868 0.525390625 0.10801393728222997 0.5078125 0.10452961672473868 0.505859375 0.0975609756097561 0.501953125 0.09407665505226481 0.501953125 0.08362369337979095
0 0.298828125 0.013937282229965157 0.3125 0.013937282229965157 0.3125 0.020905923344947737 0.3046875 0.027874564459930314 0.302734375 0.027874564459930314 0.298828125 0.017421602787456445
0 0.486328125 0.40418118466898956 0.490234375 0.40418118466898956 0.490234375 0.42160278745644597 0.486328125 0.4250871080139373 0.47265625 0.42160278745644597 0.474609375 0.42160278745644597 0.4765625 0.4146341463414634 0.486328125 0.4076655052264808
0 0.6171875 0.8397212543554007 0.6171875 0.8780487804878049 0.609375 0.8780487804878049 0.609375 0.8745644599303136 0.60546875 0.8710801393728222 0.603515625 0.8641114982578397 0.60546875 0.8571428571428571 0.6171875 0.8432055749128919
0 0.439453125 0.07665505226480836 0.447265625 0.07665505226480836 0.447265625 0.09407665505226481 0.43359375 0.09407665505226481 0.43359375 0.08710801393728224 0.439453125 0.08013937282229965
0 0.318359375 0.14285714285714285 0.328125 0.14285714285714285 0.33203125 0.14634146341463414 0.33203125 0.15331010452961671 0.330078125 0.156794425087108 0.318359375 0.15331010452961671 0.318359375 0.14634146341463414
0 0.544921875 0.4181184668989547 0.544921875 0.42160278745644597 0.55078125 0.42857142857142855 0.552734375 0.4355400696864111 0.552734375 0.4529616724738676 0.5546875 0.4564459930313589 0.5546875 0.46689895470383275 0.552734375 0.47038327526132406 0.546875 0.47038327526132406 0.541015625 0.4634146341463415 0.5390625 0.4564459930313589 0.5390625 0.43205574912891986 0.541015625 0.4250871080139373 0.544921875 0.42160278745644597
0 0.3828125 0.44947735191637633 0.380859375 0.4634146341463415 0.376953125 0.4634146341463415 0.375 0.45993031358885017 0.375 0.4529616724738676 0.380859375 0.44947735191637633
0 0.4765625 0.08362369337979095 0.4765625 0.10104529616724739 0.470703125 0.10104529616724739 0.470703125 0.09059233449477352 0.474609375 0.09059233449477352 0.4765625 0.08710801393728224
0 0.650390625 0.31010452961672474 0.650390625 0.32752613240418116 0.6484375 0.3310104529616725 0.6328125 0.34843205574912894 0.625 0.34843205574912894 0.623046875 0.3519163763066202 0.607421875 0.3519163763066202 0.6015625 0.34494773519163763 0.6015625 0.3205574912891986 0.607421875 0.31010452961672474 0.611328125 0.30662020905923343 0.6171875 0.30662020905923343 0.619140625 0.30313588850174217 0.640625 0.30313588850174217 0.6484375 0.31010452961672474
0 0.302734375 0.03484320557491289 0.3125 0.03484320557491289 0.31640625 0.03832752613240418 0.31640625 0.04529616724738676 0.314453125 0.04878048780487805 0.302734375 0.04529616724738676 0.302734375 0.03832752613240418
0 0.646484375 0.4181184668989547 0.65234375 0.4181184668989547 0.65234375 0.46689895470383275 0.650390625 0.4634146341463415 0.642578125 0.4634146341463415 0.638671875 0.4564459930313589 0.630859375 0.4529616724738676 0.634765625 0.44947735191637633 0.63671875 0.4355400696864111 0.638671875 0.4355400696864111 0.640625 0.42857142857142855 0.646484375 0.42160278745644597
0 0.552734375 0.020905923344947737 0.556640625 0.041811846689895474 0.564453125 0.05574912891986063 0.578125 0.0627177700348432 0.580078125 0.06968641114982578 0.61328125 0.06968641114982578 0.615234375 0.06620209059233449 0.615234375 0.059233449477351915 0.615234375 0.06968641114982578 0.609375 0.08013937282229965 0.609375 0.08362369337979095 0.599609375 0.0975609756097561 0.58203125 0.10104529616724739 0.580078125 0.10452961672473868 0.560546875 0.10452961672473868 0.55859375 0.10104529616724739 0.5546875 0.10104529616724739 0.55078125 0.09059233449477352 0.55078125 0.027874564459930314 0.552734375 0.024390243902439025
0 0.451171875 0.04878048780487805 0.451171875 0.059233449477351915 0.44921875 0.0627177700348432 0.4453125 0.0627177700348432 0.4375 0.05574912891986063 0.4375 0.05226480836236934 0.4453125 0.05226480836236934 0.44921875 0.04878048780487805
0 0.484375 0.4808362369337979 0.484375 0.5052264808362369 0.470703125 0.5052264808362369 0.470703125 0.4878048780487805 0.482421875 0.4843205574912892
0 0.515625 0.5121951219512195 0.521484375 0.5121951219512195 0.521484375 0.5156794425087108 0.525390625 0.5226480836236934 0.53125 0.5261324041811847 0.533203125 0.5331010452961672 0.533203125 0.5714285714285714 0.5234375 0.5714285714285714 0.51953125 0.5679442508710801 0.51953125 0.5644599303135889 0.515625 0.5609756097560976 0.515625 0.554006968641115 0.51953125 0.5505226480836237 0.51953125 0.5226480836236934 0.515625 0.519163763066202 0.515625 0.5156794425087108
0 0.427734375 0.11846689895470383 0.435546875 0.11846689895470383 0.435546875 0.13588850174216027 0.421875 0.13588850174216027 0.421875 0.1289198606271777 0.427734375 0.12195121951219512
0 0.30244755244755245 0.4511910853374268 0.012852381993006992 0.020118093288824995
0 0.509765625 0.8780487804878049 0.517578125 0.8780487804878049 0.517578125 0.9163763066202091 0.505859375 0.9163763066202091 0.50390625 0.9094076655052264 0.5 0.9059233449477352 0.50390625 0.9024390243902439 0.505859375 0.8850174216027874 0.509765625 0.8815331010452961
0 0.630859375 0.710801393728223 0.65234375 0.710801393728223 0.65234375 0.8327526132404182 0.640625 0.8292682926829268 0.63671875 0.8153310104529616 0.6328125 0.8118466898954704 0.6328125 0.759581881533101 0.63671875 0.7560975609756098 0.63671875 0.7317073170731707 0.6328125 0.7282229965156795 0.630859375 0.7142857142857143
0 0.53515625 0.06620209059233449 0.541015625 0.06620209059233449 0.541015625 0.08362369337979095 0.53515625 0.08362369337979095 0.533203125 0.08710801393728224 0.53125 0.08362369337979095 0.52734375 0.08362369337979095 0.52734375 0.07665505226480836 0.53515625 0.06968641114982578
0 0.3203125 0.4355400696864111 0.322265625 0.4355400696864111 0.32421875 0.4425087108013937 0.330078125 0.445993031358885 0.330078125 0.4808362369337979 0.3203125 0.4808362369337979 0.31640625 0.47735191637630664 0.31640625 0.44947735191637633 0.3203125 0.445993031358885 0.3203125 0.43902439024390244
0 0.462890625 0.5609756097560976 0.46484375 0.5609756097560976 0.466796875 0.554006968641115 0.474609375 0.554006968641115 0.4765625 0.5609756097560976 0.4765625 0.5714285714285714 0.474609375 0.5749128919860628 0.462890625 0.5714285714285714 0.462890625 0.5644599303135889