0 0.716796875 0.1875 0.724609375 0.19444444444444445 0.73046875 0.19444444444444445 0.734375 0.2013888888888889 0.734375 0.20833333333333334 0.7109375 0.2048611111111111 0.708984375 0.2013888888888889 0.701171875 0.2013888888888889 0.69921875 0.19791666666666666 0.693359375 0.19791666666666666 0.689453125 0.19444444444444445 0.689453125 0.1909722222222222 0.6953125 0.1840277777777778 0.708984375 0.1840277777777778 0.7109375 0.1875 0.71484375 0.1875
0 0.783203125 0.34375 0.78515625 0.3472222222222222 0.794921875 0.3472222222222222 0.794921875 0.3576388888888889 0.74609375 0.3576388888888889 0.744140625 0.3506944444444444 0.75 0.34375 0.759765625 0.34375 0.76171875 0.3402777777777778 0.765625 0.34375 0.78125 0.34375
0 0.375 0.18055555555555555 0.380859375 0.18055555555555555 0.38671875 0.1909722222222222 0.392578125 0.19444444444444445 0.396484375 0.2013888888888889 0.396484375 0.21180555555555555 0.392578125 0.21180555555555555 0.38671875 0.2048611111111111 0.380859375 0.2048611111111111 0.375 0.19791666666666666 0.375 0.1840277777777778
0 0.89609375 0.26805555555555555 0.0234375 0.036111111111111115
0 0.17578125 0.3125 0.18359375 0.3298611111111111 0.18359375 0.34375 0.17578125 0.3576388888888889 0.16015625 0.3576388888888889 0.15625 0.3541666666666667 0.15234375 0.34375 0.15234375 0.3333333333333333 0.15625 0.3194444444444444 0.16015625 0.3194444444444444 0.1640625 0.3125 0.173828125 0.3125
0 0.8671875 0.2986111111111111 0.875 0.3055555555555556 0.88671875 0.3055555555555556 0.890625 0.3159722222222222 0.890625 0.3229166666666667 0.884765625 0.3298611111111111 0.880859375 0.3298611111111111 0.873046875 0.3194444444444444 0.865234375 0.3159722222222222 0.859375 0.3090277777777778 0.85546875 0.2986111111111111 0.857421875 0.2951388888888889 0.86328125 0.2951388888888889 0.865234375 0.2986111111111111
0 0.873046875 0.34375 0.876953125 0.3333333333333333 0.90234375 0.3333333333333333 0.904296875 0.3368055555555556 0.904296875 0.3472222222222222 0.900390625 0.3506944444444444 0.8828125 0.3506944444444444 0.880859375 0.3472222222222222 0.875 0.3472222222222222
0 0.375 0.18055555555555555 0.380859375 0.18055555555555555 0.38671875 0.1909722222222222 0.392578125 0.19444444444444445 0.396484375 0.2013888888888889 0.396484375 0.20833333333333334 0.39453125 0.21180555555555555 0.38671875 0.2048611111111111 0.380859375 0.2048611111111111 0.375 0.19791666666666666 0.375 0.1840277777777778
0 0.84375 0.4479166666666667 0.86328125 0.4375 0.857421875 0.4548611111111111 0.8515625 0.4583333333333333 0.84765625 0.46875 0.84375 0.46875 0.8359375 0.4791666666666667 0.830078125 0.4791666666666667 0.828125 0.4722222222222222 0.8359375 0.4583333333333333 0.84375 0.4513888888888889
0 0.841796875 0.17708333333333334 0.84375 0.16319444444444445 0.853515625 0.14930555555555555 0.859375 0.14930555555555555 0.857421875 0.16319444444444445 0.85546875 0.16319444444444445 0.849609375 0.1736111111111111 0.849609375 0.17708333333333334 0.84375 0.17708333333333334
0 0.984375 0.17708333333333334 0.986328125 0.18055555555555555 0.9921875 0.18055555555555555 0.99609375 0.1840277777777778 0.998046875 0.1909722222222222 0.998046875 0.22569444444444445 0.98046875 0.2222222222222222 0.978515625 0.21875 0.958984375 0.21875 0.953125 0.21180555555555555 0.951171875 0.2048611111111111 0.953125 0.1909722222222222 0.96875 0.18055555555555555 0.982421875 0.18055555555555555