0 0.263671875 0.2847222222222222 0.265625 0.2777777777777778 0.271484375 0.2777777777777778 0.279296875 0.2708333333333333 0.28515625 0.2708333333333333 0.30859375 0.24305555555555555 0.3125 0.24305555555555555 0.314453125 0.23958333333333334 0.341796875 0.2361111111111111 0.361328125 0.21180555555555555 0.361328125 0.21875 0.341796875 0.25 0.330078125 0.28125 0.314453125 0.3090277777777778 0.291015625 0.3368055555555556 0.2734375 0.3402777777777778 0.26953125 0.3506944444444444 0.26953125 0.3715277777777778 0.267578125 0.3715277777777778 0.263671875 0.3576388888888889 0.255859375 0.3506944444444444 0.255859375 0.34375 0.259765625 0.3402777777777778 0.26953125 0.3194444444444444 0.26953125 0.3055555555555556 0.275390625 0.2916666666666667 0.2734375 0.2847222222222222 0.265625 0.2847222222222222
0 0.39453125 0.03819444444444445 0.404296875 0.03819444444444445 0.40625 0.034722222222222224 0.439453125 0.034722222222222224 0.451171875 0.052083333333333336 0.45703125 0.06944444444444445 0.470703125 0.09722222222222222 0.48828125 0.11805555555555555 0.46875 0.1076388888888889 0.466796875 0.10416666666666667 0.4453125 0.10069444444444445 0.443359375 0.09722222222222222 0.435546875 0.09722222222222222 0.43359375 0.09375 0.423828125 0.09027777777777778 0.404296875 0.06597222222222222 0.396484375 0.052083333333333336 0.39453125 0.041666666666666664
0 0.69921875 0.9965277777777778 0.701171875 0.9826388888888888 0.70703125 0.9722222222222222 0.7109375 0.9722222222222222 0.712890625 0.96875 0.73828125 0.96875 0.7421875 0.9791666666666666 0.736328125 0.9826388888888888 0.73046875 0.9965277777777778 0.701171875 0.9965277777777778
0 0.673828125 0.059027777777777776 0.677734375 0.0625 0.677734375 0.07291666666666667 0.66796875 0.1111111111111111 0.662109375 0.12152777777777778 0.658203125 0.13541666666666666 0.65625 0.13541666666666666 0.654296875 0.1423611111111111 0.638671875 0.1701388888888889 0.626953125 0.18055555555555555 0.61328125 0.2048611111111111 0.609375 0.2048611111111111 0.61328125 0.1909722222222222 0.619140625 0.18055555555555555 0.623046875 0.16666666666666666 0.625 0.14930555555555555 0.640625 0.10069444444444445 0.6640625 0.05555555555555555 0.669921875 0.05555555555555555 0.671875 0.059027777777777776
0 0.771484375 0.9340277777777778 0.7734375 0.9375 0.78125 0.9375 0.791015625 0.9479166666666666 0.806640625 0.9791666666666666 0.8046875 0.9930555555555556 0.802734375 0.9965277777777778 0.765625 0.9965277777777778 0.763671875 0.9930555555555556 0.7578125 0.9930555555555556 0.748046875 0.9791666666666666 0.744140625 0.9791666666666666 0.740234375 0.96875 0.744140625 0.9583333333333334 0.75 0.9548611111111112 0.7578125 0.9409722222222222 0.76953125 0.9375
0 0.177734375 0.8506944444444444 0.185546875 0.8576388888888888 0.208984375 0.9027777777777778 0.220703125 0.9444444444444444 0.22265625 0.9652777777777778 0.224609375 0.96875 0.224609375 0.9791666666666666 0.232421875 0.9930555555555556 0.232421875 0.9965277777777778 0.224609375 0.9965277777777778 0.212890625 0.9826388888888888 0.208984375 0.9826388888888888 0.1953125 0.9722222222222222 0.177734375 0.9409722222222222 0.171875 0.9201388888888888 0.169921875 0.8993055555555556 0.1640625 0.8854166666666666 0.16796875 0.8715277777777778 0.177734375 0.8715277777777778 0.1796875 0.8680555555555556 0.177734375 0.8541666666666666
0 0.796875 0.034722222222222224 0.80078125 0.03125 0.833984375 0.03125 0.8359375 0.034722222222222224 0.841796875 0.034722222222222224 0.841796875 0.03819444444444445 0.833984375 0.052083333333333336 0.822265625 0.0625 0.80859375 0.0625 0.806640625 0.059027777777777776 0.802734375 0.059027777777777776 0.798828125 0.052083333333333336 0.796875 0.03819444444444445
0 0.24609375 0.034722222222222224 0.251953125 0.03819444444444445 0.255859375 0.052083333333333336 0.255859375 0.059027777777777776 0.259765625 0.06944444444444445 0.26171875 0.09375 0.2734375 0.13194444444444445 0.2734375 0.13541666666666666 0.26953125 0.13541666666666666 0.2578125 0.11805555555555555 0.2578125 0.1111111111111111 0.248046875 0.0763888888888889 0.248046875 0.06597222222222222 0.24609375 0.0625 0.24609375 0.03819444444444445
0 0.779296875 0.9375 0.791015625 0.9479166666666666 0.8046875 0.9756944444444444 0.818359375 0.9756944444444444 0.81640625 0.9791666666666666 0.810546875 0.9791666666666666 0.802734375 0.9965277777777778 0.76171875 0.9965277777777778 0.759765625 0.9930555555555556 0.755859375 0.9930555555555556 0.751953125 0.9826388888888888 0.73828125 0.9826388888888888 0.732421875 0.9930555555555556 0.732421875 0.9965277777777778 0.69921875 0.9965277777777778 0.703125 0.9791666666666666 0.70703125 0.9722222222222222 0.712890625 0.9722222222222222 0.71484375 0.96875 0.73046875 0.96875 0.751953125 0.9513888888888888 0.75390625 0.9444444444444444 0.7578125 0.9409722222222222 0.76171875 0.9409722222222222 0.76953125 0.9340277777777778 0.77734375 0.9375
0 0.46875 0.027777777777777776 0.470703125 0.03125 0.470703125 0.03819444444444445 0.4609375 0.059027777777777776 0.455078125 0.059027777777777776 0.453125 0.05555555555555555 0.453125 0.04513888888888889 0.4609375 0.03125 0.466796875 0.027777777777777776
0 0.423828125 0.09722222222222222 0.4296875 0.10416666666666667 0.435546875 0.10416666666666667 0.447265625 0.11458333333333333 0.458984375 0.13194444444444445 0.462890625 0.13194444444444445 0.46484375 0.13541666666666666 0.486328125 0.13541666666666666 0.486328125 0.1388888888888889 0.484375 0.1423611111111111 0.46875 0.1423611111111111 0.466796875 0.14583333333333334 0.458984375 0.14583333333333334 0.447265625 0.15625 0.443359375 0.15625 0.435546875 0.16319444444444445 0.4296875 0.16319444444444445 0.4140625 0.17708333333333334 0.36328125 0.17708333333333334 0.361328125 0.1736111111111111 0.35546875 0.1736111111111111 0.341796875 0.1597222222222222 0.3359375 0.1597222222222222 0.33203125 0.14930555555555555 0.33203125 0.1388888888888889 0.345703125 0.13194444444444445 0.349609375 0.125 0.36328125 0.11805555555555555 0.3671875 0.1111111111111111 0.37109375 0.1111111111111111 0.373046875 0.1076388888888889 0.37890625 0.1076388888888889 0.380859375 0.10416666666666667 0.392578125 0.10416666666666667 0.39453125 0.10069444444444445 0.40234375 0.10069444444444445 0.404296875 0.09722222222222222 0.421875 0.09722222222222222
0 0.76171875 0.3298611111111111 0.7734375 0.3298611111111111 0.775390625 0.3333333333333333 0.783203125 0.3333333333333333 0.791015625 0.3402777777777778 0.80078125 0.3402777777777778 0.810546875 0.3472222222222222 0.818359375 0.3472222222222222 0.8203125 0.3506944444444444 0.8359375 0.3576388888888889 0.869140625 0.3888888888888889 0.880859375 0.3923611111111111 0.8828125 0.3958333333333333 0.9140625 0.3958333333333333 0.916015625 0.4027777777777778 0.912109375 0.40625 0.873046875 0.40625 0.87109375 0.4097222222222222 0.861328125 0.4097222222222222 0.859375 0.4131944444444444 0.85546875 0.4131944444444444 0.84765625 0.4201388888888889 0.841796875 0.4201388888888889 0.83984375 0.4236111111111111 0.798828125 0.4236111111111111 0.796875 0.4201388888888889 0.78515625 0.4201388888888889 0.783203125 0.4166666666666667 0.771484375 0.4131944444444444 0.765625 0.40625 0.76171875 0.40625 0.740234375 0.3854166666666667 0.734375 0.3854166666666667 0.728515625 0.3923611111111111 0.724609375 0.3923611111111111 0.72265625 0.3888888888888889 0.72265625 0.3715277777777778 0.73828125 0.3680555555555556 0.75390625 0.3472222222222222 0.765625 0.3472222222222222 0.76953125 0.3402777777777778 0.763671875 0.3333333333333333
0 0.267578125 0.8055555555555556 0.271484375 0.8090277777777778 0.283203125 0.8402777777777778 0.2890625 0.8645833333333334 0.29296875 0.8715277777777778 0.29296875 0.8784722222222222 0.30078125 0.90625 0.302734375 0.9513888888888888 0.3046875 0.9583333333333334 0.3203125 0.9861111111111112 0.322265625 0.9930555555555556 0.318359375 0.9965277777777778 0.31640625 0.9930555555555556 0.3125 0.9930555555555556 0.302734375 0.9722222222222222 0.291015625 0.9618055555555556 0.287109375 0.9618055555555556 0.279296875 0.9513888888888888 0.275390625 0.9513888888888888 0.267578125 0.9375 0.265625 0.9375 0.25 0.8958333333333334 0.248046875 0.8888888888888888 0.248046875 0.8611111111111112 0.24609375 0.8576388888888888 0.248046875 0.8541666666666666 0.248046875 0.8402777777777778 0.244140625 0.8298611111111112 0.244140625 0.8229166666666666 0.24609375 0.8159722222222222 0.251953125 0.8090277777777778 0.2578125 0.8263888888888888 0.267578125 0.8263888888888888 0.26953125 0.8229166666666666 0.267578125 0.8090277777777778
0 0.8046875 0.1111111111111111 0.8203125 0.1111111111111111 0.82421875 0.11805555555555555 0.83203125 0.12152777777777778 0.837890625 0.1423611111111111 0.84765625 0.1597222222222222 0.84765625 0.16666666666666666 0.828125 0.1423611111111111 0.8125 0.13194444444444445 0.8046875 0.11805555555555555 0.8046875 0.11458333333333333