0 0.322265625 0.09375 0.328125 0.09722222222222222 0.33203125 0.1076388888888889 0.345703125 0.11805555555555555 0.357421875 0.1388888888888889 0.361328125 0.1527777777777778 0.37109375 0.16666666666666666 0.37109375 0.1701388888888889 0.359375 0.1701388888888889 0.353515625 0.17708333333333334 0.34375 0.18055555555555555 0.328125 0.1701388888888889 0.32421875 0.1527777777777778 0.31640625 0.1423611111111111 0.302734375 0.14583333333333334 0.30078125 0.1423611111111111 0.30078125 0.13541666666666666 0.302734375 0.13194444444444445 0.3046875 0.11458333333333333 0.30859375 0.1111111111111111 0.314453125 0.12152777777777778 0.3203125 0.12152777777777778 0.326171875 0.1076388888888889 0.32421875 0.09722222222222222
0 0.744140625 0.041666666666666664 0.75390625 0.041666666666666664 0.755859375 0.04513888888888889 0.783203125 0.041666666666666664 0.791015625 0.052083333333333336 0.791015625 0.059027777777777776 0.80078125 0.0798611111111111 0.80078125 0.08333333333333333 0.79296875 0.08333333333333333 0.791015625 0.0798611111111111 0.78125 0.0798611111111111 0.779296875 0.0763888888888889 0.767578125 0.07291666666666667 0.759765625 0.0625 0.755859375 0.0625 0.744140625 0.04513888888888889
0 0.716796875 0.8472222222222222 0.724609375 0.8576388888888888 0.728515625 0.8715277777777778 0.728515625 0.8854166666666666 0.736328125 0.9131944444444444 0.736328125 0.9201388888888888 0.734375 0.9236111111111112 0.7265625 0.9236111111111112 0.720703125 0.9131944444444444 0.71875 0.9131944444444444 0.7109375 0.8993055555555556 0.70703125 0.8854166666666666 0.705078125 0.8541666666666666 0.71484375 0.8472222222222222
0 0.40234375 0 0.451171875 0 0.453125 0.010416666666666666 0.470703125 0.05555555555555555 0.470703125 0.0625 0.4609375 0.0625 0.458984375 0.059027777777777776 0.4453125 0.05555555555555555 0.43359375 0.04513888888888889 0.4296875 0.04513888888888889 0.42578125 0.03819444444444445 0.4140625 0.027777777777777776 0.40234375 0.003472222222222222
0 0.6953125 0.1701388888888889 0.697265625 0.1736111111111111 0.7265625 0.1736111111111111 0.732421875 0.18055555555555555 0.74609375 0.1875 0.7578125 0.2013888888888889 0.767578125 0.20833333333333334 0.78125 0.2361111111111111 0.783203125 0.2361111111111111 0.7890625 0.2465277777777778 0.806640625 0.2604166666666667 0.806640625 0.2673611111111111 0.80078125 0.2673611111111111 0.7890625 0.2569444444444444 0.783203125 0.2569444444444444 0.7734375 0.25 0.765625 0.25 0.763671875 0.2465277777777778 0.75390625 0.2465277777777778 0.751953125 0.25 0.751953125 0.2604166666666667 0.75 0.2673611111111111 0.748046875 0.2673611111111111 0.74609375 0.2465277777777778 0.744140625 0.24305555555555555 0.73828125 0.23958333333333334 0.734375 0.2326388888888889 0.7265625 0.22916666666666666 0.720703125 0.21875 0.71484375 0.2152777777777778 0.708984375 0.2048611111111111 0.70703125 0.2048611111111111 0.697265625 0.1875 0.6875 0.18055555555555555 0.68359375 0.1736111111111111 0.6875 0.1701388888888889 0.693359375 0.1701388888888889
0 0.4140625 0.034722222222222224 0.416015625 0.03819444444444445 0.419921875 0.03819444444444445 0.427734375 0.04861111111111111 0.431640625 0.04861111111111111 0.4453125 0.059027777777777776 0.451171875 0.06597222222222222 0.451171875 0.06944444444444445 0.45703125 0.0798611111111111 0.45703125 0.09027777777777778 0.4453125 0.1111111111111111 0.419921875 0.1076388888888889 0.41796875 0.10416666666666667 0.40625 0.10069444444444445 0.390625 0.08680555555555555 0.38671875 0.0798611111111111 0.376953125 0.07291666666666667 0.3671875 0.059027777777777776 0.36328125 0.059027777777777776 0.357421875 0.052083333333333336 0.34765625 0.052083333333333336 0.34765625 0.04513888888888889 0.35546875 0.03819444444444445 0.36328125 0.03819444444444445 0.365234375 0.034722222222222224 0.37890625 0.034722222222222224 0.380859375 0.03125 0.38671875 0.03125 0.388671875 0.034722222222222224 0.412109375 0.034722222222222224
0 0.181640625 0 0.22265625 0 0.21875 0.003472222222222222 0.212890625 0.003472222222222222 0.2109375 0 0.208984375 0.003472222222222222 0.208984375 0.020833333333333332 0.1953125 0.017361111111111112 0.19140625 0.010416666666666666 0.1875 0.010416666666666666 0.181640625 0.003472222222222222
0 0.341796875 0 0.388671875 0 0.40234375 0.020833333333333332 0.408203125 0.024305555555555556 0.408203125 0.03125 0.3984375 0.03125 0.392578125 0.024305555555555556 0.375 0.020833333333333332 0.373046875 0.017361111111111112 0.36328125 0.017361111111111112 0.361328125 0.013888888888888888 0.341796875 0.003472222222222222
0 0.6796875 0.9166666666666666 0.685546875 0.9166666666666666 0.69140625 0.9270833333333334 0.693359375 0.9270833333333334 0.701171875 0.9479166666666666 0.701171875 0.9618055555555556 0.69921875 0.9652777777777778 0.689453125 0.9652777777777778 0.681640625 0.9513888888888888 0.677734375 0.9375 0.677734375 0.9236111111111112 0.6796875 0.9201388888888888
0 0.697265625 0.9097222222222222 0.703125 0.9166666666666666 0.712890625 0.9166666666666666 0.720703125 0.9236111111111112 0.728515625 0.9375 0.73046875 0.9513888888888888 0.740234375 0.9756944444444444 0.740234375 0.9895833333333334 0.734375 0.9895833333333334 0.72265625 0.9791666666666666 0.71484375 0.9652777777777778 0.703125 0.9340277777777778 0.703125 0.9270833333333334 0.69921875 0.9201388888888888 0.69921875 0.9131944444444444
0 0.541015625 0.027777777777777776 0.544921875 0.041666666666666664 0.533203125 0.059027777777777776 0.51953125 0.09375 0.50390625 0.1076388888888889 0.5 0.11458333333333333 0.482421875 0.1284722222222222 0.451171875 0.1284722222222222 0.44921875 0.13194444444444445 0.4453125 0.13194444444444445 0.4375 0.1388888888888889 0.431640625 0.1388888888888889 0.4296875 0.1423611111111111 0.42578125 0.1423611111111111 0.423828125 0.1388888888888889 0.431640625 0.13194444444444445 0.435546875 0.13194444444444445 0.44140625 0.125 0.458984375 0.09027777777777778 0.458984375 0.08680555555555555 0.47265625 0.0625 0.474609375 0.0625 0.4765625 0.05555555555555555 0.49609375 0.03819444444444445 0.5 0.03125 0.505859375 0.027777777777777776 0.51171875 0.03819444444444445 0.5234375 0.03819444444444445 0.525390625 0.041666666666666664 0.533203125 0.041666666666666664 0.5390625 0.03125
0 0.8984375 0.11458333333333333 0.904296875 0.12152777777777778 0.908203125 0.13541666666666666 0.916015625 0.14930555555555555 0.91796875 0.1597222222222222 0.947265625 0.2152777777777778 0.970703125 0.2951388888888889 0.9765625 0.3055555555555556 0.978515625 0.3055555555555556 0.978515625 0.3090277777777778 0.984375 0.3194444444444444 0.998046875 0.3368055555555556 0.998046875 0.34375 0.9921875 0.34375 0.974609375 0.3229166666666667 0.96875 0.3125 0.921875 0.2777777777777778 0.89453125 0.2361111111111111 0.89453125 0.2326388888888889 0.88671875 0.21875 0.87890625 0.19791666666666666 0.8671875 0.1527777777777778 0.861328125 0.1423611111111111 0.85546875 0.1388888888888889 0.853515625 0.13541666666666666 0.853515625 0.1284722222222222 0.85546875 0.12152777777777778 0.86328125 0.11805555555555555 0.87109375 0.13194444444444445 0.888671875 0.13194444444444445 0.896484375 0.1388888888888889 0.90234375 0.1388888888888889 0.904296875 0.13541666666666666 0.8984375 0.11805555555555555
0 0 0 0.025390625 0 0.037109375 0.03125 0.041015625 0.034722222222222224 0.048828125 0.059027777777777776 0.06640625 0.08333333333333333 0.06640625 0.08680555555555555 0.064453125 0.08680555555555555 0.052734375 0.07291666666666667 0.04296875 0.06944444444444445 0.041015625 0.06597222222222222 0.03515625 0.06597222222222222 0.033203125 0.0625 0.02734375 0.0625 0.015625 0.052083333333333336 0.005859375 0.034722222222222224 0 0.03125 0 0.003472222222222222
0 0.44140625 0.9270833333333334 0.443359375 0.9270833333333334 0.447265625 0.9375 0.4453125 0.9618055555555556 0.447265625 0.9652777777777778 0.447265625 0.9756944444444444 0.44921875 0.9791666666666666 0.44921875 0.9895833333333334 0.451171875 0.9965277777777778 0.42578125 0.9965277777777778 0.42578125 0.9479166666666666 0.423828125 0.9444444444444444 0.42578125 0.9375 0.42578125 0.9479166666666666 0.427734375 0.9548611111111112 0.4296875 0.9583333333333334 0.43359375 0.9583333333333334 0.4375 0.9513888888888888 0.44140625 0.9375 0.44140625 0.9305555555555556