0 0.611328125 0.6132404181184669 0.615234375 0.6167247386759582 0.615234375 0.6306620209059234 0.619140625 0.6411149825783972 0.619140625 0.6585365853658537 0.615234375 0.6724738675958188 0.611328125 0.6759581881533101 0.60546875 0.6759581881533101 0.607421875 0.6724738675958188 0.60546875 0.6655052264808362 0.60546875 0.6515679442508711 0.607421875 0.6480836236933798 0.609375 0.6167247386759582
0 0.458984375 0.3867595818815331 0.46484375 0.3867595818815331 0.46875 0.3832752613240418 0.474609375 0.3902439024390244 0.47265625 0.397212543554007 0.46875 0.3902439024390244 0.462890625 0.3902439024390244 0.4609375 0.3867595818815331
0 0.466796875 0.4181184668989547 0.46875 0.4181184668989547 0.46875 0.4250871080139373 0.470703125 0.42857142857142855 0.470703125 0.43902439024390244 0.46875 0.43902439024390244 0.466796875 0.43205574912891986 0.466796875 0.42160278745644597
0 0.560546875 0.9442508710801394 0.5625 0.9442508710801394 0.5625 0.9512195121951219 0.564453125 0.9547038327526133 0.564453125 0.9721254355400697 0.56640625 0.975609756097561 0.56640625 0.9895470383275261 0.564453125 0.9965156794425087 0.560546875 0.9965156794425087 0.560546875 0.9477351916376306
0 0.53125 0.059233449477351915 0.541015625 0.06968641114982578 0.55078125 0.07317073170731707 0.556640625 0.08013937282229965 0.560546875 0.08710801393728224 0.5625 0.10104529616724739 0.55859375 0.10104529616724739 0.5546875 0.09407665505226481 0.537109375 0.09059233449477352 0.52734375 0.08362369337979095 0.5234375 0.07665505226480836 0.5234375 0.0627177700348432 0.529296875 0.059233449477351915
0 0.6015625 0.7177700348432056 0.6015625 0.7317073170731707 0.60546875 0.7491289198606271 0.60546875 0.759581881533101 0.603515625 0.7630662020905923 0.603515625 0.7735191637630662 0.6015625 0.7804878048780488 0.59375 0.7909407665505227 0.587890625 0.7839721254355401 0.587890625 0.7526132404181185 0.599609375 0.7282229965156795 0.599609375 0.7212543554006968
0 0.638671875 0.9407665505226481 0.638671875 0.9477351916376306 0.640625 0.9512195121951219 0.640625 0.9686411149825784 0.638671875 0.9686411149825784 0.63671875 0.9581881533101045 0.6328125 0.9547038327526133 0.6328125 0.9477351916376306 0.63671875 0.9442508710801394
0 0.474609375 0.08013937282229965 0.4765625 0.08013937282229965 0.478515625 0.08710801393728224 0.482421875 0.08710801393728224 0.484375 0.09059233449477352 0.490234375 0.08710801393728224 0.484375 0.10801393728222997 0.484375 0.11846689895470383 0.486328125 0.12195121951219512 0.486328125 0.16376306620209058 0.482421875 0.17770034843205576 0.4765625 0.18815331010452963 0.46484375 0.1916376306620209 0.462890625 0.18466898954703834 0.462890625 0.156794425087108 0.4609375 0.14982578397212543 0.466796875 0.14285714285714285 0.470703125 0.1254355400696864 0.48046875 0.10452961672473868 0.48046875 0.10104529616724739 0.474609375 0.09059233449477352 0.474609375 0.08362369337979095
0 0.662109375 0.14285714285714285 0.662109375 0.17770034843205576 0.66015625 0.18118466898954705 0.65625 0.17770034843205576 0.658203125 0.17421602787456447 0.658203125 0.15331010452961671 0.66015625 0.15331010452961671 0.662109375 0.14634146341463414
0 0.4765625 0.34146341463414637 0.486328125 0.34146341463414637 0.486328125 0.3588850174216028 0.484375 0.3588850174216028 0.48046875 0.34843205574912894 0.4765625 0.34494773519163763
0 0.49609375 0.8327526132404182 0.498046875 0.8466898954703833 0.490234375 0.8432055749128919 0.490234375 0.8327526132404182 0.4921875 0.8292682926829268 0.494140625 0.8327526132404182
0 0.58203125 0.6062717770034843 0.5859375 0.6062717770034843 0.5859375 0.6132404181184669 0.591796875 0.627177700348432 0.591796875 0.6480836236933798 0.59375 0.6515679442508711 0.591796875 0.7003484320557491 0.595703125 0.710801393728223 0.58203125 0.7073170731707317 0.587890625 0.6933797909407665 0.583984375 0.6829268292682927 0.58203125 0.6585365853658537 0.578125 0.6480836236933798 0.580078125 0.6411149825783972 0.580078125 0.6167247386759582 0.58203125 0.6097560975609756
0 0.4609375 0.4564459930313589 0.46484375 0.4564459930313589 0.46875 0.46689895470383275 0.46875 0.4738675958188153 0.46875 0.47038327526132406 0.462890625 0.45993031358885017 0.4609375 0.45993031358885017
0 0.4765625 0.42160278745644597 0.478515625 0.42160278745644597 0.48046875 0.42857142857142855 0.48046875 0.445993031358885 0.48046875 0.4355400696864111 0.4765625 0.4250871080139373
0 0.490234375 0.40069686411149824 0.498046875 0.42160278745644597 0.498046875 0.42857142857142855 0.494140625 0.4250871080139373 0.494140625 0.4181184668989547 0.490234375 0.41114982578397213 0.490234375 0.40418118466898956
0 0.541015625 0.8954703832752613 0.5390625 0.8815331010452961 0.53515625 0.8710801393728222 0.533203125 0.8362369337979094 0.5390625 0.8571428571428571 0.5390625 0.867595818815331 0.54296875 0.8815331010452961 0.54296875 0.89198606271777
0 0.513671875 0.8745644599303136 0.513671875 0.8780487804878049 0.517578125 0.8815331010452961 0.5234375 0.8954703832752613 0.5234375 0.926829268292683 0.51953125 0.9163763066202091 0.515625 0.9128919860627178 0.51171875 0.8850174216027874 0.505859375 0.8780487804878049 0.51171875 0.8745644599303136
0 0.478515625 0.7874564459930313 0.482421875 0.7874564459930313 0.48828125 0.8048780487804879 0.484375 0.8048780487804879 0.478515625 0.794425087108014 0.478515625 0.7909407665505227
0 0.482421875 0.8257839721254355 0.48828125 0.8257839721254355 0.48828125 0.8327526132404182 0.490234375 0.8362369337979094 0.490234375 0.8432055749128919 0.486328125 0.8397212543554007 0.486328125 0.8327526132404182 0.482421875 0.8292682926829268
0 0.328125 0.24390243902439024 0.326171875 0.27526132404181186 0.32421875 0.2787456445993031 0.3203125 0.2787456445993031 0.318359375 0.2857142857142857 0.31640625 0.2787456445993031 0.31640625 0.2613240418118467 0.318359375 0.2613240418118467 0.3203125 0.25435540069686413 0.326171875 0.24738675958188153
0 0.458984375 0.3902439024390244 0.46484375 0.39372822299651566 0.46875 0.4076655052264808 0.46875 0.4146341463414634 0.46484375 0.4146341463414634 0.466796875 0.41114982578397213 0.4609375 0.39372822299651566
0 0.50390625 0.42160278745644597 0.505859375 0.42160278745644597 0.505859375 0.42857142857142855 0.517578125 0.445993031358885 0.517578125 0.4564459930313589 0.513671875 0.4564459930313589 0.513671875 0.4529616724738676 0.509765625 0.44947735191637633 0.5078125 0.43902439024390244 0.50390625 0.43205574912891986 0.5 0.43205574912891986 0.5 0.42857142857142855 0.50390625 0.4250871080139373
0 0.490234375 0.7804878048780488 0.494140625 0.7804878048780488 0.498046875 0.7909407665505227 0.498046875 0.794425087108014 0.494140625 0.7979094076655052 0.490234375 0.7839721254355401
0 0.615234375 0.1254355400696864 0.6171875 0.1254355400696864 0.6171875 0.15331010452961671 0.615234375 0.156794425087108 0.61328125 0.17770034843205576 0.609375 0.17770034843205576 0.611328125 0.17421602787456447 0.611328125 0.14982578397212543 0.61328125 0.14634146341463414 0.615234375 0.1289198606271777
0 0.5078125 0.47735191637630664 0.513671875 0.47735191637630664 0.515625 0.4843205574912892 0.515625 0.49825783972125437 0.513671875 0.49825783972125437 0.5078125 0.4912891986062718 0.5078125 0.4808362369337979
0 0.654296875 0.027874564459930314 0.66015625 0.03484320557491289 0.66015625 0.04529616724738676 0.662109375 0.04878048780487805 0.662109375 0.08013937282229965 0.662109375 0.06968641114982578 0.65625 0.05226480836236934 0.654296875 0.0313588850174216
0 0.578125 0.6759581881533101 0.580078125 0.6829268292682927 0.556640625 0.6829268292682927 0.5546875 0.686411149825784 0.546875 0.686411149825784 0.544921875 0.6794425087108014 0.576171875 0.6759581881533101
0 0.53515625 0.4076655052264808 0.541015625 0.4076655052264808 0.54296875 0.4146341463414634 0.541015625 0.42160278745644597 0.54296875 0.42857142857142855 0.54296875 0.4355400696864111 0.541015625 0.43902439024390244 0.541015625 0.45993031358885017 0.53515625 0.4529616724738676 0.53515625 0.41114982578397213
0 0.470703125 0.794425087108014 0.47265625 0.794425087108014 0.47265625 0.8048780487804879 0.474609375 0.8083623693379791 0.474609375 0.8153310104529616 0.47265625 0.8153310104529616 0.474609375 0.8083623693379791 0.470703125 0.8048780487804879 0.470703125 0.7979094076655052
0 0.548828125 0.7665505226480837 0.5546875 0.7665505226480837 0.5546875 0.7735191637630662 0.556640625 0.7770034843205574 0.556640625 0.7804878048780488 0.552734375 0.7804878048780488 0.548828125 0.7700348432055749