0 0.34375 0.40069686411149824 0.3515625 0.40069686411149824 0.353515625 0.4076655052264808 0.36328125 0.4146341463414634 0.365234375 0.42160278745644597 0.3671875 0.42160278745644597 0.369140625 0.4146341463414634 0.375 0.4146341463414634 0.380859375 0.4076655052264808 0.392578125 0.4076655052264808 0.40234375 0.4146341463414634 0.40234375 0.4181184668989547 0.408203125 0.4250871080139373 0.408203125 0.44947735191637633 0.404296875 0.445993031358885 0.40234375 0.43902439024390244 0.400390625 0.43902439024390244 0.3984375 0.445993031358885 0.380859375 0.445993031358885 0.380859375 0.4425087108013937 0.375 0.4355400696864111 0.365234375 0.4355400696864111 0.36328125 0.43902439024390244 0.36328125 0.445993031358885 0.359375 0.4529616724738676 0.353515625 0.4529616724738676 0.357421875 0.42857142857142855 0.353515625 0.42160278745644597 0.353515625 0.4146341463414634 0.34375 0.40418118466898956
0 0.5390625 0.8571428571428571 0.5390625 0.8850174216027874 0.537109375 0.8885017421602788 0.51953125 0.8885017421602788 0.517578125 0.8815331010452961 0.513671875 0.8815331010452961 0.513671875 0.8780487804878049 0.52734375 0.8710801393728222 0.529296875 0.8641114982578397 0.537109375 0.8606271777003485
0 0.318359375 0.6933797909407665 0.333984375 0.6933797909407665 0.333984375 0.7177700348432056 0.314453125 0.7177700348432056 0.314453125 0.7003484320557491 0.318359375 0.6968641114982579
0 0.5 0.07317073170731707 0.509765625 0.07317073170731707 0.509765625 0.0975609756097561 0.490234375 0.0975609756097561 0.48828125 0.09059233449477352 0.484375 0.09059233449477352 0.484375 0.08710801393728224 0.48828125 0.08710801393728224 0.490234375 0.08013937282229965 0.498046875 0.08013937282229965 0.5 0.07665505226480836
0 0.546875 0.9128919860627178 0.5546875 0.9128919860627178 0.556640625 0.9198606271777003 0.564453125 0.9233449477351916 0.5703125 0.9303135888501742 0.57421875 0.9372822299651568 0.576171875 0.9512195121951219 0.580078125 0.9547038327526133 0.58203125 0.9616724738675958 0.5859375 0.9651567944250871 0.595703125 0.9651567944250871 0.595703125 0.9721254355400697 0.587890625 0.9790940766550522 0.5859375 0.9860627177700348 0.58203125 0.9860627177700348 0.580078125 0.9790940766550522 0.548828125 0.9860627177700348 0.54296875 0.9721254355400697 0.5390625 0.9721254355400697 0.537109375 0.9651567944250871 0.52734375 0.9512195121951219 0.52734375 0.9372822299651568 0.537109375 0.9233449477351916 0.546875 0.9163763066202091
0 0.490234375 0.5505226480836237 0.494140625 0.5505226480836237 0.49609375 0.5435540069686411 0.505859375 0.5435540069686411 0.5078125 0.5505226480836237 0.51953125 0.554006968641115 0.51953125 0.5958188153310104 0.51171875 0.5958188153310104 0.5078125 0.5923344947735192 0.5078125 0.5853658536585366 0.50390625 0.5818815331010453 0.50390625 0.578397212543554 0.5 0.5749128919860628 0.498046875 0.5679442508710801 0.49609375 0.5679442508710801 0.49609375 0.5574912891986062 0.494140625 0.554006968641115 0.490234375 0.554006968641115
0 0.453125 0.445993031358885 0.46875 0.445993031358885 0.46875 0.4634146341463415 0.443359375 0.4634146341463415 0.443359375 0.45993031358885017 0.447265625 0.45993031358885017 0.44921875 0.4529616724738676 0.453125 0.44947735191637633
0 0.615234375 0.8292682926829268 0.625 0.8292682926829268 0.625 0.8745644599303136 0.607421875 0.8745644599303136 0.60546875 0.8710801393728222 0.599609375 0.8710801393728222 0.599609375 0.8466898954703833 0.615234375 0.8327526132404182
0 0.40625 0.11149825783972125 0.419921875 0.11149825783972125 0.419921875 0.11498257839721254 0.423828125 0.11846689895470383 0.423828125 0.12195121951219512 0.41015625 0.1254355400696864 0.408203125 0.12195121951219512 0.40234375 0.12195121951219512 0.40234375 0.11846689895470383 0.40625 0.11498257839721254
0 0.552734375 0.6550522648083623 0.556640625 0.6550522648083623 0.55859375 0.662020905923345 0.56640625 0.662020905923345 0.568359375 0.6655052264808362 0.587890625 0.6655052264808362 0.587890625 0.6689895470383276 0.591796875 0.6724738675958188 0.587890625 0.6759581881533101 0.587890625 0.6829268292682927 0.59375 0.6898954703832753 0.59375 0.7177700348432056 0.591796875 0.7212543554006968 0.5625 0.7212543554006968 0.556640625 0.7282229965156795 0.544921875 0.7282229965156795 0.544921875 0.7142857142857143 0.546875 0.710801393728223 0.546875 0.6689895470383276 0.548828125 0.6689895470383276 0.552734375 0.6585365853658537
0 0.65234375 0.41114982578397213 0.65234375 0.4634146341463415 0.6328125 0.4634146341463415 0.630859375 0.45993031358885017 0.626953125 0.45993031358885017 0.626953125 0.44947735191637633 0.630859375 0.44947735191637633 0.6328125 0.445993031358885 0.6328125 0.4355400696864111 0.640625 0.43205574912891986 0.642578125 0.42857142857142855 0.642578125 0.42160278745644597 0.65234375 0.4146341463414634
0 0.451171875 0.554006968641115 0.466796875 0.554006968641115 0.466796875 0.5644599303135889 0.451171875 0.5644599303135889 0.451171875 0.5574912891986062
0 0.345703125 0.05574912891986063 0.34765625 0.05574912891986063 0.349609375 0.0627177700348432 0.3515625 0.0627177700348432 0.353515625 0.05574912891986063 0.3671875 0.05574912891986063 0.369140625 0.0627177700348432 0.369140625 0.08013937282229965 0.349609375 0.08013937282229965 0.349609375 0.07665505226480836 0.345703125 0.07317073170731707 0.345703125 0.059233449477351915
0 0.3125 0.4076655052264808 0.326171875 0.4076655052264808 0.326171875 0.43205574912891986 0.3125 0.43205574912891986 0.310546875 0.4250871080139373 0.3046875 0.4250871080139373 0.3046875 0.4146341463414634 0.310546875 0.4146341463414634 0.3125 0.41114982578397213
0 0.435546875 0.49825783972125437 0.453125 0.49825783972125437 0.455078125 0.5017421602787456 0.462890625 0.5017421602787456 0.46484375 0.5087108013937283 0.46484375 0.5156794425087108 0.431640625 0.5156794425087108 0.431640625 0.5087108013937283 0.43359375 0.5087108013937283 0.435546875 0.5017421602787456
0 0.375 0.7003484320557491 0.39453125 0.7003484320557491 0.396484375 0.7073170731707317 0.400390625 0.7073170731707317 0.400390625 0.7142857142857143 0.40234375 0.7177700348432056 0.40625 0.7177700348432056 0.408203125 0.7142857142857143 0.408203125 0.7386759581881533 0.369140625 0.7386759581881533 0.365234375 0.735191637630662 0.365234375 0.7317073170731707 0.359375 0.7247386759581882 0.359375 0.7212543554006968 0.361328125 0.7212543554006968 0.365234375 0.710801393728223 0.369140625 0.710801393728223 0.375 0.7038327526132404
0 0.640625 0.04529616724738676 0.640625 0.06620209059233449 0.63671875 0.06968641114982578 0.630859375 0.08362369337979095 0.60546875 0.08362369337979095 0.6015625 0.08013937282229965 0.595703125 0.06620209059233449 0.583984375 0.0627177700348432 0.583984375 0.059233449477351915 0.58984375 0.059233449477351915 0.591796875 0.06620209059233449 0.59765625 0.06620209059233449 0.599609375 0.059233449477351915 0.62109375 0.059233449477351915 0.623046875 0.06620209059233449 0.630859375 0.06620209059233449 0.6328125 0.059233449477351915 0.640625 0.04878048780487805
0 0.33984375 0.1602787456445993 0.34375 0.1602787456445993 0.345703125 0.1672473867595819 0.349609375 0.1672473867595819 0.349609375 0.17770034843205576 0.333984375 0.17770034843205576 0.333984375 0.1672473867595819 0.337890625 0.1672473867595819 0.33984375 0.16376306620209058
0 0.591796875 0.6933797909407665 0.611328125 0.6933797909407665 0.61328125 0.7003484320557491 0.626953125 0.7003484320557491 0.62890625 0.7038327526132404 0.65234375 0.7038327526132404 0.65234375 0.8222996515679443 0.650390625 0.8222996515679443 0.6484375 0.818815331010453 0.6484375 0.8118466898954704 0.642578125 0.8048780487804879 0.642578125 0.7909407665505227 0.640625 0.7839721254355401 0.634765625 0.7735191637630662 0.625 0.7630662020905923 0.611328125 0.7560975609756098 0.60546875 0.7491289198606271 0.603515625 0.7421602787456446 0.599609375 0.7421602787456446 0.595703125 0.7317073170731707 0.591796875 0.7317073170731707 0.587890625 0.7247386759581882 0.578125 0.7177700348432056 0.58203125 0.7073170731707317 0.591796875 0.6968641114982579
0 0.326171875 0.4425087108013937 0.328125 0.4425087108013937 0.330078125 0.44947735191637633 0.34375 0.44947735191637633 0.34765625 0.4529616724738676 0.34765625 0.46689895470383275 0.318359375 0.46689895470383275 0.318359375 0.44947735191637633 0.32421875 0.44947735191637633 0.326171875 0.445993031358885
0 0.306640625 0.4878048780487805 0.322265625 0.4878048780487805 0.322265625 0.519163763066202 0.306640625 0.519163763066202 0.3046875 0.5156794425087108 0.30078125 0.5156794425087108 0.30078125 0.49477351916376305 0.3046875 0.49477351916376305 0.306640625 0.4912891986062718
0 0.5078125 0.29965156794425085 0.513671875 0.30662020905923343 0.513671875 0.3310104529616725 0.49609375 0.3310104529616725 0.4921875 0.32752613240418116 0.4921875 0.3170731707317073 0.48828125 0.313588850174216 0.48828125 0.30662020905923343 0.505859375 0.30662020905923343 0.5078125 0.30313588850174217
0 0.607421875 0.4808362369337979 0.619140625 0.47735191637630664 0.62109375 0.47038327526132406 0.630859375 0.47038327526132406 0.6328125 0.47735191637630664 0.6484375 0.47735191637630664 0.65234375 0.4808362369337979 0.65234375 0.5156794425087108 0.626953125 0.5156794425087108 0.619140625 0.5087108013937283 0.61328125 0.5087108013937283 0.611328125 0.5017421602787456 0.603515625 0.49825783972125437 0.603515625 0.4912891986062718 0.60546875 0.4912891986062718 0.607421875 0.4843205574912892
0 0.6171875 0.28222996515679444 0.62109375 0.28222996515679444 0.62890625 0.27526132404181186 0.646484375 0.27526132404181186 0.6484375 0.2787456445993031 0.6484375 0.30662020905923343 0.646484375 0.313588850174216 0.642578125 0.313588850174216 0.634765625 0.3205574912891986 0.623046875 0.3205574912891986 0.62109375 0.3170731707317073 0.611328125 0.3170731707317073 0.609375 0.313588850174216 0.607421875 0.313588850174216 0.60546875 0.3205574912891986 0.59765625 0.3205574912891986 0.595703125 0.30662020905923343 0.591796875 0.30313588850174217 0.609375 0.30313588850174217 0.611328125 0.29965156794425085 0.611328125 0.2926829268292683 0.615234375 0.2926829268292683 0.6171875 0.2857142857142857
0 0.4453125 0.3623693379790941 0.45703125 0.3623693379790941 0.466796875 0.3693379790940767 0.466796875 0.39372822299651566 0.458984375 0.39372822299651566 0.45703125 0.3902439024390244 0.453125 0.3902439024390244 0.453125 0.3832752613240418 0.451171875 0.3797909407665505 0.4453125 0.3797909407665505 0.4453125 0.36585365853658536
0 0.548828125 0.6550522648083623 0.55859375 0.6550522648083623 0.55859375 0.6585365853658537 0.564453125 0.6655052264808362 0.576171875 0.662020905923345 0.578125 0.6655052264808362 0.578125 0.6794425087108014 0.580078125 0.6829268292682927 0.583984375 0.6829268292682927 0.583984375 0.686411149825784 0.58984375 0.6933797909407665 0.615234375 0.6933797909407665 0.6171875 0.6968641114982579 0.62890625 0.6968641114982579 0.630859375 0.7038327526132404 0.650390625 0.7038327526132404 0.65234375 0.7073170731707317 0.65234375 0.8257839721254355 0.650390625 0.8257839721254355 0.6484375 0.8118466898954704 0.64453125 0.8048780487804879 0.64453125 0.7909407665505227 0.642578125 0.7839721254355401 0.640625 0.7804878048780488 0.63671875 0.7804878048780488 0.63671875 0.7770034843205574 0.630859375 0.7665505226480837 0.623046875 0.7630662020905923 0.607421875 0.7491289198606271 0.607421875 0.7421602787456446 0.599609375 0.7317073170731707 0.595703125 0.7317073170731707 0.580078125 0.7142857142857143 0.576171875 0.7142857142857143 0.57421875 0.7177700348432056 0.572265625 0.7142857142857143 0.55859375 0.7142857142857143 0.548828125 0.7247386759581882 0.544921875 0.7247386759581882 0.544921875 0.710801393728223 0.546875 0.7073170731707317 0.546875 0.6655052264808362 0.548828125 0.6585365853658537
0 0.49609375 0.11149825783972125 0.501953125 0.11149825783972125 0.501953125 0.1289198606271777 0.482421875 0.1289198606271777 0.486328125 0.11846689895470383 0.494140625 0.11846689895470383 0.49609375 0.11498257839721254
0 0.3203125 0.3170731707317073 0.326171875 0.3240418118466899 0.330078125 0.33797909407665505 0.337890625 0.34494773519163763 0.33984375 0.3519163763066202 0.33984375 0.3693379790940767 0.294921875 0.3693379790940767 0.294921875 0.33797909407665505 0.3125 0.3170731707317073 0.318359375 0.3170731707317073
0 0.482421875 0.6306620209059234 0.48828125 0.6306620209059234 0.48828125 0.6689895470383276 0.46875 0.6689895470383276 0.47265625 0.6655052264808362 0.47265625 0.6585365853658537 0.4765625 0.6550522648083623 0.4765625 0.6480836236933798 0.48046875 0.6480836236933798 0.482421875 0.6445993031358885 0.482421875 0.6341463414634146