0 0.6466145833333333 0.9157407407407407 0.009895833333333333 0.02962962962962963
0 0.6328125 0.4479166666666667 0.63671875 0.4513888888888889 0.64453125 0.4513888888888889 0.638671875 0.4583333333333333 0.640625 0.4791666666666667 0.642578125 0.4826388888888889 0.642578125 0.5069444444444444 0.63671875 0.5277777777777778 0.6328125 0.5277777777777778 0.630859375 0.5243055555555556 0.630859375 0.5173611111111112 0.6328125 0.5138888888888888 0.6328125 0.5069444444444444 0.630859375 0.5034722222222222 0.630859375 0.4826388888888889 0.625 0.4756944444444444 0.625 0.4722222222222222 0.630859375 0.4722222222222222 0.634765625 0.4652777777777778 0.6328125 0.4513888888888889
0 0.5625 0.6597222222222222 0.572265625 0.6597222222222222 0.57421875 0.65625 0.58984375 0.6597222222222222 0.58984375 0.6631944444444444 0.580078125 0.6631944444444444 0.578125 0.6666666666666666 0.580078125 0.6736111111111112 0.580078125 0.6805555555555556 0.578125 0.6840277777777778 0.57421875 0.6770833333333334 0.576171875 0.6701388888888888 0.57421875 0.6666666666666666 0.5703125 0.6631944444444444 0.5625 0.6631944444444444
0 0.623046875 0.4722222222222222 0.626953125 0.4722222222222222 0.630859375 0.4861111111111111 0.62890625 0.4930555555555556 0.630859375 0.4965277777777778 0.630859375 0.5243055555555556 0.623046875 0.5381944444444444 0.619140625 0.5347222222222222 0.6171875 0.5277777777777778 0.6171875 0.5104166666666666 0.625 0.4791666666666667 0.623046875 0.4756944444444444
0 0.5234375 0.0625 0.53125 0.06944444444444445 0.5390625 0.06597222222222222 0.533203125 0.07291666666666667 0.533203125 0.08680555555555555 0.529296875 0.09722222222222222 0.517578125 0.11805555555555555 0.5078125 0.11805555555555555 0.505859375 0.11458333333333333 0.505859375 0.08680555555555555 0.50390625 0.0798611111111111 0.51171875 0.0798611111111111 0.521484375 0.06597222222222222
0 0.60546875 0.6736111111111112 0.615234375 0.6736111111111112 0.619140625 0.6701388888888888 0.6171875 0.6840277777777778 0.62109375 0.6909722222222222 0.62109375 0.7048611111111112 0.623046875 0.7083333333333334 0.623046875 0.71875 0.619140625 0.7361111111111112 0.615234375 0.7361111111111112 0.61328125 0.7326388888888888 0.61328125 0.7222222222222222 0.609375 0.7152777777777778 0.609375 0.7083333333333334 0.61328125 0.7013888888888888 0.61328125 0.6805555555555556 0.607421875 0.6736111111111112
0 0.50390625 0.5277777777777778 0.509765625 0.5451388888888888 0.509765625 0.5625 0.501953125 0.5381944444444444 0.501953125 0.53125
0 0.46822916666666664 0.04675925925925926 0.020833333333333332 0.026851851851851852
0 0.50390625 0.3125 0.5078125 0.3263888888888889 0.509765625 0.3541666666666667 0.50390625 0.3402777777777778 0.501953125 0.3159722222222222
0 0.48828125 0.2916666666666667 0.4921875 0.3055555555555556 0.490234375 0.3402777777777778 0.48828125 0.3333333333333333 0.48828125 0.2951388888888889
0 0.466796875 0.2638888888888889 0.470703125 0.2638888888888889 0.470703125 0.2708333333333333 0.47265625 0.2743055555555556 0.47265625 0.2986111111111111 0.470703125 0.3020833333333333 0.470703125 0.2951388888888889 0.46875 0.2916666666666667 0.46875 0.2708333333333333 0.466796875 0.2673611111111111
0 0.490234375 0.23958333333333334 0.4921875 0.23958333333333334 0.4921875 0.2569444444444444 0.490234375 0.2638888888888889 0.48828125 0.2638888888888889 0.48828125 0.2465277777777778 0.490234375 0.24305555555555555
0 0.654296875 0.5208333333333334 0.65625 0.5208333333333334 0.65625 0.5277777777777778 0.658203125 0.53125 0.658203125 0.5833333333333334 0.65625 0.5833333333333334 0.65625 0.5381944444444444 0.654296875 0.5347222222222222 0.654296875 0.5243055555555556
0 0.48828125 0.2916666666666667 0.490234375 0.2916666666666667 0.490234375 0.3020833333333333 0.4921875 0.3055555555555556 0.4921875 0.3159722222222222 0.490234375 0.3194444444444444 0.48828125 0.3159722222222222 0.48828125 0.2951388888888889
0 0.474609375 0.3159722222222222 0.4765625 0.3159722222222222 0.4765625 0.3229166666666667 0.478515625 0.3263888888888889 0.478515625 0.3402777777777778 0.4765625 0.3368055555555556 0.4765625 0.3229166666666667 0.474609375 0.3194444444444444
0 0.61328125 0.2534722222222222 0.62109375 0.2638888888888889 0.630859375 0.2916666666666667 0.630859375 0.3402777777777778 0.62890625 0.34375 0.62890625 0.3576388888888889 0.63671875 0.3854166666666667 0.630859375 0.3784722222222222 0.6171875 0.3784722222222222 0.623046875 0.3680555555555556 0.625 0.3576388888888889 0.615234375 0.3368055555555556 0.611328125 0.3159722222222222 0.603515625 0.3020833333333333 0.60546875 0.2986111111111111 0.603515625 0.2569444444444444 0.607421875 0.25 0.611328125 0.2534722222222222
0 0.578125 0.6354166666666666 0.580078125 0.6354166666666666 0.580078125 0.6527777777777778 0.578125 0.65625 0.576171875 0.6527777777777778 0.578125 0.6388888888888888
0 0.646484375 0.09375 0.646484375 0.11805555555555555 0.64453125 0.12152777777777778 0.64453125 0.1284722222222222 0.638671875 0.1388888888888889 0.638671875 0.1423611111111111 0.63671875 0.14583333333333334 0.634765625 0.14583333333333334 0.634765625 0.1423611111111111 0.638671875 0.13194444444444445 0.640625 0.1076388888888889 0.64453125 0.09722222222222222
0 0.48828125 0.3125 0.490234375 0.3125 0.490234375 0.3402777777777778 0.48828125 0.3402777777777778 0.48828125 0.3159722222222222
0 0.505859375 0.23958333333333334 0.5078125 0.23958333333333334 0.5078125 0.2465277777777778 0.509765625 0.25 0.509765625 0.2708333333333333 0.5078125 0.2708333333333333 0.5078125 0.25 0.505859375 0.24305555555555555
0 0.63671875 0.5347222222222222 0.63671875 0.5416666666666666 0.638671875 0.5451388888888888 0.638671875 0.5625 0.63671875 0.5659722222222222 0.63671875 0.5729166666666666 0.62890625 0.5868055555555556 0.625 0.5868055555555556 0.623046875 0.5833333333333334 0.623046875 0.5555555555555556 0.630859375 0.5416666666666666 0.630859375 0.5381944444444444 0.634765625 0.5347222222222222
0 0.5078125 0.375 0.51171875 0.3854166666666667 0.51171875 0.3958333333333333 0.5078125 0.3993055555555556 0.5078125 0.3784722222222222
0 0.4921875 0.5555555555555556 0.49609375 0.5555555555555556 0.5 0.5729166666666666 0.5 0.5902777777777778 0.49609375 0.5902777777777778 0.49609375 0.5798611111111112 0.494140625 0.5763888888888888 0.4921875 0.5590277777777778
0 0.44921875 0.034722222222222224 0.451171875 0.034722222222222224 0.451171875 0.041666666666666664 0.453125 0.04513888888888889 0.453125 0.07291666666666667 0.451171875 0.0763888888888889 0.451171875 0.09027777777777778 0.44921875 0.09375 0.447265625 0.09027777777777778 0.44921875 0.08680555555555555 0.44921875 0.0798611111111111 0.447265625 0.0763888888888889 0.447265625 0.041666666666666664 0.44921875 0.03819444444444445
0 0.349609375 0.4027777777777778 0.3515625 0.40625 0.349609375 0.4097222222222222 0.349609375 0.4270833333333333 0.34765625 0.4270833333333333 0.34765625 0.40625
0 0.54296875 0.2604166666666667 0.546875 0.2604166666666667 0.546875 0.2916666666666667 0.544921875 0.2951388888888889 0.544921875 0.3090277777777778 0.54296875 0.3090277777777778 0.54296875 0.2638888888888889
0 0.58203125 0.65625 0.583984375 0.6597222222222222 0.58984375 0.6597222222222222 0.58984375 0.6631944444444444 0.564453125 0.6631944444444444 0.5625 0.6597222222222222 0.580078125 0.65625
0 0.55859375 0.4131944444444444 0.58203125 0.4131944444444444 0.58203125 0.4166666666666667 0.576171875 0.4166666666666667 0.57421875 0.4201388888888889 0.55859375 0.4201388888888889 0.55859375 0.4166666666666667
0 0.513671875 0.2569444444444444 0.515625 0.2638888888888889 0.515625 0.2916666666666667 0.513671875 0.2916666666666667 0.513671875 0.2743055555555556 0.509765625 0.2673611111111111 0.51171875 0.2604166666666667
0 0.490234375 0.5902777777777778 0.494140625 0.59375 0.5 0.6215277777777778 0.5 0.6284722222222222 0.49609375 0.625 0.490234375 0.59375
0 0.564453125 0.6145833333333334 0.56640625 0.6180555555555556 0.564453125 0.6319444444444444 0.5625 0.6319444444444444 0.5625 0.6180555555555556