0 0.6673189823874756 0.9337979094076655 0.6810176125244618 0.9337979094076655 0.6810176125244618 0.9581881533101045 0.6673189823874756 0.9547038327526133 0.6673189823874756 0.9372822299651568
0 0.6320939334637965 0.7003484320557491 0.6418786692759295 0.7003484320557491 0.6418786692759295 0.710801393728223 0.6457925636007827 0.7142857142857143 0.6457925636007827 0.7386759581881533 0.62426614481409 0.7386759581881533 0.62426614481409 0.7142857142857143 0.6262230919765166 0.7142857142857143 0.6281800391389433 0.7073170731707317 0.6320939334637965 0.7038327526132404
0 0.5264187866927593 0.42160278745644597 0.5283757338551859 0.42160278745644597 0.5303326810176126 0.42857142857142855 0.5342465753424658 0.42857142857142855 0.5440313111545988 0.43902439024390244 0.5440313111545988 0.445993031358885 0.538160469667319 0.44947735191637633 0.5401174168297456 0.445993031358885 0.5362035225048923 0.4425087108013937 0.5322896281800391 0.43205574912891986 0.5264187866927593 0.42857142857142855 0.5264187866927593 0.4250871080139373
0 0.50293542074364 0.37282229965156793 0.5088062622309197 0.37282229965156793 0.5088062622309197 0.37630662020905925 0.512720156555773 0.3797909407665505 0.512720156555773 0.3902439024390244 0.5068493150684932 0.3902439024390244 0.5068493150684932 0.3832752613240418 0.50293542074364 0.3797909407665505 0.50293542074364 0.37630662020905925
0 0.598825831702544 0.7212543554006968 0.6007827788649707 0.7212543554006968 0.6007827788649707 0.7386759581881533 0.5968688845401174 0.735191637630662 0.5909980430528375 0.735191637630662 0.5909980430528375 0.7317073170731707 0.5968688845401174 0.7317073170731707 0.598825831702544 0.7247386759581882
0 0.6966731898238747 0.10104529616724739 0.6966731898238747 0.10801393728222997 0.700587084148728 0.11149825783972125 0.700587084148728 0.13240418118466898 0.6966731898238747 0.13588850174216027 0.6908023483365949 0.1289198606271777 0.6908023483365949 0.11498257839721254 0.6868884540117417 0.11149825783972125 0.6868884540117417 0.10104529616724739 0.6947162426614482 0.10104529616724739
0 0.5949119373776908 0.11846689895470383 0.5968688845401174 0.11846689895470383 0.6007827788649707 0.1289198606271777 0.6125244618395304 0.13240418118466898 0.6203522504892368 0.14634146341463414 0.6223091976516634 0.14634146341463414 0.6281800391389433 0.1602787456445993 0.6281800391389433 0.20905923344947736 0.62426614481409 0.2264808362369338 0.62426614481409 0.24390243902439024 0.6262230919765166 0.24738675958188153 0.6262230919765166 0.25435540069686413 0.6144814090019569 0.25435540069686413 0.6125244618395304 0.2508710801393728 0.6086105675146771 0.2508710801393728 0.6086105675146771 0.24738675958188153 0.6183953033268101 0.23344947735191637 0.6183953033268101 0.2229965156794425 0.6144814090019569 0.21254355400696864 0.6105675146771037 0.20905923344947736 0.6046966731898239 0.18466898954703834 0.6046966731898239 0.17421602787456447 0.598825831702544 0.1672473867595819 0.5949119373776908 0.17073170731707318 0.5968688845401174 0.156794425087108 0.5949119373776908 0.15331010452961671 0.5949119373776908 0.14634146341463414 0.5909980430528375 0.14285714285714285 0.5909980430528375 0.1254355400696864 0.5949119373776908 0.12195121951219512
0 0.36007827788649704 0.975609756097561 0.3639921722113503 0.975609756097561 0.3639921722113503 0.9860627177700348 0.36007827788649704 0.9860627177700348 0.36007827788649704 0.9790940766550522
0 0.48140900195694714 0.3902439024390244 0.487279843444227 0.3902439024390244 0.487279843444227 0.39372822299651566 0.4911937377690802 0.397212543554007 0.4911937377690802 0.40069686411149824 0.487279843444227 0.40418118466898956 0.48140900195694714 0.397212543554007 0.48140900195694714 0.39372822299651566
0 0.5048923679060665 0.6898954703832753 0.5146771037181996 0.6898954703832753 0.5146771037181996 0.7073170731707317 0.5107632093933464 0.7073170731707317 0.5107632093933464 0.6968641114982579 0.5088062622309197 0.6933797909407665 0.5048923679060665 0.6933797909407665
0 0.49902152641878667 0.6898954703832753 0.5048923679060665 0.6898954703832753 0.5048923679060665 0.6933797909407665 0.5088062622309197 0.6968641114982579 0.5088062622309197 0.7142857142857143 0.5048923679060665 0.7177700348432056 0.49902152641878667 0.710801393728223 0.49902152641878667 0.6933797909407665
0 0.5733855185909981 0.4146341463414634 0.5753424657534246 0.4146341463414634 0.5772994129158513 0.4076655052264808 0.589041095890411 0.4076655052264808 0.5909980430528375 0.4146341463414634 0.6027397260273972 0.4146341463414634 0.6027397260273972 0.4181184668989547 0.5733855185909981 0.4181184668989547
0 0.6418786692759295 0.5331010452961672 0.6575342465753424 0.5331010452961672 0.6575342465753424 0.554006968641115 0.6594911937377691 0.5574912891986062 0.6594911937377691 0.5958188153310104 0.649706457925636 0.6027874564459931 0.6418786692759295 0.5993031358885017 0.6418786692759295 0.5574912891986062 0.6438356164383562 0.554006968641115 0.6418786692759295 0.5470383275261324 0.6418786692759295 0.5365853658536586
0 0.4774951076320939 0.34146341463414637 0.48140900195694714 0.34146341463414637 0.48336594911937375 0.34843205574912894 0.4911937377690802 0.3554006968641115 0.4911937377690802 0.36585365853658536 0.487279843444227 0.36585365853658536 0.48336594911937375 0.3623693379790941 0.48336594911937375 0.3554006968641115 0.4774951076320939 0.34843205574912894 0.4774951076320939 0.34494773519163763
0 0.5244618395303327 0.05226480836236934 0.5401174168297456 0.05226480836236934 0.5401174168297456 0.059233449477351915 0.5362035225048923 0.06620209059233449 0.5362035225048923 0.07317073170731707 0.5401174168297456 0.08362369337979095 0.5401174168297456 0.10801393728222997 0.538160469667319 0.11149825783972125 0.538160469667319 0.11846689895470383 0.5342465753424658 0.12195121951219512 0.5283757338551859 0.13588850174216027 0.512720156555773 0.14285714285714285 0.5088062622309197 0.13937282229965156 0.5068493150684932 0.13240418118466898 0.5068493150684932 0.11149825783972125 0.50293542074364 0.10801393728222997 0.50293542074364 0.10104529616724739 0.512720156555773 0.09407665505226481 0.5166340508806262 0.07665505226480836 0.5185909980430529 0.07317073170731707 0.5225048923679061 0.07317073170731707 0.5264187866927593 0.06620209059233449 0.5264187866927593 0.059233449477351915 0.5244618395303327 0.05574912891986063
0 0.48140900195694714 0.30662020905923343 0.48532289628180036 0.30662020905923343 0.487279843444227 0.313588850174216 0.4931506849315068 0.313588850174216 0.49510763209393344 0.3170731707317073 0.49510763209393344 0.3310104529616725 0.4911937377690802 0.3344947735191638 0.49510763209393344 0.3310104529616725 0.4911937377690802 0.32752613240418116 0.4911937377690802 0.3240418118466899 0.487279843444227 0.3205574912891986 0.48532289628180036 0.313588850174216 0.48140900195694714 0.313588850174216 0.48140900195694714 0.31010452961672474
0 0.5499021526418787 0.6794425087108014 0.5499021526418787 0.686411149825784 0.5538160469667319 0.6898954703832753 0.5557729941291585 0.6968641114982579 0.5577299412915852 0.6968641114982579 0.5577299412915852 0.7038327526132404 0.5596868884540117 0.7073170731707317 0.5596868884540117 0.7247386759581882 0.5577299412915852 0.7282229965156795 0.5557729941291585 0.7282229965156795 0.5557729941291585 0.7247386759581882 0.5518590998043053 0.7212543554006968 0.5499021526418787 0.7142857142857143 0.5499021526418787 0.6933797909407665 0.5459882583170255 0.6898954703832753 0.5440313111545988 0.6829268292682927 0.5420743639921722 0.6829268292682927 0.547945205479452 0.6794425087108014
0 0.50293542074364 0.7212543554006968 0.5088062622309197 0.7212543554006968 0.5088062622309197 0.7282229965156795 0.512720156555773 0.7317073170731707 0.512720156555773 0.7456445993031359 0.5107632093933464 0.7491289198606271 0.50293542074364 0.7456445993031359 0.50293542074364 0.7421602787456446 0.49902152641878667 0.7386759581881533 0.49902152641878667 0.7282229965156795 0.50293542074364 0.7247386759581882
0 0.6575342465753424 0.5853658536585366 0.6771037181996086 0.5853658536585366 0.6771037181996086 0.5888501742160279 0.6731898238747553 0.5923344947735192 0.6731898238747553 0.6027874564459931 0.6771037181996086 0.6062717770034843 0.6790606653620352 0.6132404181184669 0.6790606653620352 0.6445993031358885 0.6712328767123288 0.662020905923345 0.6653620352250489 0.662020905923345 0.6614481409001957 0.6585365853658537 0.6614481409001957 0.6411149825783972 0.6575342465753424 0.6376306620209059 0.6575342465753424 0.6167247386759582 0.6614481409001957 0.6132404181184669 0.6614481409001957 0.5888501742160279 0.6594911937377691 0.5853658536585366
0 0.50293542074364 0.31010452961672474 0.5088062622309197 0.31010452961672474 0.5088062622309197 0.3170731707317073 0.512720156555773 0.3205574912891986 0.5068493150684932 0.3240418118466899 0.50293542074364 0.3205574912891986 0.50293542074364 0.313588850174216
0 0.4911937377690802 0.7038327526132404 0.49510763209393344 0.7003484320557491 0.5048923679060665 0.7003484320557491 0.5048923679060665 0.7177700348432056 0.5009784735812133 0.7212543554006968 0.49510763209393344 0.7177700348432056 0.4911937377690802 0.7073170731707317
0 0.4931506849315068 0.3832752613240418 0.4931506849315068 0.3588850174216028 0.49706457925636005 0.3588850174216028 0.49902152641878667 0.36585365853658536 0.50293542074364 0.36585365853658536 0.50293542074364 0.3832752613240418 0.5009784735812133 0.3867595818815331 0.49510763209393344 0.3832752613240418
0 0.5557729941291585 0.33797909407665505 0.5694716242661448 0.33797909407665505 0.5655577299412916 0.34146341463414637 0.5655577299412916 0.34494773519163763 0.5694716242661448 0.34843205574912894 0.5694716242661448 0.37630662020905925 0.5655577299412916 0.3797909407665505 0.5596868884540117 0.37630662020905925 0.5596868884540117 0.34146341463414637 0.5577299412915852 0.33797909407665505
0 0.6868884540117417 0.9651567944250871 0.6947162426614482 0.9651567944250871 0.6947162426614482 0.9965156794425087 0.6810176125244618 0.9965156794425087 0.6810176125244618 0.9721254355400697 0.684931506849315 0.9721254355400697 0.6868884540117417 0.9686411149825784
0 0.5185909980430529 0.3867595818815331 0.5303326810176126 0.3867595818815331 0.5362035225048923 0.39372822299651566 0.5362035225048923 0.397212543554007 0.5322896281800391 0.40069686411149824 0.5244618395303327 0.3902439024390244 0.5185909980430529 0.3902439024390244
0 0.6516634050880626 0.6097560975609756 0.6536203522504892 0.6097560975609756 0.6536203522504892 0.6202090592334495 0.6575342465753424 0.6341463414634146 0.6575342465753424 0.662020905923345 0.6536203522504892 0.6759581881533101 0.6477495107632094 0.6759581881533101 0.6457925636007827 0.6794425087108014 0.6320939334637965 0.6759581881533101 0.6320939334637965 0.6515679442508711 0.6340508806262231 0.6515679442508711 0.6379647749510763 0.6411149825783972 0.6418786692759295 0.6376306620209059 0.6438356164383562 0.6236933797909407 0.6516634050880626 0.6132404181184669
0 0.512720156555773 0.30313588850174217 0.5225048923679061 0.30313588850174217 0.5225048923679061 0.3344947735191638 0.512720156555773 0.3344947735191638 0.512720156555773 0.30662020905923343
0 0.5225048923679061 0.32752613240418116 0.5283757338551859 0.32752613240418116 0.5322896281800391 0.3310104529616725 0.5322896281800391 0.3588850174216028 0.5283757338551859 0.3623693379790941 0.5225048923679061 0.3588850174216028 0.5225048923679061 0.3310104529616725
0 0.5166340508806262 0.36585365853658536 0.5264187866927593 0.36585365853658536 0.5244618395303327 0.37282229965156793 0.5166340508806262 0.3693379790940767
0 0.5851272015655578 0.6689895470383276 0.6125244618395304 0.6689895470383276 0.6125244618395304 0.6794425087108014 0.5792563600782779 0.6794425087108014 0.5792563600782779 0.6759581881533101 0.5831702544031311 0.6759581881533101 0.5851272015655578 0.6724738675958188
0 0.5322896281800391 0.6898954703832753 0.5342465753424658 0.6898954703832753 0.5362035225048923 0.7038327526132404 0.5401174168297456 0.7073170731707317 0.5420743639921722 0.7142857142857143 0.5440313111545988 0.7142857142857143 0.5440313111545988 0.7421602787456446 0.5459882583170255 0.7456445993031359 0.5459882583170255 0.7770034843205574 0.5420743639921722 0.7804878048780488 0.5420743639921722 0.7770034843205574 0.538160469667319 0.7735191637630662 0.538160469667319 0.7560975609756098 0.5362035225048923 0.7526132404181185 0.5362035225048923 0.7456445993031359 0.5322896281800391 0.7421602787456446 0.5322896281800391 0.6933797909407665
0 0.5851272015655578 0.6933797909407665 0.5870841487279843 0.6933797909407665 0.5870841487279843 0.710801393728223 0.5831702544031311 0.710801393728223 0.5812133072407045 0.7142857142857143 0.5772994129158513 0.710801393728223 0.5772994129158513 0.7073170731707317 0.5831702544031311 0.7073170731707317 0.5851272015655578 0.7038327526132404 0.5851272015655578 0.6968641114982579