0 0.734375 0.7048611111111112 0.734375 0.6909722222222222 0.740234375 0.6805555555555556 0.744140625 0.6805555555555556 0.755859375 0.6701388888888888 0.76953125 0.6701388888888888 0.771484375 0.6666666666666666 0.7734375 0.6666666666666666 0.7734375 0.6736111111111112 0.775390625 0.6770833333333334 0.767578125 0.6979166666666666 0.763671875 0.7013888888888888 0.7578125 0.7013888888888888 0.755859375 0.7048611111111112 0.75 0.7048611111111112 0.748046875 0.7083333333333334 0.73828125 0.7083333333333334 0.736328125 0.7048611111111112
0 0.689453125 0.6145833333333334 0.701171875 0.6458333333333334 0.701171875 0.6527777777777778 0.6953125 0.6597222222222222 0.69140625 0.65625 0.673828125 0.6215277777777778 0.673828125 0.6145833333333334 0.67578125 0.6111111111111112 0.685546875 0.6111111111111112 0.6875 0.6145833333333334
0 0.73828125 0.5798611111111112 0.7421875 0.5833333333333334 0.744140625 0.5902777777777778 0.744140625 0.6041666666666666 0.7421875 0.6076388888888888 0.736328125 0.6076388888888888 0.734375 0.6041666666666666 0.734375 0.5833333333333334 0.736328125 0.5833333333333334
0 0.236328125 0.027777777777777776 0.24609375 0.027777777777777776 0.251953125 0.034722222222222224 0.265625 0.041666666666666664 0.271484375 0.052083333333333336 0.271484375 0.06597222222222222 0.267578125 0.06597222222222222 0.265625 0.06944444444444445 0.26171875 0.06944444444444445 0.259765625 0.06597222222222222 0.248046875 0.06597222222222222 0.244140625 0.0625 0.240234375 0.041666666666666664 0.236328125 0.03819444444444445 0.236328125 0.03125
0 0.814453125 0.6354166666666666 0.81640625 0.6388888888888888 0.822265625 0.6388888888888888 0.826171875 0.6458333333333334 0.826171875 0.6597222222222222 0.818359375 0.6597222222222222 0.8125 0.6527777777777778 0.80859375 0.6423611111111112 0.80859375 0.6388888888888888 0.8125 0.6354166666666666
0 0.775390625 0.4756944444444444 0.779296875 0.4861111111111111 0.779296875 0.4930555555555556 0.76953125 0.5104166666666666 0.765625 0.5104166666666666 0.7578125 0.5173611111111112 0.748046875 0.5173611111111112 0.7421875 0.5104166666666666 0.7421875 0.5034722222222222 0.75 0.4895833333333333 0.75 0.4861111111111111 0.755859375 0.4861111111111111 0.76171875 0.4791666666666667 0.7734375 0.4756944444444444
0 0.6875 0 0.701171875 0 0.701171875 0.041666666666666664 0.693359375 0.03819444444444445 0.6875 0.027777777777777776 0.6875 0.003472222222222222
0 0.205078125 0.3159722222222222 0.212890625 0.3229166666666667 0.21484375 0.3194444444444444 0.220703125 0.3194444444444444 0.220703125 0.3263888888888889 0.21875 0.3298611111111111 0.220703125 0.3402777777777778 0.2109375 0.3576388888888889 0.1953125 0.3611111111111111 0.1875 0.3715277777777778 0.181640625 0.3715277777777778 0.173828125 0.3784722222222222 0.1484375 0.3784722222222222 0.146484375 0.3715277777777778 0.1484375 0.3645833333333333 0.1484375 0.3541666666666667 0.15625 0.34375 0.166015625 0.3194444444444444 0.177734375 0.3159722222222222 0.1796875 0.3125 0.201171875 0.3125 0.203125 0.3159722222222222
0 0.45859375 0.2638888888888889 0.0171875 0.022222222222222223
0 0.630859375 0.4236111111111111 0.638671875 0.4340277777777778 0.638671875 0.4479166666666667 0.634765625 0.4548611111111111 0.625 0.4618055555555556 0.62109375 0.4618055555555556 0.61328125 0.4548611111111111 0.61328125 0.4409722222222222 0.619140625 0.4270833333333333 0.623046875 0.4236111111111111 0.62890625 0.4236111111111111
0 0.796875 0.6180555555555556 0.798828125 0.6215277777777778 0.802734375 0.6215277777777778 0.802734375 0.6354166666666666 0.798828125 0.6354166666666666 0.791015625 0.6458333333333334 0.779296875 0.6458333333333334 0.775390625 0.6423611111111112 0.775390625 0.625 0.787109375 0.6215277777777778 0.7890625 0.6180555555555556 0.794921875 0.6180555555555556