0 0.72265625 0.3055555555555556 0.72265625 0.3125 0.724609375 0.3159722222222222 0.724609375 0.3333333333333333 0.71484375 0.3333333333333333 0.70703125 0.3263888888888889 0.70703125 0.3229166666666667 0.7109375 0.3194444444444444 0.7109375 0.3090277777777778 0.712890625 0.3055555555555556 0.716796875 0.3020833333333333 0.720703125 0.3055555555555556
0 0.595703125 0.09027777777777778 0.595703125 0.09722222222222222 0.59375 0.10069444444444445 0.58984375 0.10069444444444445 0.58984375 0.09722222222222222 0.5859375 0.09375 0.59375 0.09027777777777778
0 0.564453125 0.0625 0.56640625 0.06597222222222222 0.576171875 0.06597222222222222 0.580078125 0.06944444444444445 0.580078125 0.09375 0.57421875 0.09375 0.57421875 0.09027777777777778 0.568359375 0.0798611111111111 0.5625 0.0763888888888889 0.5625 0.06944444444444445 0.564453125 0.06597222222222222
0 0.580078125 0.5069444444444444 0.587890625 0.5173611111111112 0.587890625 0.5381944444444444 0.578125 0.53125 0.5703125 0.53125 0.576171875 0.53125 0.578125 0.5277777777777778 0.57421875 0.5243055555555556 0.5703125 0.5138888888888888 0.572265625 0.5069444444444444 0.578125 0.5069444444444444
0 0.564453125 0.5798611111111112 0.568359375 0.5694444444444444 0.58203125 0.5694444444444444 0.58203125 0.5763888888888888 0.578125 0.5798611111111112 0.56640625 0.5798611111111112
0 0.55859375 0.3194444444444444 0.5625 0.3159722222222222 0.5625 0.3090277777777778 0.564453125 0.3055555555555556 0.572265625 0.2986111111111111 0.580078125 0.3020833333333333 0.583984375 0.3090277777777778 0.583984375 0.3263888888888889 0.58203125 0.3298611111111111 0.578125 0.3298611111111111 0.57421875 0.3368055555555556 0.57421875 0.34375 0.572265625 0.3472222222222222 0.5703125 0.3472222222222222 0.5703125 0.34375 0.564453125 0.3368055555555556 0.564453125 0.3333333333333333 0.55859375 0.3263888888888889 0.55859375 0.3229166666666667
0 0.6171875 0.6631944444444444 0.623046875 0.6631944444444444 0.62890625 0.6701388888888888 0.64453125 0.6701388888888888 0.6484375 0.6770833333333334 0.646484375 0.6805555555555556 0.646484375 0.6875 0.6484375 0.6909722222222222 0.65234375 0.6909722222222222 0.65234375 0.7152777777777778 0.6484375 0.71875 0.625 0.71875 0.619140625 0.7291666666666666 0.611328125 0.7291666666666666 0.607421875 0.7256944444444444 0.607421875 0.7222222222222222 0.611328125 0.71875 0.611328125 0.7118055555555556 0.61328125 0.7083333333333334 0.61328125 0.6805555555555556 0.6171875 0.6666666666666666
0 0.6796875 0.8402777777777778 0.6796875 0.875 0.677734375 0.8784722222222222 0.671875 0.8784722222222222 0.66796875 0.875 0.666015625 0.8680555555555556 0.666015625 0.8576388888888888 0.66796875 0.8506944444444444 0.671875 0.8506944444444444 0.673828125 0.84375 0.677734375 0.84375
0 0.587890625 0.3819444444444444 0.58984375 0.375 0.603515625 0.375 0.60546875 0.3784722222222222 0.603515625 0.3854166666666667 0.591796875 0.3854166666666667 0.58984375 0.3819444444444444
0 0.66015625 0.0798611111111111 0.662109375 0.08333333333333333 0.66796875 0.08333333333333333 0.671875 0.08680555555555555 0.681640625 0.0798611111111111 0.685546875 0.06944444444444445 0.6875 0.06944444444444445 0.6875 0.0798611111111111 0.669921875 0.10069444444444445 0.666015625 0.10416666666666667 0.66015625 0.10416666666666667 0.658203125 0.1076388888888889 0.65234375 0.1076388888888889 0.6484375 0.11458333333333333 0.646484375 0.1111111111111111 0.619140625 0.1111111111111111 0.6171875 0.1076388888888889 0.61328125 0.1076388888888889 0.611328125 0.10416666666666667 0.611328125 0.09027777777777778 0.607421875 0.08680555555555555 0.61328125 0.08680555555555555 0.615234375 0.08333333333333333 0.630859375 0.08333333333333333 0.6328125 0.0798611111111111 0.658203125 0.0798611111111111
0 0.400390625 0.1875 0.408203125 0.18055555555555555 0.4140625 0.18055555555555555 0.4140625 0.19444444444444445 0.41015625 0.19791666666666666 0.400390625 0.1909722222222222
0 0.587890625 0.2673611111111111 0.58984375 0.2673611111111111 0.58984375 0.2777777777777778 0.587890625 0.28125 0.583984375 0.28125 0.583984375 0.2743055555555556 0.587890625 0.2708333333333333
0 0.42578125 0.04861111111111111 0.431640625 0.041666666666666664 0.4375 0.041666666666666664 0.44140625 0.04861111111111111 0.447265625 0.04861111111111111 0.447265625 0.05555555555555555 0.4453125 0.059027777777777776 0.431640625 0.059027777777777776 0.42578125 0.052083333333333336
0 0.65234375 0.3506944444444444 0.662109375 0.3506944444444444 0.6640625 0.3576388888888889 0.6640625 0.3715277777777778 0.654296875 0.3888888888888889 0.65234375 0.3958333333333333 0.65234375 0.40625 0.650390625 0.4097222222222222 0.64453125 0.4097222222222222 0.642578125 0.4027777777777778 0.638671875 0.4027777777777778 0.63671875 0.40625 0.626953125 0.4097222222222222 0.619140625 0.4270833333333333 0.61328125 0.4236111111111111 0.61328125 0.4201388888888889 0.609375 0.4166666666666667 0.603515625 0.4236111111111111 0.603515625 0.4340277777777778 0.6015625 0.4340277777777778 0.599609375 0.4305555555555556 0.599609375 0.4236111111111111 0.591796875 0.40625 0.59765625 0.40625 0.6015625 0.4097222222222222 0.60546875 0.4027777777777778 0.60546875 0.3854166666666667 0.619140625 0.375 0.625 0.3645833333333333 0.62890625 0.3645833333333333 0.634765625 0.3576388888888889 0.650390625 0.3576388888888889 0.65234375 0.3541666666666667
0 0.416015625 0.28125 0.4296875 0.28125 0.4296875 0.2916666666666667 0.42578125 0.2951388888888889 0.421875 0.2881944444444444 0.416015625 0.2881944444444444 0.416015625 0.2847222222222222
0 0.6828703703703703 0.38940329218106995 0.04984085648148148 0.11419753086419752
0 0.568359375 0.40625 0.5703125 0.40625 0.5703125 0.4270833333333333 0.564453125 0.4340277777777778 0.564453125 0.4305555555555556 0.560546875 0.4270833333333333 0.560546875 0.4201388888888889 0.5625 0.4201388888888889 0.564453125 0.4131944444444444 0.568359375 0.4097222222222222
0 0.3828125 0.3715277777777778 0.388671875 0.3715277777777778 0.392578125 0.3819444444444444 0.396484375 0.3819444444444444 0.396484375 0.4027777777777778 0.38671875 0.4027777777777778 0.388671875 0.3993055555555556 0.388671875 0.3888888888888889 0.384765625 0.3854166666666667 0.3828125 0.375
0 0.615234375 0.8506944444444444 0.615234375 0.8715277777777778 0.599609375 0.8958333333333334 0.5859375 0.9027777777777778 0.58203125 0.8993055555555556 0.580078125 0.8923611111111112 0.578125 0.8923611111111112 0.578125 0.8819444444444444 0.580078125 0.8819444444444444 0.583984375 0.8715277777777778 0.58984375 0.8715277777777778 0.59765625 0.8645833333333334 0.609375 0.8645833333333334 0.615234375 0.8541666666666666
0 0.7265625 0.4270833333333333 0.7265625 0.4791666666666667 0.724609375 0.4861111111111111 0.724609375 0.4791666666666667 0.72265625 0.4756944444444444 0.70703125 0.46875 0.701171875 0.4618055555555556 0.701171875 0.4548611111111111 0.705078125 0.4513888888888889 0.70703125 0.4409722222222222 0.71875 0.4270833333333333 0.724609375 0.4270833333333333
0 0.412109375 0.03819444444444445 0.412109375 0.05555555555555555 0.41015625 0.059027777777777776 0.408203125 0.05555555555555555 0.40234375 0.05555555555555555 0.40234375 0.041666666666666664 0.41015625 0.03819444444444445
0 0.46875 0.03125 0.482421875 0.03125 0.482421875 0.04513888888888889 0.474609375 0.04513888888888889 0.474609375 0.041666666666666664 0.47265625 0.03819444444444445 0.46875 0.03819444444444445 0.46875 0.034722222222222224
0 0.42578125 0 0.443359375 0 0.44140625 0.006944444444444444 0.427734375 0.006944444444444444 0.42578125 0.003472222222222222
0 0.45703125 0.13194444444444445 0.45703125 0.13541666666666666 0.4609375 0.1388888888888889 0.4609375 0.14583333333333334 0.458984375 0.14930555555555555 0.453125 0.14930555555555555 0.451171875 0.14583333333333334 0.451171875 0.1423611111111111 0.45703125 0.13541666666666666
0 0.72265625 0.7256944444444444 0.7265625 0.7291666666666666 0.7265625 0.8298611111111112 0.724609375 0.8368055555555556 0.7109375 0.8368055555555556 0.703125 0.8298611111111112 0.697265625 0.8090277777777778 0.697265625 0.78125 0.69921875 0.7777777777777778 0.69921875 0.7569444444444444 0.701171875 0.7534722222222222 0.701171875 0.7361111111111112 0.69921875 0.7326388888888888 0.69921875 0.7256944444444444 0.701171875 0.7222222222222222 0.71484375 0.7222222222222222 0.716796875 0.7256944444444444 0.720703125 0.7256944444444444
0 0.6640625 0.03819444444444445 0.666015625 0.03819444444444445 0.666015625 0.04861111111111111 0.6640625 0.052083333333333336 0.66015625 0.052083333333333336 0.66015625 0.04513888888888889 0.6640625 0.041666666666666664
0 0.41015625 0.06944444444444445 0.416015625 0.06944444444444445 0.416015625 0.08333333333333333 0.40234375 0.0798611111111111 0.41015625 0.07291666666666667
0 0.408203125 0.12152777777777778 0.421875 0.12152777777777778 0.421875 0.13194444444444445 0.41796875 0.13194444444444445 0.416015625 0.13541666666666666 0.408203125 0.13194444444444445 0.408203125 0.125