0 0.576171875 0.3797909407665505 0.580078125 0.3867595818815331 0.587890625 0.37630662020905925 0.591796875 0.3623693379790941 0.599609375 0.3554006968641115 0.603515625 0.3554006968641115 0.61328125 0.34494773519163763 0.6484375 0.34146341463414637 0.6484375 0.3588850174216028 0.638671875 0.37282229965156793 0.63671875 0.3867595818815331 0.62109375 0.3867595818815331 0.619140625 0.3902439024390244 0.61328125 0.3902439024390244 0.609375 0.39372822299651566 0.603515625 0.4076655052264808 0.59765625 0.4076655052264808 0.59375 0.397212543554007 0.587890625 0.397212543554007 0.58203125 0.40418118466898956 0.58203125 0.4146341463414634 0.580078125 0.4146341463414634 0.572265625 0.39372822299651566 0.572265625 0.3832752613240418 0.57421875 0.3832752613240418
0 0.556640625 0.06968641114982578 0.5703125 0.06968641114982578 0.5703125 0.08013937282229965 0.568359375 0.08013937282229965 0.56640625 0.08710801393728224 0.5625 0.08710801393728224 0.560546875 0.08013937282229965 0.556640625 0.08013937282229965 0.556640625 0.07317073170731707
0 0.5390625 0.03832752613240418 0.54296875 0.03832752613240418 0.54296875 0.04529616724738676 0.544921875 0.04878048780487805 0.55859375 0.05574912891986063 0.55859375 0.07317073170731707 0.5546875 0.08013937282229965 0.548828125 0.07665505226480836 0.548828125 0.07317073170731707 0.541015625 0.0627177700348432 0.537109375 0.0627177700348432 0.5390625 0.05226480836236934 0.54296875 0.04878048780487805 0.54296875 0.041811846689895474 0.541015625 0.03832752613240418
0 0.54296875 0.5017421602787456 0.544921875 0.5017421602787456 0.546875 0.5087108013937283 0.560546875 0.5087108013937283 0.568359375 0.519163763066202 0.568359375 0.5331010452961672 0.564453125 0.5400696864111498 0.560546875 0.5400696864111498 0.548828125 0.5261324041811847 0.548828125 0.519163763066202 0.54296875 0.5121951219512195 0.54296875 0.5052264808362369
0 0.53515625 0.5714285714285714 0.556640625 0.5714285714285714 0.556640625 0.578397212543554 0.552734375 0.578397212543554 0.55078125 0.5818815331010453 0.537109375 0.5818815331010453 0.53515625 0.5749128919860628
0 0.529296875 0.30662020905923343 0.533203125 0.30662020905923343 0.548828125 0.289198606271777 0.55859375 0.289198606271777 0.56640625 0.2961672473867596 0.56640625 0.313588850174216 0.560546875 0.3170731707317073 0.556640625 0.32752613240418116 0.556640625 0.3344947735191638 0.552734375 0.3344947735191638 0.55078125 0.33797909407665505 0.552734375 0.3344947735191638 0.546875 0.32752613240418116 0.533203125 0.32752613240418116 0.533203125 0.3170731707317073 0.529296875 0.313588850174216 0.529296875 0.31010452961672474
0 0.548828125 0.37282229965156793 0.564453125 0.3623693379790941 0.5703125 0.3623693379790941 0.572265625 0.36585365853658536 0.58203125 0.3693379790940767 0.58203125 0.3797909407665505 0.578125 0.3832752613240418 0.55859375 0.3797909407665505 0.55078125 0.37282229965156793
0 0.662109375 0.8501742160278746 0.662109375 0.8885017421602788 0.650390625 0.8885017421602788 0.64453125 0.8815331010452961 0.64453125 0.8745644599303136 0.640625 0.8710801393728222 0.642578125 0.8710801393728222 0.64453125 0.8641114982578397 0.650390625 0.8571428571428571 0.66015625 0.8501742160278746
0 0.59375 0.6655052264808362 0.599609375 0.6655052264808362 0.603515625 0.6759581881533101 0.626953125 0.6794425087108014 0.62890625 0.6829268292682927 0.626953125 0.6933797909407665 0.6328125 0.7003484320557491 0.6328125 0.7247386759581882 0.62890625 0.7282229965156795 0.603515625 0.7282229965156795 0.6015625 0.7317073170731707 0.58984375 0.735191637630662 0.587890625 0.7317073170731707 0.587890625 0.7212543554006968 0.591796875 0.7038327526132404 0.591796875 0.6794425087108014 0.59375 0.6759581881533101 0.59375 0.6689895470383276
0 0.37109375 0.16376306620209058 0.375 0.1602787456445993 0.384765625 0.1602787456445993 0.384765625 0.17421602787456447 0.3828125 0.17770034843205576 0.37109375 0.17421602787456447 0.37109375 0.1672473867595819
0 0.396484375 0.024390243902439025 0.400390625 0.024390243902439025 0.40234375 0.0313588850174216 0.412109375 0.03484320557491289 0.412109375 0.041811846689895474 0.396484375 0.04529616724738676 0.38671875 0.03832752613240418 0.388671875 0.03832752613240418 0.390625 0.0313588850174216 0.39453125 0.0313588850174216 0.396484375 0.027874564459930314
0 0.619140625 0.42160278745644597 0.630859375 0.4076655052264808 0.6484375 0.40069686411149824 0.65234375 0.3902439024390244 0.65234375 0.37630662020905925 0.654296875 0.37282229965156793 0.658203125 0.37630662020905925 0.658203125 0.3902439024390244 0.66015625 0.39372822299651566 0.66015625 0.4076655052264808 0.65625 0.4146341463414634 0.65625 0.43902439024390244 0.65234375 0.4425087108013937 0.65234375 0.4529616724738676 0.650390625 0.4564459930313589 0.646484375 0.4564459930313589 0.638671875 0.4634146341463415 0.625 0.45993031358885017 0.623046875 0.4564459930313589 0.623046875 0.44947735191637633 0.619140625 0.445993031358885 0.619140625 0.4250871080139373
0 0.5390625 0.41114982578397213 0.544921875 0.41114982578397213 0.544921875 0.4355400696864111 0.54296875 0.43902439024390244 0.5390625 0.43902439024390244 0.5390625 0.4146341463414634
0 0.5703125 0.2508710801393728 0.5703125 0.27177700348432055 0.568359375 0.27526132404181186 0.556640625 0.27177700348432055 0.556640625 0.26480836236933797 0.560546875 0.26480836236933797 0.5625 0.2613240418118467 0.5625 0.25435540069686413 0.568359375 0.25435540069686413
0 0.529296875 0.6550522648083623 0.53125 0.6585365853658537 0.5390625 0.6585365853658537 0.541015625 0.6550522648083623 0.541015625 0.6689895470383276 0.53515625 0.6759581881533101 0.53125 0.6759581881533101 0.525390625 0.6829268292682927 0.517578125 0.6829268292682927 0.515625 0.686411149825784 0.5 0.686411149825784 0.498046875 0.6898954703832753 0.494140625 0.6898954703832753 0.4921875 0.686411149825784 0.494140625 0.6759581881533101 0.498046875 0.6689895470383276 0.5078125 0.6585365853658537 0.52734375 0.6550522648083623
0 0.4375 0.013937282229965157 0.4609375 0.013937282229965157 0.462890625 0.017421602787456445 0.462890625 0.027874564459930314 0.455078125 0.03484320557491289 0.44921875 0.0313588850174216 0.447265625 0.024390243902439025 0.44140625 0.024390243902439025 0.44140625 0.020905923344947737 0.4375 0.017421602787456445
0 0.357421875 0.37630662020905925 0.36328125 0.37630662020905925 0.36328125 0.3832752613240418 0.3671875 0.3867595818815331 0.3671875 0.3902439024390244 0.37109375 0.39372822299651566 0.373046875 0.40069686411149824 0.375 0.40069686411149824 0.375 0.4076655052264808 0.37109375 0.4076655052264808 0.369140625 0.41114982578397213 0.353515625 0.4076655052264808 0.353515625 0.3902439024390244 0.357421875 0.3867595818815331 0.357421875 0.3797909407665505
0 0.587890625 0.8745644599303136 0.587890625 0.8989547038327527 0.5859375 0.8989547038327527 0.583984375 0.9024390243902439 0.583984375 0.9094076655052264 0.58203125 0.9094076655052264 0.576171875 0.9198606271777003 0.564453125 0.9198606271777003 0.5625 0.9233449477351916 0.55078125 0.9198606271777003 0.55078125 0.9024390243902439 0.55859375 0.89198606271777 0.580078125 0.89198606271777 0.583984375 0.8885017421602788 0.587890625 0.8780487804878049
0 0.693359375 0.42160278745644597 0.70703125 0.4181184668989547 0.70703125 0.4738675958188153 0.701171875 0.46689895470383275 0.693359375 0.46689895470383275 0.689453125 0.45993031358885017 0.681640625 0.4564459930313589 0.681640625 0.4425087108013937 0.68359375 0.4425087108013937 0.685546875 0.4355400696864111 0.693359375 0.4250871080139373
0 0.375 0.03484320557491289 0.388671875 0.027874564459930314 0.388671875 0.04529616724738676 0.38671875 0.04878048780487805 0.380859375 0.04878048780487805 0.37890625 0.041811846689895474 0.375 0.03832752613240418
0 0.423828125 0.11846689895470383 0.4296875 0.1254355400696864 0.427734375 0.13240418118466898 0.419921875 0.13588850174216027 0.41796875 0.13240418118466898 0.419921875 0.1254355400696864 0.423828125 0.12195121951219512
0 0.671875 0.7212543554006968 0.6875 0.7212543554006968 0.689453125 0.7282229965156795 0.69921875 0.7282229965156795 0.708984375 0.735191637630662 0.708984375 0.8432055749128919 0.705078125 0.8466898954703833 0.693359375 0.8466898954703833 0.69140625 0.8432055749128919 0.68359375 0.8432055749128919 0.677734375 0.8362369337979094 0.67578125 0.8257839721254355 0.671875 0.8222996515679443 0.671875 0.7770034843205574 0.67578125 0.7735191637630662 0.67578125 0.759581881533101 0.677734375 0.7560975609756098 0.67578125 0.7421602787456446 0.671875 0.7386759581881533 0.671875 0.7247386759581882
0 0.638671875 0.027874564459930314 0.634765625 0.03832752613240418 0.630859375 0.03832752613240418 0.630859375 0.0313588850174216 0.63671875 0.027874564459930314
0 0.70703125 0.2787456445993031 0.70703125 0.3205574912891986 0.6953125 0.3310104529616725 0.697265625 0.34494773519163763 0.693359375 0.34494773519163763 0.685546875 0.33797909407665505 0.658203125 0.33797909407665505 0.654296875 0.3344947735191638 0.654296875 0.3310104529616725 0.658203125 0.32752613240418116 0.658203125 0.3170731707317073 0.66015625 0.31010452961672474 0.669921875 0.2961672473867596 0.673828125 0.2961672473867596 0.67578125 0.2926829268292683 0.697265625 0.2926829268292683 0.705078125 0.28222996515679444