0 0.458984375 0.1672473867595819 0.46484375 0.1672473867595819 0.46484375 0.17770034843205576 0.4609375 0.17770034843205576 0.455078125 0.18466898954703834 0.44921875 0.17770034843205576 0.4453125 0.17770034843205576 0.44921875 0.17421602787456447 0.45703125 0.17421602787456447 0.458984375 0.17073170731707318
0 0.59765625 0.4634146341463415 0.611328125 0.4634146341463415 0.615234375 0.46689895470383275 0.615234375 0.49825783972125437 0.607421875 0.49825783972125437 0.60546875 0.5017421602787456 0.591796875 0.49825783972125437 0.58984375 0.4912891986062718 0.5859375 0.4912891986062718 0.5859375 0.4738675958188153 0.58984375 0.4738675958188153 0.59765625 0.46689895470383275
0 0.537109375 0.12195121951219512 0.544921875 0.11846689895470383 0.5546875 0.1254355400696864 0.5625 0.1254355400696864 0.5703125 0.13240418118466898 0.5703125 0.14285714285714285 0.56640625 0.14285714285714285 0.564453125 0.14982578397212543 0.55859375 0.14982578397212543 0.546875 0.13937282229965156 0.544921875 0.13240418118466898 0.537109375 0.1289198606271777 0.537109375 0.1254355400696864
0 0.58984375 0.6794425087108014 0.595703125 0.6794425087108014 0.59765625 0.686411149825784 0.6015625 0.686411149825784 0.603515625 0.6898954703832753 0.623046875 0.6898954703832753 0.623046875 0.6933797909407665 0.626953125 0.6968641114982579 0.625 0.6968641114982579 0.623046875 0.7038327526132404 0.62890625 0.710801393728223 0.6328125 0.710801393728223 0.634765625 0.7177700348432056 0.634765625 0.7282229965156795 0.6328125 0.7317073170731707 0.625 0.7317073170731707 0.623046875 0.735191637630662 0.59765625 0.735191637630662 0.59375 0.7421602787456446 0.58203125 0.7386759581881533 0.583984375 0.7317073170731707 0.583984375 0.710801393728223 0.587890625 0.7073170731707317 0.587890625 0.686411149825784 0.58984375 0.6829268292682927
0 0.54296875 0.5365853658536586 0.5546875 0.5365853658536586 0.556640625 0.5435540069686411 0.560546875 0.5470383275261324 0.568359375 0.5470383275261324 0.580078125 0.5609756097560976 0.580078125 0.5749128919860628 0.572265625 0.578397212543554 0.568359375 0.5714285714285714 0.564453125 0.5714285714285714 0.5625 0.5644599303135889 0.546875 0.5505226480836237 0.546875 0.5435540069686411 0.54296875 0.5400696864111498
0 0.51171875 0.5853658536585366 0.53125 0.5853658536585366 0.53125 0.5888501742160279 0.53515625 0.5923344947735192 0.53515625 0.5958188153310104 0.53125 0.5958188153310104 0.529296875 0.5993031358885017 0.521484375 0.5993031358885017 0.51953125 0.5958188153310104 0.505859375 0.5923344947735192 0.509765625 0.5923344947735192 0.51171875 0.5888501742160279
0 0.486328125 0.09059233449477352 0.49609375 0.09059233449477352 0.49609375 0.10104529616724739 0.490234375 0.10104529616724739 0.486328125 0.10801393728222997 0.4765625 0.10104529616724739 0.46875 0.10104529616724739 0.46875 0.0975609756097561 0.484375 0.0975609756097561 0.486328125 0.09407665505226481
0 0.54296875 0.4843205574912892 0.544921875 0.4843205574912892 0.544921875 0.5052264808362369 0.541015625 0.5087108013937283 0.533203125 0.5087108013937283 0.53125 0.5121951219512195 0.52734375 0.5121951219512195 0.525390625 0.5087108013937283 0.515625 0.5087108013937283 0.515625 0.5052264808362369 0.51953125 0.5052264808362369 0.521484375 0.49825783972125437 0.541015625 0.49477351916376305 0.54296875 0.4878048780487805
0 0.359375 0.18118466898954705 0.380859375 0.18118466898954705 0.380859375 0.18466898954703834 0.376953125 0.18466898954703834 0.375 0.1916376306620209 0.369140625 0.18466898954703834 0.359375 0.18466898954703834
0 0.57421875 0.4250871080139373 0.58203125 0.4250871080139373 0.591796875 0.4181184668989547 0.591796875 0.4634146341463415 0.58203125 0.4634146341463415 0.580078125 0.46689895470383275 0.5625 0.4634146341463415 0.5625 0.43902439024390244 0.56640625 0.43902439024390244 0.568359375 0.43205574912891986 0.572265625 0.43205574912891986 0.57421875 0.42857142857142855
0 0.408203125 0.46689895470383275 0.41015625 0.46689895470383275 0.412109375 0.4738675958188153 0.42578125 0.4738675958188153 0.427734375 0.47038327526132406 0.427734375 0.4843205574912892 0.421875 0.4843205574912892 0.41796875 0.4912891986062718 0.41015625 0.4843205574912892 0.404296875 0.4843205574912892 0.404296875 0.4808362369337979 0.408203125 0.47735191637630664 0.408203125 0.47038327526132406
0 0.66015625 0.34843205574912894 0.669921875 0.3554006968641115 0.669921875 0.37630662020905925 0.66796875 0.3797909407665505 0.6640625 0.3797909407665505 0.66015625 0.3867595818815331 0.646484375 0.3867595818815331 0.64453125 0.39372822299651566 0.640625 0.397212543554007 0.63671875 0.39372822299651566 0.6328125 0.3832752613240418 0.626953125 0.3832752613240418 0.623046875 0.397212543554007 0.619140625 0.40069686411149824 0.62109375 0.40418118466898956 0.619140625 0.40069686411149824 0.61328125 0.40069686411149824 0.61328125 0.39372822299651566 0.611328125 0.3867595818815331 0.607421875 0.3832752613240418 0.60546875 0.3693379790940767 0.623046875 0.3693379790940767 0.625 0.36585365853658536 0.625 0.3588850174216028 0.62890625 0.3519163763066202 0.638671875 0.3519163763066202 0.640625 0.34843205574912894 0.658203125 0.34843205574912894
0 0.6484375 0.8501742160278746 0.65234375 0.8466898954703833 0.65625 0.8501742160278746 0.662109375 0.8501742160278746 0.662109375 0.8815331010452961 0.6484375 0.8850174216027874 0.646484375 0.8815331010452961 0.6328125 0.8780487804878049 0.6328125 0.8641114982578397 0.642578125 0.8606271777003485 0.6484375 0.8536585365853658
0 0.36328125 0.08362369337979095 0.3671875 0.08013937282229965 0.373046875 0.08013937282229965 0.384765625 0.09059233449477352 0.390625 0.09059233449477352 0.390625 0.0975609756097561 0.375 0.10104529616724739 0.373046875 0.0975609756097561 0.3671875 0.0975609756097561 0.36328125 0.09407665505226481 0.36328125 0.08710801393728224
0 0.44140625 0.1254355400696864 0.451171875 0.1254355400696864 0.453125 0.12195121951219512 0.470703125 0.12195121951219512 0.470703125 0.1254355400696864 0.466796875 0.1254355400696864 0.4609375 0.13240418118466898 0.455078125 0.13240418118466898 0.44921875 0.1254355400696864 0.443359375 0.1254355400696864
0 0.357421875 0.43902439024390244 0.365234375 0.43902439024390244 0.3671875 0.445993031358885 0.375 0.44947735191637633 0.376953125 0.4564459930313589 0.376953125 0.4634146341463415 0.373046875 0.4634146341463415 0.37109375 0.47038327526132406 0.369140625 0.47038327526132406 0.365234375 0.45993031358885017 0.357421875 0.4564459930313589 0.357421875 0.4425087108013937
0 0.681640625 0.44947735191637633 0.697265625 0.44947735191637633 0.697265625 0.4878048780487805 0.685546875 0.4912891986062718 0.68359375 0.4878048780487805 0.673828125 0.4878048780487805 0.66796875 0.4808362369337979 0.6640625 0.4808362369337979 0.6640625 0.4738675958188153 0.66796875 0.4738675958188153 0.669921875 0.47038327526132406 0.669921875 0.4634146341463415 0.681640625 0.4529616724738676
0 0.36328125 0.05226480836236934 0.380859375 0.05226480836236934 0.380859375 0.05574912891986063 0.376953125 0.05574912891986063 0.373046875 0.0627177700348432 0.3671875 0.0627177700348432 0.3671875 0.059233449477351915 0.36328125 0.05574912891986063
0 0.583984375 0.07317073170731707 0.591796875 0.07317073170731707 0.59375 0.07665505226480836 0.59375 0.08362369337979095 0.59765625 0.08710801393728224 0.59765625 0.09059233449477352 0.603515625 0.10104529616724739 0.607421875 0.10104529616724739 0.611328125 0.10801393728222997 0.6171875 0.10801393728222997 0.619140625 0.11149825783972125 0.650390625 0.11149825783972125 0.654296875 0.10452961672473868 0.654296875 0.12195121951219512 0.65234375 0.1254355400696864 0.6484375 0.1254355400696864 0.640625 0.13588850174216027 0.634765625 0.13588850174216027 0.6328125 0.13937282229965156 0.619140625 0.14285714285714285 0.6171875 0.14634146341463414 0.599609375 0.14634146341463414 0.59765625 0.14285714285714285 0.591796875 0.14285714285714285 0.5859375 0.13588850174216027 0.58203125 0.1254355400696864 0.58203125 0.10801393728222997 0.583984375 0.10452961672473868 0.58203125 0.08013937282229965 0.583984375 0.07665505226480836
0 0.544921875 0.3170731707317073 0.548828125 0.3205574912891986 0.55078125 0.32752613240418116 0.578125 0.32752613240418116 0.580078125 0.3310104529616725 0.58984375 0.3310104529616725 0.591796875 0.3344947735191638 0.591796875 0.3554006968641115 0.576171875 0.3554006968641115 0.57421875 0.3623693379790941 0.5703125 0.3623693379790941 0.568359375 0.36585365853658536 0.568359375 0.3623693379790941 0.564453125 0.3588850174216028 0.5625 0.3519163763066202 0.556640625 0.3519163763066202 0.552734375 0.34843205574912894 0.55078125 0.34146341463414637 0.5390625 0.34146341463414637 0.541015625 0.3240418118466899 0.544921875 0.3205574912891986
0 0.54296875 0.89198606271777 0.5546875 0.89198606271777 0.556640625 0.8989547038327527 0.560546875 0.8989547038327527 0.560546875 0.9233449477351916 0.548828125 0.926829268292683 0.546875 0.9233449477351916 0.54296875 0.9233449477351916 0.541015625 0.9163763066202091 0.53515625 0.9163763066202091 0.53515625 0.9128919860627178 0.541015625 0.9128919860627178 0.54296875 0.9094076655052264 0.54296875 0.8954703832752613
0 0.662109375 0.7282229965156795 0.677734375 0.7247386759581882 0.6796875 0.7282229965156795 0.69140625 0.7282229965156795 0.6953125 0.7317073170731707 0.6953125 0.8397212543554007 0.69140625 0.8397212543554007 0.689453125 0.8432055749128919 0.685546875 0.8432055749128919 0.681640625 0.8327526132404182 0.67578125 0.8327526132404182 0.67578125 0.8292682926829268 0.671875 0.8257839721254355 0.669921875 0.818815331010453 0.669921875 0.7630662020905923 0.671875 0.759581881533101 0.671875 0.7526132404181185 0.669921875 0.7491289198606271 0.669921875 0.7386759581881533 0.662109375 0.7317073170731707
0 0.537109375 0.4250871080139373 0.548828125 0.4250871080139373 0.548828125 0.42857142857142855 0.552734375 0.43205574912891986 0.552734375 0.4355400696864111 0.546875 0.4355400696864111 0.544921875 0.43902439024390244 0.533203125 0.4425087108013937 0.525390625 0.4355400696864111 0.529296875 0.43205574912891986 0.53515625 0.43205574912891986 0.537109375 0.42857142857142855
0 0.521484375 0.13240418118466898 0.53125 0.13240418118466898 0.53515625 0.13588850174216027 0.53125 0.13588850174216027 0.52734375 0.14285714285714285 0.5234375 0.14285714285714285 0.521484375 0.13588850174216027
0 0.47265625 0.7003484320557491 0.494140625 0.7003484320557491 0.49609375 0.7073170731707317 0.505859375 0.7073170731707317 0.5078125 0.7003484320557491 0.509765625 0.7003484320557491 0.509765625 0.7142857142857143 0.498046875 0.7177700348432056 0.494140625 0.7247386759581882 0.478515625 0.7247386759581882 0.47265625 0.7317073170731707 0.4609375 0.7317073170731707 0.45703125 0.7247386759581882 0.453125 0.7247386759581882 0.455078125 0.7177700348432056 0.4609375 0.710801393728223 0.46484375 0.7073170731707317 0.470703125 0.7073170731707317 0.47265625 0.7038327526132404