0 0.486328125 0.06968641114982578 0.48828125 0.07317073170731707 0.48828125 0.08362369337979095 0.484375 0.08710801393728224 0.482421875 0.08710801393728224 0.48046875 0.08013937282229965 0.474609375 0.07665505226480836 0.484375 0.06968641114982578
0 0.330078125 0.40418118466898956 0.341796875 0.4146341463414634 0.345703125 0.42160278745644597 0.349609375 0.42160278745644597 0.35546875 0.4146341463414634 0.3671875 0.4146341463414634 0.369140625 0.4181184668989547 0.373046875 0.4181184668989547 0.37890625 0.4250871080139373 0.37890625 0.43205574912891986 0.3828125 0.43902439024390244 0.3828125 0.445993031358885 0.37890625 0.445993031358885 0.376953125 0.44947735191637633 0.3671875 0.44947735191637633 0.349609375 0.43205574912891986 0.34375 0.445993031358885 0.3359375 0.44947735191637633 0.33984375 0.445993031358885 0.33984375 0.4355400696864111 0.341796875 0.43205574912891986 0.3359375 0.4146341463414634 0.330078125 0.4076655052264808
0 0.546875 0.024390243902439025 0.5625 0.03832752613240418 0.56640625 0.03832752613240418 0.580078125 0.04878048780487805 0.5859375 0.04878048780487805 0.587890625 0.04529616724738676 0.6015625 0.04529616724738676 0.603515625 0.04878048780487805 0.609375 0.04878048780487805 0.62109375 0.024390243902439025 0.619140625 0.041811846689895474 0.615234375 0.05226480836236934 0.60546875 0.06968641114982578 0.59765625 0.07317073170731707 0.59375 0.08362369337979095 0.59375 0.09407665505226481 0.58984375 0.10104529616724739 0.5859375 0.10104529616724739 0.583984375 0.10452961672473868 0.556640625 0.10452961672473868 0.55078125 0.09407665505226481 0.548828125 0.09407665505226481 0.548828125 0.07665505226480836 0.5390625 0.03484320557491289 0.5390625 0.0313588850174216 0.544921875 0.024390243902439025
0 0.2890625 0.7177700348432056 0.302734375 0.7177700348432056 0.302734375 0.7282229965156795 0.30078125 0.7317073170731707 0.29296875 0.7317073170731707 0.2890625 0.7282229965156795 0.2890625 0.7212543554006968
0 0.474609375 0.10452961672473868 0.478515625 0.10452961672473868 0.482421875 0.11149825783972125 0.482421875 0.11498257839721254 0.478515625 0.11846689895470383 0.466796875 0.11846689895470383 0.466796875 0.11498257839721254 0.474609375 0.10801393728222997
0 0.533203125 0.9372822299651568 0.53515625 0.9407665505226481 0.541015625 0.9407665505226481 0.54296875 0.9477351916376306 0.552734375 0.9581881533101045 0.556640625 0.9721254355400697 0.556640625 0.9790940766550522 0.5625 0.9895470383275261 0.568359375 0.9895470383275261 0.568359375 0.9965156794425087 0.5234375 0.9965156794425087 0.5234375 0.9895470383275261 0.515625 0.9790940766550522 0.515625 0.9651567944250871 0.517578125 0.9581881533101045 0.5234375 0.9477351916376306 0.525390625 0.9477351916376306 0.529296875 0.9372822299651568 0.53125 0.9372822299651568
0 0.482421875 0.554006968641115 0.48828125 0.554006968641115 0.490234375 0.5609756097560976 0.49609375 0.5644599303135889 0.49609375 0.5818815331010453 0.494140625 0.5853658536585366 0.49609375 0.5958188153310104 0.494140625 0.5993031358885017 0.48046875 0.578397212543554 0.48046875 0.5714285714285714 0.478515625 0.5679442508710801 0.482421875 0.5574912891986062
0 0.515625 0.8745644599303136 0.517578125 0.8815331010452961 0.513671875 0.8954703832752613 0.513671875 0.9059233449477352 0.509765625 0.9128919860627178 0.505859375 0.9094076655052264 0.505859375 0.8989547038327527 0.515625 0.8780487804878049
0 0.5967933491686461 0.875036208794392 0.0166270783847981 0.04449336654886739
0 0.384765625 0.10104529616724739 0.390625 0.10104529616724739 0.392578125 0.10801393728222997 0.390625 0.11498257839721254 0.3828125 0.11498257839721254 0.380859375 0.10801393728222997 0.384765625 0.10452961672473868
0 0.544921875 0.6724738675958188 0.548828125 0.6794425087108014 0.564453125 0.6794425087108014 0.56640625 0.6829268292682927 0.56640625 0.6898954703832753 0.564453125 0.6933797909407665 0.568359375 0.7003484320557491 0.572265625 0.6933797909407665 0.5703125 0.7073170731707317 0.576171875 0.7142857142857143 0.56640625 0.7282229965156795 0.560546875 0.7282229965156795 0.55859375 0.7317073170731707 0.552734375 0.7317073170731707 0.548828125 0.7282229965156795 0.541015625 0.7386759581881533 0.533203125 0.7386759581881533 0.533203125 0.7282229965156795 0.53515625 0.7247386759581882 0.53515625 0.6933797909407665 0.537109375 0.6898954703832753 0.537109375 0.6759581881533101 0.54296875 0.6724738675958188
0 0.634765625 0.42160278745644597 0.634765625 0.47038327526132406 0.6328125 0.46689895470383275 0.62890625 0.46689895470383275 0.62109375 0.4564459930313589 0.623046875 0.43902439024390244 0.626953125 0.42857142857142855 0.6328125 0.42160278745644597
0 0.283203125 0.5226480836236934 0.279296875 0.5087108013937283 0.28515625 0.4912891986062718 0.2890625 0.49477351916376305 0.2890625 0.5017421602787456 0.291015625 0.5052264808362369 0.2890625 0.5087108013937283 0.2890625 0.5226480836236934 0.28515625 0.5226480836236934
0 0.435546875 0.5609756097560976 0.439453125 0.5644599303135889 0.439453125 0.5714285714285714 0.4375 0.5749128919860628 0.43359375 0.5749128919860628 0.435546875 0.5714285714285714 0.431640625 0.5679442508710801 0.435546875 0.5644599303135889
0 0.59765625 0.4912891986062718 0.603515625 0.4843205574912892 0.625 0.4843205574912892 0.634765625 0.4912891986062718 0.634765625 0.5156794425087108 0.611328125 0.5156794425087108 0.607421875 0.5087108013937283 0.59375 0.49825783972125437 0.59765625 0.49477351916376305
0 0.353515625 0.7212543554006968 0.36328125 0.7212543554006968 0.365234375 0.7282229965156795 0.369140625 0.7282229965156795 0.373046875 0.735191637630662 0.376953125 0.7317073170731707 0.376953125 0.7456445993031359 0.373046875 0.7491289198606271 0.3671875 0.7491289198606271 0.365234375 0.7526132404181185 0.353515625 0.7526132404181185 0.3515625 0.7491289198606271 0.341796875 0.7456445993031359 0.341796875 0.7386759581881533 0.353515625 0.7247386759581882
0 0.3125 0.156794425087108 0.314453125 0.156794425087108 0.318359375 0.1672473867595819 0.314453125 0.17073170731707318 0.310546875 0.1672473867595819 0.3125 0.1602787456445993
0 0.58984375 0.710801393728223 0.591796875 0.7142857142857143 0.609375 0.7142857142857143 0.611328125 0.7177700348432056 0.634765625 0.7212543554006968 0.634765625 0.8397212543554007 0.6328125 0.8397212543554007 0.625 0.8118466898954704 0.625 0.8013937282229965 0.62109375 0.7979094076655052 0.615234375 0.7839721254355401 0.599609375 0.7700348432055749 0.5703125 0.7317073170731707 0.56640625 0.7317073170731707 0.572265625 0.7282229965156795 0.578125 0.7177700348432056 0.578125 0.7142857142857143 0.587890625 0.7142857142857143
0 0.43359375 0.5087108013937283 0.435546875 0.5156794425087108 0.42578125 0.5226480836236934 0.416015625 0.5226480836236934 0.4140625 0.519163763066202 0.4140625 0.5087108013937283 0.416015625 0.5052264808362369 0.42578125 0.5052264808362369 0.427734375 0.5087108013937283 0.431640625 0.5087108013937283
0 0.294921875 0.44947735191637633 0.30078125 0.44947735191637633 0.302734375 0.4564459930313589 0.314453125 0.45993031358885017 0.31640625 0.4634146341463415 0.314453125 0.47038327526132406 0.310546875 0.4738675958188153 0.30859375 0.47038327526132406 0.302734375 0.47038327526132406 0.294921875 0.4634146341463415 0.294921875 0.4529616724738676
0 0.2890625 0.4076655052264808 0.29296875 0.4181184668989547 0.29296875 0.4250871080139373 0.291015625 0.42857142857142855 0.287109375 0.42857142857142855 0.287109375 0.41114982578397213
0 0.328125 0.05226480836236934 0.337890625 0.05226480836236934 0.33984375 0.05574912891986063 0.33984375 0.06968641114982578 0.33203125 0.06968641114982578 0.328125 0.05574912891986063
0 0.62109375 0.27177700348432055 0.626953125 0.27177700348432055 0.626953125 0.27526132404181186 0.634765625 0.2857142857142857 0.634765625 0.2961672473867596 0.62890625 0.30662020905923343 0.625 0.30662020905923343 0.623046875 0.31010452961672474 0.595703125 0.31010452961672474 0.59375 0.3170731707317073 0.591796875 0.3170731707317073 0.59375 0.31010452961672474 0.587890625 0.30313588850174217 0.587890625 0.29965156794425085 0.6015625 0.29965156794425085 0.60546875 0.289198606271777 0.62109375 0.27526132404181186
0 0.544921875 0.6724738675958188 0.55078125 0.6794425087108014 0.56640625 0.6794425087108014 0.56640625 0.6933797909407665 0.5703125 0.7003484320557491 0.57421875 0.6968641114982579 0.572265625 0.7038327526132404 0.578125 0.7142857142857143 0.591796875 0.710801393728223 0.59375 0.7142857142857143 0.609375 0.7142857142857143 0.611328125 0.7177700348432056 0.634765625 0.7212543554006968 0.634765625 0.8397212543554007 0.6328125 0.8397212543554007 0.630859375 0.8292682926829268 0.626953125 0.8222996515679443 0.625 0.8013937282229965 0.62109375 0.7979094076655052 0.615234375 0.7839721254355401 0.58984375 0.759581881533101 0.587890625 0.7526132404181185 0.58203125 0.7491289198606271 0.5703125 0.7317073170731707 0.5546875 0.7317073170731707 0.55078125 0.7282229965156795 0.54296875 0.7386759581881533 0.533203125 0.7386759581881533 0.533203125 0.7317073170731707 0.537109375 0.7282229965156795 0.537109375 0.7073170731707317 0.5390625 0.7038327526132404 0.5390625 0.6968641114982579 0.537109375 0.6933797909407665 0.5390625 0.6898954703832753 0.5390625 0.6794425087108014 0.54296875 0.6759581881533101
0 0.421875 0.3310104529616725 0.42578125 0.3310104529616725 0.42578125 0.3344947735191638 0.431640625 0.34494773519163763 0.431640625 0.3519163763066202 0.439453125 0.37630662020905925 0.4375 0.3832752613240418 0.431640625 0.3832752613240418 0.42578125 0.37630662020905925 0.419921875 0.3554006968641115 0.421875 0.3344947735191638
0 0.287109375 0.31010452961672474 0.291015625 0.313588850174216 0.302734375 0.33797909407665505 0.306640625 0.34146341463414637 0.322265625 0.34146341463414637 0.322265625 0.3519163763066202 0.3203125 0.3554006968641115 0.310546875 0.3588850174216028 0.306640625 0.37282229965156793 0.2890625 0.37282229965156793 0.287109375 0.3693379790940767 0.28125 0.3693379790940767 0.279296875 0.37282229965156793 0.275390625 0.3623693379790941 0.275390625 0.3310104529616725 0.28515625 0.313588850174216
0 0.48046875 0.30662020905923343 0.48828125 0.30662020905923343 0.490234375 0.31010452961672474 0.490234375 0.32752613240418116 0.4765625 0.3240418118466899 0.4765625 0.313588850174216 0.48046875 0.31010452961672474