0 0.3385518590998043 0.40069686411149824 0.34637964774951074 0.40069686411149824 0.3522504892367906 0.4076655052264808 0.3639921722113503 0.41114982578397213 0.3659491193737769 0.4076655052264808 0.37181996086105673 0.4076655052264808 0.37573385518590996 0.40069686411149824 0.3835616438356164 0.40069686411149824 0.38551859099804303 0.39372822299651566 0.3933463796477495 0.39372822299651566 0.3953033268101761 0.40069686411149824 0.40117416829745595 0.40069686411149824 0.4070450097847358 0.4076655052264808 0.4070450097847358 0.42857142857142855 0.40117416829745595 0.4355400696864111 0.38943248532289626 0.4355400696864111 0.38747553816046965 0.43205574912891986 0.3796477495107632 0.43205574912891986 0.3776908023483366 0.42857142857142855 0.36203522504892366 0.42857142857142855 0.3542074363992172 0.4425087108013937 0.350293542074364 0.43902439024390244 0.3522504892367906 0.4355400696864111 0.3522504892367906 0.4146341463414634 0.3405088062622309 0.40069686411149824
0 0.324853228962818 0.686411149825784 0.324853228962818 0.6724738675958188 0.3424657534246575 0.6724738675958188 0.3424657534246575 0.6898954703832753 0.3287671232876712 0.6898954703832753 0.3268101761252446 0.686411149825784
0 0.49706457925636005 0.06620209059233449 0.5107632093933464 0.06620209059233449 0.5107632093933464 0.07665505226480836 0.5068493150684932 0.08013937282229965 0.4931506849315068 0.07665505226480836 0.4931506849315068 0.07317073170731707 0.49706457925636005 0.06968641114982578
0 0.5440313111545988 0.9233449477351916 0.5538160469667319 0.9128919860627178 0.5557729941291585 0.9059233449477352 0.5772994129158513 0.9059233449477352 0.5772994129158513 0.9094076655052264 0.5831702544031311 0.9198606271777003 0.5870841487279843 0.9198606271777003 0.5870841487279843 0.9233449477351916 0.5909980430528375 0.926829268292683 0.598825831702544 0.9477351916376306 0.6027397260273972 0.9512195121951219 0.6086105675146771 0.9512195121951219 0.6086105675146771 0.9581881533101045 0.6046966731898239 0.9616724738675958 0.6007827788649707 0.9721254355400697 0.5968688845401174 0.9721254355400697 0.5929549902152642 0.9651567944250871 0.589041095890411 0.9686411149825784 0.5792563600782779 0.9686411149825784 0.5772994129158513 0.9651567944250871 0.5694716242661448 0.9651567944250871 0.5655577299412916 0.9686411149825784 0.5655577299412916 0.9651567944250871 0.5596868884540117 0.9547038327526133 0.5577299412915852 0.9547038327526133 0.5577299412915852 0.9512195121951219 0.5538160469667319 0.9477351916376306 0.5518590998043053 0.9407665505226481 0.5459882583170255 0.9303135888501742 0.5440313111545988 0.9303135888501742 0.5440313111545988 0.926829268292683
0 0.5322896281800391 0.09407665505226481 0.5342465753424658 0.0975609756097561 0.5440313111545988 0.0975609756097561 0.5459882583170255 0.09407665505226481 0.5557729941291585 0.09407665505226481 0.5577299412915852 0.0975609756097561 0.5616438356164384 0.0975609756097561 0.5636007827788649 0.11149825783972125 0.5577299412915852 0.11149825783972125 0.5557729941291585 0.11498257839721254 0.5185909980430529 0.10801393728222997 0.5185909980430529 0.0975609756097561 0.5225048923679061 0.0975609756097561 0.5264187866927593 0.08710801393728224 0.5283757338551859 0.08710801393728224 0.5303326810176126 0.09407665505226481
0 0.4637964774951076 0.37630662020905925 0.46966731898238745 0.37630662020905925 0.47162426614481406 0.3797909407665505 0.47162426614481406 0.40069686411149824 0.46771037181996084 0.40069686411149824 0.4657534246575342 0.40418118466898956 0.4637964774951076 0.40069686411149824 0.45792563600782776 0.40069686411149824 0.461839530332681 0.40069686411149824 0.4637964774951076 0.397212543554007 0.4637964774951076 0.3797909407665505
0 0.5772994129158513 0.6480836236933798 0.5792563600782779 0.6515679442508711 0.5929549902152642 0.6515679442508711 0.5949119373776908 0.6550522648083623 0.5929549902152642 0.6585365853658537 0.5929549902152642 0.6655052264808362 0.5949119373776908 0.6689895470383276 0.6007827788649707 0.6689895470383276 0.6027397260273972 0.662020905923345 0.6027397260273972 0.6655052264808362 0.5968688845401174 0.6724738675958188 0.6007827788649707 0.6759581881533101 0.6046966731898239 0.686411149825784 0.5929549902152642 0.6968641114982579 0.5714285714285714 0.6968641114982579 0.5675146771037182 0.7038327526132404 0.5577299412915852 0.7038327526132404 0.5577299412915852 0.6898954703832753 0.5596868884540117 0.686411149825784 0.5596868884540117 0.6585365853658537 0.5616438356164384 0.6550522648083623 0.5616438356164384 0.6445993031358885 0.5636007827788649 0.6376306620209059 0.5675146771037182 0.6376306620209059 0.5714285714285714 0.6480836236933798 0.5753424657534246 0.6480836236933798
0 0.5068493150684932 0.5435540069686411 0.5088062622309197 0.5435540069686411 0.5107632093933464 0.5365853658536586 0.512720156555773 0.5435540069686411 0.5225048923679061 0.5470383275261324 0.5225048923679061 0.5505226480836237 0.5283757338551859 0.5574912891986062 0.5283757338551859 0.5644599303135889 0.5322896281800391 0.5679442508710801 0.5322896281800391 0.5749128919860628 0.5264187866927593 0.578397212543554 0.512720156555773 0.5644599303135889 0.512720156555773 0.5574912891986062 0.5068493150684932 0.5505226480836237 0.5068493150684932 0.5470383275261324
0 0.42857142857142855 0.10452961672473868 0.4344422700587084 0.10104529616724739 0.436399217221135 0.09407665505226481 0.44422700587084146 0.09407665505226481 0.4461839530332681 0.10104529616724739 0.4500978473581213 0.10104529616724739 0.4500978473581213 0.11149825783972125 0.42857142857142855 0.11149825783972125 0.42857142857142855 0.10801393728222997
0 0.6144814090019569 0.8222996515679443 0.6183953033268101 0.8222996515679443 0.6262230919765166 0.8153310104529616 0.6281800391389433 0.8083623693379791 0.6320939334637965 0.8083623693379791 0.6320939334637965 0.8466898954703833 0.6183953033268101 0.8466898954703833 0.6105675146771037 0.8397212543554007 0.6105675146771037 0.8292682926829268 0.6144814090019569 0.8257839721254355
0 0.34833659491193736 0.4425087108013937 0.350293542074364 0.4425087108013937 0.3522504892367906 0.4355400696864111 0.37377690802348335 0.4355400696864111 0.37377690802348335 0.4529616724738676 0.34833659491193736 0.4529616724738676 0.34833659491193736 0.445993031358885
0 0.3287671232876712 0.4076655052264808 0.33463796477495106 0.4076655052264808 0.33659491193737767 0.40418118466898956 0.33659491193737767 0.4181184668989547 0.32289628180039137 0.4181184668989547 0.3268101761252446 0.4181184668989547 0.3287671232876712 0.41114982578397213
0 0.639921722113503 0.27526132404181186 0.6418786692759295 0.289198606271777 0.6379647749510763 0.2926829268292683 0.6360078277886497 0.29965156794425085 0.62426614481409 0.30313588850174217 0.6223091976516634 0.30662020905923343 0.6046966731898239 0.30662020905923343 0.6027397260273972 0.30313588850174217 0.5968688845401174 0.30313588850174217 0.5929549902152642 0.29965156794425085 0.5929549902152642 0.2961672473867596 0.6046966731898239 0.2926829268292683 0.6183953033268101 0.27526132404181186 0.62426614481409 0.27526132404181186 0.6262230919765166 0.27177700348432055 0.6360078277886497 0.27177700348432055 0.6379647749510763 0.27526132404181186
0 0.48140900195694714 0.11149825783972125 0.487279843444227 0.11149825783972125 0.4892367906066536 0.10801393728222997 0.50293542074364 0.10801393728222997 0.50293542074364 0.11846689895470383 0.49706457925636005 0.11846689895470383 0.49510763209393344 0.12195121951219512 0.48140900195694714 0.11846689895470383 0.48140900195694714 0.11498257839721254
0 0.5303326810176126 0.8466898954703833 0.5420743639921722 0.8362369337979094 0.5440313111545988 0.8292682926829268 0.547945205479452 0.8292682926829268 0.547945205479452 0.8606271777003485 0.5225048923679061 0.8606271777003485 0.5225048923679061 0.8571428571428571 0.5303326810176126 0.8501742160278746
0 0.4735812133072407 0.4843205574912892 0.4755381604696673 0.4878048780487805 0.4794520547945205 0.4878048780487805 0.4794520547945205 0.49477351916376305 0.46771037181996084 0.49477351916376305 0.4657534246575342 0.49825783972125437 0.4500978473581213 0.49477351916376305 0.4500978473581213 0.4878048780487805 0.45401174168297453 0.4843205574912892 0.47162426614481406 0.4843205574912892
0 0.350293542074364 0.05226480836236934 0.3522504892367906 0.04529616724738676 0.37377690802348335 0.04529616724738676 0.37377690802348335 0.0627177700348432 0.3561643835616438 0.0627177700348432 0.3522504892367906 0.059233449477351915 0.3522504892367906 0.05574912891986063
0 0.5733855185909981 0.03832752613240418 0.589041095890411 0.04878048780487805 0.6281800391389433 0.04878048780487805 0.6301369863013698 0.05226480836236934 0.6418786692759295 0.05226480836236934 0.6477495107632094 0.041811846689895474 0.6477495107632094 0.04878048780487805 0.6360078277886497 0.06620209059233449 0.6301369863013698 0.06620209059233449 0.6281800391389433 0.07317073170731707 0.6203522504892368 0.08362369337979095 0.6203522504892368 0.09059233449477352 0.6164383561643836 0.0975609756097561 0.6105675146771037 0.10452961672473868 0.6007827788649707 0.10452961672473868 0.598825831702544 0.10801393728222997 0.5753424657534246 0.10452961672473868 0.5753424657534246 0.10104529616724739 0.5714285714285714 0.0975609756097561 0.5694716242661448 0.09059233449477352 0.5694716242661448 0.08013937282229965 0.5675146771037182 0.07665505226480836 0.5675146771037182 0.06620209059233449 0.5636007827788649 0.05574912891986063 0.5596868884540117 0.05226480836236934 0.5596868884540117 0.041811846689895474 0.5655577299412916 0.03832752613240418 0.5675146771037182 0.0313588850174216 0.5694716242661448 0.0313588850174216 0.5714285714285714 0.03832752613240418
0 0.31702544031311153 0.47735191637630664 0.31898238747553814 0.47735191637630664 0.32093933463796476 0.47038327526132406 0.3287671232876712 0.47038327526132406 0.3287671232876712 0.5017421602787456 0.31702544031311153 0.5017421602787456 0.31702544031311153 0.4878048780487805 0.3150684931506849 0.4843205574912892 0.3111545988258317 0.4843205574912892 0.3150684931506849 0.4843205574912892 0.31702544031311153 0.4808362369337979
0 0.49902152641878667 0.2961672473867596 0.5166340508806262 0.2961672473867596 0.5166340508806262 0.30662020905923343 0.512720156555773 0.31010452961672474 0.49902152641878667 0.30662020905923343 0.49510763209393344 0.30313588850174217 0.49902152641878667 0.29965156794425085
0 0.4637964774951076 0.3310104529616725 0.46966731898238745 0.33797909407665505 0.46966731898238745 0.3623693379790941 0.45596868884540115 0.3623693379790941 0.45596868884540115 0.3554006968641115 0.4598825831702544 0.3519163763066202 0.4598825831702544 0.34146341463414637 0.461839530332681 0.34146341463414637 0.4637964774951076 0.3344947735191638
0 0.33659491193737767 0.30662020905923343 0.34637964774951074 0.3240418118466899 0.3522504892367906 0.3240418118466899 0.3542074363992172 0.32752613240418116 0.3659491193737769 0.32752613240418116 0.3659491193737769 0.34494773519163763 0.3561643835616438 0.34494773519163763 0.3522504892367906 0.3519163763066202 0.34442270058708413 0.3519163763066202 0.3424657534246575 0.3554006968641115 0.3405088062622309 0.3519163763066202 0.31702544031311153 0.3519163763066202 0.3131115459882583 0.34843205574912894 0.3131115459882583 0.3240418118466899 0.324853228962818 0.313588850174216 0.33072407045009783 0.30313588850174217 0.33072407045009783 0.29965156794425085 0.33268101761252444 0.29965156794425085 0.33463796477495106 0.30662020905923343
0 0.41487279843444225 0.6898954703832753 0.41682974559686886 0.6933797909407665 0.4207436399217221 0.6933797909407665 0.4227005870841487 0.6898954703832753 0.4227005870841487 0.710801393728223 0.4050880626223092 0.710801393728223 0.40313111545988256 0.7142857142857143 0.38551859099804303 0.710801393728223 0.3816046966731898 0.7073170731707317 0.3816046966731898 0.7038327526132404 0.3835616438356164 0.7038327526132404 0.38943248532289626 0.6898954703832753 0.3953033268101761 0.686411149825784 0.3972602739726027 0.6794425087108014 0.4050880626223092 0.6794425087108014 0.4070450097847358 0.686411149825784 0.410958904109589 0.686411149825784 0.41291585127201563 0.6898954703832753