0 0.92578125 0.5853658536585366 0.9453125 0.5853658536585366 0.9453125 0.5888501742160279 0.951171875 0.5958188153310104 0.951171875 0.6132404181184669 0.947265625 0.6202090592334495 0.943359375 0.6202090592334495 0.94140625 0.6236933797909407 0.892578125 0.6236933797909407 0.88671875 0.6167247386759582 0.88671875 0.6132404181184669 0.896484375 0.6132404181184669 0.8984375 0.6062717770034843 0.91015625 0.5958188153310104 0.923828125 0.5923344947735192 0.92578125 0.5888501742160279
0 0.56640625 0 0.59765625 0 0.59765625 0.041811846689895474 0.595703125 0.04878048780487805 0.591796875 0.05226480836236934 0.578125 0.08013937282229965 0.57421875 0.08362369337979095 0.572265625 0.09407665505226481 0.568359375 0.10104529616724739 0.55859375 0.10452961672473868 0.552734375 0.11498257839721254 0.552734375 0.13588850174216027 0.544921875 0.13240418118466898 0.544921875 0.1289198606271777 0.541015625 0.1254355400696864 0.52734375 0.0975609756097561 0.525390625 0.0975609756097561 0.525390625 0.09059233449477352 0.537109375 0.08710801393728224 0.544921875 0.07665505226480836 0.546875 0.05574912891986063 0.55078125 0.04529616724738676 0.55078125 0.03832752613240418 0.5546875 0.03484320557491289 0.55859375 0.017421602787456445 0.560546875 0.017421602787456445 0.56640625 0.003484320557491289
0 0.3046875 0.7177700348432056 0.30859375 0.7142857142857143 0.30859375 0.7073170731707317 0.310546875 0.7038327526132404 0.31640625 0.6968641114982579 0.3203125 0.6968641114982579 0.322265625 0.6898954703832753 0.345703125 0.6898954703832753 0.345703125 0.735191637630662 0.33984375 0.7421602787456446 0.30859375 0.7421602787456446 0.306640625 0.7386759581881533 0.30078125 0.7386759581881533 0.30078125 0.7282229965156795 0.302734375 0.7282229965156795 0.3046875 0.7212543554006968
0 0 1 0.031207453125 1 0.029368822265625 0.9955283205574913 0.00223650390625 0.9615080174216029 0 0.9598009024390243 0 1
0 0 0.9790940766550522 0 0.9825783972125436 0.00390625 0.9860627177700348 0.005859375 0.9930313588850174 0.0078125 0.9930313588850174 0.0078125 0.9965156794425087 0 0.9965156794425087 0 0.9825783972125436
0 0.43359375 0.7839721254355401 0.439453125 0.7839721254355401 0.439453125 0.7874564459930313 0.4453125 0.794425087108014 0.4453125 0.8327526132404182 0.439453125 0.8397212543554007 0.439453125 0.8466898954703833 0.4375 0.8501742160278746 0.4296875 0.8501742160278746 0.423828125 0.8571428571428571 0.41796875 0.8571428571428571 0.408203125 0.8501742160278746 0.408203125 0.8466898954703833 0.41796875 0.8362369337979094 0.419921875 0.8118466898954704 0.423828125 0.8083623693379791 0.423828125 0.7979094076655052 0.43359375 0.7874564459930313
0 0.37109375 0.17770034843205576 0.373046875 0.17770034843205576 0.376953125 0.18815331010452963 0.376953125 0.20209059233449478 0.37890625 0.20557491289198607 0.380859375 0.20557491289198607 0.38671875 0.21602787456445993 0.39453125 0.21951219512195122 0.3984375 0.2264808362369338 0.40234375 0.2264808362369338 0.41015625 0.23344947735191637 0.412109375 0.23693379790940766 0.412109375 0.24390243902439024 0.416015625 0.24738675958188153 0.42578125 0.2682926829268293 0.42578125 0.2926829268292683 0.421875 0.2926829268292683 0.419921875 0.2961672473867596 0.412109375 0.2961672473867596 0.404296875 0.289198606271777 0.396484375 0.289198606271777 0.38671875 0.2787456445993031 0.3828125 0.26480836236933797 0.376953125 0.2578397212543554 0.375 0.24390243902439024 0.37109375 0.24041811846689895 0.37109375 0.22996515679442509 0.365234375 0.2229965156794425 0.365234375 0.21951219512195122 0.3671875 0.21951219512195122 0.37109375 0.20905923344947736 0.37109375 0.1916376306620209 0.369140625 0.18815331010452963 0.37109375 0.18118466898954705
0 0.44921875 0.44947735191637633 0.455078125 0.44947735191637633 0.45703125 0.4564459930313589 0.4609375 0.4564459930313589 0.46484375 0.4634146341463415 0.47265625 0.46689895470383275 0.48828125 0.49825783972125437 0.48828125 0.5156794425087108 0.482421875 0.5156794425087108 0.478515625 0.519163763066202 0.474609375 0.5121951219512195 0.470703125 0.5121951219512195 0.458984375 0.49477351916376305 0.451171875 0.4878048780487805 0.447265625 0.47735191637630664 0.4453125 0.47735191637630664 0.443359375 0.47038327526132406 0.443359375 0.4564459930313589 0.447265625 0.4564459930313589 0.44921875 0.4529616724738676
0 0.17578125 0.3797909407665505 0.1796875 0.3832752613240418 0.1796875 0.40069686411149824 0.177734375 0.40418118466898956 0.169921875 0.4076655052264808 0.1640625 0.4181184668989547 0.1640625 0.42160278745644597 0.16015625 0.42160278745644597 0.158203125 0.4250871080139373 0.146484375 0.4250871080139373 0.14453125 0.42857142857142855 0.12109375 0.42857142857142855 0.119140625 0.4250871080139373 0.10546875 0.4250871080139373 0.103515625 0.42160278745644597 0.10546875 0.4146341463414634 0.11328125 0.4146341463414634 0.119140625 0.40418118466898956 0.119140625 0.40069686411149824 0.123046875 0.397212543554007 0.123046875 0.39372822299651566 0.134765625 0.3832752613240418 0.142578125 0.3832752613240418 0.14453125 0.3797909407665505 0.173828125 0.3797909407665505
0 0.176934990234375 0.43010962717770035 0.175211447265625 0.43010962717770035 0.16400841015625 0.4391692961672474 0.16400841015625 0.45389126132404184 0.15194359765625 0.4652158466898955 0.15194359765625 0.4686132229965157 0.155390685546875 0.5093817351916377 0.158837775390625 0.5127791080139373 0.167455498046875 0.508249275261324 0.17607321875 0.5184414041811847 0.186414486328125 0.508249275261324 0.1993410703125 0.5037194390243902 0.204511701171875 0.4957922299651568 0.2053734765625 0.4878650209059233 0.1993410703125 0.4652158466898955 0.192446892578125 0.45728863414634147 0.1941704375 0.45389126132404184 0.176934990234375 0.43010962717770035
0 0.169921875 0.42857142857142855 0.181640625 0.42857142857142855 0.181640625 0.43205574912891986 0.185546875 0.4355400696864111 0.19140625 0.44947735191637633 0.201171875 0.45993031358885017 0.201171875 0.46689895470383275 0.203125 0.47038327526132406 0.203125 0.5017421602787456 0.19921875 0.5087108013937283 0.189453125 0.5087108013937283 0.185546875 0.5156794425087108 0.173828125 0.5156794425087108 0.171875 0.5087108013937283 0.15625 0.5121951219512195 0.154296875 0.4634146341463415 0.15625 0.45993031358885017 0.16015625 0.45993031358885017 0.1640625 0.4529616724738676 0.1640625 0.43902439024390244 0.169921875 0.43205574912891986
0 0.490234375 0 0.49609375 0 0.498046875 0.006968641114982578 0.490234375 0.003484320557491289
0 0.435546875 0.2264808362369338 0.439453125 0.2229965156794425 0.439453125 0.21602787456445993 0.44140625 0.21254355400696864 0.455078125 0.1951219512195122 0.458984375 0.1951219512195122 0.4609375 0.1916376306620209 0.466796875 0.1916376306620209 0.46875 0.18815331010452963 0.494140625 0.18815331010452963 0.49609375 0.1916376306620209 0.49609375 0.20905923344947736 0.4921875 0.21254355400696864 0.486328125 0.2264808362369338 0.4765625 0.22996515679442509 0.47265625 0.23693379790940766 0.455078125 0.24041811846689895 0.44921875 0.2508710801393728 0.447265625 0.2508710801393728 0.4453125 0.24738675958188153 0.439453125 0.24738675958188153 0.435546875 0.24390243902439024 0.435546875 0.22996515679442509
0 0.119140625 0.7979094076655052 0.123046875 0.7979094076655052 0.125 0.8048780487804879 0.126953125 0.8048780487804879 0.1328125 0.8153310104529616 0.13671875 0.8153310104529616 0.138671875 0.818815331010453 0.173828125 0.818815331010453 0.17578125 0.8222996515679443 0.1875 0.8222996515679443 0.1953125 0.8327526132404182 0.19921875 0.8327526132404182 0.203125 0.8432055749128919 0.203125 0.8641114982578397 0.166015625 0.8641114982578397 0.1640625 0.8606271777003485 0.158203125 0.8606271777003485 0.150390625 0.8536585365853658 0.14453125 0.8536585365853658 0.140625 0.8466898954703833 0.12890625 0.8362369337979094 0.125 0.8362369337979094 0.119140625 0.818815331010453 0.119140625 0.8013937282229965
0 0.869140625 0.0313588850174216 0.888671875 0.0313588850174216 0.890625 0.03832752613240418 0.896484375 0.03832752613240418 0.900390625 0.041811846689895474 0.90234375 0.04529616724738676 0.90234375 0.0627177700348432 0.880859375 0.06968641114982578 0.876953125 0.07665505226480836 0.86328125 0.07665505226480836 0.861328125 0.08362369337979095 0.85546875 0.08362369337979095 0.849609375 0.09407665505226481 0.84765625 0.09407665505226481 0.837890625 0.11498257839721254 0.830078125 0.11498257839721254 0.82421875 0.12195121951219512 0.822265625 0.1254355400696864 0.82421875 0.1289198606271777 0.810546875 0.1254355400696864 0.806640625 0.11498257839721254 0.806640625 0.10801393728222997 0.8125 0.0975609756097561 0.8125 0.09407665505226481 0.814453125 0.09407665505226481 0.81640625 0.08710801393728224 0.8203125 0.08362369337979095 0.82421875 0.06968641114982578 0.830078125 0.06620209059233449 0.833984375 0.059233449477351915 0.8359375 0.05226480836236934 0.83984375 0.05226480836236934 0.84375 0.04529616724738676 0.853515625 0.03832752613240418 0.8671875 0.03832752613240418 0.869140625 0.03484320557491289
0 0.708536978515625 0.6577989721254356 0.720099556640625 0.6464743867595819 0.725495427734375 0.632884881533101 0.723953748046875 0.6249576724738676 0.717016201171875 0.6215602961672473 0.712391169921875 0.6215602961672473 0.6969743984375 0.6260901289198607 0.682328466796875 0.6385471777003484 0.67307840234375 0.6498717630662021 0.675390919921875 0.6532691358885018 0.6669116953125 0.6623288048780488 0.6622866640625 0.6793156864111498 0.6507240859375 0.6838455226480836 0.66151582421875 0.7019648606271777 0.66305750390625 0.7098920696864112 0.6761617578125 0.6883753554006968 0.691578529296875 0.68271306271777 0.693891046875 0.6781832299651568 0.6992869140625 0.6793156864111498 0.6992869140625 0.6747858536585366 0.710078654296875 0.6634612648083624 0.708536978515625 0.6577989721254356
0 0.701171875 0.6202090592334495 0.724609375 0.6202090592334495 0.724609375 0.6376306620209059 0.72265625 0.6445993031358885 0.712890625 0.6585365853658537 0.708984375 0.6724738675958188 0.689453125 0.6898954703832753 0.677734375 0.6933797909407665 0.673828125 0.6968641114982579 0.669921875 0.7073170731707317 0.6640625 0.7073170731707317 0.662109375 0.7003484320557491 0.65234375 0.686411149825784 0.66015625 0.6829268292682927 0.666015625 0.6724738675958188 0.66796875 0.6585365853658537 0.669921875 0.6585365853658537 0.677734375 0.6411149825783972 0.681640625 0.6411149825783972 0.685546875 0.6341463414634146 0.689453125 0.6341463414634146 0.701171875 0.6236933797909407
0 0.50864078125 1 0.507439072265625 0.9835425888501742 0.500654578125 0.9690248118466899 0.498958455078125 0.9567405331010453 0.49387008203125 0.9489232682926829 0.49726233203125 0.9433395087108015 0.501502638671875 0.9053699337979093 0.504894888671875 0.8986694216027874 0.491325896484375 0.8908521533101045 0.488781708984375 0.872984118466899 0.482845275390625 0.8674003554006969 0.480301091796875 0.8674003554006969 0.47182047265625 0.8718673658536585 0.4650359765625 0.8808013832752614 0.453163109375 0.8808013832752614 0.456555359375 0.8953191602787456 0.4658840390625 0.8953191602787456 0.469276287109375 0.8986694216027874 0.466732099609375 0.9064866864111498 0.466732099609375 0.923237968641115 0.47182047265625 0.9288217282229966 0.47182047265625 0.9377557456445993 0.467580162109375 0.9723750662020906 0.468256884765625 1 0.50864078125 1
0 0.4921875 0.8362369337979094 0.5 0.8327526132404182 0.5078125 0.8222996515679443 0.513671875 0.8222996515679443 0.515625 0.8153310104529616 0.53125 0.8153310104529616 0.533203125 0.8222996515679443 0.533203125 0.8466898954703833 0.53125 0.8536585365853658 0.525390625 0.8641114982578397 0.525390625 0.867595818815331 0.51953125 0.8745644599303136 0.517578125 0.8850174216027874 0.509765625 0.89198606271777 0.50390625 0.9024390243902439 0.5 0.9059233449477352 0.478515625 0.9059233449477352 0.474609375 0.9198606271777003 0.462890625 0.9303135888501742 0.453125 0.9303135888501742 0.453125 0.9198606271777003 0.44921875 0.9163763066202091 0.443359375 0.9024390243902439 0.4375 0.8989547038327527 0.451171875 0.8989547038327527 0.453125 0.9024390243902439 0.45703125 0.8989547038327527 0.4609375 0.8885017421602788 0.46484375 0.8885017421602788 0.466796875 0.8815331010452961 0.470703125 0.8780487804878049 0.470703125 0.8710801393728222 0.47265625 0.867595818815331 0.474609375 0.867595818815331 0.4921875 0.8397212543554007
0 0.864950390625 0.6522393135888501 0.8773246953125 0.6473074390243903 0.872905298828125 0.6423755714285714 0.8773246953125 0.6325118257839721 0.86936978515625 0.6238810522648084 0.859647115234375 0.6226480836236934 0.8561116015625 0.6226480836236934 0.8278274765625 0.6312788606271776 0.82694359765625 0.6374436968641115 0.838434025390625 0.6485404111498259 0.84992444921875 0.6522393135888501 0.864950390625 0.6522393135888501
0 0.375 0.6202090592334495 0.38671875 0.6202090592334495 0.388671875 0.627177700348432 0.40234375 0.6341463414634146 0.4140625 0.6480836236933798 0.4140625 0.6550522648083623 0.416015625 0.6585365853658537 0.416015625 0.6794425087108014 0.400390625 0.6794425087108014 0.3984375 0.6759581881533101 0.39453125 0.6759581881533101 0.3828125 0.662020905923345 0.380859375 0.6585365853658537 0.380859375 0.6515679442508711 0.376953125 0.6480836236933798 0.375 0.6376306620209059 0.37109375 0.6341463414634146 0.37109375 0.627177700348432 0.375 0.6236933797909407
0 -0.006707317073170732 0.4367468343672984 0.03391768292682927 0.06983938132064248
0 0.576171875 0.23344947735191637 0.5859375 0.23344947735191637 0.587890625 0.24041811846689895 0.587890625 0.27526132404181186 0.58203125 0.28222996515679444 0.578125 0.28222996515679444 0.576171875 0.2857142857142857 0.53515625 0.2857142857142857 0.533203125 0.28222996515679444 0.529296875 0.28222996515679444 0.52734375 0.27526132404181186 0.53125 0.2613240418118467 0.546875 0.24390243902439024 0.55078125 0.24390243902439024 0.552734375 0.24041811846689895 0.5703125 0.24390243902439024 0.576171875 0.23693379790940766
0 0.10764554296875 0.39988017421602784 0.11674833203125 0.3864085993031359 0.118265462890625 0.37630491986062714 0.13571247265625 0.34711651219512196 0.136471037109375 0.32690915331010456 0.12281685546875 0.32241862717770037 0.12129972265625 0.32241862717770037 0.101577017578125 0.3336449407665505 0.090198533203125 0.34711651219512196 0.09095709765625 0.35160703832752616 0.080337181640625 0.36507860975609757 0.0765443515625 0.3864085993031359 0.078061482421875 0.4010028048780488 0.056821646484375 0.4144743763066202 0.070475828125 0.41671964111498255 0.075785787109375 0.4324364738675958 0.08109574609375 0.43468173867595816 0.08868140234375 0.41671964111498255 0.0955084921875 0.41896490243902434 0.093991361328125 0.4155970069686411 0.098542755859375 0.40886122299651567 0.106128412109375 0.4077385923344948 0.10764554296875 0.39988017421602784
0 0.125 0.3240418118466899 0.130859375 0.3240418118466899 0.130859375 0.32752613240418116 0.134765625 0.3310104529616725 0.134765625 0.3554006968641115 0.12890625 0.36585365853658536 0.12890625 0.3693379790940767 0.123046875 0.37630662020905925 0.12109375 0.3867595818815331 0.109375 0.40069686411149824 0.109375 0.4076655052264808 0.107421875 0.41114982578397213 0.1015625 0.4146341463414634 0.09765625 0.42160278745644597 0.08984375 0.4250871080139373 0.0859375 0.43205574912891986 0.0859375 0.445993031358885 0.080078125 0.445993031358885 0.078125 0.43205574912891986 0.068359375 0.4181184668989547 0.05859375 0.4146341463414634 0.0703125 0.41114982578397213 0.07421875 0.40418118466898956 0.07421875 0.397212543554007 0.078125 0.39372822299651566 0.078125 0.3832752613240418 0.08203125 0.3693379790940767 0.0859375 0.36585365853658536 0.095703125 0.34494773519163763 0.099609375 0.34494773519163763 0.103515625 0.33797909407665505 0.107421875 0.33797909407665505 0.115234375 0.3310104529616725 0.123046875 0.3310104529616725 0.125 0.32752613240418116
0 0.962890625 0.3832752613240418 0.97265625 0.3832752613240418 0.97265625 0.3867595818815331 0.9765625 0.3902439024390244 0.9765625 0.42857142857142855 0.97265625 0.4355400696864111 0.970703125 0.4355400696864111 0.95703125 0.4564459930313589 0.923828125 0.4564459930313589 0.919921875 0.445993031358885 0.93359375 0.43902439024390244 0.935546875 0.43205574912891986 0.939453125 0.42857142857142855 0.939453125 0.42160278745644597 0.94140625 0.42160278745644597 0.943359375 0.4146341463414634 0.955078125 0.397212543554007 0.955078125 0.39372822299651566 0.958984375 0.39372822299651566 0.962890625 0.3867595818815331
0 0.894146580078125 0.7412169616724739 0.889307546875 0.7412169616724739 0.874506955078125 0.7424171463414634 0.86596798828125 0.7520186306620209 0.86938357421875 0.7604199268292683 0.88133812890625 0.7676210383275262 0.909516720703125 0.7664208536585366 0.912932306640625 0.7700214111498258 0.91207841015625 0.773621968641115 0.90866282421875 0.773621968641115 0.911224513671875 0.7784227073170732 0.91634789453125 0.7784227073170732 0.91634789453125 0.7748221533101045 0.912932306640625 0.773621968641115 0.91976348046875 0.773621968641115 0.92061737890625 0.7616201114982578 0.907808927734375 0.7472178885017422 0.894146580078125 0.7412169616724739
0 0.186264607421875 0.9481176167247387 0.191225228515625 0.9434265331010453 0.192878767578125 0.9410809895470382 0.187918150390625 0.9363899059233449 0.198666158203125 0.9281805052264809 0.185437837890625 0.9094161637630661 0.163941818359375 0.9012067630662021 0.163115048828125 0.9000339930313589 0.1523670390625 0.908243393728223 0.144926109375 0.905897850174216 0.13913871875 0.9105889337979094 0.163115048828125 0.9129344773519165 0.160634740234375 0.9187983344947737 0.163941818359375 0.9234894216027876 0.160634740234375 0.9270077351916376 0.162288279296875 0.9305260452961672 0.178823677734375 0.931698818815331 0.172209517578125 0.9363899059233449 0.176343369140625 0.9399082160278744 0.174689830078125 0.9434265331010453 0.16642212890625 0.9399082160278744 0.163115048828125 0.9457720766550521 0.168902439453125 0.9434265331010453 0.186264607421875 0.9481176167247387
0 0.20454050390625 0.853655299651568 0.19954268359375 0.8431185714285715 0.1903800078125 0.8325818362369338 0.177885451171875 0.8232158536585366 0.161226044921875 0.8173621149825785 0.15956010546875 0.8173621149825785 0.155395251953125 0.8220451045296167 0.14789851953125 0.8197036097560975 0.15206337109375 0.8243866027874565 0.147065548828125 0.8290695923344947 0.163724955078125 0.8337525853658536 0.147065548828125 0.84663081184669 0.15456228125 0.8454600662020906 0.1653908984375 0.850143055749129 0.183716244140625 0.8478015609756098 0.189547037109375 0.8513138013937281 0.1903800078125 0.855996794425087 0.180384365234375 0.853655299651568 0.1737206015625 0.8630212822299651 0.187048126953125 0.8665335261324042 0.2053734765625 0.8630212822299651 0.20454050390625 0.853655299651568
0 0.12448913671875 0.05264723344947735 0.12448913671875 0.05960061324041812 0.118836349609375 0.057282822299651565 0.10833831640625 0.07466626480836236 0.1059156953125 0.08625523344947734 0.102685533203125 0.08741412891986063 0.1059156953125 0.09204971428571429 0.0921875 0.10479757491289199 0.09461012109375 0.10943316027874564 0.130141923828125 0.10827426480836237 0.1503304453125 0.08741412891986063 0.155983232421875 0.07118957839721254 0.151137986328125 0.057282822299651565 0.14548519921875 0.05960061324041812 0.137409791015625 0.05264723344947735 0.125296677734375 0.05264723344947735 0.12448913671875 0.05264723344947735
0 0.19719655078125 0.7090473797909408 0.221917080078125 0.6777694773519163 0.2273246953125 0.6643646655052265 0.225007146484375 0.6531939825783971 0.216509462890625 0.6498427804878049 0.21187436328125 0.6498427804878049 0.191788935546875 0.6576622578397212 0.178656154296875 0.674418275261324 0.16784092578125 0.6967596306620208 0.153163109375 0.7023449721254355 0.16320582421875 0.7157497839721254 0.16706840625 0.7258033972125436 0.174793572265625 0.7157497839721254 0.188698869140625 0.7179839198606272 0.19719655078125 0.7336228710801395 0.20492171484375 0.7570812996515679 0.20414919921875 0.7671349094076655 0.208784298828125 0.7827738606271777 0.214964431640625 0.7805397212543554 0.215736947265625 0.7604325017421603 0.208784298828125 0.7325058048780487 0.19719655078125 0.7090473797909408
0 0.926645005859375 0.890415968641115 0.916624103515625 0.8983315958188153 0.902749009765625 0.8858927526132404 0.901207333984375 0.8858927526132404 0.89889481640625 0.890415968641115 0.9042906875 0.9028548118466898 0.906603203125 0.917555268292683 0.9227908125 0.951479393728223 0.94206177734375 0.9661798466898954 0.9590202265625 0.9639182404181186 0.964416095703125 0.9695722613240418 0.961332740234375 0.9740954773519164 0.966728611328125 0.9774878885017421 0.9728953203125 0.9740954773519164 0.973666158203125 0.9571334146341464 0.962103580078125 0.9277325052264809 0.951311841796875 0.9085088362369338 0.94206177734375 0.897200794425087 0.932040876953125 0.8915467700348432 0.926645005859375 0.890415968641115
0 0.291480478515625 0.605695149825784 0.268236939453125 0.5900144459930313 0.263152416015625 0.5900144459930313 0.2616996953125 0.5922545505226481 0.27332146484375 0.6012149512195122 0.2893013984375 0.624736 0.300923166015625 0.6684179547038327 0.314724017578125 0.6885788571428572 0.31617673828125 0.7053796097560976 0.331430310546875 0.7020194599303136 0.341599357421875 0.7109798606271777 0.3466838828125 0.7031395087108014 0.356852931640625 0.6964192090592334 0.35903201171875 0.6840986585365854 0.354673849609375 0.6628177038327526 0.345957521484375 0.6448969024390244 0.32489306640625 0.6146555505226481 0.306734048828125 0.6023350000000001 0.291480478515625 0.605695149825784
0 0.339110234375 0.9273440627177699 0.35522950390625 0.9084926794425087 0.35215916796875 0.904057055749129 0.356764673828125 0.8907501986062718 0.352926751953125 0.8863145783972126 0.357532259765625 0.8796611498257839 0.35599708984375 0.8707899094076655 0.35983501171875 0.8630275749128921 0.35829984375 0.8508296167247387 0.369813609375 0.846394 0.369813609375 0.8253248048780488 0.37902462109375 0.813126850174216 0.378257037109375 0.8075823275261323 0.381327373046875 0.8042556097560976 0.378257037109375 0.7998199895470384 0.3805597890625 0.797602181184669 0.385165296875 0.8009288954703833 0.387468048828125 0.7964932717770035 0.3920735546875 0.7798597003484321 0.389770802734375 0.7754240801393728 0.39360872265625 0.7732062717770035 0.397446646484375 0.7621172229965156 0.39514389453125 0.7521370766550523 0.38670046484375 0.7510281707317074 0.385932880859375 0.7499192648083624 0.37518669921875 0.7587905052264808 0.37595428515625 0.764335031358885 0.39360872265625 0.7676617456445992 0.387468048828125 0.7732062717770035 0.3805597890625 0.7720973658536586 0.37441911328125 0.7754240801393728 0.37595428515625 0.780968606271777 0.35983501171875 0.780968606271777 0.339877818359375 0.8242158989547038 0.33603989453125 0.846394 0.32913163671875 0.8530474285714286 0.32452612890625 0.8663542891986062 0.32145579296875 0.8918591045296167 0.32145579296875 0.9162550139372823 0.32452612890625 0.9328885853658535 0.339110234375 0.9273440627177699
0 0.59339711328125 0.22740970383275264 0.604776587890625 0.22740970383275264 0.611177541015625 0.22067391986062718 0.623268232421875 0.21955128919860628 0.63180283984375 0.21169287108013937 0.636781357421875 0.2150607630662021 0.65171691796875 0.20158919163763067 0.650294484375 0.19709866550522648 0.65598422265625 0.19260814285714287 0.65740665625 0.1813818292682927 0.6602515234375 0.17689130662020908 0.6602515234375 0.16791025783972124 0.656695439453125 0.15556131707317075 0.636781357421875 0.13759921951219514 0.623268232421875 0.13423132404181184 0.619237765625 0.13423132404181184 0.603354154296875 0.138721850174216 0.5855737265625 0.15556131707317075 0.567082080078125 0.18025919860627176 0.56281477734375 0.1982212961672474 0.5507240859375 0.20383445296167246 0.556413822265625 0.20720234494773518 0.557836255859375 0.2173060243902439 0.558547474609375 0.23190022996515683 0.55499138671875 0.24537180139372822 0.560681125 0.24649443205574914 0.566370861328125 0.23526812195121952 0.56565964453125 0.23190022996515683 0.57206059765625 0.22740970383275264 0.586284943359375 0.22740970383275264 0.589129810546875 0.23077759930313588 0.59339711328125 0.22740970383275264