0 0.595703125 0.34375 0.6015625 0.34375 0.603515625 0.3472222222222222 0.60546875 0.3541666666666667 0.60546875 0.3645833333333333 0.607421875 0.3680555555555556 0.607421875 0.3784722222222222 0.603515625 0.3819444444444444 0.595703125 0.3472222222222222
0 0.435546875 0.6979166666666666 0.435546875 0.6944444444444444 0.44140625 0.6840277777777778 0.44140625 0.6770833333333334 0.443359375 0.6736111111111112 0.451171875 0.6736111111111112 0.453125 0.6701388888888888 0.458984375 0.6701388888888888 0.4609375 0.6736111111111112 0.47265625 0.6736111111111112 0.4765625 0.6840277777777778 0.46875 0.6840277777777778 0.462890625 0.6909722222222222 0.458984375 0.6909722222222222 0.455078125 0.6979166666666666 0.4375 0.6979166666666666
0 0.57421875 0.6493055555555556 0.58203125 0.65625 0.583984375 0.6527777777777778 0.587890625 0.6527777777777778 0.591796875 0.6597222222222222 0.58984375 0.6631944444444444 0.58984375 0.6701388888888888 0.591796875 0.6736111111111112 0.595703125 0.6701388888888888 0.595703125 0.6770833333333334 0.599609375 0.6875 0.59375 0.6909722222222222 0.58984375 0.6979166666666666 0.57421875 0.6979166666666666 0.568359375 0.7048611111111112 0.5625 0.7048611111111112 0.5625 0.6944444444444444 0.564453125 0.6909722222222222 0.56640625 0.6493055555555556 0.568359375 0.6458333333333334 0.572265625 0.6493055555555556
0 0.53125 0.125 0.541015625 0.1388888888888889 0.541015625 0.14930555555555555 0.533203125 0.14930555555555555 0.529296875 0.1423611111111111 0.525390625 0.1284722222222222 0.529296875 0.125
0 0.49609375 0.5555555555555556 0.501953125 0.5625 0.501953125 0.5694444444444444 0.49609375 0.5694444444444444 0.4921875 0.5625 0.4921875 0.5590277777777778 0.494140625 0.5590277777777778
0 0.513671875 0.4131944444444444 0.515625 0.4166666666666667 0.521484375 0.4131944444444444 0.521484375 0.4201388888888889 0.513671875 0.4270833333333333 0.505859375 0.4270833333333333 0.505859375 0.4166666666666667 0.51171875 0.4131944444444444
0 0.625 0.8055555555555556 0.625 0.8368055555555556 0.623046875 0.8402777777777778 0.619140625 0.8402777777777778 0.61328125 0.8298611111111112 0.61328125 0.8194444444444444 0.62109375 0.8055555555555556 0.623046875 0.8055555555555556
0 0.466796875 0.5659722222222222 0.46875 0.5694444444444444 0.466796875 0.5763888888888888 0.458984375 0.5763888888888888 0.458984375 0.5729166666666666 0.46484375 0.5659722222222222
0 0.44921875 0.16666666666666666 0.451171875 0.1701388888888889 0.451171875 0.17708333333333334 0.447265625 0.18055555555555555 0.44140625 0.17708333333333334 0.44140625 0.1736111111111111 0.447265625 0.16666666666666666
0 0.41015625 0.4513888888888889 0.41015625 0.4652777777777778 0.408203125 0.46875 0.404296875 0.46875 0.40234375 0.4652777777777778 0.40234375 0.4583333333333333 0.408203125 0.4513888888888889
0 0.51171875 0.4756944444444444 0.513671875 0.4826388888888889 0.5078125 0.4861111111111111 0.505859375 0.4930555555555556 0.501953125 0.4965277777777778 0.5 0.4861111111111111 0.505859375 0.4791666666666667 0.509765625 0.4791666666666667
0 0.35703125 0.09351851851851851 0.011979166666666666 0.022222222222222223
0 0.4453125 0.13194444444444445 0.447265625 0.125 0.45703125 0.125 0.45703125 0.13541666666666666 0.44921875 0.13541666666666666 0.447265625 0.13194444444444445
0 0.349609375 0.4340277777777778 0.361328125 0.4444444444444444 0.365234375 0.4583333333333333 0.365234375 0.4618055555555556 0.359375 0.4618055555555556 0.35546875 0.4444444444444444 0.349609375 0.4375
0 0.529296875 0.5138888888888888 0.541015625 0.5243055555555556 0.548828125 0.5451388888888888 0.548828125 0.5555555555555556 0.544921875 0.5590277777777778 0.54296875 0.5486111111111112 0.5390625 0.5381944444444444 0.533203125 0.53125 0.529296875 0.5173611111111112
0 0.6484375 0.4305555555555556 0.65234375 0.4270833333333333 0.658203125 0.4270833333333333 0.658203125 0.4722222222222222 0.650390625 0.46875 0.642578125 0.4583333333333333 0.64453125 0.4409722222222222 0.6484375 0.4340277777777778
0 0.3614583333333333 0.1851851851851852 0.010416666666666666 0.016666666666666666
0 0.57421875 0.6493055555555556 0.58203125 0.65625 0.583984375 0.6527777777777778 0.587890625 0.6527777777777778 0.58984375 0.65625 0.58984375 0.6701388888888888 0.591796875 0.6736111111111112 0.595703125 0.6701388888888888 0.595703125 0.6770833333333334 0.6015625 0.6840277777777778 0.623046875 0.6840277777777778 0.625 0.6875 0.6328125 0.6875 0.634765625 0.6909722222222222 0.650390625 0.6909722222222222 0.65234375 0.6944444444444444 0.65625 0.6944444444444444 0.658203125 0.6979166666666666 0.658203125 0.7986111111111112 0.65234375 0.7986111111111112 0.64453125 0.7881944444444444 0.640625 0.7777777777777778 0.640625 0.7534722222222222 0.63671875 0.7430555555555556 0.6328125 0.7430555555555556 0.625 0.7361111111111112 0.59375 0.6979166666666666 0.57421875 0.6979166666666666 0.568359375 0.7048611111111112 0.5625 0.7048611111111112 0.5625 0.6944444444444444 0.564453125 0.6909722222222222 0.564453125 0.6701388888888888 0.56640625 0.6666666666666666 0.56640625 0.6493055555555556 0.568359375 0.6458333333333334 0.572265625 0.6493055555555556
0 0.46875 0.10324074074074074 0.010416666666666666 0.01759259259259259
0 0.3515625 0.22916666666666666 0.359375 0.21875 0.365234375 0.21875 0.3671875 0.22569444444444445 0.365234375 0.22916666666666666 0.353515625 0.2326388888888889
0 0.35546875 0.059027777777777776 0.35546875 0.07291666666666667 0.349609375 0.07291666666666667 0.34765625 0.06944444444444445 0.34765625 0.06597222222222222 0.353515625 0.059027777777777776
0 0.5494791666666666 0.35694444444444445 0.008333333333333333 0.012037037037037037
0 0.498046875 0.13194444444444445 0.501953125 0.13541666666666666 0.501953125 0.14583333333333334 0.498046875 0.14583333333333334 0.498046875 0.13541666666666666
0 0.55859375 0.4236111111111111 0.560546875 0.4305555555555556 0.560546875 0.4618055555555556 0.5546875 0.4618055555555556 0.5546875 0.4305555555555556 0.556640625 0.4270833333333333
0 0.5546875 0.125 0.5546875 0.11805555555555555 0.556640625 0.11458333333333333 0.564453125 0.11458333333333333 0.560546875 0.125 0.556640625 0.125
0 0.619140625 0.09027777777777778 0.623046875 0.09027777777777778 0.623046875 0.1076388888888889 0.619140625 0.11805555555555555 0.603515625 0.1423611111111111 0.599609375 0.1423611111111111 0.591796875 0.14930555555555555 0.57421875 0.14930555555555555 0.5703125 0.14583333333333334 0.56640625 0.1388888888888889 0.56640625 0.125 0.564453125 0.12152777777777778 0.56640625 0.11805555555555555 0.56640625 0.1111111111111111 0.564453125 0.1076388888888889 0.564453125 0.08333333333333333 0.56640625 0.0798611111111111 0.5703125 0.08333333333333333 0.572265625 0.09375 0.580078125 0.1076388888888889 0.58984375 0.11458333333333333 0.61328125 0.11458333333333333 0.6171875 0.1076388888888889 0.619140625 0.09375