0 0.75390625 0.7902097902097902 0.78125 0.7902097902097902 0.78125 0.8006993006993007 0.779296875 0.8076923076923077 0.76953125 0.8216783216783217 0.728515625 0.8216783216783217 0.728515625 0.8041958041958042 0.744140625 0.8006993006993007 0.75390625 0.7937062937062938
0 0.64453125 0.48951048951048953 0.654296875 0.48951048951048953 0.65625 0.4965034965034965 0.66796875 0.4965034965034965 0.669921875 0.48951048951048953 0.673828125 0.48951048951048953 0.673828125 0.5244755244755245 0.671875 0.527972027972028 0.666015625 0.527972027972028 0.658203125 0.534965034965035 0.646484375 0.534965034965035 0.64453125 0.5384615384615384 0.62890625 0.5384615384615384 0.626953125 0.534965034965035 0.62109375 0.534965034965035 0.6171875 0.5314685314685315 0.6171875 0.5174825174825175 0.619140625 0.5174825174825175 0.626953125 0.5034965034965035 0.6328125 0.5034965034965035 0.64453125 0.493006993006993
0 0.80078125 0.7062937062937062 0.814453125 0.7062937062937062 0.81640625 0.7132867132867133 0.8203125 0.7132867132867133 0.822265625 0.7167832167832168 0.822265625 0.7377622377622378 0.82421875 0.7412587412587412 0.82421875 0.7482517482517482 0.822265625 0.7517482517482518 0.818359375 0.7517482517482518 0.8125 0.7447552447552448 0.810546875 0.7377622377622378 0.806640625 0.7342657342657343 0.80078125 0.7342657342657343 0.796875 0.7272727272727273 0.79296875 0.7272727272727273 0.794921875 0.7167832167832168 0.80078125 0.7097902097902098
0 0.16796875 0.3811188811188811 0.173828125 0.3881118881118881 0.181640625 0.3881118881118881 0.181640625 0.4020979020979021 0.17578125 0.4090909090909091 0.173828125 0.4160839160839161 0.173828125 0.42657342657342656 0.171875 0.43006993006993005 0.1640625 0.4370629370629371 0.16015625 0.4370629370629371 0.15625 0.44405594405594406 0.14453125 0.45454545454545453 0.12890625 0.458041958041958 0.126953125 0.46153846153846156 0.115234375 0.46153846153846156 0.11328125 0.46503496503496505 0.099609375 0.46153846153846156 0.09375 0.45454545454545453 0.09375 0.44405594405594406 0.09765625 0.4405594405594406 0.103515625 0.4195804195804196 0.109375 0.4090909090909091 0.115234375 0.3916083916083916 0.119140625 0.3881118881118881 0.119140625 0.38461538461538464 0.126953125 0.38461538461538464 0.12890625 0.3811188811188811 0.1484375 0.3811188811188811 0.150390625 0.3741258741258741 0.15234375 0.3741258741258741 0.154296875 0.3811188811188811 0.166015625 0.3811188811188811
0 0.267578125 0.04195804195804196 0.283203125 0.04195804195804196 0.283203125 0.04895104895104895 0.28515625 0.05244755244755245 0.283203125 0.05944055944055944 0.283203125 0.07342657342657342 0.275390625 0.08041958041958042 0.24609375 0.08041958041958042 0.244140625 0.07692307692307693 0.244140625 0.055944055944055944 0.2421875 0.05244755244755245 0.255859375 0.05244755244755245 0.2578125 0.04895104895104895 0.265625 0.04895104895104895 0.267578125 0.045454545454545456
0 0.78125 0.5909090909090909 0.78515625 0.6013986013986014 0.78515625 0.6258741258741258 0.78125 0.6258741258741258 0.779296875 0.6293706293706294 0.748046875 0.6293706293706294 0.740234375 0.6223776223776224 0.740234375 0.6153846153846154 0.744140625 0.6118881118881119 0.744140625 0.6048951048951049 0.74609375 0.6013986013986014 0.755859375 0.5979020979020979 0.759765625 0.583916083916084 0.77734375 0.583916083916084 0.779296875 0.5909090909090909
0 0.759765625 0.7447552447552448 0.77734375 0.7447552447552448 0.779296875 0.7517482517482518 0.779296875 0.7692307692307693 0.765625 0.7727272727272727 0.763671875 0.7692307692307693 0.7578125 0.7692307692307693 0.75390625 0.7657342657342657 0.75390625 0.7517482517482518 0.7578125 0.7517482517482518 0.759765625 0.7482517482517482
0 0.8984375 0.7097902097902098 0.908203125 0.7097902097902098 0.908203125 0.7202797202797203 0.91015625 0.7237762237762237 0.908203125 0.7272727272727273 0.908203125 0.7342657342657343 0.892578125 0.7342657342657343 0.890625 0.7307692307692307 0.890625 0.7237762237762237 0.8984375 0.7132867132867133
0 0.7734375 0.06643356643356643 0.775390625 0.07342657342657342 0.779296875 0.07692307692307693 0.783203125 0.09090909090909091 0.78515625 0.12237762237762238 0.771484375 0.12237762237762238 0.76953125 0.11888111888111888 0.767578125 0.08041958041958042 0.765625 0.07692307692307693 0.767578125 0.06993006993006994 0.771484375 0.06643356643356643
0 0.46484375 0.26223776223776224 0.47265625 0.26223776223776224 0.47265625 0.2692307692307692 0.474609375 0.2727272727272727 0.474609375 0.2972027972027972 0.4609375 0.2937062937062937 0.4609375 0.2902097902097902 0.45703125 0.2867132867132867 0.45703125 0.2692307692307692 0.462890625 0.2692307692307692 0.46484375 0.26573426573426573
0 0.796875 0.7062937062937062 0.814453125 0.7062937062937062 0.814453125 0.7272727272727273 0.8125 0.7307692307692307 0.798828125 0.7307692307692307 0.796875 0.7272727272727273 0.79296875 0.7272727272727273 0.79296875 0.7167832167832168 0.796875 0.7097902097902098
0 0.673828125 0.6888111888111889 0.68359375 0.6888111888111889 0.68359375 0.7272727272727273 0.6796875 0.7412587412587412 0.673828125 0.7482517482517482 0.65625 0.7482517482517482 0.650390625 0.7412587412587412 0.650390625 0.7307692307692307 0.654296875 0.7307692307692307 0.65625 0.7272727272727273 0.65625 0.7167832167832168 0.662109375 0.7097902097902098 0.662109375 0.7027972027972028 0.673828125 0.6923076923076923