0 0.640625 0.3125 0.642578125 0.3194444444444444 0.626953125 0.3472222222222222 0.625 0.3472222222222222 0.623046875 0.3541666666666667 0.615234375 0.3611111111111111 0.61328125 0.3680555555555556 0.615234375 0.375 0.609375 0.3715277777777778 0.60546875 0.3645833333333333 0.59765625 0.3645833333333333 0.595703125 0.3611111111111111 0.595703125 0.3506944444444444 0.59765625 0.34375 0.6015625 0.3368055555555556 0.615234375 0.3263888888888889 0.62890625 0.3263888888888889 0.63671875 0.3125 0.638671875 0.3125
0 0.556640625 0.10416666666666667 0.55859375 0.1076388888888889 0.576171875 0.1076388888888889 0.578125 0.1111111111111111 0.599609375 0.1111111111111111 0.6015625 0.11458333333333333 0.607421875 0.11458333333333333 0.6171875 0.10416666666666667 0.615234375 0.11458333333333333 0.607421875 0.12152777777777778 0.6015625 0.13194444444444445 0.59765625 0.13541666666666666 0.591796875 0.13541666666666666 0.58984375 0.1388888888888889 0.583984375 0.1388888888888889 0.58203125 0.1423611111111111 0.580078125 0.1388888888888889 0.572265625 0.1388888888888889 0.5703125 0.1423611111111111 0.564453125 0.1423611111111111 0.560546875 0.1388888888888889 0.548828125 0.11805555555555555 0.546875 0.11805555555555555 0.546875 0.1111111111111111 0.5546875 0.10416666666666667
0 0.53515625 0.28125 0.5390625 0.2881944444444444 0.5390625 0.2951388888888889 0.537109375 0.2986111111111111 0.533203125 0.2986111111111111 0.53125 0.2951388888888889 0.533203125 0.2847222222222222
0 0.587890625 0.4305555555555556 0.591796875 0.4305555555555556 0.591796875 0.4444444444444444 0.595703125 0.4513888888888889 0.591796875 0.4618055555555556 0.59375 0.46875 0.591796875 0.4756944444444444 0.5859375 0.4791666666666667 0.58203125 0.4722222222222222 0.58203125 0.4652777777777778 0.580078125 0.4618055555555556 0.580078125 0.4444444444444444 0.587890625 0.4340277777777778
0 0.51953125 0.1076388888888889 0.52734375 0.1111111111111111 0.52734375 0.11458333333333333 0.533203125 0.125 0.533203125 0.13541666666666666 0.52734375 0.13541666666666666 0.517578125 0.11805555555555555 0.51953125 0.1111111111111111
0 0.517578125 0.5034722222222222 0.521484375 0.5069444444444444 0.5234375 0.5034722222222222 0.53125 0.5034722222222222 0.537109375 0.5138888888888888 0.5390625 0.5208333333333334 0.5390625 0.53125 0.525390625 0.5243055555555556 0.521484375 0.5173611111111112 0.51953125 0.5069444444444444
0 0.53515625 0.3090277777777778 0.541015625 0.3194444444444444 0.54296875 0.3298611111111111 0.533203125 0.3368055555555556 0.529296875 0.3472222222222222 0.515625 0.3368055555555556 0.509765625 0.3368055555555556 0.505859375 0.3263888888888889 0.51171875 0.3263888888888889 0.515625 0.3194444444444444 0.52734375 0.3090277777777778 0.533203125 0.3090277777777778
0 0.568359375 0.6423611111111112 0.576171875 0.6493055555555556 0.5859375 0.6493055555555556 0.5859375 0.6597222222222222 0.587890625 0.6631944444444444 0.591796875 0.6631944444444444 0.58984375 0.6701388888888888 0.59375 0.6805555555555556 0.5859375 0.6909722222222222 0.568359375 0.6909722222222222 0.560546875 0.7013888888888888 0.55859375 0.6979166666666666 0.55859375 0.6840277777777778 0.560546875 0.6805555555555556 0.560546875 0.6527777777777778 0.5625 0.6458333333333334 0.56640625 0.6423611111111112
0 0.43359375 0.0763888888888889 0.4375 0.0798611111111111 0.443359375 0.0763888888888889 0.447265625 0.08680555555555555 0.4453125 0.09375 0.443359375 0.09375 0.435546875 0.08680555555555555 0.43359375 0.0798611111111111
0 0.534375 0.38657407407407407 0.022916666666666665 0.01759259259259259
0 0.384765625 0.08333333333333333 0.392578125 0.09722222222222222 0.392578125 0.1076388888888889 0.384765625 0.1076388888888889 0.37890625 0.09722222222222222 0.37890625 0.08680555555555555 0.3828125 0.08333333333333333
0 0.55078125 0.3819444444444444 0.55859375 0.3819444444444444 0.560546875 0.3854166666666667 0.5703125 0.3611111111111111 0.57421875 0.3611111111111111 0.5859375 0.3506944444444444 0.591796875 0.3506944444444444 0.591796875 0.3645833333333333 0.6015625 0.3819444444444444 0.6015625 0.3958333333333333 0.59765625 0.3923611111111111 0.58984375 0.3923611111111111 0.587890625 0.3958333333333333 0.58203125 0.3958333333333333 0.576171875 0.40625 0.56640625 0.3958333333333333 0.560546875 0.4131944444444444 0.55859375 0.4131944444444444 0.556640625 0.3993055555555556 0.55078125 0.3854166666666667
0 0.63671875 0.3125 0.640625 0.3125 0.640625 0.3229166666666667 0.615234375 0.3645833333333333 0.6171875 0.375 0.60546875 0.375 0.603515625 0.3784722222222222 0.6015625 0.3854166666666667 0.6015625 0.3958333333333333 0.599609375 0.3923611111111111 0.583984375 0.3923611111111111 0.57421875 0.40625 0.5703125 0.3958333333333333 0.56640625 0.3958333333333333 0.5625 0.4027777777777778 0.560546875 0.4131944444444444 0.55859375 0.4131944444444444 0.556640625 0.40625 0.556640625 0.3958333333333333 0.55078125 0.3819444444444444 0.5625 0.3854166666666667 0.56640625 0.3784722222222222 0.56640625 0.3715277777777778 0.572265625 0.3611111111111111 0.576171875 0.3611111111111111 0.58203125 0.3541666666666667 0.58984375 0.3576388888888889 0.6015625 0.3368055555555556 0.615234375 0.3263888888888889 0.62890625 0.3263888888888889 0.63671875 0.3159722222222222
0 0.61328125 0.8171296296296297 0.015104166666666667 0.03796296296296296
0 0.369140625 0.1909722222222222 0.375 0.21180555555555555 0.36328125 0.19791666666666666 0.36328125 0.19444444444444445 0.3671875 0.1909722222222222
0 0.515625 0.4201388888888889 0.517578125 0.4270833333333333 0.517578125 0.4409722222222222 0.515625 0.4444444444444444 0.51171875 0.4444444444444444 0.51171875 0.4375 0.515625 0.4236111111111111
0 0.466796875 0.6666666666666666 0.466796875 0.65625 0.474609375 0.6423611111111112 0.478515625 0.6388888888888888 0.48828125 0.6388888888888888 0.490234375 0.6354166666666666 0.498046875 0.6388888888888888 0.50390625 0.6319444444444444 0.505859375 0.6319444444444444 0.505859375 0.6423611111111112 0.50390625 0.6458333333333334 0.5 0.6458333333333334 0.49609375 0.65625 0.46875 0.6666666666666666
0 0.5341145833333333 0.8513888888888889 0.024479166666666666 0.036111111111111115
0 0.6489583333333333 0.44953703703703707 0.019791666666666666 0.058333333333333334
0 0.517578125 0.5555555555555556 0.521484375 0.5590277777777778 0.51953125 0.5659722222222222 0.5078125 0.5659722222222222 0.505859375 0.5625 0.509765625 0.5555555555555556 0.515625 0.5555555555555556
0 0.376953125 0.1076388888888889 0.380859375 0.1111111111111111 0.380859375 0.12152777777777778 0.375 0.12152777777777778 0.37109375 0.11458333333333333 0.37109375 0.1111111111111111 0.375 0.1076388888888889
0 0.404296875 0.16666666666666666 0.408203125 0.16666666666666666 0.41015625 0.1701388888888889 0.408203125 0.17708333333333334 0.404296875 0.17708333333333334 0.404296875 0.1701388888888889
0 0.36328125 0.4097222222222222 0.3671875 0.4097222222222222 0.3671875 0.4166666666666667 0.369140625 0.4201388888888889 0.369140625 0.4340277777777778 0.361328125 0.4305555555555556 0.359375 0.4270833333333333 0.36328125 0.4131944444444444
0 0.361328125 0.3125 0.36328125 0.3159722222222222 0.361328125 0.3368055555555556 0.353515625 0.3472222222222222 0.349609375 0.3472222222222222 0.341796875 0.3402777777777778 0.341796875 0.3194444444444444 0.345703125 0.3194444444444444 0.353515625 0.3125 0.359375 0.3125
0 0.375 0.052083333333333336 0.375 0.041666666666666664 0.376953125 0.03819444444444445 0.3828125 0.03819444444444445 0.390625 0.04513888888888889 0.390625 0.04861111111111111 0.3828125 0.05555555555555555 0.376953125 0.052083333333333336
0 0.587890625 0.09722222222222222 0.587890625 0.08680555555555555 0.58984375 0.08333333333333333 0.591796875 0.08333333333333333 0.591796875 0.09722222222222222 0.58984375 0.09722222222222222