0 0.591796875 0.6515679442508711 0.599609375 0.6515679442508711 0.611328125 0.662020905923345 0.62109375 0.6585365853658537 0.62890625 0.6655052264808362 0.625 0.6689895470383276 0.625 0.6759581881533101 0.626953125 0.6794425087108014 0.630859375 0.6794425087108014 0.630859375 0.686411149825784 0.6328125 0.6898954703832753 0.6328125 0.7003484320557491 0.62890625 0.7073170731707317 0.623046875 0.7073170731707317 0.62109375 0.710801393728223 0.6171875 0.710801393728223 0.615234375 0.7073170731707317 0.599609375 0.7073170731707317 0.595703125 0.710801393728223 0.59375 0.7177700348432056 0.5859375 0.7177700348432056 0.583984375 0.7142857142857143 0.5859375 0.6759581881533101 0.587890625 0.6724738675958188 0.587890625 0.662020905923345 0.58984375 0.662020905923345 0.591796875 0.6550522648083623
0 0.537109375 0.4912891986062718 0.5390625 0.49825783972125437 0.54296875 0.49825783972125437 0.544921875 0.5017421602787456 0.55859375 0.49825783972125437 0.5703125 0.5087108013937283 0.5703125 0.5226480836236934 0.556640625 0.5261324041811847 0.5546875 0.5226480836236934 0.548828125 0.5226480836236934 0.548828125 0.5121951219512195 0.5390625 0.5017421602787456 0.537109375 0.49477351916376305
0 0.525390625 0.5609756097560976 0.529296875 0.5574912891986062 0.55859375 0.5574912891986062 0.55859375 0.5644599303135889 0.556640625 0.5679442508710801 0.54296875 0.5679442508710801 0.541015625 0.5714285714285714 0.537109375 0.5714285714285714 0.53515625 0.5679442508710801 0.525390625 0.5679442508710801 0.525390625 0.5644599303135889
0 0.548828125 0.28222996515679444 0.568359375 0.28222996515679444 0.572265625 0.2926829268292683 0.572265625 0.30662020905923343 0.564453125 0.313588850174216 0.560546875 0.313588850174216 0.55859375 0.3205574912891986 0.552734375 0.32752613240418116 0.548828125 0.3205574912891986 0.5390625 0.3205574912891986 0.5234375 0.31010452961672474 0.5234375 0.30662020905923343 0.53125 0.30662020905923343 0.548828125 0.2857142857142857
0 0.560546875 0.3554006968641115 0.56640625 0.3554006968641115 0.568359375 0.3623693379790941 0.58203125 0.36585365853658536 0.576171875 0.36585365853658536 0.56640625 0.37282229965156793 0.556640625 0.37282229965156793 0.548828125 0.36585365853658536 0.552734375 0.36585365853658536 0.560546875 0.3588850174216028
0 0.638671875 0.8432055749128919 0.66015625 0.8292682926829268 0.66015625 0.867595818815331 0.646484375 0.867595818815331 0.638671875 0.8606271777003485 0.638671875 0.8466898954703833
0 0.4375 0.013937282229965157 0.443359375 0.013937282229965157 0.44921875 0.020905923344947737 0.453125 0.017421602787456445 0.466796875 0.017421602787456445 0.466796875 0.0313588850174216 0.462890625 0.0313588850174216 0.4609375 0.03484320557491289 0.44921875 0.0313588850174216 0.4453125 0.027874564459930314 0.443359375 0.020905923344947737 0.4375 0.017421602787456445
0 0.37109375 0.15331010452961671 0.38671875 0.15331010452961671 0.38671875 0.17770034843205576 0.3828125 0.17770034843205576 0.380859375 0.18118466898954705 0.3828125 0.17770034843205576 0.380859375 0.17073170731707318 0.37109375 0.17073170731707318 0.369140625 0.1672473867595819 0.365234375 0.1672473867595819 0.365234375 0.16376306620209058 0.369140625 0.16376306620209058 0.37109375 0.156794425087108
0 0.623046875 0.3310104529616725 0.630859375 0.3310104529616725 0.6328125 0.33797909407665505 0.642578125 0.33797909407665505 0.642578125 0.36585365853658536 0.640625 0.3693379790940767 0.62890625 0.3797909407665505 0.615234375 0.3832752613240418 0.60546875 0.397212543554007 0.599609375 0.397212543554007 0.599609375 0.3902439024390244 0.59765625 0.3867595818815331 0.587890625 0.3867595818815331 0.583984375 0.40418118466898956 0.580078125 0.397212543554007 0.576171875 0.397212543554007 0.576171875 0.3867595818815331 0.572265625 0.37630662020905925 0.572265625 0.3693379790940767 0.576171875 0.37282229965156793 0.5859375 0.37282229965156793 0.591796875 0.36585365853658536 0.591796875 0.3588850174216028 0.595703125 0.3519163763066202 0.615234375 0.33797909407665505 0.62109375 0.33797909407665505 0.623046875 0.3344947735191638
0 0.5390625 0.041811846689895474 0.54296875 0.041811846689895474 0.544921875 0.04878048780487805 0.560546875 0.059233449477351915 0.560546875 0.07665505226480836 0.556640625 0.08013937282229965 0.55078125 0.08013937282229965 0.541015625 0.06620209059233449 0.53515625 0.06620209059233449 0.53515625 0.0627177700348432 0.54296875 0.05574912891986063 0.54296875 0.04878048780487805 0.5390625 0.04529616724738676
0 0.376953125 0.03832752613240418 0.380859375 0.03484320557491289 0.38671875 0.03484320557491289 0.39453125 0.027874564459930314 0.41015625 0.0313588850174216 0.41015625 0.04529616724738676 0.396484375 0.04878048780487805 0.39453125 0.05226480836236934 0.380859375 0.04878048780487805 0.380859375 0.04529616724738676 0.376953125 0.041811846689895474
0 0.5703125 0.24738675958188153 0.5703125 0.26480836236933797 0.5625 0.27177700348432055 0.55859375 0.26480836236933797 0.55859375 0.2578397212543554 0.5625 0.2578397212543554 0.5703125 0.2508710801393728
0 0.521484375 0.6445993031358885 0.5234375 0.6480836236933798 0.53515625 0.6480836236933798 0.537109375 0.6445993031358885 0.537109375 0.6550522648083623 0.53515625 0.6585365853658537 0.529296875 0.6585365853658537 0.525390625 0.6655052264808362 0.521484375 0.6655052264808362 0.51953125 0.6689895470383276 0.5 0.6724738675958188 0.490234375 0.6794425087108014 0.48828125 0.6759581881533101 0.484375 0.6759581881533101 0.484375 0.6724738675958188 0.486328125 0.6655052264808362 0.494140625 0.6550522648083623 0.494140625 0.6515679442508711 0.498046875 0.6515679442508711 0.505859375 0.6445993031358885 0.51953125 0.6445993031358885
0 0.583984375 0.8606271777003485 0.583984375 0.8850174216027874 0.580078125 0.8850174216027874 0.576171875 0.8954703832752613 0.572265625 0.8989547038327527 0.564453125 0.8989547038327527 0.5625 0.9024390243902439 0.54296875 0.8989547038327527 0.54296875 0.8815331010452961 0.546875 0.8780487804878049 0.55078125 0.8780487804878049 0.552734375 0.8745644599303136 0.576171875 0.8745644599303136 0.583984375 0.8641114982578397
0 0.416015625 0.12195121951219512 0.427734375 0.11846689895470383 0.427734375 0.1289198606271777 0.423828125 0.13240418118466898 0.419921875 0.13240418118466898 0.416015625 0.1289198606271777 0.416015625 0.1254355400696864
0 0.36328125 0.3832752613240418 0.3671875 0.3832752613240418 0.369140625 0.3797909407665505 0.37890625 0.3797909407665505 0.37890625 0.4076655052264808 0.375 0.4076655052264808 0.373046875 0.41114982578397213 0.357421875 0.40418118466898956 0.357421875 0.40069686411149824 0.361328125 0.40069686411149824 0.36328125 0.397212543554007 0.36328125 0.3867595818815331
0 0.703125 0.2787456445993031 0.703125 0.29965156794425085 0.6953125 0.30313588850174217 0.693359375 0.31010452961672474 0.6875 0.3170731707317073 0.681640625 0.3170731707317073 0.677734375 0.3240418118466899 0.673828125 0.3240418118466899 0.669921875 0.3310104529616725 0.673828125 0.34146341463414637 0.671875 0.34494773519163763 0.666015625 0.34494773519163763 0.65625 0.33797909407665505 0.646484375 0.34494773519163763 0.634765625 0.34146341463414637 0.634765625 0.32752613240418116 0.638671875 0.313588850174216 0.64453125 0.31010452961672474 0.6484375 0.29965156794425085 0.658203125 0.2926829268292683 0.697265625 0.2926829268292683 0.701171875 0.28222996515679444
0 0.640625 0.39372822299651566 0.640625 0.397212543554007 0.64453125 0.40069686411149824 0.64453125 0.4250871080139373 0.640625 0.42857142857142855 0.640625 0.44947735191637633 0.638671875 0.4564459930313589 0.6328125 0.4564459930313589 0.625 0.4634146341463415 0.61328125 0.4529616724738676 0.61328125 0.43902439024390244 0.611328125 0.4355400696864111 0.61328125 0.42160278745644597 0.619140625 0.4146341463414634 0.6328125 0.4146341463414634 0.63671875 0.4076655052264808 0.63671875 0.397212543554007 0.638671875 0.397212543554007
0 0.55078125 0.06968641114982578 0.568359375 0.06968641114982578 0.568359375 0.08013937282229965 0.5625 0.08710801393728224 0.556640625 0.08013937282229965 0.55078125 0.08013937282229965 0.55078125 0.07317073170731707
0 0.638671875 0.027874564459930314 0.638671875 0.03484320557491289 0.6328125 0.03484320557491289 0.630859375 0.03832752613240418 0.6171875 0.03484320557491289 0.6171875 0.0313588850174216 0.62109375 0.0313588850174216 0.623046875 0.027874564459930314 0.63671875 0.027874564459930314