0 0.6673189823874756 0.4878048780487805 0.6810176125244618 0.4878048780487805 0.6771037181996086 0.49825783972125437 0.6810176125244618 0.5087108013937283 0.6810176125244618 0.5644599303135889 0.6790606653620352 0.5679442508710801 0.6712328767123288 0.5679442508710801 0.6731898238747553 0.5644599303135889 0.6731898238747553 0.5505226480836237 0.6712328767123288 0.5470383275261324 0.6712328767123288 0.5052264808362369 0.6731898238747553 0.49825783972125437 0.6673189823874756 0.4912891986062718
0 0.5048923679060665 0.3310104529616725 0.5107632093933464 0.3310104529616725 0.5107632093933464 0.34843205574912894 0.512720156555773 0.3519163763066202 0.512720156555773 0.3588850174216028 0.5088062622309197 0.3588850174216028 0.5088062622309197 0.3519163763066202 0.5048923679060665 0.34843205574912894 0.5048923679060665 0.3344947735191638
0 0.49706457925636005 0.662020905923345 0.49902152641878667 0.662020905923345 0.5009784735812133 0.6968641114982579 0.49902152641878667 0.7003484320557491 0.49706457925636005 0.6968641114982579 0.4931506849315068 0.6968641114982579 0.4931506849315068 0.686411149825784 0.4892367906066536 0.6829268292682927 0.4892367906066536 0.6724738675958188 0.49706457925636005 0.6655052264808362
0 0.6536203522504892 0.7282229965156795 0.6575342465753424 0.7282229965156795 0.6575342465753424 0.735191637630662 0.6536203522504892 0.7456445993031359 0.6594911937377691 0.7560975609756098 0.6594911937377691 0.794425087108014 0.6575342465753424 0.8013937282229965 0.649706457925636 0.8013937282229965 0.6438356164383562 0.7804878048780488 0.6477495107632094 0.7700348432055749 0.6477495107632094 0.7456445993031359 0.6438356164383562 0.7386759581881533 0.6379647749510763 0.735191637630662 0.6516634050880626 0.735191637630662 0.6536203522504892 0.7317073170731707
0 0.5714285714285714 0.27177700348432055 0.5733855185909981 0.27177700348432055 0.5733855185909981 0.28222996515679444 0.5753424657534246 0.2857142857142857 0.5733855185909981 0.3240418118466899 0.5694716242661448 0.32752613240418116 0.5714285714285714 0.3205574912891986 0.5675146771037182 0.3170731707317073 0.5675146771037182 0.31010452961672474 0.5714285714285714 0.30662020905923343 0.5714285714285714 0.27526132404181186
0 0.5283757338551859 0.397212543554007 0.5342465753424658 0.40418118466898956 0.5342465753424658 0.4250871080139373 0.5303326810176126 0.42857142857142855 0.5283757338551859 0.4250871080139373 0.5283757338551859 0.40069686411149824
0 0.5088062622309197 0.24738675958188153 0.5107632093933464 0.24738675958188153 0.5107632093933464 0.27526132404181186 0.5048923679060665 0.27526132404181186 0.5048923679060665 0.2578397212543554 0.5068493150684932 0.2578397212543554 0.5088062622309197 0.2508710801393728
0 0.700587084148728 0.5644599303135889 0.700587084148728 0.6202090592334495 0.6986301369863014 0.6236933797909407 0.6908023483365949 0.6202090592334495 0.6908023483365949 0.5993031358885017 0.6947162426614482 0.5958188153310104 0.6947162426614482 0.5679442508710801 0.6986301369863014 0.5644599303135889
0 0.5088062622309197 0.30662020905923343 0.5107632093933464 0.30662020905923343 0.5107632093933464 0.3170731707317073 0.512720156555773 0.3205574912891986 0.512720156555773 0.32752613240418116 0.5107632093933464 0.3310104529616725 0.5088062622309197 0.32752613240418116 0.5088062622309197 0.3205574912891986 0.5048923679060665 0.3170731707317073 0.5068493150684932 0.3170731707317073 0.5088062622309197 0.31010452961672474
0 0.6653620352250489 0.5087108013937283 0.6673189823874756 0.5087108013937283 0.6673189823874756 0.5470383275261324 0.6692759295499021 0.5505226480836237 0.6673189823874756 0.5749128919860628 0.6594911937377691 0.5818815331010453 0.6536203522504892 0.5749128919860628 0.6536203522504892 0.5574912891986062 0.6575342465753424 0.554006968641115 0.6575342465753424 0.5400696864111498 0.6614481409001957 0.5296167247386759 0.6614481409001957 0.519163763066202 0.6653620352250489 0.5121951219512195
0 0.4892367906066536 0.3310104529616725 0.49510763209393344 0.3310104529616725 0.49510763209393344 0.34146341463414637 0.49706457925636005 0.34494773519163763 0.49706457925636005 0.3588850174216028 0.49510763209393344 0.3588850174216028 0.49706457925636005 0.3554006968641115 0.49706457925636005 0.34843205574912894 0.4931506849315068 0.34494773519163763 0.4892367906066536 0.3344947735191638
0 0.639921722113503 0.24738675958188153 0.6418786692759295 0.2508710801393728 0.649706457925636 0.2508710801393728 0.6555772994129159 0.2578397212543554 0.6673189823874756 0.289198606271777 0.6673189823874756 0.34494773519163763 0.6653620352250489 0.34843205574912894 0.6653620352250489 0.3693379790940767 0.6712328767123288 0.3867595818815331 0.6712328767123288 0.40069686411149824 0.6653620352250489 0.3902439024390244 0.6536203522504892 0.3902439024390244 0.6516634050880626 0.39372822299651566 0.6536203522504892 0.3797909407665505 0.6594911937377691 0.37282229965156793 0.6594911937377691 0.3623693379790941 0.6477495107632094 0.34494773519163763 0.6438356164383562 0.3205574912891986 0.6379647749510763 0.31010452961672474 0.6340508806262231 0.31010452961672474 0.6340508806262231 0.29965156794425085 0.6379647749510763 0.2961672473867596 0.6379647749510763 0.289198606271777 0.6340508806262231 0.2857142857142857 0.6340508806262231 0.2508710801393728 0.6379647749510763 0.2508710801393728
0 0.5244618395303327 0.3310104529616725 0.5303326810176126 0.3344947735191638 0.5303326810176126 0.3519163763066202 0.5264187866927593 0.3519163763066202 0.5244618395303327 0.34843205574912894 0.5244618395303327 0.3344947735191638
0 0.6874505314499533 0.5479492343072819 0.013115904956146488 0.9515912275183711
0 0.5499021526418787 0.04529616724738676 0.5518590998043053 0.04878048780487805 0.5655577299412916 0.04878048780487805 0.5596868884540117 0.05574912891986063 0.5596868884540117 0.07317073170731707 0.5499021526418787 0.0975609756097561 0.547945205479452 0.10104529616724739 0.5440313111545988 0.10104529616724739 0.538160469667319 0.11149825783972125 0.5303326810176126 0.11149825783972125 0.5283757338551859 0.10452961672473868 0.5244618395303327 0.10104529616724739 0.5244618395303327 0.08362369337979095 0.5283757338551859 0.08013937282229965 0.5244618395303327 0.07665505226480836 0.5244618395303327 0.06620209059233449 0.5303326810176126 0.06620209059233449 0.547945205479452 0.04529616724738676
0 0.5244618395303327 0.5749128919860628 0.5283757338551859 0.5749128919860628 0.5283757338551859 0.5853658536585366 0.5342465753424658 0.5923344947735192 0.5342465753424658 0.6167247386759582 0.5322896281800391 0.6167247386759582 0.5342465753424658 0.6132404181184669 0.5303326810176126 0.6097560975609756 0.5283757338551859 0.5958188153310104 0.5244618395303327 0.5923344947735192 0.5244618395303327 0.578397212543554
0 0.6086105675146771 0.6898954703832753 0.6105675146771037 0.6898954703832753 0.6105675146771037 0.710801393728223 0.6086105675146771 0.7142857142857143 0.6046966731898239 0.710801393728223 0.6046966731898239 0.7003484320557491 0.6066536203522505 0.7003484320557491 0.6086105675146771 0.6933797909407665
0 0.6829745596868885 0.08013937282229965 0.6888454011741683 0.07665505226480836 0.6888454011741683 0.10452961672473868 0.684931506849315 0.11846689895470383 0.6829745596868885 0.11846689895470383 0.675146771037182 0.13588850174216027 0.675146771037182 0.0975609756097561 0.6771037181996086 0.0975609756097561 0.6829745596868885 0.08362369337979095
0 0.4892367906066536 0.27526132404181186 0.4892367906066536 0.2926829268292683 0.4911937377690802 0.2961672473867596 0.4911937377690802 0.31010452961672474 0.4892367906066536 0.3170731707317073 0.487279843444227 0.3205574912891986 0.4892367906066536 0.313588850174216 0.487279843444227 0.30662020905923343 0.487279843444227 0.289198606271777 0.48336594911937375 0.2857142857142857 0.48336594911937375 0.28222996515679444 0.487279843444227 0.28222996515679444 0.4892367906066536 0.2787456445993031
0 0.4637964774951076 0.003484320557491289 0.46771037181996084 0.006968641114982578 0.46771037181996084 0.024390243902439025 0.46966731898238745 0.027874564459930314 0.46771037181996084 0.0313588850174216 0.46771037181996084 0.06968641114982578 0.4598825831702544 0.07317073170731707 0.4637964774951076 0.0627177700348432 0.4637964774951076 0.05574912891986063 0.461839530332681 0.05226480836236934 0.461839530332681 0.013937282229965157 0.4637964774951076 0.006968641114982578
0 0.5870841487279843 0.4355400696864111 0.598825831702544 0.4355400696864111 0.6007827788649707 0.4425087108013937 0.6125244618395304 0.4425087108013937 0.6086105675146771 0.4425087108013937 0.6066536203522505 0.445993031358885 0.589041095890411 0.445993031358885 0.5870841487279843 0.43902439024390244
0 0.5205479452054794 0.24738675958188153 0.5205479452054794 0.27177700348432055 0.5185909980430529 0.2787456445993031 0.5146771037181996 0.27177700348432055 0.5146771037181996 0.24738675958188153 0.5185909980430529 0.24738675958188153
0 0.6731898238747553 0.5749128919860628 0.675146771037182 0.5749128919860628 0.675146771037182 0.5993031358885017 0.6771037181996086 0.6027874564459931 0.675146771037182 0.6097560975609756 0.675146771037182 0.6306620209059234 0.6634050880626223 0.6411149825783972 0.6575342465753424 0.6341463414634146 0.6575342465753424 0.6167247386759582 0.6614481409001957 0.6132404181184669 0.6614481409001957 0.6062717770034843 0.6653620352250489 0.5923344947735192 0.6692759295499021 0.5818815331010453 0.6731898238747553 0.578397212543554
0 0.512720156555773 0.6027874564459931 0.5185909980430529 0.6027874564459931 0.5225048923679061 0.6132404181184669 0.5225048923679061 0.6480836236933798 0.5185909980430529 0.6480836236933798 0.5205479452054794 0.6445993031358885 0.5166340508806262 0.6306620209059234 0.5166340508806262 0.6132404181184669 0.512720156555773 0.6097560975609756 0.512720156555773 0.6062717770034843
0 0.3522504892367906 0.4250871080139373 0.3522504892367906 0.4355400696864111 0.350293542074364 0.4425087108013937 0.34833659491193736 0.4425087108013937 0.3522504892367906 0.42857142857142855
0 0.5166340508806262 0.6515679442508711 0.5185909980430529 0.6515679442508711 0.5225048923679061 0.6655052264808362 0.5225048923679061 0.6898954703832753 0.5205479452054794 0.6898954703832753 0.5185909980430529 0.6689895470383276 0.5166340508806262 0.6655052264808362 0.5166340508806262 0.6550522648083623
0 0.5949119373776908 0.7142857142857143 0.62426614481409 0.7142857142857143 0.62426614481409 0.7212543554006968 0.5929549902152642 0.7212543554006968 0.5949119373776908 0.7177700348432056
0 0.5264187866927593 0.33797909407665505 0.5283757338551859 0.33797909407665505 0.5283757338551859 0.34494773519163763 0.5322896281800391 0.3519163763066202 0.5322896281800391 0.3693379790940767 0.5342465753424658 0.37282229965156793 0.5322896281800391 0.37630662020905925 0.5303326810176126 0.3623693379790941 0.5264187866927593 0.3588850174216028 0.5264187866927593 0.34146341463414637
0 0.5283757338551859 0.2508710801393728 0.5342465753424658 0.2578397212543554 0.5342465753424658 0.2787456445993031 0.5303326810176126 0.28222996515679444 0.5283757338551859 0.2787456445993031 0.5283757338551859 0.25435540069686413
0 0.5342465753424658 0.2682926829268293 0.5401174168297456 0.27177700348432055 0.5401174168297456 0.30313588850174217 0.538160469667319 0.30662020905923343 0.5342465753424658 0.30313588850174217 0.5342465753424658 0.27177700348432055
0 0.589041095890411 0.6759581881533101 0.5949119373776908 0.6724738675958188 0.5949119373776908 0.686411149825784 0.5929549902152642 0.6898954703832753 0.589041095890411 0.686411149825784 0.589041095890411 0.6794425087108014