0 0.537109375 0.12152777777777778 0.541015625 0.125 0.541015625 0.13194444444444445 0.5390625 0.13541666666666666 0.537109375 0.13541666666666666 0.537109375 0.125
0 0.51171875 0.09722222222222222 0.515625 0.10416666666666667 0.521484375 0.10416666666666667 0.525390625 0.1076388888888889 0.525390625 0.11458333333333333 0.52734375 0.11805555555555555 0.52734375 0.125 0.525390625 0.1284722222222222 0.521484375 0.1284722222222222 0.51171875 0.1111111111111111 0.51171875 0.10069444444444445
0 0.509765625 0.3368055555555556 0.513671875 0.3298611111111111 0.513671875 0.3194444444444444 0.517578125 0.3125 0.51953125 0.3125 0.525390625 0.3229166666666667 0.52734375 0.3333333333333333 0.51953125 0.34375 0.51953125 0.3576388888888889 0.51171875 0.3368055555555556
0 0.5625 0.6388888888888888 0.57421875 0.6493055555555556 0.583984375 0.6493055555555556 0.583984375 0.65625 0.58203125 0.6597222222222222 0.587890625 0.6666666666666666 0.591796875 0.6770833333333334 0.591796875 0.6840277777777778 0.583984375 0.6909722222222222 0.56640625 0.6909722222222222 0.5625 0.6979166666666666 0.5546875 0.6979166666666666 0.556640625 0.6909722222222222 0.556640625 0.6805555555555556 0.55859375 0.6770833333333334 0.55859375 0.6527777777777778 0.5625 0.6423611111111112
0 0.53125 0.2777777777777778 0.53515625 0.2777777777777778 0.533203125 0.2986111111111111 0.529296875 0.2986111111111111 0.529296875 0.2847222222222222 0.53125 0.28125
0 0.615234375 0.8020833333333334 0.615234375 0.8333333333333334 0.609375 0.8333333333333334 0.60546875 0.8298611111111112 0.603515625 0.8229166666666666 0.60546875 0.8090277777777778 0.61328125 0.8020833333333334
0 0.54296875 0.375 0.55078125 0.3819444444444444 0.546875 0.3923611111111111 0.54296875 0.3923611111111111 0.53515625 0.3854166666666667 0.53515625 0.3819444444444444 0.541015625 0.375
0 0.654296875 0.3402777777777778 0.654296875 0.3194444444444444 0.65625 0.3159722222222222 0.658203125 0.3159722222222222 0.658203125 0.3402777777777778 0.65625 0.3402777777777778
0 0.591796875 0.1111111111111111 0.599609375 0.11805555555555555 0.607421875 0.11805555555555555 0.6171875 0.10416666666666667 0.619140625 0.10416666666666667 0.619140625 0.1111111111111111 0.615234375 0.11805555555555555 0.611328125 0.11805555555555555 0.595703125 0.13541666666666666 0.587890625 0.13541666666666666 0.5859375 0.1388888888888889 0.5625 0.1388888888888889 0.55859375 0.13194444444444445 0.55859375 0.11805555555555555 0.568359375 0.11805555555555555 0.5703125 0.11458333333333333 0.58203125 0.11458333333333333 0.583984375 0.1111111111111111 0.58984375 0.1111111111111111
0 0.376953125 0.10416666666666667 0.37890625 0.1076388888888889 0.37890625 0.11805555555555555 0.373046875 0.11805555555555555 0.37109375 0.11458333333333333 0.37109375 0.1111111111111111 0.375 0.1076388888888889
0 0.40234375 0.08333333333333333 0.408203125 0.09027777777777778 0.400390625 0.09722222222222222 0.392578125 0.09375 0.392578125 0.08680555555555555 0.396484375 0.0798611111111111 0.400390625 0.08333333333333333
0 0.537109375 0.4097222222222222 0.544921875 0.4097222222222222 0.548828125 0.3993055555555556 0.548828125 0.3923611111111111 0.560546875 0.375 0.568359375 0.3680555555555556 0.578125 0.3680555555555556 0.580078125 0.3645833333333333 0.59765625 0.3645833333333333 0.599609375 0.3715277777777778 0.595703125 0.3819444444444444 0.591796875 0.3854166666666667 0.591796875 0.3888888888888889 0.5859375 0.3993055555555556 0.5859375 0.40625 0.58203125 0.4131944444444444 0.578125 0.40625 0.572265625 0.40625 0.55859375 0.4270833333333333 0.55078125 0.4201388888888889 0.546875 0.4270833333333333 0.546875 0.4340277777777778 0.5390625 0.4131944444444444
0 0.515625 0.4027777777777778 0.517578125 0.4027777777777778 0.517578125 0.4131944444444444 0.515625 0.4166666666666667 0.515625 0.4236111111111111 0.51171875 0.4270833333333333 0.51171875 0.4166666666666667 0.515625 0.40625
0 0.51953125 0.6215277777777778 0.51953125 0.6354166666666666 0.494140625 0.6527777777777778 0.482421875 0.6527777777777778 0.48046875 0.6458333333333334 0.484375 0.6354166666666666 0.498046875 0.625 0.505859375 0.625 0.51171875 0.6319444444444444 0.517578125 0.625
0 0.349609375 0.375 0.3515625 0.375 0.361328125 0.3958333333333333 0.359375 0.40625 0.35546875 0.40625 0.3515625 0.3993055555555556 0.349609375 0.3784722222222222
0 0.556640625 0.8055555555555556 0.55859375 0.8090277777777778 0.55859375 0.8159722222222222 0.55078125 0.8368055555555556 0.5390625 0.8506944444444444 0.533203125 0.8506944444444444 0.529296875 0.84375 0.529296875 0.8333333333333334 0.533203125 0.8263888888888888 0.537109375 0.8263888888888888 0.54296875 0.8194444444444444 0.55078125 0.8194444444444444 0.5546875 0.8090277777777778
0 0.6484375 0.46388888888888885 0.020833333333333332 0.08518518518518518
0 0.515625 0.5555555555555556 0.529296875 0.5555555555555556 0.529296875 0.5590277777777778 0.5234375 0.5659722222222222 0.515625 0.5659722222222222 0.513671875 0.5625 0.515625 0.5590277777777778
0 0.37395833333333334 0.08703703703703704 0.00625 0.018518518518518517
0 0.43359375 0.06597222222222222 0.4375 0.07291666666666667 0.4375 0.0798611111111111 0.435546875 0.08333333333333333 0.4296875 0.0798611111111111 0.42578125 0.07291666666666667 0.42578125 0.06944444444444445 0.431640625 0.06597222222222222
0 0.396484375 0.034722222222222224 0.404296875 0.041666666666666664 0.40234375 0.04861111111111111 0.3984375 0.04861111111111111 0.396484375 0.052083333333333336 0.392578125 0.052083333333333336 0.390625 0.04861111111111111 0.390625 0.03819444444444445 0.39453125 0.034722222222222224
0 0.4140625 0.16319444444444445 0.41796875 0.16319444444444445 0.419921875 0.16666666666666666 0.419921875 0.17708333333333334 0.4140625 0.17708333333333334 0.412109375 0.1701388888888889 0.4140625 0.16666666666666666
0 0.63671875 0.3298611111111111 0.640625 0.34375 0.646484375 0.34375 0.638671875 0.3611111111111111 0.638671875 0.375 0.640625 0.3819444444444444 0.634765625 0.3993055555555556 0.63671875 0.40625 0.63671875 0.4166666666666667 0.634765625 0.4201388888888889 0.62890625 0.4201388888888889 0.619140625 0.4340277777777778 0.615234375 0.4340277777777778 0.61328125 0.4375 0.607421875 0.4166666666666667 0.607421875 0.3923611111111111 0.609375 0.3854166666666667 0.611328125 0.3854166666666667 0.615234375 0.375 0.62890625 0.3645833333333333 0.634765625 0.3541666666666667 0.634765625 0.3333333333333333
0 0.646484375 0.6909722222222222 0.6484375 0.6944444444444444 0.654296875 0.6944444444444444 0.658203125 0.7013888888888888 0.658203125 0.7951388888888888 0.642578125 0.7951388888888888 0.63671875 0.7881944444444444 0.6328125 0.7743055555555556 0.6328125 0.7326388888888888 0.63671875 0.7152777777777778 0.634765625 0.7118055555555556 0.6328125 0.6944444444444444 0.634765625 0.6909722222222222 0.64453125 0.6909722222222222
0 0.599609375 0.09027777777777778 0.599609375 0.08333333333333333 0.6015625 0.0798611111111111 0.60546875 0.0798611111111111 0.60546875 0.08680555555555555 0.6015625 0.09027777777777778
0 0.376953125 0.1527777777777778 0.3828125 0.1527777777777778 0.384765625 0.15625 0.3828125 0.1597222222222222 0.376953125 0.1597222222222222 0.376953125 0.15625
0 0.517578125 0.5 0.51953125 0.4965277777777778 0.525390625 0.4965277777777778 0.53125 0.5069444444444444 0.533203125 0.5069444444444444 0.533203125 0.5243055555555556 0.529296875 0.5243055555555556 0.5234375 0.5173611111111112 0.51953125 0.5034722222222222