0 0.703125 0.16319444444444445 0.7109375 0.16319444444444445 0.716796875 0.1701388888888889 0.7265625 0.1736111111111111 0.73828125 0.1840277777777778 0.75 0.2013888888888889 0.7578125 0.20833333333333334 0.763671875 0.20833333333333334 0.765625 0.2048611111111111 0.76953125 0.22569444444444445 0.787109375 0.2534722222222222 0.80078125 0.2916666666666667 0.818359375 0.3125 0.82421875 0.3263888888888889 0.818359375 0.3333333333333333 0.798828125 0.3055555555555556 0.779296875 0.2881944444444444 0.76953125 0.2743055555555556 0.76171875 0.2673611111111111 0.755859375 0.2743055555555556 0.75390625 0.2604166666666667 0.7421875 0.2465277777777778 0.72265625 0.21180555555555555 0.7109375 0.18055555555555555 0.703125 0.16666666666666666
0 0.443359375 0.9201388888888888 0.443359375 0.9409722222222222 0.4453125 0.9444444444444444 0.4453125 0.9583333333333334 0.447265625 0.9618055555555556 0.44921875 0.9965277777777778 0.43359375 0.9965277777777778 0.435546875 0.9548611111111112 0.4375 0.9513888888888888 0.4375 0.9305555555555556 0.439453125 0.9236111111111112 0.44140625 0.9236111111111112
0 0.751953125 0.9340277777777778 0.759765625 0.9444444444444444 0.76171875 0.9513888888888888 0.76171875 0.9618055555555556 0.763671875 0.9652777777777778 0.763671875 0.9756944444444444 0.759765625 0.9826388888888888 0.759765625 0.9965277777777778 0.74609375 0.9965277777777778 0.744140625 0.9930555555555556 0.7421875 0.9618055555555556 0.744140625 0.9583333333333334 0.74609375 0.9409722222222222 0.75 0.9375
0 0.177734375 0 0.2109375 0 0.2109375 0.006944444444444444 0.216796875 0.027777777777777776 0.216796875 0.03819444444444445 0.205078125 0.03819444444444445 0.203125 0.034722222222222224 0.19140625 0.03125 0.177734375 0.006944444444444444 0.177734375 0.003472222222222222
0 0.091796875 0 0.107421875 0 0.107421875 0.003472222222222222 0.091796875 0.034722222222222224 0.08984375 0.03125 0.08984375 0.013888888888888888 0.091796875 0.010416666666666666 0.091796875 0.003472222222222222
0 0.697265625 0.9444444444444444 0.705078125 0.9513888888888888 0.71484375 0.9722222222222222 0.71484375 0.9791666666666666 0.70703125 0.9930555555555556 0.70703125 0.9965277777777778 0.6953125 0.9965277777777778 0.69140625 0.9861111111111112 0.69140625 0.9548611111111112 0.693359375 0.9479166666666666 0.6953125 0.9479166666666666
0 0.76171875 0.04513888888888889 0.763671875 0.041666666666666664 0.796875 0.041666666666666664 0.80078125 0.04513888888888889 0.80859375 0.059027777777777776 0.814453125 0.0798611111111111 0.828125 0.10069444444444445 0.806640625 0.08333333333333333 0.78515625 0.07291666666666667 0.7734375 0.0625 0.763671875 0.04861111111111111
0 0.451171875 0 0.45703125 0.020833333333333332 0.46484375 0.034722222222222224 0.470703125 0.052083333333333336 0.4765625 0.0625 0.494140625 0.08333333333333333 0.490234375 0.08333333333333333 0.474609375 0.06597222222222222 0.46875 0.06597222222222222 0.458984375 0.059027777777777776 0.451171875 0.059027777777777776 0.439453125 0.04861111111111111 0.435546875 0.04861111111111111 0.427734375 0.03819444444444445 0.41796875 0.03125 0.41796875 0.027777777777777776 0.404296875 0.006944444444444444 0.400390625 0.003472222222222222 0.39453125 0.003472222222222222 0.396484375 0 0.44921875 0
0 0.603515625 0.020833333333333332 0.6015625 0.04861111111111111 0.591796875 0.06597222222222222 0.5859375 0.08680555555555555 0.578125 0.10069444444444445 0.56640625 0.11458333333333333 0.546875 0.13194444444444445 0.541015625 0.13194444444444445 0.5390625 0.13541666666666666 0.525390625 0.13541666666666666 0.5234375 0.1388888888888889 0.51171875 0.1388888888888889 0.509765625 0.1423611111111111 0.50390625 0.1423611111111111 0.490234375 0.15625 0.482421875 0.15625 0.486328125 0.14930555555555555 0.494140625 0.14583333333333334 0.498046875 0.1388888888888889 0.501953125 0.1388888888888889 0.53125 0.0798611111111111 0.55078125 0.05555555555555555 0.556640625 0.052083333333333336 0.5625 0.041666666666666664 0.58203125 0.024305555555555556 0.583984375 0.024305555555555556 0.58203125 0.034722222222222224 0.587890625 0.041666666666666664 0.591796875 0.041666666666666664 0.595703125 0.03819444444444445 0.6015625 0.027777777777777776 0.6015625 0.024305555555555556
0 0.31640625 0.125 0.318359375 0.1284722222222222 0.328125 0.1284722222222222 0.330078125 0.125 0.3515625 0.125 0.3671875 0.1388888888888889 0.376953125 0.1388888888888889 0.37890625 0.13541666666666666 0.38671875 0.13541666666666666 0.38671875 0.1388888888888889 0.376953125 0.14930555555555555 0.373046875 0.14930555555555555 0.359375 0.1701388888888889 0.33984375 0.1909722222222222 0.318359375 0.19444444444444445 0.314453125 0.1875 0.302734375 0.1840277777777778 0.294921875 0.2013888888888889 0.29296875 0.2013888888888889 0.28515625 0.1736111111111111 0.296875 0.1701388888888889 0.302734375 0.1597222222222222 0.3046875 0.14930555555555555 0.310546875 0.1388888888888889 0.30859375 0.13194444444444445 0.3046875 0.13194444444444445 0.302734375 0.1284722222222222 0.3046875 0.125 0.314453125 0.125
0 0.861328125 0.14583333333333334 0.8671875 0.14930555555555555 0.875 0.16319444444444445 0.876953125 0.16319444444444445 0.884765625 0.18055555555555555 0.900390625 0.19444444444444445 0.912109375 0.20833333333333334 0.919921875 0.2222222222222222 0.921875 0.2222222222222222 0.958984375 0.2986111111111111 0.966796875 0.3055555555555556 0.970703125 0.3055555555555556 0.978515625 0.3159722222222222 0.984375 0.3159722222222222 0.98828125 0.3194444444444444 0.990234375 0.3229166666666667 0.990234375 0.3298611111111111 0.9765625 0.3263888888888889 0.966796875 0.3159722222222222 0.962890625 0.3159722222222222 0.94921875 0.3055555555555556 0.943359375 0.3055555555555556 0.94140625 0.3020833333333333 0.923828125 0.3020833333333333 0.921875 0.2986111111111111 0.90234375 0.2951388888888889 0.89453125 0.2847222222222222 0.88671875 0.28125 0.8828125 0.2743055555555556 0.873046875 0.2673611111111111 0.861328125 0.2534722222222222 0.84375 0.2222222222222222 0.83203125 0.1909722222222222 0.82421875 0.1840277777777778 0.8203125 0.1840277777777778 0.818359375 0.17708333333333334 0.8203125 0.16666666666666666 0.826171875 0.16666666666666666 0.83203125 0.1736111111111111 0.841796875 0.1736111111111111 0.849609375 0.16666666666666666 0.85546875 0.16666666666666666 0.86328125 0.1736111111111111 0.87109375 0.1736111111111111 0.873046875 0.16666666666666666 0.86328125 0.14930555555555555
0 0.73046875 0.8680555555555556 0.736328125 0.8819444444444444 0.73828125 0.8888888888888888 0.73828125 0.8993055555555556 0.740234375 0.9027777777777778 0.740234375 0.9236111111111112 0.736328125 0.9305555555555556 0.7265625 0.9236111111111112 0.712890625 0.8888888888888888 0.712890625 0.8784722222222222 0.71484375 0.875 0.720703125 0.8715277777777778 0.724609375 0.8645833333333334 0.728515625 0.8680555555555556
0 0 0 0.05078125 0 0.05859375 0.027777777777777776 0.05859375 0.03819444444444445 0.056640625 0.041666666666666664 0.04296875 0.04513888888888889 0.029296875 0.03125 0.025390625 0.03125 0.013671875 0.020833333333333332 0.00390625 0.006944444444444444 0 0.006944444444444444 0 0.003472222222222222