0 0.6484375 0.5331010452961672 0.666015625 0.5331010452961672 0.666015625 0.5435540069686411 0.6640625 0.5470383275261324 0.6640625 0.554006968641115 0.666015625 0.5574912891986062 0.666015625 0.6097560975609756 0.6640625 0.6132404181184669 0.650390625 0.6132404181184669 0.6484375 0.5644599303135889 0.650390625 0.5574912891986062 0.654296875 0.554006968641115 0.654296875 0.5505226480836237 0.650390625 0.5470383275261324 0.6484375 0.5365853658536586
0 0.482421875 0.6724738675958188 0.490234375 0.6724738675958188 0.4921875 0.6794425087108014 0.49609375 0.6794425087108014 0.49609375 0.686411149825784 0.498046875 0.6898954703832753 0.498046875 0.7247386759581882 0.494140625 0.7247386759581882 0.494140625 0.7212543554006968 0.48828125 0.7142857142857143 0.48828125 0.710801393728223 0.482421875 0.7038327526132404 0.48046875 0.6968641114982579 0.48046875 0.6794425087108014 0.482421875 0.6759581881533101
0 0.626953125 0.7212543554006968 0.638671875 0.7212543554006968 0.638671875 0.7456445993031359 0.634765625 0.7456445993031359 0.6328125 0.7491289198606271 0.630859375 0.7456445993031359 0.619140625 0.7456445993031359 0.619140625 0.7282229965156795 0.625 0.7282229965156795 0.626953125 0.7247386759581882
0 0.5483050847457628 -0.014110513986495796 0.2230667372881356 0.051863225654048314
0 0.5078125 0.3588850174216028 0.51171875 0.3588850174216028 0.51171875 0.3623693379790941 0.51953125 0.3693379790940767 0.521484375 0.37630662020905925 0.51953125 0.3902439024390244 0.515625 0.3797909407665505 0.5078125 0.37630662020905925 0.5078125 0.3623693379790941
0 0.591796875 0.6933797909407665 0.59375 0.6933797909407665 0.59375 0.7142857142857143 0.587890625 0.7212543554006968 0.583984375 0.7177700348432056 0.583984375 0.710801393728223 0.5859375 0.710801393728223 0.587890625 0.7073170731707317 0.587890625 0.7003484320557491 0.591796875 0.6968641114982579
0 0.6875 0.10801393728222997 0.689453125 0.10801393728222997 0.689453125 0.13937282229965156 0.6875 0.13937282229965156 0.6875 0.11149825783972125
0 0.59375 0.14982578397212543 0.599609375 0.14982578397212543 0.60546875 0.1602787456445993 0.61328125 0.1602787456445993 0.6171875 0.17073170731707318 0.625 0.18118466898954705 0.626953125 0.18815331010452963 0.626953125 0.20209059233449478 0.62890625 0.20557491289198607 0.62890625 0.23693379790940766 0.626953125 0.24041811846689895 0.626953125 0.2787456445993031 0.62890625 0.28222996515679444 0.62890625 0.2961672473867596 0.625 0.2961672473867596 0.623046875 0.289198606271777 0.615234375 0.289198606271777 0.61328125 0.2926829268292683 0.609375 0.289198606271777 0.611328125 0.289198606271777 0.619140625 0.27177700348432055 0.619140625 0.2613240418118467 0.607421875 0.24390243902439024 0.6015625 0.20905923344947736 0.599609375 0.20557491289198607 0.595703125 0.20557491289198607 0.59375 0.20905923344947736 0.59375 0.17073170731707318 0.591796875 0.1672473867595819 0.59375 0.15331010452961671
0 0.498046875 0.2787456445993031 0.5 0.2787456445993031 0.5 0.30313588850174217 0.498046875 0.30662020905923343 0.498046875 0.29965156794425085 0.49609375 0.2961672473867596 0.490234375 0.2961672473867596 0.490234375 0.2857142857142857 0.49609375 0.2857142857142857 0.498046875 0.28222996515679444
0 0.638671875 0.5226480836236934 0.6484375 0.5226480836236934 0.6484375 0.5505226480836237 0.650390625 0.554006968641115 0.650390625 0.5818815331010453 0.63671875 0.5853658536585366 0.6328125 0.5818815331010453 0.630859375 0.5749128919860628 0.62890625 0.5749128919860628 0.62890625 0.5609756097560976 0.6328125 0.5574912891986062 0.6328125 0.5470383275261324 0.634765625 0.5400696864111498 0.638671875 0.5365853658536586 0.638671875 0.5261324041811847
0 0.46875 0.3588850174216028 0.474609375 0.3588850174216028 0.474609375 0.3623693379790941 0.478515625 0.36585365853658536 0.478515625 0.3832752613240418 0.474609375 0.3867595818815331 0.4765625 0.3832752613240418 0.47265625 0.3797909407665505 0.47265625 0.37282229965156793 0.46875 0.3693379790940767 0.46875 0.3623693379790941
0 0.490234375 0.34146341463414637 0.4921875 0.34146341463414637 0.4921875 0.36585365853658536 0.490234375 0.3693379790940767 0.490234375 0.34494773519163763
0 0.46484375 0.3240418118466899 0.466796875 0.3240418118466899 0.466796875 0.32752613240418116 0.478515625 0.34494773519163763 0.478515625 0.34843205574912894 0.474609375 0.3519163763066202 0.46875 0.34843205574912894 0.46875 0.34146341463414637 0.46484375 0.33797909407665505 0.46484375 0.32752613240418116
0 0.51953125 0.041811846689895474 0.5234375 0.041811846689895474 0.52734375 0.05226480836236934 0.53515625 0.05226480836236934 0.53515625 0.05574912891986063 0.53125 0.059233449477351915 0.53515625 0.07317073170731707 0.533203125 0.08013937282229965 0.533203125 0.09407665505226481 0.521484375 0.11846689895470383 0.517578125 0.12195121951219512 0.51171875 0.12195121951219512 0.509765625 0.1254355400696864 0.5 0.12195121951219512 0.5 0.0975609756097561 0.498046875 0.09407665505226481 0.498046875 0.08362369337979095 0.494140625 0.08013937282229965 0.494140625 0.07665505226480836 0.505859375 0.07665505226480836 0.509765625 0.0627177700348432 0.513671875 0.0627177700348432 0.51953125 0.05574912891986063 0.51953125 0.04529616724738676
0 0.517578125 0.30313588850174217 0.521484375 0.30313588850174217 0.521484375 0.33797909407665505 0.51953125 0.34146341463414637 0.517578125 0.34146341463414637 0.521484375 0.33797909407665505 0.521484375 0.30662020905923343 0.51953125 0.30313588850174217
0 0.576171875 0.6724738675958188 0.60546875 0.6724738675958188 0.60546875 0.6829268292682927 0.59765625 0.6829268292682927 0.595703125 0.6898954703832753 0.580078125 0.6898954703832753 0.57421875 0.6968641114982579 0.572265625 0.6968641114982579 0.572265625 0.6829268292682927 0.576171875 0.6759581881533101
0 0.521484375 0.6376306620209059 0.53125 0.6376306620209059 0.53125 0.6445993031358885 0.5390625 0.6515679442508711 0.5390625 0.6724738675958188 0.537109375 0.6724738675958188 0.537109375 0.6655052264808362 0.533203125 0.662020905923345 0.533203125 0.6550522648083623 0.521484375 0.6445993031358885 0.521484375 0.6411149825783972
0 0.66015625 0 0.662109375 0 0.662109375 0.020905923344947737 0.662109375 0.003484320557491289
0 0.498046875 0.3588850174216028 0.501953125 0.3623693379790941 0.501953125 0.37630662020905925 0.498046875 0.3797909407665505 0.49609375 0.37282229965156793 0.4921875 0.3693379790940767 0.4921875 0.3519163763066202 0.494140625 0.3519163763066202 0.49609375 0.3588850174216028
0 0.474609375 0.27526132404181186 0.484375 0.27526132404181186 0.484375 0.313588850174216 0.482421875 0.313588850174216 0.482421875 0.2961672473867596 0.48046875 0.2926829268292683 0.474609375 0.2926829268292683 0.474609375 0.2787456445993031
0 0.66796875 0.5818815331010453 0.67578125 0.5818815331010453 0.67578125 0.5888501742160279 0.681640625 0.5958188153310104 0.681640625 0.6480836236933798 0.671875 0.6480836236933798 0.671875 0.6027874564459931 0.66796875 0.5993031358885017 0.66796875 0.5853658536585366
0 0.5078125 0.2787456445993031 0.51171875 0.2787456445993031 0.51171875 0.31010452961672474 0.5078125 0.31010452961672474 0.5078125 0.28222996515679444
0 0.517578125 0.710801393728223 0.52734375 0.710801393728223 0.52734375 0.7456445993031359 0.521484375 0.7386759581881533 0.521484375 0.7282229965156795 0.517578125 0.7247386759581882 0.517578125 0.7142857142857143
0 0.689453125 0.5331010452961672 0.689453125 0.5958188153310104 0.685546875 0.5958188153310104 0.685546875 0.5853658536585366 0.681640625 0.5818815331010453 0.681640625 0.5749128919860628 0.6796875 0.5714285714285714 0.67578125 0.5714285714285714 0.67578125 0.5644599303135889 0.6796875 0.5644599303135889 0.681640625 0.5609756097560976 0.681640625 0.5365853658536586 0.6875 0.5365853658536586
0 0.64453125 0.5853658536585366 0.6484375 0.5853658536585366 0.650390625 0.5923344947735192 0.650390625 0.6445993031358885 0.646484375 0.6550522648083623 0.642578125 0.6550522648083623 0.640625 0.6585365853658537 0.62890625 0.6585365853658537 0.62890625 0.6306620209059234 0.630859375 0.627177700348432 0.630859375 0.6202090592334495 0.634765625 0.6167247386759582 0.638671875 0.5923344947735192 0.642578125 0.5923344947735192 0.64453125 0.5888501742160279
0 0.5785310734463277 0.4172680564578043 0.031541313559322035 0.015579046831630545
0 0.55078125 0.31010452961672474 0.556640625 0.31010452961672474 0.556640625 0.3554006968641115 0.5546875 0.3588850174216028 0.55078125 0.3588850174216028 0.55078125 0.34494773519163763 0.546875 0.34146341463414637 0.546875 0.3344947735191638 0.55078125 0.3310104529616725 0.55078125 0.313588850174216
0 0.513671875 0.6550522648083623 0.51953125 0.6550522648083623 0.5234375 0.6515679442508711 0.5234375 0.662020905923345 0.52734375 0.6655052264808362 0.52734375 0.7038327526132404 0.525390625 0.7073170731707317 0.521484375 0.7073170731707317 0.521484375 0.6933797909407665 0.517578125 0.6898954703832753 0.517578125 0.6655052264808362 0.513671875 0.662020905923345 0.513671875 0.6585365853658537
0 0.513671875 0.4076655052264808 0.517578125 0.4076655052264808 0.521484375 0.4181184668989547 0.529296875 0.4250871080139373 0.529296875 0.43902439024390244 0.525390625 0.43902439024390244 0.521484375 0.4355400696864111 0.521484375 0.42857142857142855 0.515625 0.42160278745644597 0.513671875 0.41114982578397213