0 0.294921875 0.2881944444444444 0.298828125 0.2881944444444444 0.291015625 0.2951388888888889 0.283203125 0.3090277777777778 0.287109375 0.3159722222222222 0.283203125 0.3194444444444444 0.27734375 0.3194444444444444 0.275390625 0.3229166666666667 0.267578125 0.3229166666666667 0.251953125 0.3333333333333333 0.24609375 0.3333333333333333 0.244140625 0.3368055555555556 0.224609375 0.3368055555555556 0.22265625 0.3298611111111111 0.228515625 0.3194444444444444 0.2421875 0.3125 0.25390625 0.3020833333333333 0.267578125 0.2986111111111111 0.2734375 0.2916666666666667 0.28515625 0.2916666666666667 0.287109375 0.2881944444444444 0.29296875 0.2881944444444444
0 0.59375 0.25 0.595703125 0.2534722222222222 0.6015625 0.2534722222222222 0.611328125 0.2604166666666667 0.619140625 0.2604166666666667 0.634765625 0.2743055555555556 0.646484375 0.2743055555555556 0.64453125 0.28125 0.62109375 0.28125 0.619140625 0.2777777777777778 0.599609375 0.2777777777777778 0.59765625 0.2743055555555556 0.58984375 0.2743055555555556 0.587890625 0.2708333333333333 0.578125 0.2673611111111111 0.572265625 0.2569444444444444 0.572265625 0.2534722222222222 0.57421875 0.25 0.591796875 0.25
0 0.615234375 0.2916666666666667 0.630859375 0.3020833333333333 0.6328125 0.3159722222222222 0.62890625 0.3159722222222222 0.626953125 0.3125 0.62109375 0.3125 0.619140625 0.3159722222222222 0.58984375 0.3159722222222222 0.5859375 0.3125 0.5859375 0.3020833333333333 0.595703125 0.2916666666666667 0.61328125 0.2916666666666667
0 0.75390625 0.3784722222222222 0.765625 0.3784722222222222 0.7734375 0.3854166666666667 0.783203125 0.3854166666666667 0.75390625 0.3888888888888889 0.75390625 0.3819444444444444
0 0.1640625 0.5694444444444444 0.177734375 0.5798611111111112 0.185546875 0.59375 0.197265625 0.5972222222222222 0.203125 0.6076388888888888 0.203125 0.6215277777777778 0.201171875 0.625 0.197265625 0.625 0.1953125 0.6284722222222222 0.177734375 0.6284722222222222 0.17578125 0.6319444444444444 0.162109375 0.6284722222222222 0.15625 0.6215277777777778 0.1484375 0.6041666666666666 0.14453125 0.5902777777777778 0.14453125 0.5833333333333334 0.140625 0.5763888888888888 0.140625 0.5729166666666666 0.14453125 0.5694444444444444 0.162109375 0.5694444444444444
0 0.494140625 0.2222222222222222 0.515625 0.24305555555555555 0.5234375 0.24305555555555555 0.525390625 0.2465277777777778 0.525390625 0.2534722222222222 0.515625 0.2534722222222222 0.513671875 0.2569444444444444 0.50390625 0.2604166666666667 0.490234375 0.23958333333333334 0.48828125 0.2326388888888889 0.490234375 0.22569444444444445 0.4921875 0.22569444444444445
0 0.703125 0.4097222222222222 0.7109375 0.4166666666666667 0.716796875 0.4166666666666667 0.72265625 0.4236111111111111 0.73046875 0.4236111111111111 0.734375 0.4270833333333333 0.736328125 0.4340277777777778 0.732421875 0.4375 0.69921875 0.4375 0.6875 0.4270833333333333 0.68359375 0.4270833333333333 0.671875 0.4166666666666667 0.669921875 0.4131944444444444 0.671875 0.40625 0.677734375 0.4027777777777778 0.6796875 0.40625 0.6953125 0.40625 0.697265625 0.4097222222222222 0.701171875 0.4097222222222222
0 0.5859375 0.6527777777777778 0.587890625 0.65625 0.6015625 0.65625 0.60546875 0.6597222222222222 0.60546875 0.6666666666666666 0.603515625 0.6701388888888888 0.58203125 0.6736111111111112 0.580078125 0.6770833333333334 0.568359375 0.6770833333333334 0.56640625 0.6805555555555556 0.53125 0.6805555555555556 0.529296875 0.6770833333333334 0.525390625 0.6770833333333334 0.5234375 0.6736111111111112 0.5234375 0.6666666666666666 0.5390625 0.65625 0.552734375 0.65625 0.5546875 0.6527777777777778 0.583984375 0.6527777777777778
0 0.125 0.2465277777777778 0.126953125 0.25 0.14453125 0.25 0.14453125 0.2638888888888889 0.1171875 0.2638888888888889 0.107421875 0.2743055555555556 0.078125 0.2708333333333333 0.072265625 0.2638888888888889 0.072265625 0.2569444444444444 0.078125 0.25 0.083984375 0.25 0.0859375 0.2465277777777778 0.123046875 0.2465277777777778
0 0.98046875 0.4027777777777778 0.986328125 0.4097222222222222 0.990234375 0.4097222222222222 0.998046875 0.4166666666666667 0.998046875 0.4479166666666667 0.986328125 0.4375 0.982421875 0.4375 0.966796875 0.4131944444444444 0.96875 0.40625 0.974609375 0.40625 0.978515625 0.4027777777777778
0 0.412109375 0.2881944444444444 0.4140625 0.2951388888888889 0.4140625 0.3055555555555556 0.41015625 0.3125 0.40625 0.3125 0.404296875 0.3159722222222222 0.3984375 0.3090277777777778 0.3984375 0.2986111111111111 0.404296875 0.2881944444444444 0.41015625 0.2881944444444444
0 0.302734375 0.2881944444444444 0.3046875 0.2916666666666667 0.32421875 0.2916666666666667 0.330078125 0.3020833333333333 0.330078125 0.3159722222222222 0.318359375 0.3159722222222222 0.31640625 0.3194444444444444 0.30859375 0.3194444444444444 0.306640625 0.3159722222222222 0.291015625 0.3159722222222222 0.28125 0.3229166666666667 0.259765625 0.3263888888888889 0.244140625 0.3368055555555556 0.224609375 0.3368055555555556 0.224609375 0.3263888888888889 0.23828125 0.3125 0.2421875 0.3125 0.25390625 0.3020833333333333 0.26953125 0.2986111111111111 0.275390625 0.2916666666666667 0.30078125 0.2881944444444444
0 0.568359375 0.3923611111111111 0.568359375 0.3819444444444444 0.57421875 0.375 0.58984375 0.3715277777777778 0.591796875 0.3680555555555556 0.630859375 0.3680555555555556 0.638671875 0.3611111111111111 0.646484375 0.3611111111111111 0.646484375 0.3680555555555556 0.642578125 0.3784722222222222 0.623046875 0.3784722222222222 0.611328125 0.3923611111111111 0.587890625 0.3923611111111111 0.5859375 0.3958333333333333 0.576171875 0.3958333333333333 0.57421875 0.3923611111111111 0.5703125 0.3923611111111111
0 0.18802083333333333 0.41203703703703703 0.06458333333333333 0.04814814814814815
0 0.546875 0.2604166666666667 0.548828125 0.2638888888888889 0.548828125 0.2777777777777778 0.546875 0.28125 0.54296875 0.28125 0.537109375 0.2743055555555556 0.53515625 0.2777777777777778 0.53515625 0.2881944444444444 0.52734375 0.2951388888888889 0.517578125 0.2951388888888889 0.515625 0.2881944444444444 0.52734375 0.2708333333333333 0.53515625 0.2638888888888889 0.541015625 0.2638888888888889 0.544921875 0.2604166666666667
0 0.107421875 0.3333333333333333 0.119140625 0.3194444444444444 0.126953125 0.3194444444444444 0.12890625 0.3159722222222222 0.13671875 0.3159722222222222 0.138671875 0.3125 0.150390625 0.3125 0.15234375 0.3090277777777778 0.173828125 0.3090277777777778 0.177734375 0.3055555555555556 0.181640625 0.3125 0.1796875 0.3194444444444444 0.1640625 0.3229166666666667 0.150390625 0.3368055555555556 0.130859375 0.3402777777777778 0.12890625 0.34375 0.119140625 0.34375 0.1171875 0.3402777777777778 0.109375 0.3402777777777778 0.109375 0.3368055555555556
0 0.783203125 0.3888888888888889 0.78515625 0.3923611111111111 0.79296875 0.3923611111111111 0.794921875 0.3958333333333333 0.806640625 0.3958333333333333 0.8125 0.3888888888888889 0.814453125 0.3923611111111111 0.814453125 0.4097222222222222 0.8046875 0.40625 0.802734375 0.4097222222222222 0.7890625 0.4131944444444444 0.78125 0.4201388888888889 0.76953125 0.4201388888888889 0.767578125 0.4236111111111111 0.7421875 0.4236111111111111 0.740234375 0.4201388888888889 0.734375 0.4201388888888889 0.7265625 0.4097222222222222 0.7265625 0.4027777777777778 0.73046875 0.3958333333333333 0.736328125 0.3958333333333333 0.73828125 0.3923611111111111 0.765625 0.3923611111111111 0.767578125 0.3888888888888889 0.78125 0.3888888888888889
0 0.32421875 0.2916666666666667 0.328125 0.2951388888888889 0.330078125 0.3020833333333333 0.330078125 0.3159722222222222 0.318359375 0.3159722222222222 0.31640625 0.3194444444444444 0.30859375 0.3194444444444444 0.306640625 0.3159722222222222 0.28125 0.3159722222222222 0.279296875 0.3125 0.28515625 0.3020833333333333 0.294921875 0.2951388888888889 0.298828125 0.2881944444444444 0.302734375 0.2916666666666667 0.322265625 0.2916666666666667
0 0.484375 0.2048611111111111 0.4921875 0.2048611111111111 0.498046875 0.1909722222222222 0.501953125 0.1909722222222222 0.50390625 0.1875 0.51171875 0.1875 0.513671875 0.1840277777777778 0.521484375 0.1840277777777778 0.5234375 0.18055555555555555 0.548828125 0.18055555555555555 0.552734375 0.1875 0.552734375 0.19444444444444445 0.55078125 0.19791666666666666 0.546875 0.19444444444444445 0.53515625 0.19444444444444445 0.5234375 0.2048611111111111 0.51171875 0.20833333333333334 0.509765625 0.21180555555555555 0.48828125 0.21180555555555555 0.486328125 0.20833333333333334
0 0.146484375 0.40625 0.146484375 0.4166666666666667 0.12890625 0.4201388888888889 0.126953125 0.4236111111111111 0.115234375 0.4270833333333333 0.11328125 0.4305555555555556 0.107421875 0.4305555555555556 0.10546875 0.4340277777777778 0.078125 0.4340277777777778 0.07421875 0.4270833333333333 0.078125 0.4166666666666667 0.091796875 0.4131944444444444 0.09375 0.4097222222222222 0.1015625 0.4097222222222222 0.103515625 0.40625 0.14453125 0.40625
0 0.8989583333333333 0.44027777777777777 0.08645833333333333 0.04351851851851852
0 0.591796875 0.40625 0.6015625 0.4131944444444444 0.611328125 0.4131944444444444 0.61328125 0.4166666666666667 0.609375 0.4236111111111111 0.57421875 0.4236111111111111 0.572265625 0.4201388888888889 0.56640625 0.4201388888888889 0.564453125 0.4131944444444444 0.568359375 0.40625 0.58984375 0.40625
0 0.1796875 0.4375 0.189453125 0.4270833333333333 0.203125 0.4270833333333333 0.205078125 0.4305555555555556 0.205078125 0.4375 0.203125 0.4409722222222222 0.18359375 0.4548611111111111 0.1796875 0.4513888888888889 0.1796875 0.4409722222222222
0 0.2734375 0.20833333333333334 0.275390625 0.21180555555555555 0.287109375 0.21180555555555555 0.2890625 0.21875 0.26953125 0.2326388888888889 0.25 0.2326388888888889 0.248046875 0.22916666666666666 0.240234375 0.22916666666666666 0.23828125 0.2222222222222222 0.244140625 0.2152777777777778 0.25 0.2152777777777778 0.251953125 0.21180555555555555 0.263671875 0.21180555555555555 0.265625 0.20833333333333334 0.271484375 0.20833333333333334
0 0.13020833333333334 0.2736111111111111 0.042708333333333334 0.0287037037037037
0 0.287109375 0.21875 0.2890625 0.2152777777777778 0.298828125 0.2152777777777778 0.3203125 0.2326388888888889 0.32421875 0.2326388888888889 0.326171875 0.2361111111111111 0.326171875 0.25 0.3125 0.25 0.294921875 0.2361111111111111 0.2890625 0.22569444444444445 0.2890625 0.2222222222222222
0 0.294921875 0.3854166666666667 0.294921875 0.3784722222222222 0.30078125 0.3680555555555556 0.3046875 0.3680555555555556 0.306640625 0.3645833333333333 0.31640625 0.3645833333333333 0.318359375 0.3611111111111111 0.32421875 0.3611111111111111 0.32421875 0.3715277777777778 0.3203125 0.3784722222222222 0.306640625 0.3888888888888889 0.298828125 0.3888888888888889 0.296875 0.3854166666666667
0 0.119140625 0.3576388888888889 0.1328125 0.3472222222222222 0.150390625 0.34375 0.15234375 0.3402777777777778 0.16015625 0.3402777777777778 0.162109375 0.3368055555555556 0.169921875 0.3368055555555556 0.171875 0.3333333333333333 0.197265625 0.3333333333333333 0.197265625 0.3402777777777778 0.19921875 0.34375 0.19921875 0.3472222222222222 0.1875 0.3472222222222222 0.1796875 0.3541666666666667 0.17578125 0.3611111111111111 0.17578125 0.375 0.166015625 0.3645833333333333 0.15234375 0.3680555555555556 0.150390625 0.3715277777777778 0.123046875 0.3715277777777778 0.119140625 0.3611111111111111
0 0.251953125 0.3472222222222222 0.25390625 0.3506944444444444 0.271484375 0.3472222222222222 0.271484375 0.3576388888888889 0.2734375 0.3611111111111111 0.271484375 0.3645833333333333 0.263671875 0.3611111111111111 0.248046875 0.3715277777777778 0.2421875 0.3715277777777778 0.232421875 0.3784722222222222 0.220703125 0.3784722222222222 0.21875 0.3819444444444444 0.201171875 0.3784722222222222 0.19921875 0.375 0.19921875 0.3680555555555556 0.205078125 0.3611111111111111 0.21484375 0.3541666666666667 0.220703125 0.3541666666666667 0.22265625 0.3506944444444444 0.25 0.3472222222222222
0 0.25703125 0.18888888888888888 0.0828125 0.03518518518518518
0 0.060546875 0.3402777777777778 0.0625 0.34375 0.068359375 0.34375 0.072265625 0.3506944444444444 0.072265625 0.3576388888888889 0.068359375 0.3611111111111111 0.05078125 0.3611111111111111 0.048828125 0.3576388888888889 0.0390625 0.3541666666666667 0.03515625 0.3472222222222222 0.03515625 0.34375 0.0546875 0.34375 0.05859375 0.3402777777777778
0 0.8591145833333333 0.5138888888888888 0.1140625 0.04814814814814815
0 0.474609375 0.28125 0.478515625 0.2847222222222222 0.482421875 0.2986111111111111 0.482421875 0.3020833333333333 0.478515625 0.3055555555555556 0.470703125 0.3055555555555556 0.462890625 0.2986111111111111 0.45703125 0.2986111111111111 0.455078125 0.2916666666666667 0.455078125 0.28125 0.45703125 0.2777777777777778 0.466796875 0.2777777777777778 0.46875 0.28125 0.47265625 0.28125
0 0.240234375 0.6597222222222222 0.24609375 0.6597222222222222 0.248046875 0.6631944444444444 0.26171875 0.6631944444444444 0.263671875 0.6597222222222222 0.267578125 0.6597222222222222 0.27734375 0.6458333333333334 0.279296875 0.6354166666666666 0.2890625 0.6180555555555556 0.30078125 0.6076388888888888 0.3046875 0.6006944444444444 0.330078125 0.5833333333333334 0.35546875 0.5798611111111112 0.353515625 0.5902777777777778 0.34765625 0.6006944444444444 0.345703125 0.6006944444444444 0.341796875 0.6111111111111112 0.341796875 0.6215277777777778 0.33984375 0.625 0.33984375 0.6493055555555556 0.3359375 0.6597222222222222 0.3359375 0.6701388888888888 0.33203125 0.6770833333333334 0.326171875 0.6770833333333334 0.314453125 0.6944444444444444 0.310546875 0.6944444444444444 0.30859375 0.6979166666666666 0.2890625 0.6979166666666666 0.287109375 0.6944444444444444 0.28125 0.6944444444444444 0.275390625 0.6875 0.259765625 0.6875 0.25390625 0.6944444444444444 0.24609375 0.6979166666666666 0.2421875 0.6944444444444444 0.240234375 0.6875 0.240234375 0.6631944444444444
0 0.203125 0.3819444444444444 0.205078125 0.3854166666666667 0.205078125 0.3923611111111111 0.19921875 0.3923611111111111 0.197265625 0.3958333333333333 0.162109375 0.3958333333333333 0.166015625 0.3888888888888889 0.169921875 0.3888888888888889 0.1953125 0.3715277777777778 0.197265625 0.3715277777777778 0.201171875 0.3819444444444444
0 0.833984375 0.3333333333333333 0.8359375 0.3368055555555556 0.85546875 0.3402777777777778 0.857421875 0.34375 0.865234375 0.34375 0.869140625 0.3472222222222222 0.869140625 0.3541666666666667 0.84375 0.3541666666666667 0.841796875 0.3576388888888889 0.80078125 0.3576388888888889 0.798828125 0.3541666666666667 0.78515625 0.3506944444444444 0.779296875 0.34375 0.779296875 0.3368055555555556 0.783203125 0.3333333333333333 0.83203125 0.3333333333333333