0 0.466796875 0.09027777777777778 0.478515625 0.09027777777777778 0.482421875 0.09375 0.486328125 0.10416666666666667 0.486328125 0.11805555555555555 0.474609375 0.11805555555555555 0.47265625 0.11458333333333333 0.466796875 0.11805555555555555 0.466796875 0.09375
0 0.51953125 0.10069444444444445 0.525390625 0.11805555555555555 0.5234375 0.125 0.517578125 0.125 0.509765625 0.1076388888888889 0.513671875 0.09722222222222222 0.517578125 0.10069444444444445
0 0.408203125 0.034722222222222224 0.412109375 0.03819444444444445 0.416015625 0.04861111111111111 0.40234375 0.04861111111111111 0.40234375 0.03819444444444445 0.40625 0.034722222222222224
0 0.560546875 0.6388888888888888 0.564453125 0.6388888888888888 0.568359375 0.6458333333333334 0.58203125 0.6493055555555556 0.58203125 0.6597222222222222 0.583984375 0.6631944444444444 0.587890625 0.6631944444444444 0.587890625 0.6736111111111112 0.591796875 0.6805555555555556 0.58203125 0.6909722222222222 0.5703125 0.6909722222222222 0.568359375 0.6875 0.56640625 0.6909722222222222 0.5625 0.6909722222222222 0.560546875 0.6979166666666666 0.5546875 0.6979166666666666 0.5546875 0.6805555555555556 0.556640625 0.6770833333333334 0.55859375 0.6458333333333334 0.560546875 0.6423611111111112
0 0.4140625 0.0798611111111111 0.421875 0.09027777777777778 0.419921875 0.09375 0.408203125 0.09375 0.40625 0.08680555555555555 0.412109375 0.0798611111111111
0 0.61328125 0.08680555555555555 0.611328125 0.09375 0.611328125 0.10416666666666667 0.607421875 0.11805555555555555 0.595703125 0.1388888888888889 0.591796875 0.1423611111111111 0.5859375 0.1423611111111111 0.583984375 0.14583333333333334 0.58203125 0.1423611111111111 0.580078125 0.14583333333333334 0.576171875 0.14583333333333334 0.57421875 0.1423611111111111 0.5625 0.1423611111111111 0.5546875 0.1284722222222222 0.5546875 0.12152777777777778 0.548828125 0.11458333333333333 0.546875 0.1076388888888889 0.546875 0.09375 0.548828125 0.09375 0.5546875 0.1076388888888889 0.5625 0.11458333333333333 0.58984375 0.11458333333333333 0.591796875 0.11805555555555555 0.599609375 0.11805555555555555 0.6015625 0.1111111111111111 0.60546875 0.1076388888888889 0.609375 0.09027777777777778 0.611328125 0.09027777777777778
0 0.552734375 0.3784722222222222 0.5546875 0.3819444444444444 0.583984375 0.3784722222222222 0.583984375 0.3854166666666667 0.57421875 0.4166666666666667 0.57421875 0.4270833333333333 0.5625 0.4270833333333333 0.556640625 0.4409722222222222 0.556640625 0.4513888888888889 0.5546875 0.4340277777777778 0.546875 0.4201388888888889 0.546875 0.4131944444444444 0.55078125 0.3993055555555556 0.55078125 0.3923611111111111 0.546875 0.3888888888888889 0.546875 0.3819444444444444 0.55078125 0.3819444444444444
0 0.5307291666666667 0.2837962962962963 0.007291666666666667 0.02314814814814815
0 0.61328125 0.7986111111111112 0.61328125 0.8298611111111112 0.611328125 0.8333333333333334 0.607421875 0.8333333333333334 0.6015625 0.8263888888888888 0.6015625 0.8125 0.609375 0.7986111111111112 0.611328125 0.7986111111111112
0 0.359375 0.23958333333333334 0.36328125 0.24305555555555555 0.37109375 0.2361111111111111 0.375 0.24305555555555555 0.384765625 0.2465277777777778 0.38671875 0.2534722222222222 0.384765625 0.2569444444444444 0.37109375 0.2569444444444444 0.369140625 0.2604166666666667 0.365234375 0.2604166666666667 0.36328125 0.2673611111111111 0.359375 0.2673611111111111 0.3515625 0.2604166666666667 0.3515625 0.2534722222222222 0.357421875 0.24305555555555555
0 0.501953125 0.024305555555555556 0.51171875 0.034722222222222224 0.509765625 0.04513888888888889 0.5 0.052083333333333336 0.48046875 0.052083333333333336 0.478515625 0.05555555555555555 0.4765625 0.05555555555555555 0.4765625 0.03819444444444445 0.478515625 0.034722222222222224 0.490234375 0.024305555555555556 0.5 0.024305555555555556
0 0.384765625 0.0763888888888889 0.390625 0.0763888888888889 0.39453125 0.08333333333333333 0.392578125 0.09027777777777778 0.384765625 0.09027777777777778 0.3828125 0.08680555555555555 0.384765625 0.0798611111111111
0 0.564453125 0.78125 0.564453125 0.7881944444444444 0.568359375 0.7986111111111112 0.564453125 0.7986111111111112 0.560546875 0.8055555555555556 0.560546875 0.8125 0.5546875 0.8229166666666666 0.541015625 0.8298611111111112 0.541015625 0.8125 0.546875 0.8020833333333334 0.55078125 0.7986111111111112 0.556640625 0.7986111111111112 0.5625 0.7881944444444444 0.5625 0.7847222222222222
0 0.6481770833333333 0.4532407407407407 0.021354166666666667 0.06388888888888888
0 0.51953125 0.4722222222222222 0.521484375 0.4826388888888889 0.529296875 0.4965277777777778 0.529296875 0.5069444444444444 0.52734375 0.5138888888888888 0.521484375 0.5069444444444444 0.517578125 0.5069444444444444 0.51953125 0.5 0.517578125 0.4756944444444444
0 0.611328125 0.07291666666666667 0.6171875 0.0798611111111111 0.615234375 0.08680555555555555 0.611328125 0.08680555555555555 0.609375 0.08333333333333333 0.611328125 0.0763888888888889
0 0.34375 0.0763888888888889 0.34765625 0.07291666666666667 0.3515625 0.0763888888888889 0.3515625 0.10069444444444445 0.349609375 0.10416666666666667 0.349609375 0.1111111111111111 0.34375 0.1111111111111111 0.341796875 0.10416666666666667 0.34375 0.0798611111111111
0 0.365234375 0.11458333333333333 0.365234375 0.1076388888888889 0.3671875 0.10416666666666667 0.373046875 0.10416666666666667 0.375 0.1076388888888889 0.373046875 0.11458333333333333 0.369140625 0.11805555555555555 0.3671875 0.11458333333333333
0 0.38671875 0.14583333333333334 0.392578125 0.14583333333333334 0.396484375 0.14930555555555555 0.392578125 0.1597222222222222 0.388671875 0.1597222222222222 0.38671875 0.15625 0.38671875 0.14930555555555555
0 0.427734375 0.059027777777777776 0.4296875 0.059027777777777776 0.431640625 0.06597222222222222 0.431640625 0.07291666666666667 0.427734375 0.07291666666666667 0.42578125 0.06944444444444445 0.427734375 0.0625
0 0.515625 0.3194444444444444 0.51953125 0.3263888888888889 0.5234375 0.3263888888888889 0.525390625 0.3229166666666667 0.525390625 0.3368055555555556 0.52734375 0.3402777777777778 0.525390625 0.3402777777777778 0.521484375 0.3506944444444444 0.515625 0.34375 0.515625 0.3229166666666667
0 0.5125 0.4037037037037037 0.008333333333333333 0.02962962962962963
0 0.42578125 0.1597222222222222 0.431640625 0.16666666666666666 0.435546875 0.16666666666666666 0.435546875 0.1736111111111111 0.43359375 0.17708333333333334 0.423828125 0.17708333333333334 0.421875 0.1736111111111111 0.421875 0.16666666666666666 0.423828125 0.16319444444444445
0 0.630859375 0.6875 0.640625 0.6875 0.642578125 0.6909722222222222 0.65234375 0.6944444444444444 0.658203125 0.7013888888888888 0.658203125 0.7951388888888888 0.640625 0.7951388888888888 0.630859375 0.7743055555555556 0.630859375 0.7291666666666666 0.6328125 0.7256944444444444 0.6328125 0.6979166666666666 0.630859375 0.6909722222222222
0 0.55078125 0.11805555555555555 0.552734375 0.125 0.55078125 0.13194444444444445 0.544921875 0.13194444444444445 0.544921875 0.12152777777777778 0.548828125 0.11805555555555555