0 0.58984375 0.4076655052264808 0.6015625 0.4076655052264808 0.611328125 0.4146341463414634 0.611328125 0.43902439024390244 0.609375 0.4425087108013937 0.60546875 0.4425087108013937 0.607421875 0.4355400696864111 0.599609375 0.42857142857142855 0.59765625 0.4250871080139373 0.59765625 0.4181184668989547 0.59375 0.4146341463414634 0.591796875 0.4076655052264808
0 0.533203125 0.11498257839721254 0.53515625 0.11498257839721254 0.537109375 0.12195121951219512 0.55078125 0.1289198606271777 0.55078125 0.14634146341463414 0.548828125 0.14982578397212543 0.544921875 0.14982578397212543 0.533203125 0.13588850174216027 0.53125 0.1289198606271777 0.529296875 0.1289198606271777 0.529296875 0.12195121951219512 0.533203125 0.11846689895470383
0 0.595703125 0.49477351916376305 0.60546875 0.49477351916376305 0.60546875 0.5400696864111498 0.591796875 0.5400696864111498 0.591796875 0.5331010452961672 0.587890625 0.5296167247386759 0.587890625 0.5156794425087108 0.58984375 0.5156794425087108 0.591796875 0.5087108013937283 0.595703125 0.5052264808362369 0.595703125 0.49825783972125437
0 0.517578125 0.1254355400696864 0.51953125 0.1254355400696864 0.521484375 0.13240418118466898 0.52734375 0.13240418118466898 0.52734375 0.14285714285714285 0.513671875 0.14285714285714285 0.513671875 0.13240418118466898 0.517578125 0.1289198606271777
0 0.58984375 0.4181184668989547 0.591796875 0.4181184668989547 0.591796875 0.445993031358885 0.5859375 0.445993031358885 0.583984375 0.4425087108013937 0.580078125 0.44947735191637633 0.580078125 0.45993031358885017 0.576171875 0.4634146341463415 0.576171875 0.47038327526132406 0.580078125 0.4738675958188153 0.580078125 0.47735191637630664 0.568359375 0.47735191637630664 0.56640625 0.47038327526132406 0.56640625 0.445993031358885 0.5703125 0.42857142857142855 0.57421875 0.4250871080139373 0.576171875 0.42857142857142855 0.58203125 0.42857142857142855 0.58984375 0.42160278745644597
0 0.529296875 0.5714285714285714 0.537109375 0.5714285714285714 0.5390625 0.578397212543554 0.546875 0.578397212543554 0.548828125 0.5714285714285714 0.5546875 0.5714285714285714 0.556640625 0.578397212543554 0.560546875 0.578397212543554 0.5625 0.5818815331010453 0.5625 0.6097560975609756 0.5546875 0.6097560975609756 0.5546875 0.6062717770034843 0.55078125 0.6027874564459931 0.544921875 0.5888501742160279 0.529296875 0.5888501742160279 0.529296875 0.5749128919860628
0 0.509765625 0.627177700348432 0.51171875 0.627177700348432 0.513671875 0.6341463414634146 0.51953125 0.6341463414634146 0.517578125 0.6411149825783972 0.5078125 0.6411149825783972 0.505859375 0.6376306620209059 0.501953125 0.6376306620209059 0.501953125 0.6341463414634146 0.5078125 0.6341463414634146 0.509765625 0.6306620209059234
0 0.53125 0.445993031358885 0.54296875 0.445993031358885 0.54296875 0.44947735191637633 0.546875 0.4529616724738676 0.546875 0.45993031358885017 0.541015625 0.45993031358885017 0.5390625 0.4634146341463415 0.517578125 0.4634146341463415 0.51953125 0.4634146341463415 0.521484375 0.4564459930313589 0.53125 0.44947735191637633
0 0.6484375 0.9094076655052264 0.65234375 0.9094076655052264 0.65234375 0.9477351916376306 0.6484375 0.9512195121951219 0.642578125 0.9512195121951219 0.634765625 0.9442508710801394 0.634765625 0.9303135888501742 0.63671875 0.9233449477351916 0.640625 0.9233449477351916 0.6484375 0.9128919860627178
0 0.416015625 0.11149825783972125 0.427734375 0.11149825783972125 0.427734375 0.1289198606271777 0.423828125 0.13240418118466898 0.412109375 0.1289198606271777 0.41015625 0.1254355400696864 0.41015625 0.11846689895470383 0.4140625 0.11846689895470383 0.416015625 0.11498257839721254
0 0.3671875 0.4912891986062718 0.3671875 0.49477351916376305 0.373046875 0.5017421602787456 0.39453125 0.49825783972125437 0.39453125 0.5156794425087108 0.3828125 0.519163763066202 0.37109375 0.5087108013937283 0.365234375 0.5087108013937283 0.365234375 0.49825783972125437 0.3671875 0.49477351916376305
0 0.34765625 0.08710801393728224 0.359375 0.08710801393728224 0.365234375 0.09407665505226481 0.365234375 0.10104529616724739 0.353515625 0.10104529616724739 0.3515625 0.0975609756097561 0.34375 0.0975609756097561 0.34375 0.09407665505226481 0.34765625 0.09059233449477352
0 0.69140625 0.47735191637630664 0.69140625 0.5296167247386759 0.671875 0.519163763066202 0.669921875 0.5156794425087108 0.669921875 0.5052264808362369 0.67578125 0.49825783972125437 0.677734375 0.4878048780487805 0.689453125 0.47735191637630664
0 0.34765625 0.11498257839721254 0.34765625 0.1254355400696864 0.345703125 0.1289198606271777 0.33203125 0.1289198606271777 0.330078125 0.1254355400696864 0.326171875 0.1254355400696864 0.326171875 0.11846689895470383 0.33203125 0.11498257839721254 0.333984375 0.10801393728222997 0.34375 0.10801393728222997 0.345703125 0.11498257839721254
0 0.580078125 0.7317073170731707 0.587890625 0.7317073170731707 0.595703125 0.7421602787456446 0.603515625 0.7421602787456446 0.607421875 0.7386759581881533 0.611328125 0.7456445993031359 0.609375 0.7491289198606271 0.609375 0.7560975609756098 0.6171875 0.7630662020905923 0.6171875 0.7700348432055749 0.619140625 0.7735191637630662 0.6484375 0.7735191637630662 0.650390625 0.7770034843205574 0.658203125 0.7770034843205574 0.66015625 0.7804878048780488 0.6796875 0.7804878048780488 0.681640625 0.7839721254355401 0.69140625 0.7874564459930313 0.69140625 0.9024390243902439 0.689453125 0.9059233449477352 0.685546875 0.9059233449477352 0.68359375 0.9024390243902439 0.6796875 0.9024390243902439 0.67578125 0.89198606271777 0.671875 0.8745644599303136 0.671875 0.8536585365853658 0.666015625 0.8432055749128919 0.662109375 0.8432055749128919 0.646484375 0.8292682926829268 0.634765625 0.8118466898954704 0.625 0.8048780487804879 0.62109375 0.7979094076655052 0.61328125 0.7909407665505227 0.595703125 0.7909407665505227 0.59375 0.7874564459930313 0.587890625 0.7909407665505227 0.583984375 0.7979094076655052 0.576171875 0.7979094076655052 0.576171875 0.7909407665505227 0.578125 0.7874564459930313 0.578125 0.7700348432055749 0.580078125 0.7665505226480837 0.580078125 0.735191637630662
0 0.576171875 0.07317073170731707 0.58203125 0.07317073170731707 0.58203125 0.07665505226480836 0.587890625 0.08710801393728224 0.58984375 0.08710801393728224 0.595703125 0.0975609756097561 0.599609375 0.0975609756097561 0.6015625 0.10452961672473868 0.607421875 0.11149825783972125 0.630859375 0.11149825783972125 0.6328125 0.11846689895470383 0.63671875 0.11846689895470383 0.638671875 0.11149825783972125 0.64453125 0.10452961672473868 0.64453125 0.12195121951219512 0.642578125 0.1289198606271777 0.640625 0.1289198606271777 0.638671875 0.13588850174216027 0.634765625 0.13937282229965156 0.623046875 0.14285714285714285 0.62109375 0.14634146341463414 0.58203125 0.14634146341463414 0.578125 0.13588850174216027 0.576171875 0.10801393728222997 0.572265625 0.09407665505226481 0.572265625 0.08013937282229965 0.576171875 0.07665505226480836
0 0.451171875 0.09407665505226481 0.455078125 0.09407665505226481 0.45703125 0.09059233449477352 0.466796875 0.09059233449477352 0.466796875 0.10104529616724739 0.46484375 0.10452961672473868 0.455078125 0.10452961672473868 0.453125 0.10104529616724739 0.44921875 0.10104529616724739 0.451171875 0.0975609756097561
0 0.55078125 0.32752613240418116 0.552734375 0.32752613240418116 0.552734375 0.33797909407665505 0.5546875 0.34146341463414637 0.55859375 0.34494773519163763 0.568359375 0.34494773519163763 0.5703125 0.34843205574912894 0.5703125 0.37630662020905925 0.552734375 0.3797909407665505 0.548828125 0.3832752613240418 0.541015625 0.37282229965156793 0.53515625 0.37282229965156793 0.533203125 0.36585365853658536 0.525390625 0.3623693379790941 0.529296875 0.3588850174216028 0.529296875 0.33797909407665505 0.533203125 0.34494773519163763 0.537109375 0.34494773519163763 0.5390625 0.34843205574912894 0.546875 0.34146341463414637 0.55078125 0.3310104529616725
0 0.322265625 0.45993031358885017 0.333984375 0.45993031358885017 0.3359375 0.4634146341463415 0.3359375 0.4843205574912892 0.333984375 0.4878048780487805 0.33203125 0.4843205574912892 0.322265625 0.4843205574912892 0.322265625 0.4634146341463415
0 0.4140625 0.18118466898954705 0.41796875 0.17770034843205576 0.427734375 0.17770034843205576 0.427734375 0.18815331010452963 0.42578125 0.1916376306620209 0.416015625 0.1916376306620209 0.4140625 0.18815331010452963 0.41015625 0.18815331010452963 0.4140625 0.18466898954703834
0 0.630859375 0.3693379790940767 0.6484375 0.3693379790940767 0.650390625 0.37630662020905925 0.65625 0.37630662020905925 0.66015625 0.3797909407665505 0.66015625 0.39372822299651566 0.654296875 0.40069686411149824 0.642578125 0.40069686411149824 0.640625 0.40418118466898956 0.62890625 0.40418118466898956 0.626953125 0.4076655052264808 0.62109375 0.4076655052264808 0.619140625 0.40418118466898956 0.615234375 0.4076655052264808 0.607421875 0.4076655052264808 0.609375 0.40418118466898956 0.611328125 0.3867595818815331 0.630859375 0.37282229965156793
0 0.34765625 0.03832752613240418 0.353515625 0.03832752613240418 0.35546875 0.04529616724738676 0.35546875 0.05574912891986063 0.337890625 0.05574912891986063 0.341796875 0.04529616724738676 0.345703125 0.04529616724738676 0.34765625 0.041811846689895474