0 0.603515625 0.8048780487804879 0.60546875 0.8083623693379791 0.619140625 0.8083623693379791 0.62109375 0.8118466898954704 0.625 0.8118466898954704 0.626953125 0.8153310104529616 0.626953125 0.8292682926829268 0.623046875 0.8292682926829268 0.62109375 0.8327526132404182 0.599609375 0.8327526132404182 0.59765625 0.8292682926829268 0.583984375 0.8292682926829268 0.58203125 0.8257839721254355 0.57421875 0.8257839721254355 0.5703125 0.8222996515679443 0.5703125 0.8153310104529616 0.576171875 0.8083623693379791 0.6015625 0.8048780487804879
0 0.49609375 0.5121951219512195 0.51953125 0.5121951219512195 0.521484375 0.519163763066202 0.525390625 0.519163763066202 0.533203125 0.5296167247386759 0.537109375 0.5296167247386759 0.537109375 0.5505226480836237 0.533203125 0.554006968641115 0.5234375 0.554006968641115 0.517578125 0.5435540069686411 0.5078125 0.5365853658536586 0.501953125 0.5365853658536586 0.5 0.5296167247386759 0.4921875 0.5261324041811847 0.4921875 0.519163763066202 0.49609375 0.5156794425087108
0 0.72265625 0.7386759581881533 0.732421875 0.7456445993031359 0.740234375 0.7456445993031359 0.740234375 0.7700348432055749 0.736328125 0.7735191637630662 0.7265625 0.7735191637630662 0.724609375 0.7770034843205574 0.71484375 0.7735191637630662 0.708984375 0.7665505226480837 0.708984375 0.7491289198606271 0.70703125 0.7456445993031359 0.70703125 0.735191637630662 0.708984375 0.7282229965156795 0.716796875 0.7282229965156795 0.720703125 0.7386759581881533
0 0 0.42857142857142855 0.005859375 0.42857142857142855 0.0078125 0.4250871080139373 0.02734375 0.4250871080139373 0.029296875 0.42160278745644597 0.037109375 0.42160278745644597 0.0390625 0.4181184668989547 0.0546875 0.4181184668989547 0.0625 0.41114982578397213 0.06640625 0.41114982578397213 0.07421875 0.40069686411149824 0.08203125 0.397212543554007 0.08203125 0.40418118466898956 0.068359375 0.42160278745644597 0.068359375 0.43205574912891986 0.07421875 0.43902439024390244 0.091796875 0.43902439024390244 0.091796875 0.445993031358885 0.068359375 0.445993031358885 0.06640625 0.44947735191637633 0.0546875 0.4529616724738676 0.052734375 0.4564459930313589 0.052734375 0.47038327526132406 0.0390625 0.4738675958188153 0.033203125 0.4808362369337979 0.02734375 0.4808362369337979 0.015625 0.49477351916376305 0 0.49477351916376305 0 0.43205574912891986
0 0.181640625 0.017421602787456445 0.212890625 0.013937282229965157 0.21484375 0.017421602787456445 0.22265625 0.017421602787456445 0.228515625 0.024390243902439025 0.234375 0.024390243902439025 0.23828125 0.03484320557491289 0.23828125 0.05226480836236934 0.21484375 0.05574912891986063 0.212890625 0.05226480836236934 0.201171875 0.04878048780487805 0.197265625 0.041811846689895474 0.19140625 0.041811846689895474 0.1875 0.03832752613240418 0.185546875 0.0313588850174216 0.181640625 0.027874564459930314 0.181640625 0.020905923344947737
0 0.642578125 0.5156794425087108 0.64453125 0.5156794425087108 0.646484375 0.5226480836236934 0.65625 0.5226480836236934 0.662109375 0.5296167247386759 0.666015625 0.5296167247386759 0.66796875 0.5365853658536586 0.671875 0.5400696864111498 0.671875 0.5470383275261324 0.673828125 0.5505226480836237 0.673828125 0.5958188153310104 0.66796875 0.5993031358885017 0.669921875 0.5958188153310104 0.666015625 0.5888501742160279 0.658203125 0.5853658536585366 0.658203125 0.578397212543554 0.65625 0.5749128919860628 0.642578125 0.5609756097560976 0.640625 0.554006968641115 0.640625 0.5365853658536586 0.63671875 0.5331010452961672 0.63671875 0.5261324041811847 0.642578125 0.519163763066202
0 0.845703125 0.735191637630662 0.84765625 0.735191637630662 0.849609375 0.7282229965156795 0.861328125 0.7282229965156795 0.861328125 0.759581881533101 0.849609375 0.7630662020905923 0.84375 0.7560975609756098 0.83984375 0.7560975609756098 0.83984375 0.7456445993031359 0.84375 0.7456445993031359 0.845703125 0.7386759581881533
0 0.734375 0.156794425087108 0.76171875 0.156794425087108 0.763671875 0.16376306620209058 0.76953125 0.16376306620209058 0.76953125 0.18815331010452963 0.759765625 0.18815331010452963 0.7578125 0.1916376306620209 0.75390625 0.1916376306620209 0.751953125 0.18815331010452963 0.73046875 0.18815331010452963 0.724609375 0.18118466898954705 0.724609375 0.17073170731707318 0.7265625 0.17073170731707318 0.728515625 0.16376306620209058 0.732421875 0.16376306620209058 0.734375 0.1602787456445993
0 0.37890625 0.24041811846689895 0.392578125 0.24041811846689895 0.39453125 0.24738675958188153 0.400390625 0.2508710801393728 0.400390625 0.27177700348432055 0.3828125 0.27177700348432055 0.3828125 0.2682926829268293 0.37890625 0.26480836236933797 0.37890625 0.25435540069686413 0.375 0.2508710801393728 0.376953125 0.2508710801393728 0.37890625 0.24390243902439024
0 0.599609375 0.7142857142857143 0.6015625 0.7177700348432056 0.6015625 0.7491289198606271 0.59375 0.759581881533101 0.583984375 0.759581881533101 0.58203125 0.7630662020905923 0.5703125 0.7630662020905923 0.568359375 0.759581881533101 0.5625 0.759581881533101 0.560546875 0.7526132404181185 0.560546875 0.7317073170731707 0.5625 0.7282229965156795 0.576171875 0.7247386759581882 0.578125 0.7177700348432056 0.587890625 0.7142857142857143 0.58984375 0.7073170731707317 0.595703125 0.7073170731707317 0.59765625 0.7142857142857143
0 0.740234375 0.40069686411149824 0.74609375 0.39372822299651566 0.755859375 0.39372822299651566 0.7578125 0.3902439024390244 0.779296875 0.3902439024390244 0.779296875 0.397212543554007 0.7734375 0.40418118466898956 0.771484375 0.4181184668989547 0.767578125 0.42160278745644597 0.759765625 0.42160278745644597 0.7578125 0.4250871080139373 0.75390625 0.4250871080139373 0.751953125 0.42160278745644597 0.740234375 0.42160278745644597 0.73828125 0.4181184668989547 0.740234375 0.4146341463414634 0.740234375 0.40418118466898956