0 0.496354166015625 0.17222222222222222 0.496354166015625 0.16666666666666666 0.495833333984375 0.1638888888888889 0.491666666015625 0.16203703819444443 0.491145833984375 0.1611111111111111 0.483333333984375 0.16759259375 0.483333333984375 0.17314814930555555 0.49375 0.17685185069444442 0.496354166015625 0.17222222222222222
0 0.485416666015625 0.5259259270833333 0.492708333984375 0.5240740729166666 0.49375 0.5185185173611111 0.4859375 0.5064814826388889 0.483854166015625 0.5064814826388889 0.480729166015625 0.5120370381944445 0.480208333984375 0.5194444444444444 0.481770833984375 0.5231481493055555 0.485416666015625 0.5259259270833333
0 0.473958333984375 0.1638888888888889 0.480729166015625 0.1601851840277778 0.48125 0.15555555555555556 0.479166666015625 0.15185185069444446 0.472395833984375 0.14814814930555553 0.469791666015625 0.14814814930555553 0.466666666015625 0.15092592708333333 0.465625 0.15833333333333333 0.4671875 0.16203703819444443 0.473958333984375 0.1638888888888889
0 0.505208333984375 0.13333333333333333 0.505208333984375 0.11944444444444444 0.5015625 0.11574073958333335 0.496875 0.11574073958333335 0.491666666015625 0.11944444444444444 0.49375 0.12962962847222223 0.497395833984375 0.13333333333333333 0.505208333984375 0.13333333333333333
0 0.378645833984375 0.11296296180555555 0.379166666015625 0.10555555555555556 0.3734375 0.09722222222222222 0.372916666015625 0.09629629513888888 0.363541666015625 0.09907407291666666 0.3609375 0.1037037048611111 0.36875 0.11296296180555555 0.378645833984375 0.11296296180555555
0 0.4875 0.4138888888888889 0.4890625 0.4 0.48125 0.38981481597222223 0.480729166015625 0.38981481597222223 0.477604166015625 0.39722222222222225 0.477083333984375 0.41111111111111115 0.484375 0.41759259375 0.4875 0.4138888888888889
0 0.488541666015625 0.46018518402777775 0.486458333984375 0.4703703715277778 0.516145833984375 0.4703703715277778 0.516145833984375 0.4564814826388889 0.5046875 0.4398148159722222 0.502083333984375 0.4398148159722222 0.499479166015625 0.4398148159722222 0.492708333984375 0.4527777777777778 0.4875 0.4564814826388889 0.488541666015625 0.46018518402777775
0 0.527604166015625 0.14351851736111113 0.525520833984375 0.14259259375 0.521875 0.14259259375 0.515104166015625 0.15000000000000002 0.5140625 0.15462962847222222 0.51875 0.15925926041666666 0.525 0.15925926041666666 0.529166666015625 0.15092592708333333 0.527604166015625 0.14351851736111113
0 0.554166666015625 0.14814814930555553 0.5390625 0.1462962951388889 0.532291666015625 0.14259259375 0.529166666015625 0.15092592708333333 0.530729166015625 0.15462962847222222 0.548958333984375 0.1703703715277778 0.560416666015625 0.16944444444444443 0.563020833984375 0.16574073958333335 0.560416666015625 0.15462962847222222 0.554166666015625 0.14814814930555553
0 0.415104166015625 0.7240740729166667 0.425520833984375 0.7259259270833334 0.442708333984375 0.7194444444444444 0.446875 0.7148148159722223 0.447395833984375 0.7083333333333334 0.445833333984375 0.7037037048611111 0.438541666015625 0.7037037048611111 0.428645833984375 0.6953703715277778 0.428125 0.6953703715277778 0.418229166015625 0.6990740729166667 0.413020833984375 0.7092592604166668 0.411458333984375 0.7194444444444444 0.415104166015625 0.7240740729166667
0 0.596354166015625 0.11296296180555555 0.5953125 0.11759259375 0.59375 0.11481481597222223 0.590104166015625 0.11574073958333335 0.59375 0.11666666666666667 0.597916666015625 0.12592592708333333 0.5984375 0.13703703819444446 0.60625 0.1314814826388889 0.609895833984375 0.13611111111111113 0.6109375 0.14537037152777776 0.613020833984375 0.1462962951388889 0.6171875 0.13055555555555556 0.6328125 0.125 0.646354166015625 0.11296296180555555 0.647916666015625 0.10925926041666667 0.646875 0.10092592708333332 0.64375 0.10092592708333332 0.634895833984375 0.11481481597222223 0.6140625 0.1111111111111111 0.60625 0.11388888888888887 0.596354166015625 0.11296296180555555
0 0.343229166015625 0.45092592708333334 0.354166666015625 0.46111111111111114 0.355208333984375 0.4666666666666667 0.353645833984375 0.48055555555555557 0.357291666015625 0.47870370486111113 0.361979166015625 0.4703703715277778 0.3671875 0.46759259374999995 0.379166666015625 0.4703703715277778 0.386458333984375 0.48240740625 0.4015625 0.48055555555555557 0.4046875 0.47685185069444447 0.403645833984375 0.4731481493055556 0.406770833984375 0.4703703715277778 0.402604166015625 0.4666666666666667 0.403125 0.4592592604166667 0.405729166015625 0.45370370486111106 0.398958333984375 0.44259259375 0.388020833984375 0.43796296180555555 0.384895833984375 0.43796296180555555 0.375 0.4407407395833334 0.3625 0.45185185069444445 0.344270833984375 0.44351851736111114 0.343229166015625 0.45092592708333334