0 0.255859375 0.9442508710801394 0.27734375 0.9442508710801394 0.279296875 0.9512195121951219 0.28515625 0.9512195121951219 0.2890625 0.9616724738675958 0.29296875 0.9616724738675958 0.296875 0.9686411149825784 0.296875 0.9965156794425087 0.1953125 0.9965156794425087 0.1953125 0.9860627177700348 0.193359375 0.9825783972125436 0.193359375 0.9790940766550522 0.20703125 0.9790940766550522 0.20703125 0.9825783972125436 0.2109375 0.9860627177700348 0.212890625 0.9790940766550522 0.21875 0.975609756097561 0.220703125 0.9686411149825784 0.228515625 0.9616724738675958 0.232421875 0.9616724738675958 0.234375 0.9547038327526133 0.240234375 0.9547038327526133 0.2421875 0.9512195121951219 0.25390625 0.9512195121951219 0.255859375 0.9477351916376306
0 0.67578125 0.6411149825783972 0.685546875 0.6411149825783972 0.685546875 0.6794425087108014 0.65625 0.6794425087108014 0.65625 0.6655052264808362 0.6640625 0.662020905923345 0.666015625 0.6585365853658537 0.666015625 0.6515679442508711 0.669921875 0.6515679442508711 0.67578125 0.6445993031358885
0 0.869140625 0.2961672473867596 0.869140625 0.3344947735191638 0.859375 0.3344947735191638 0.857421875 0.33797909407665505 0.853515625 0.3344947735191638 0.845703125 0.3344947735191638 0.83984375 0.32752613240418116 0.83984375 0.30662020905923343 0.85546875 0.289198606271777 0.865234375 0.289198606271777 0.8671875 0.2961672473867596
0 0.091796875 0.8257839721254355 0.099609375 0.8257839721254355 0.1015625 0.8327526132404182 0.1171875 0.8362369337979094 0.12890625 0.8536585365853658 0.12890625 0.8780487804878049 0.119140625 0.8780487804878049 0.111328125 0.8710801393728222 0.107421875 0.8571428571428571 0.091796875 0.8466898954703833 0.091796875 0.8292682926829268
0 0.666015625 0.8780487804878049 0.671875 0.8780487804878049 0.671875 0.9128919860627178 0.66796875 0.9128919860627178 0.6640625 0.9233449477351916 0.65625 0.926829268292683 0.65234375 0.9372822299651568 0.634765625 0.9372822299651568 0.63671875 0.9303135888501742 0.64453125 0.926829268292683 0.646484375 0.9198606271777003 0.65234375 0.9128919860627178 0.654296875 0.9059233449477352 0.654296875 0.8954703832752613 0.666015625 0.8815331010452961
0 0.412109375 0.8571428571428571 0.416015625 0.8571428571428571 0.41796875 0.8536585365853658 0.431640625 0.8536585365853658 0.431640625 0.8815331010452961 0.427734375 0.8815331010452961 0.42578125 0.8850174216027874 0.400390625 0.8850174216027874 0.3984375 0.8780487804878049 0.40234375 0.8745644599303136 0.40625 0.8641114982578397 0.41015625 0.8641114982578397 0.412109375 0.8606271777003485
0 0.42578125 0.47735191637630664 0.43359375 0.47735191637630664 0.43359375 0.5470383275261324 0.431640625 0.5505226480836237 0.431640625 0.5609756097560976 0.4296875 0.5679442508710801 0.423828125 0.5749128919860628 0.423828125 0.5888501742160279 0.419921875 0.5923344947735192 0.419921875 0.6027874564459931 0.41796875 0.6097560975609756 0.412109375 0.6167247386759582 0.412109375 0.6341463414634146 0.40625 0.6376306620209059 0.404296875 0.6341463414634146 0.388671875 0.6341463414634146 0.384765625 0.6306620209059234 0.384765625 0.6202090592334495 0.392578125 0.6132404181184669 0.396484375 0.6027874564459931 0.396484375 0.5574912891986062 0.400390625 0.554006968641115 0.40234375 0.5296167247386759 0.40625 0.5261324041811847 0.40625 0.5156794425087108 0.41015625 0.5017421602787456 0.412109375 0.5017421602787456 0.416015625 0.4912891986062718 0.42578125 0.4808362369337979
0 0 0.013937282229965157 0.02734375 0.013937282229965157 0.029296875 0.017421602787456445 0.029296875 0.05226480836236934 0.01953125 0.059233449477351915 0 0.059233449477351915 0 0.017421602787456445
0 0.08203125 0.6062717770034843 0.08984375 0.6062717770034843 0.09375 0.6167247386759582 0.107421875 0.6236933797909407 0.11328125 0.6306620209059234 0.11328125 0.6341463414634146 0.119140625 0.6411149825783972 0.12109375 0.6515679442508711 0.126953125 0.6585365853658537 0.126953125 0.6794425087108014 0.111328125 0.6794425087108014 0.109375 0.6585365853658537 0.099609375 0.6480836236933798 0.09765625 0.6411149825783972 0.09765625 0.627177700348432 0.09375 0.6236933797909407 0.08984375 0.6132404181184669 0.08203125 0.6097560975609756
0 0.912109375 0.9581881533101045 0.923828125 0.9581881533101045 0.92578125 0.9651567944250871 0.92578125 0.9965156794425087 0.876953125 0.9965156794425087 0.892578125 0.9895470383275261 0.89453125 0.9825783972125436 0.8984375 0.9825783972125436 0.912109375 0.9616724738675958
0 0.291015625 0.735191637630662 0.30859375 0.735191637630662 0.310546875 0.7421602787456446 0.310546875 0.7665505226480837 0.298828125 0.7839721254355401 0.298828125 0.7909407665505227 0.296875 0.794425087108014 0.28125 0.7979094076655052 0.2734375 0.8083623693379791 0.2578125 0.8083623693379791 0.255859375 0.8118466898954704 0.2421875 0.794425087108014 0.244140625 0.794425087108014 0.24609375 0.7874564459930313 0.259765625 0.7839721254355401 0.263671875 0.7735191637630662 0.271484375 0.7630662020905923 0.271484375 0.759581881533101 0.27734375 0.7560975609756098 0.283203125 0.7456445993031359 0.287109375 0.7456445993031359 0.291015625 0.7386759581881533
0 0.208984375 0.4843205574912892 0.21484375 0.4843205574912892 0.21484375 0.4878048780487805 0.21875 0.4912891986062718 0.21875 0.5296167247386759 0.201171875 0.5296167247386759 0.201171875 0.5226480836236934 0.197265625 0.519163763066202 0.201171875 0.5156794425087108 0.201171875 0.49825783972125437 0.203125 0.49825783972125437 0.205078125 0.4912891986062718 0.208984375 0.4878048780487805
0 0.08984375 0.23344947735191637 0.09765625 0.23344947735191637 0.099609375 0.24041811846689895 0.099609375 0.2682926829268293 0.09765625 0.27177700348432055 0.09765625 0.28222996515679444 0.095703125 0.289198606271777 0.07421875 0.30313588850174217 0.068359375 0.313588850174216 0.06640625 0.313588850174216 0.064453125 0.3205574912891986 0.0546875 0.3205574912891986 0.05078125 0.313588850174216 0.046875 0.313588850174216 0.0390625 0.30662020905923343 0.044921875 0.30313588850174217 0.046875 0.2961672473867596 0.05078125 0.2926829268292683 0.052734375 0.27526132404181186 0.056640625 0.26480836236933797 0.05859375 0.26480836236933797 0.06640625 0.2508710801393728 0.07421875 0.24390243902439024 0.087890625 0.24041811846689895 0.08984375 0.23693379790940766
0 0.767578125 0.6341463414634146 0.783203125 0.6341463414634146 0.783203125 0.6585365853658537 0.77734375 0.6655052264808362 0.771484375 0.6794425087108014 0.767578125 0.6794425087108014 0.759765625 0.686411149825784 0.73828125 0.686411149825784 0.736328125 0.6898954703832753 0.734375 0.686411149825784 0.7265625 0.686411149825784 0.7265625 0.6794425087108014 0.728515625 0.6794425087108014 0.732421875 0.6689895470383276 0.7421875 0.662020905923345 0.748046875 0.6480836236933798 0.751953125 0.6480836236933798 0.759765625 0.6411149825783972 0.765625 0.6411149825783972 0.767578125 0.6376306620209059
0 0.373046875 0.39372822299651566 0.388671875 0.39372822299651566 0.390625 0.40069686411149824 0.390625 0.4146341463414634 0.38671875 0.4250871080139373 0.376953125 0.43902439024390244 0.376953125 0.4425087108013937 0.373046875 0.4425087108013937 0.361328125 0.45993031358885017 0.345703125 0.46689895470383275 0.34375 0.4738675958188153 0.337890625 0.4808362369337979 0.33203125 0.4808362369337979 0.330078125 0.46689895470383275 0.326171875 0.4634146341463415 0.330078125 0.45993031358885017 0.333984375 0.44947735191637633 0.333984375 0.43902439024390244 0.3359375 0.43902439024390244 0.341796875 0.4250871080139373 0.35546875 0.4076655052264808 0.365234375 0.40069686411149824 0.37109375 0.40069686411149824 0.373046875 0.397212543554007
0 0.12109375 0.6898954703832753 0.125 0.6898954703832753 0.126953125 0.6968641114982579 0.134765625 0.7038327526132404 0.138671875 0.7038327526132404 0.1484375 0.7177700348432056 0.1953125 0.7142857142857143 0.2109375 0.7038327526132404 0.224609375 0.7003484320557491 0.228515625 0.6968641114982579 0.23046875 0.6898954703832753 0.25 0.6898954703832753 0.251953125 0.6968641114982579 0.265625 0.6968641114982579 0.279296875 0.7073170731707317 0.279296875 0.7386759581881533 0.2734375 0.7491289198606271 0.265625 0.7560975609756098 0.263671875 0.7630662020905923 0.259765625 0.7630662020905923 0.251953125 0.7770034843205574 0.244140625 0.7839721254355401 0.23828125 0.7839721254355401 0.232421875 0.7909407665505227 0.228515625 0.7909407665505227 0.2265625 0.7874564459930313 0.21484375 0.7874564459930313 0.212890625 0.7909407665505227 0.173828125 0.7909407665505227 0.173828125 0.7874564459930313 0.16796875 0.7770034843205574 0.123046875 0.7874564459930313 0.126953125 0.7804878048780488 0.1328125 0.7770034843205574 0.134765625 0.7700348432055749 0.140625 0.7630662020905923 0.140625 0.735191637630662 0.13671875 0.7317073170731707 0.134765625 0.7142857142857143 0.12890625 0.7038327526132404 0.123046875 0.7003484320557491 0.12109375 0.6933797909407665
0 0.14453125 0.24390243902439024 0.1484375 0.24390243902439024 0.150390625 0.2508710801393728 0.154296875 0.2508710801393728 0.154296875 0.289198606271777 0.150390625 0.30313588850174217 0.130859375 0.34146341463414637 0.12890625 0.3519163763066202 0.123046875 0.3588850174216028 0.123046875 0.36585365853658536 0.1171875 0.3797909407665505 0.1171875 0.3867595818815331 0.11328125 0.3902439024390244 0.111328125 0.397212543554007 0.103515625 0.40069686411149824 0.09765625 0.39372822299651566 0.091796875 0.40418118466898956 0.0859375 0.445993031358885 0.083984375 0.445993031358885 0.080078125 0.4564459930313589 0.078125 0.4564459930313589 0.080078125 0.4529616724738676 0.080078125 0.43205574912891986 0.07421875 0.41114982578397213 0.072265625 0.4076655052264808 0.06640625 0.4076655052264808 0.05859375 0.397212543554007 0.052734375 0.397212543554007 0.0546875 0.3902439024390244 0.060546875 0.3902439024390244 0.07421875 0.37630662020905925 0.07421875 0.34843205574912894 0.076171875 0.34494773519163763 0.076171875 0.33797909407665505 0.083984375 0.313588850174216 0.0859375 0.313588850174216 0.091796875 0.30313588850174217 0.099609375 0.2787456445993031 0.109375 0.27177700348432055 0.11328125 0.26480836236933797 0.1171875 0.26480836236933797 0.125 0.25435540069686413 0.142578125 0.2508710801393728 0.14453125 0.24738675958188153
0 0.3984375 0.2229965156794425 0.404296875 0.2229965156794425 0.40625 0.22996515679442509 0.4140625 0.23344947735191637 0.419921875 0.24390243902439024 0.427734375 0.24738675958188153 0.43359375 0.2578397212543554 0.435546875 0.2578397212543554 0.4375 0.26480836236933797 0.4375 0.2961672473867596 0.43359375 0.2961672473867596 0.423828125 0.2857142857142857 0.419921875 0.2857142857142857 0.41796875 0.2787456445993031 0.412109375 0.27177700348432055 0.412109375 0.2682926829268293 0.40625 0.2613240418118467 0.40625 0.2578397212543554 0.400390625 0.24738675958188153 0.396484375 0.24390243902439024 0.3984375 0.2264808362369338
0 0.3359375 0.6898954703832753 0.34765625 0.6898954703832753 0.3515625 0.7003484320557491 0.35546875 0.7003484320557491 0.359375 0.710801393728223 0.359375 0.7282229965156795 0.3125 0.7282229965156795 0.302734375 0.7212543554006968 0.302734375 0.710801393728223 0.310546875 0.710801393728223 0.3125 0.7038327526132404 0.3203125 0.7038327526132404 0.3359375 0.6933797909407665
0 0.330078125 0.3310104529616725 0.33984375 0.3310104529616725 0.33984375 0.33797909407665505 0.341796875 0.34146341463414637 0.341796875 0.3588850174216028 0.34375 0.3623693379790941 0.34375 0.3797909407665505 0.341796875 0.3832752613240418 0.337890625 0.3832752613240418 0.333984375 0.3902439024390244 0.31640625 0.3902439024390244 0.314453125 0.39372822299651566 0.3125 0.3902439024390244 0.3046875 0.3902439024390244 0.302734375 0.39372822299651566 0.30078125 0.3902439024390244 0.302734375 0.3867595818815331 0.30078125 0.3832752613240418 0.30078125 0.37282229965156793 0.294921875 0.36585365853658536 0.298828125 0.36585365853658536 0.30078125 0.3693379790940767 0.314453125 0.36585365853658536 0.322265625 0.3554006968641115 0.32421875 0.34494773519163763 0.326171875 0.34494773519163763 0.330078125 0.3344947735191638
0 0.615234375 0.9407665505226481 0.625 0.9407665505226481 0.626953125 0.9477351916376306 0.6484375 0.9512195121951219 0.650390625 0.9547038327526133 0.654296875 0.9547038327526133 0.65625 0.9616724738675958 0.65625 0.9790940766550522 0.638671875 0.9790940766550522 0.62890625 0.9721254355400697 0.625 0.9616724738675958 0.6171875 0.9581881533101045 0.615234375 0.9442508710801394
0 0.5390625 0.9651567944250871 0.5625 0.9651567944250871 0.5625 0.9965156794425087 0.5234375 0.9965156794425087 0.52734375 0.9930313588850174 0.52734375 0.9825783972125436 0.529296875 0.9790940766550522 0.533203125 0.9790940766550522 0.53515625 0.9721254355400697 0.5390625 0.9686411149825784
0 0.845703125 0.7456445993031359 0.87890625 0.7456445993031359 0.8828125 0.7560975609756098 0.8828125 0.7770034843205574 0.876953125 0.7770034843205574 0.87109375 0.7839721254355401 0.830078125 0.7839721254355401 0.830078125 0.7735191637630662 0.833984375 0.7700348432055749 0.8359375 0.759581881533101 0.837890625 0.7560975609756098 0.841796875 0.7560975609756098 0.845703125 0.7491289198606271
0 0.29296875 0.8641114982578397 0.3046875 0.8641114982578397 0.3046875 0.867595818815331 0.306640625 0.8710801393728222 0.310546875 0.8710801393728222 0.3125 0.8780487804878049 0.3125 0.8989547038327527 0.310546875 0.9024390243902439 0.29296875 0.9024390243902439 0.291015625 0.8989547038327527 0.275390625 0.89198606271777 0.275390625 0.8780487804878049 0.279296875 0.8780487804878049 0.283203125 0.8710801393728222 0.291015625 0.8710801393728222 0.29296875 0.867595818815331
0 0.9765625 0.8432055749128919 0.978515625 0.8466898954703833 0.978515625 0.867595818815331 0.9765625 0.8745644599303136 0.96875 0.8885017421602788 0.96875 0.89198606271777 0.9609375 0.9024390243902439 0.953125 0.9233449477351916 0.94921875 0.9233449477351916 0.9375 0.9372822299651568 0.93359375 0.9372822299651568 0.927734375 0.9477351916376306 0.91796875 0.9581881533101045 0.912109375 0.9581881533101045 0.912109375 0.9512195121951219 0.91015625 0.9477351916376306 0.904296875 0.9477351916376306 0.896484375 0.9686411149825784 0.89453125 0.9686411149825784 0.892578125 0.975609756097561 0.88671875 0.9825783972125436 0.88671875 0.9860627177700348 0.8828125 0.9860627177700348 0.8828125 0.9721254355400697 0.884765625 0.9651567944250871 0.880859375 0.9581881533101045 0.876953125 0.9547038327526133 0.869140625 0.9547038327526133 0.8671875 0.9581881533101045 0.86328125 0.9547038327526133 0.865234375 0.9512195121951219 0.890625 0.9337979094076655 0.89453125 0.9233449477351916 0.89453125 0.9059233449477352 0.904296875 0.8885017421602788 0.912109375 0.8815331010452961 0.919921875 0.867595818815331 0.923828125 0.867595818815331 0.931640625 0.8536585365853658 0.943359375 0.8501742160278746 0.9453125 0.8466898954703833 0.955078125 0.8466898954703833 0.95703125 0.8432055749128919 0.974609375 0.8432055749128919
0 0.134765625 0.1951219512195122 0.142578125 0.1951219512195122 0.14453125 0.20209059233449478 0.14453125 0.23344947735191637 0.142578125 0.23344947735191637 0.134765625 0.2508710801393728 0.123046875 0.25435540069686413 0.12109375 0.2613240418118467 0.1015625 0.2787456445993031 0.09765625 0.2787456445993031 0.095703125 0.28222996515679444 0.083984375 0.28222996515679444 0.083984375 0.27526132404181186 0.0859375 0.27526132404181186 0.08984375 0.26480836236933797 0.08984375 0.2508710801393728 0.091796875 0.24738675958188153 0.091796875 0.24041811846689895 0.095703125 0.23693379790940766 0.09765625 0.2229965156794425 0.1015625 0.2229965156794425 0.111328125 0.20905923344947736 0.1171875 0.20905923344947736 0.123046875 0.20209059233449478 0.1328125 0.20209059233449478 0.134765625 0.1986062717770035
0 0.40625 0.30313588850174217 0.41015625 0.29965156794425085 0.419921875 0.29965156794425085 0.4296875 0.31010452961672474 0.431640625 0.3170731707317073 0.431640625 0.33797909407665505 0.419921875 0.33797909407665505 0.41796875 0.34146341463414637 0.4140625 0.33797909407665505 0.39453125 0.33797909407665505 0.39453125 0.3205574912891986 0.40234375 0.3170731707317073 0.40625 0.30662020905923343
0 0.646484375 0.5331010452961672 0.654296875 0.5331010452961672 0.654296875 0.5644599303135889 0.65234375 0.5679442508710801 0.650390625 0.5888501742160279 0.6484375 0.5888501742160279 0.640625 0.6027874564459931 0.640625 0.6062717770034843 0.638671875 0.6062717770034843 0.6328125 0.6167247386759582 0.62890625 0.6167247386759582 0.625 0.627177700348432 0.619140625 0.6341463414634146 0.609375 0.6236933797909407 0.59765625 0.6236933797909407 0.59765625 0.6202090592334495 0.6015625 0.6167247386759582 0.61328125 0.6132404181184669 0.6171875 0.6062717770034843 0.6171875 0.5853658536585366 0.619140625 0.5818815331010453 0.62109375 0.5644599303135889 0.623046875 0.5644599303135889 0.62890625 0.554006968641115 0.62890625 0.5505226480836237 0.6328125 0.5505226480836237 0.638671875 0.5400696864111498 0.64453125 0.5400696864111498 0.646484375 0.5365853658536586
0 0.427734375 0.7526132404181185 0.4296875 0.7560975609756098 0.4296875 0.7735191637630662 0.42578125 0.7804878048780488 0.421875 0.7804878048780488 0.4140625 0.7909407665505227 0.3828125 0.7909407665505227 0.380859375 0.7874564459930313 0.380859375 0.7770034843205574 0.3828125 0.7700348432055749 0.384765625 0.7700348432055749 0.390625 0.759581881533101 0.40234375 0.7560975609756098 0.404296875 0.7526132404181185 0.42578125 0.7526132404181185
0 0.125 0.006968641114982578 0.130859375 0.006968641114982578 0.1328125 0.013937282229965157 0.140625 0.017421602787456445 0.142578125 0.024390243902439025 0.142578125 0.05226480836236934 0.140625 0.059233449477351915 0.13671875 0.059233449477351915 0.130859375 0.06620209059233449 0.103515625 0.06620209059233449 0.1015625 0.06968641114982578 0.09765625 0.06968641114982578 0.095703125 0.06620209059233449 0.0859375 0.06620209059233449 0.0859375 0.0627177700348432 0.091796875 0.05574912891986063 0.091796875 0.04878048780487805 0.09375 0.04878048780487805 0.099609375 0.03484320557491289 0.099609375 0.027874564459930314 0.109375 0.020905923344947737 0.11328125 0.013937282229965157 0.123046875 0.013937282229965157 0.125 0.010452961672473868
0 0.283203125 0.7874564459930313 0.296875 0.7874564459930313 0.298828125 0.794425087108014 0.302734375 0.794425087108014 0.302734375 0.8327526132404182 0.275390625 0.8327526132404182 0.2734375 0.8292682926829268 0.2734375 0.8222996515679443 0.26953125 0.818815331010453 0.267578125 0.8118466898954704 0.265625 0.8118466898954704 0.265625 0.8048780487804879 0.271484375 0.8013937282229965 0.275390625 0.794425087108014 0.28125 0.794425087108014 0.283203125 0.7909407665505227
0 0.91015625 0.41114982578397213 0.9140625 0.41114982578397213 0.916015625 0.4181184668989547 0.919921875 0.4181184668989547 0.919921875 0.4425087108013937 0.912109375 0.4425087108013937 0.91015625 0.445993031358885 0.89453125 0.4425087108013937 0.890625 0.43902439024390244 0.890625 0.43205574912891986 0.88671875 0.42857142857142855 0.888671875 0.42857142857142855 0.890625 0.42160278745644597 0.89453125 0.42160278745644597 0.896484375 0.4181184668989547 0.908203125 0.4181184668989547 0.91015625 0.4146341463414634
0 0.525390625 0.519163763066202 0.53125 0.5261324041811847 0.53125 0.5365853658536586 0.52734375 0.5505226480836237 0.52734375 0.5609756097560976 0.525390625 0.5609756097560976 0.521484375 0.5714285714285714 0.509765625 0.5853658536585366 0.505859375 0.5853658536585366 0.498046875 0.5923344947735192 0.482421875 0.5923344947735192 0.482421875 0.5888501742160279 0.486328125 0.5853658536585366 0.48828125 0.5749128919860628 0.4921875 0.5714285714285714 0.4921875 0.5644599303135889 0.49609375 0.5609756097560976 0.5 0.5505226480836237 0.501953125 0.5505226480836237 0.5078125 0.5400696864111498 0.515625 0.5365853658536586 0.525390625 0.5226480836236934
0 0.689453125 0.8397212543554007 0.693359375 0.8466898954703833 0.708984375 0.8606271777003485 0.7109375 0.867595818815331 0.7109375 0.9059233449477352 0.701171875 0.9059233449477352 0.693359375 0.8989547038327527 0.69140625 0.89198606271777 0.6875 0.8885017421602788 0.685546875 0.8815331010452961 0.68359375 0.8815331010452961 0.681640625 0.8710801393728222 0.677734375 0.867595818815331 0.677734375 0.8432055749128919 0.681640625 0.8397212543554007 0.6875 0.8397212543554007
0 0.03125 0.13937282229965156 0.03125 0.21254355400696864 0.02734375 0.21602787456445993 0.02734375 0.23344947735191637 0.0234375 0.23693379790940766 0.0234375 0.24738675958188153 0.013671875 0.2578397212543554 0.01171875 0.28222996515679444 0.0078125 0.2857142857142857 0.005859375 0.28222996515679444 0.005859375 0.27177700348432055 0 0.26480836236933797 0 0.1602787456445993 0.001953125 0.1602787456445993 0.005859375 0.14982578397212543 0.013671875 0.14285714285714285 0.017578125 0.14285714285714285 0.01953125 0.13937282229965156 0.029296875 0.13937282229965156
0 0.513671875 0.5156794425087108 0.51953125 0.5156794425087108 0.51953125 0.5226480836236934 0.521484375 0.5261324041811847 0.53515625 0.5331010452961672 0.53515625 0.5435540069686411 0.5390625 0.5470383275261324 0.5390625 0.5818815331010453 0.521484375 0.5818815331010453 0.51953125 0.5749128919860628 0.513671875 0.5714285714285714 0.513671875 0.519163763066202
0 0.763671875 0.03484320557491289 0.767578125 0.03484320557491289 0.7734375 0.041811846689895474 0.80078125 0.041811846689895474 0.802734375 0.04529616724738676 0.82421875 0.04878048780487805 0.826171875 0.05226480836236934 0.830078125 0.05226480836236934 0.830078125 0.05574912891986063 0.837890625 0.06620209059233449 0.837890625 0.09407665505226481 0.82421875 0.09407665505226481 0.822265625 0.0975609756097561 0.794921875 0.0975609756097561 0.79296875 0.09407665505226481 0.78515625 0.09407665505226481 0.78125 0.09059233449477352 0.77734375 0.08013937282229965 0.763671875 0.08013937282229965 0.763671875 0.07317073170731707 0.76171875 0.06968641114982578 0.763671875 0.03832752613240418
0 0.86328125 0.0975609756097561 0.884765625 0.0975609756097561 0.884765625 0.10104529616724739 0.890625 0.11149825783972125 0.89453125 0.11149825783972125 0.896484375 0.11498257839721254 0.896484375 0.12195121951219512 0.8984375 0.1254355400696864 0.8984375 0.15331010452961671 0.89453125 0.15331010452961671 0.892578125 0.156794425087108 0.84765625 0.156794425087108 0.84765625 0.14982578397212543 0.84375 0.14285714285714285 0.833984375 0.14285714285714285 0.830078125 0.11498257839721254 0.84375 0.11846689895470383 0.85546875 0.10452961672473868 0.861328125 0.10452961672473868 0.86328125 0.10104529616724739