0 0.888671875 0.32517482517482516 0.89453125 0.3321678321678322 0.890625 0.34265734265734266 0.890625 0.34965034965034963 0.873046875 0.3531468531468531 0.873046875 0.34615384615384615 0.876953125 0.33916083916083917 0.880859375 0.33916083916083917 0.888671875 0.32867132867132864
0 0.671875 0.2097902097902098 0.673828125 0.21678321678321677 0.671875 0.22377622377622378 0.6484375 0.22377622377622378 0.646484375 0.2202797202797203 0.615234375 0.22377622377622378 0.615234375 0.21678321678321677 0.619140625 0.2097902097902098 0.64453125 0.2097902097902098 0.646484375 0.2062937062937063 0.650390625 0.2097902097902098 0.669921875 0.2097902097902098
0 0.875 0.3811188811188811 0.892578125 0.3811188811188811 0.89453125 0.3881118881118881 0.90234375 0.3916083916083916 0.900390625 0.3986013986013986 0.888671875 0.3986013986013986 0.87890625 0.40559440559440557 0.86328125 0.40559440559440557 0.859375 0.3951048951048951 0.875 0.38461538461538464
0 0.5 0.21678321678321677 0.50390625 0.21678321678321677 0.50390625 0.2202797202797203 0.5078125 0.22377622377622378 0.5078125 0.23076923076923078 0.505859375 0.23426573426573427 0.505859375 0.24125874125874125 0.50390625 0.24125874125874125 0.498046875 0.2517482517482518 0.4765625 0.25524475524475526 0.466796875 0.26223776223776224 0.462890625 0.26223776223776224 0.4609375 0.25874125874125875 0.466796875 0.25524475524475526 0.48046875 0.23426573426573427 0.5 0.2202797202797203
0 0.0390625 0.36013986013986016 0.04296875 0.35664335664335667 0.060546875 0.35664335664335667 0.06640625 0.36713286713286714 0.06640625 0.3741258741258741 0.0703125 0.3776223776223776 0.0703125 0.3986013986013986 0.06640625 0.4090909090909091 0.0625 0.4125874125874126 0.046875 0.4125874125874126 0.044921875 0.4090909090909091 0.041015625 0.4090909090909091 0.033203125 0.3916083916083916 0.033203125 0.3741258741258741 0.0390625 0.36363636363636365
0 0.71484375 0.3951048951048951 0.748046875 0.3951048951048951 0.75 0.4020979020979021 0.763671875 0.4020979020979021 0.765625 0.40559440559440557 0.765625 0.4125874125874126 0.705078125 0.4160839160839161 0.701171875 0.4125874125874126 0.703125 0.4125874125874126 0.708984375 0.4020979020979021 0.712890625 0.4020979020979021 0.71484375 0.3986013986013986
0 0.88671875 0.32517482517482516 0.892578125 0.3321678321678322 0.892578125 0.34265734265734266 0.888671875 0.34965034965034963 0.89453125 0.36013986013986016 0.904296875 0.36363636363636365 0.908203125 0.3706293706293706 0.916015625 0.3776223776223776 0.919921875 0.3776223776223776 0.919921875 0.3916083916083916 0.91796875 0.3951048951048951 0.91015625 0.3951048951048951 0.89453125 0.38461538461538464 0.8828125 0.3706293706293706 0.880859375 0.36363636363636365 0.875 0.36013986013986016 0.873046875 0.3531468531468531 0.869140625 0.34965034965034963 0.869140625 0.34615384615384615 0.875 0.33916083916083917 0.87890625 0.33916083916083917 0.88671875 0.32867132867132864
0 0.884765625 0.34965034965034963 0.888671875 0.34965034965034963 0.890625 0.35664335664335667 0.8984375 0.36363636363636365 0.90234375 0.36363636363636365 0.916015625 0.3776223776223776 0.919921875 0.3776223776223776 0.919921875 0.3916083916083916 0.916015625 0.3951048951048951 0.91015625 0.3951048951048951 0.904296875 0.3881118881118881 0.896484375 0.3881118881118881 0.890625 0.3776223776223776 0.8828125 0.3706293706293706 0.880859375 0.35664335664335667 0.884765625 0.3531468531468531
0 0.845703125 0.513986013986014 0.84765625 0.513986013986014 0.84765625 0.5244755244755245 0.84375 0.5314685314685315 0.84375 0.5384615384615384 0.841796875 0.541958041958042 0.837890625 0.541958041958042 0.830078125 0.5524475524475524 0.8203125 0.5524475524475524 0.8125 0.5594405594405595 0.802734375 0.5594405594405595 0.80078125 0.5559440559440559 0.8046875 0.5559440559440559 0.80859375 0.548951048951049 0.81640625 0.5454545454545454 0.8203125 0.5384615384615384 0.833984375 0.5314685314685315 0.845703125 0.5174825174825175
0 0.8359375 0.2097902097902098 0.837890625 0.2097902097902098 0.84765625 0.19230769230769232 0.8515625 0.1888111888111888 0.85546875 0.19230769230769232 0.853515625 0.1958041958041958 0.853515625 0.2062937062937063 0.845703125 0.22727272727272727 0.841796875 0.23076923076923078 0.833984375 0.23076923076923078 0.8359375 0.22727272727272727 0.8359375 0.21328671328671328
0 0.974609375 0.1853146853146853 0.98046875 0.1853146853146853 0.982421875 0.19230769230769232 0.998046875 0.19230769230769232 0.998046875 0.23776223776223776 0.966796875 0.23776223776223776 0.96484375 0.24125874125874125 0.953125 0.24125874125874125 0.951171875 0.24475524475524477 0.9375 0.24475524475524477 0.931640625 0.23776223776223776 0.931640625 0.22727272727272727 0.93359375 0.22727272727272727 0.939453125 0.21328671328671328 0.94921875 0.2097902097902098 0.962890625 0.19230769230769232 0.97265625 0.19230769230769232 0.974609375 0.1888111888111888