0 0.6953125 0.6585365853658537 0.703125 0.6585365853658537 0.703125 0.7317073170731707 0.697265625 0.7317073170731707 0.693359375 0.735191637630662 0.689453125 0.7317073170731707 0.689453125 0.7247386759581882 0.685546875 0.7212543554006968 0.685546875 0.7038327526132404 0.6875 0.7038327526132404 0.69140625 0.6898954703832753 0.6953125 0.686411149825784 0.6953125 0.662020905923345
0 0.54296875 0.44947735191637633 0.548828125 0.44947735191637633 0.552734375 0.4529616724738676 0.552734375 0.47735191637630664 0.55078125 0.47735191637630664 0.55078125 0.47038327526132406 0.546875 0.46689895470383275 0.544921875 0.45993031358885017 0.54296875 0.45993031358885017 0.54296875 0.4529616724738676
0 0.62109375 0.43902439024390244 0.625 0.4425087108013937 0.625 0.4529616724738676 0.626953125 0.4564459930313589 0.626953125 0.4912891986062718 0.625 0.49825783972125437 0.62109375 0.49477351916376305 0.62109375 0.4529616724738676 0.619140625 0.44947735191637633 0.62109375 0.4425087108013937
0 0.55078125 0.8606271777003485 0.5546875 0.8606271777003485 0.556640625 0.867595818815331 0.556640625 0.8815331010452961 0.5546875 0.8815331010452961 0.55078125 0.8710801393728222 0.55078125 0.8641114982578397
0 0.607421875 0.04878048780487805 0.615234375 0.05574912891986063 0.625 0.05574912891986063 0.6328125 0.0627177700348432 0.6328125 0.07665505226480836 0.634765625 0.08013937282229965 0.630859375 0.08013937282229965 0.62890625 0.07665505226480836 0.603515625 0.07665505226480836 0.6015625 0.07317073170731707 0.59765625 0.07317073170731707 0.591796875 0.06620209059233449 0.591796875 0.059233449477351915 0.59375 0.059233449477351915 0.599609375 0.04878048780487805 0.60546875 0.04878048780487805
0 0.58984375 0.5017421602787456 0.59375 0.5017421602787456 0.595703125 0.5052264808362369 0.595703125 0.519163763066202 0.59765625 0.5226480836236934 0.595703125 0.5331010452961672 0.59375 0.5331010452961672 0.595703125 0.5261324041811847 0.591796875 0.5226480836236934 0.591796875 0.5121951219512195 0.58984375 0.5052264808362369
0 0.544921875 0.0975609756097561 0.55078125 0.0975609756097561 0.5546875 0.10452961672473868 0.560546875 0.10452961672473868 0.564453125 0.10801393728222997 0.556640625 0.12195121951219512 0.560546875 0.13588850174216027 0.560546875 0.156794425087108 0.5625 0.1602787456445993 0.55859375 0.18815331010452963 0.55078125 0.20557491289198607 0.544921875 0.20557491289198607 0.541015625 0.21254355400696864 0.5390625 0.20905923344947736 0.53515625 0.20905923344947736 0.533203125 0.20209059233449478 0.533203125 0.17421602787456447 0.53125 0.17073170731707318 0.53125 0.16376306620209058 0.53515625 0.1602787456445993 0.544921875 0.1289198606271777 0.55078125 0.12195121951219512 0.55078125 0.11498257839721254 0.546875 0.11149825783972125 0.544921875 0.10104529616724739
0 0.740234375 0.20557491289198607 0.744140625 0.20209059233449478 0.744140625 0.1916376306620209 0.74609375 0.18815331010452963 0.748046875 0.18815331010452963 0.75 0.1951219512195122 0.75 0.24390243902439024 0.74609375 0.2508710801393728 0.74609375 0.21254355400696864 0.7421875 0.20557491289198607
0 0.62109375 0.7142857142857143 0.625 0.710801393728223 0.6328125 0.710801393728223 0.634765625 0.7073170731707317 0.65234375 0.7073170731707317 0.654296875 0.710801393728223 0.654296875 0.7177700348432056 0.638671875 0.7177700348432056 0.63671875 0.7212543554006968 0.62109375 0.7177700348432056
0 0.5546875 0.41114982578397213 0.55859375 0.41114982578397213 0.560546875 0.4146341463414634 0.560546875 0.4250871080139373 0.55859375 0.4250871080139373 0.5546875 0.4146341463414634
0 0.55859375 0.3588850174216028 0.564453125 0.3588850174216028 0.568359375 0.3623693379790941 0.568359375 0.37630662020905925 0.5703125 0.3797909407665505 0.5703125 0.3867595818815331 0.568359375 0.3797909407665505 0.5625 0.37630662020905925 0.5625 0.3693379790940767 0.55859375 0.36585365853658536 0.55859375 0.3623693379790941
0 0.658203125 0.5958188153310104 0.662109375 0.5993031358885017 0.6640625 0.6062717770034843 0.666015625 0.6062717770034843 0.66796875 0.6132404181184669 0.66796875 0.6236933797909407 0.673828125 0.6376306620209059 0.673828125 0.6724738675958188 0.67578125 0.6759581881533101 0.673828125 0.6829268292682927 0.673828125 0.710801393728223 0.669921875 0.7073170731707317 0.658203125 0.710801393728223 0.662109375 0.710801393728223 0.669921875 0.7003484320557491 0.66796875 0.6933797909407665 0.662109375 0.686411149825784 0.662109375 0.6689895470383276 0.65625 0.6480836236933798 0.658203125 0.6411149825783972 0.658203125 0.6306620209059234 0.65625 0.627177700348432 0.65625 0.5993031358885017
0 0.642578125 0.9790940766550522 0.642578125 0.9965156794425087 0.638671875 0.9965156794425087 0.638671875 0.975609756097561 0.640625 0.9790940766550522
0 0.55078125 0.4564459930313589 0.5546875 0.4564459930313589 0.5546875 0.45993031358885017 0.560546875 0.46689895470383275 0.564453125 0.47735191637630664 0.564453125 0.4878048780487805 0.5625 0.4808362369337979 0.55859375 0.47735191637630664 0.552734375 0.4634146341463415 0.55078125 0.4634146341463415 0.55078125 0.45993031358885017
0 0.723939393939394 1.007673952064196 0.014209280303030303 0.03243585682610073
0 0.541015625 0.49477351916376305 0.55078125 0.49477351916376305 0.55078125 0.5087108013937283 0.552734375 0.5121951219512195 0.552734375 0.5226480836236934 0.552734375 0.519163763066202 0.548828125 0.5156794425087108 0.546875 0.5087108013937283 0.544921875 0.5087108013937283 0.544921875 0.5017421602787456 0.541015625 0.49825783972125437
0 0.5625 0.8432055749128919 0.568359375 0.8466898954703833 0.568359375 0.8536585365853658 0.572265625 0.8641114982578397 0.572265625 0.867595818815331 0.56640625 0.8641114982578397 0.5625 0.8571428571428571 0.5625 0.8466898954703833
0 0.623046875 0.926829268292683 0.623046875 0.9337979094076655 0.626953125 0.9407665505226481 0.626953125 0.9581881533101045 0.62890625 0.9616724738675958 0.62890625 0.9721254355400697 0.626953125 0.9790940766550522 0.625 0.9686411149825784 0.62109375 0.9651567944250871 0.62109375 0.9547038327526133 0.619140625 0.9512195121951219 0.619140625 0.9337979094076655 0.6171875 0.9303135888501742 0.62109375 0.926829268292683
0 0.59765625 0.9616724738675958 0.6015625 0.9616724738675958 0.6015625 0.9721254355400697 0.60546875 0.975609756097561 0.60546875 0.9825783972125436 0.611328125 0.9965156794425087 0.6015625 0.9965156794425087 0.6015625 0.9860627177700348 0.59765625 0.975609756097561 0.59765625 0.9651567944250871
0 0.740234375 0.89198606271777 0.748046875 0.89198606271777 0.75 0.8989547038327527 0.75 0.9965156794425087 0.748046875 0.9965156794425087 0.748046875 0.9930313588850174 0.744140625 0.9895470383275261 0.744140625 0.9825783972125436 0.7421875 0.9790940766550522 0.7421875 0.9094076655052264 0.740234375 0.9024390243902439 0.736328125 0.8989547038327527 0.740234375 0.8954703832752613
0 0.5390625 0.42160278745644597 0.546875 0.4250871080139373 0.552734375 0.43205574912891986 0.552734375 0.44947735191637633 0.55078125 0.44947735191637633 0.548828125 0.4425087108013937 0.544921875 0.43902439024390244 0.541015625 0.42857142857142855 0.5390625 0.42857142857142855 0.5390625 0.4250871080139373
0 0.67578125 0.7735191637630662 0.68359375 0.7735191637630662 0.68359375 0.8083623693379791 0.685546875 0.8118466898954704 0.68359375 0.8606271777003485 0.67578125 0.8606271777003485 0.673828125 0.8641114982578397 0.666015625 0.8606271777003485 0.666015625 0.8362369337979094 0.66796875 0.8327526132404182 0.669921875 0.8153310104529616 0.671875 0.8153310104529616 0.67578125 0.8048780487804879 0.67578125 0.7770034843205574
0 0.5625 0.34843205574912894 0.568359375 0.34494773519163763 0.576171875 0.3519163763066202 0.576171875 0.3588850174216028 0.572265625 0.3588850174216028 0.564453125 0.34843205574912894
0 0.59375 0.4564459930313589 0.595703125 0.4564459930313589 0.59765625 0.47038327526132406 0.6015625 0.4738675958188153 0.6015625 0.4878048780487805 0.603515625 0.4912891986062718 0.603515625 0.49825783972125437 0.6015625 0.49825783972125437 0.603515625 0.49477351916376305 0.599609375 0.4912891986062718 0.59765625 0.4808362369337979 0.59375 0.47735191637630664 0.591796875 0.46689895470383275 0.587890625 0.4634146341463415 0.591796875 0.4634146341463415 0.59375 0.45993031358885017
0 0.5703125 0.8362369337979094 0.583984375 0.8362369337979094 0.583984375 0.8606271777003485 0.580078125 0.8606271777003485 0.580078125 0.8571428571428571 0.576171875 0.8536585365853658 0.576171875 0.8501742160278746 0.5703125 0.8432055749128919 0.5703125 0.8397212543554007
0 0.693359375 0.18815331010452963 0.697265625 0.18815331010452963 0.697265625 0.24041811846689895 0.693359375 0.24390243902439024 0.69140625 0.23693379790940766 0.6875 0.23344947735191637 0.6875 0.21602787456445993 0.69140625 0.21254355400696864 0.69140625 0.1986062717770035 0.693359375 0.1916376306620209
0 0.572265625 0.4355400696864111 0.57421875 0.4355400696864111 0.57421875 0.43902439024390244 0.580078125 0.445993031358885 0.580078125 0.44947735191637633 0.583984375 0.4529616724738676 0.5859375 0.45993031358885017 0.5859375 0.4634146341463415 0.58203125 0.4634146341463415 0.580078125 0.4564459930313589 0.568359375 0.4425087108013937 0.572265625 0.43902439024390244
0 0.736328125 0 0.7421875 0 0.7421875 0.003484320557491289 0.74609375 0.006968641114982578 0.75 0.017421602787456445 0.75 0.059233449477351915 0.748046875 0.0627177700348432 0.74609375 0.059233449477351915 0.748046875 0.05226480836236934 0.744140625 0.04878048780487805 0.7421875 0.041811846689895474 0.740234375 0.020905923344947737 0.736328125 0.017421602787456445 0.736328125 0.003484320557491289
0 0.396484375 0.24041811846689895 0.39453125 0.27177700348432055 0.390625 0.27526132404181186 0.388671875 0.289198606271777 0.384765625 0.289198606271777 0.384765625 0.2613240418118467 0.38671875 0.2578397212543554 0.38671875 0.2508710801393728 0.39453125 0.24390243902439024
0 0.576171875 0.8362369337979094 0.5859375 0.8362369337979094 0.5859375 0.8501742160278746 0.580078125 0.8466898954703833 0.580078125 0.8432055749128919 0.576171875 0.8397212543554007