0 0.609375 0.5833333333333334 0.615234375 0.5833333333333334 0.615234375 0.6111111111111112 0.6171875 0.6145833333333334 0.6171875 0.6319444444444444 0.615234375 0.6388888888888888 0.609375 0.6458333333333334 0.60546875 0.6388888888888888 0.60546875 0.6111111111111112 0.609375 0.5972222222222222 0.609375 0.5868055555555556
0 0.486328125 0.34375 0.4921875 0.3506944444444444 0.4921875 0.3576388888888889 0.490234375 0.3576388888888889 0.486328125 0.3472222222222222
0 0.654296875 0.11805555555555555 0.658203125 0.1284722222222222 0.65625 0.13541666666666666 0.658203125 0.1527777777777778 0.65625 0.1597222222222222 0.654296875 0.1597222222222222 0.654296875 0.1388888888888889 0.65234375 0.13541666666666666 0.65234375 0.125 0.654296875 0.12152777777777778
0 0.4921875 0.7743055555555556 0.49609375 0.78125 0.49609375 0.7881944444444444 0.498046875 0.7916666666666666 0.498046875 0.7986111111111112 0.494140625 0.7986111111111112 0.4921875 0.7951388888888888 0.4921875 0.7777777777777778
0 0.564453125 0.90625 0.5703125 0.9270833333333334 0.5703125 0.9652777777777778 0.572265625 0.9722222222222222 0.568359375 0.9756944444444444 0.564453125 0.9618055555555556 0.564453125 0.9513888888888888 0.560546875 0.9340277777777778 0.5625 0.9305555555555556 0.5625 0.9097222222222222
0 0.484375 0.4097222222222222 0.490234375 0.4270833333333333 0.490234375 0.4340277777777778 0.48828125 0.4340277777777778 0.484375 0.4201388888888889 0.484375 0.4131944444444444
0 0.6328125 0.8958333333333334 0.63671875 0.8993055555555556 0.63671875 0.90625 0.638671875 0.9097222222222222 0.638671875 0.9201388888888888 0.63671875 0.9236111111111112 0.6328125 0.9201388888888888 0.630859375 0.9131944444444444 0.630859375 0.9027777777777778 0.6328125 0.8993055555555556
0 0.484375 0.10069444444444445 0.490234375 0.1076388888888889 0.5 0.1076388888888889 0.494140625 0.11805555555555555 0.494140625 0.1388888888888889 0.49609375 0.1423611111111111 0.49609375 0.1736111111111111 0.494140625 0.17708333333333334 0.494140625 0.1840277777777778 0.486328125 0.2013888888888889 0.482421875 0.2048611111111111 0.4765625 0.2048611111111111 0.4765625 0.19791666666666666 0.474609375 0.19444444444444445 0.474609375 0.1701388888888889 0.47265625 0.16319444444444445 0.478515625 0.15625 0.484375 0.13194444444444445 0.48828125 0.125 0.48828125 0.11458333333333333 0.484375 0.10416666666666667
0 0.650390625 0.07291666666666667 0.658203125 0.09027777777777778 0.658203125 0.11805555555555555 0.65625 0.12152777777777778 0.658203125 0.1284722222222222 0.65625 0.13541666666666666 0.658203125 0.14930555555555555 0.65625 0.1527777777777778 0.65625 0.1597222222222222 0.654296875 0.1597222222222222 0.654296875 0.1388888888888889 0.65234375 0.13541666666666666 0.65234375 0.125 0.654296875 0.12152777777777778 0.654296875 0.10069444444444445 0.650390625 0.09027777777777778 0.6484375 0.0763888888888889
0 0.498046875 0.78125 0.501953125 0.7847222222222222 0.501953125 0.7916666666666666 0.50390625 0.7951388888888888 0.50390625 0.7986111111111112 0.5 0.7986111111111112 0.498046875 0.7847222222222222
0 0.583984375 0.6076388888888888 0.587890625 0.6076388888888888 0.591796875 0.6180555555555556 0.591796875 0.6284722222222222 0.595703125 0.6388888888888888 0.595703125 0.6736111111111112 0.59375 0.6770833333333334 0.595703125 0.6979166666666666 0.5859375 0.6944444444444444 0.587890625 0.6875 0.587890625 0.6736111111111112 0.5859375 0.6701388888888888 0.5859375 0.6597222222222222 0.58203125 0.6423611111111112 0.58203125 0.6319444444444444 0.583984375 0.6284722222222222 0.58203125 0.6180555555555556 0.583984375 0.6111111111111112
0 0.470703125 0.4444444444444444 0.47265625 0.4444444444444444 0.4765625 0.4548611111111111 0.4765625 0.4618055555555556 0.470703125 0.4479166666666667
0 0.541015625 0.09375 0.564453125 0.11805555555555555 0.5703125 0.1388888888888889 0.5703125 0.14583333333333334 0.5625 0.1423611111111111 0.556640625 0.1284722222222222 0.552734375 0.1284722222222222 0.548828125 0.12152777777777778 0.541015625 0.12152777777777778 0.537109375 0.11805555555555555 0.533203125 0.10069444444444445 0.5390625 0.09375
0 0.484375 0.7395833333333334 0.48828125 0.7465277777777778 0.4921875 0.7638888888888888 0.490234375 0.7638888888888888 0.484375 0.7534722222222222 0.482421875 0.7430555555555556
0 0.496875 0.7486111111111111 0.010416666666666666 0.021296296296296296
0 0.49609375 0.3958333333333333 0.498046875 0.3958333333333333 0.505859375 0.4166666666666667 0.501953125 0.4201388888888889 0.49609375 0.3993055555555556
0 0.47630208333333335 0.38657407407407407 0.011979166666666666 0.01574074074074074
0 0.58984375 0.7048611111111112 0.595703125 0.7048611111111112 0.595703125 0.7222222222222222 0.59375 0.7256944444444444 0.59375 0.7395833333333334 0.591796875 0.7465277777777778 0.58984375 0.7465277777777778 0.58984375 0.7083333333333334
0 0.5388020833333333 0.8074074074074074 0.0140625 0.05555555555555555
0 0.34765625 0.2638888888888889 0.34765625 0.28125 0.345703125 0.2881944444444444 0.341796875 0.2951388888888889 0.341796875 0.2743055555555556 0.345703125 0.2673611111111111
0 0.466796875 0.3958333333333333 0.474609375 0.3958333333333333 0.4765625 0.3993055555555556 0.4765625 0.40625 0.47265625 0.40625 0.470703125 0.3993055555555556 0.466796875 0.3993055555555556
0 0.501953125 0.7291666666666666 0.505859375 0.7465277777777778 0.50390625 0.75 0.5 0.7465277777777778 0.5 0.7326388888888888
0 0.6015625 0.7050925925925926 0.0125 0.06759259259259259
0 0.650390625 0.07291666666666667 0.658203125 0.09027777777777778 0.658203125 0.11458333333333333 0.65625 0.11458333333333333 0.654296875 0.1076388888888889 0.654296875 0.10069444444444445 0.6484375 0.08333333333333333 0.6484375 0.0763888888888889
0 0.5390625 0.4027777777777778 0.54296875 0.3993055555555556 0.544921875 0.4201388888888889 0.546875 0.4236111111111111 0.544921875 0.4305555555555556 0.544921875 0.4444444444444444 0.54296875 0.4479166666666667 0.54296875 0.4409722222222222 0.541015625 0.4375 0.541015625 0.40625
0 0.638671875 0.7465277777777778 0.64453125 0.7465277777777778 0.646484375 0.75 0.646484375 0.7534722222222222 0.65234375 0.7638888888888888 0.65234375 0.7743055555555556 0.654296875 0.7777777777777778 0.654296875 0.7986111111111112 0.650390625 0.8090277777777778 0.642578125 0.8090277777777778 0.638671875 0.7916666666666666 0.638671875 0.78125 0.63671875 0.7777777777777778 0.638671875 0.75
0 0.47265625 0.4097222222222222 0.4765625 0.4131944444444444 0.4765625 0.4201388888888889 0.478515625 0.4236111111111111 0.478515625 0.4270833333333333 0.4765625 0.4270833333333333 0.47265625 0.4131944444444444
0 0.48046875 0.7534722222222222 0.482421875 0.7534722222222222 0.482421875 0.7673611111111112 0.48046875 0.7673611111111112 0.48046875 0.7569444444444444
0 0.6484375 0.96875 0.650390625 0.96875 0.650390625 0.9791666666666666 0.65234375 0.9826388888888888 0.65234375 0.9965277777777778 0.646484375 0.9965277777777778 0.646484375 0.9756944444444444 0.6484375 0.9722222222222222
0 0.505859375 0.4166666666666667 0.509765625 0.4166666666666667 0.517578125 0.4305555555555556 0.521484375 0.4444444444444444 0.51953125 0.4444444444444444 0.515625 0.4340277777777778 0.505859375 0.4201388888888889
0 0.5200520833333333 0.8374999999999999 0.0171875 0.062037037037037036
0 0.6171875 0.1076388888888889 0.619140625 0.1111111111111111 0.619140625 0.14583333333333334 0.615234375 0.1597222222222222 0.61328125 0.1597222222222222 0.61328125 0.1284722222222222 0.6171875 0.1111111111111111
0 0.515625 0.4618055555555556 0.521484375 0.4756944444444444 0.521484375 0.4826388888888889 0.51953125 0.4826388888888889 0.515625 0.4722222222222222 0.515625 0.4652777777777778