0 0.5703125 0.3310104529616725 0.587890625 0.3310104529616725 0.58984375 0.33797909407665505 0.595703125 0.33797909407665505 0.599609375 0.34146341463414637 0.59765625 0.36585365853658536 0.591796875 0.37630662020905925 0.578125 0.37630662020905925 0.576171875 0.3797909407665505 0.572265625 0.3797909407665505 0.572265625 0.37630662020905925 0.564453125 0.36585365853658536 0.5625 0.3693379790940767 0.5625 0.3867595818815331 0.560546875 0.3867595818815331 0.556640625 0.3832752613240418 0.556640625 0.37630662020905925 0.552734375 0.3623693379790941 0.548828125 0.3588850174216028 0.548828125 0.3519163763066202 0.552734375 0.34843205574912894 0.556640625 0.3519163763066202 0.564453125 0.33797909407665505 0.568359375 0.33797909407665505 0.5703125 0.3344947735191638
0 0.5703125 0.3310104529616725 0.58984375 0.3310104529616725 0.591796875 0.33797909407665505 0.599609375 0.34146341463414637 0.599609375 0.3554006968641115 0.59375 0.3693379790940767 0.580078125 0.37282229965156793 0.578125 0.36585365853658536 0.564453125 0.36585365853658536 0.560546875 0.3588850174216028 0.5625 0.34494773519163763 0.5703125 0.3344947735191638
0 0.52734375 0.4529616724738676 0.52734375 0.4564459930313589 0.533203125 0.46689895470383275 0.533203125 0.4912891986062718 0.53125 0.49477351916376305 0.52734375 0.49477351916376305 0.52734375 0.4878048780487805 0.525390625 0.4843205574912892 0.525390625 0.46689895470383275 0.52734375 0.4634146341463415 0.52734375 0.4564459930313589
0 0.4765625 0.09059233449477352 0.478515625 0.09059233449477352 0.48046875 0.0975609756097561 0.486328125 0.10104529616724739 0.4921875 0.11498257839721254 0.490234375 0.12195121951219512 0.484375 0.12195121951219512 0.48046875 0.11846689895470383 0.4765625 0.10801393728222997 0.4765625 0.09407665505226481
0 0.48046875 0.5296167247386759 0.498046875 0.554006968641115 0.498046875 0.5679442508710801 0.5 0.5714285714285714 0.5 0.5818815331010453 0.498046875 0.5818815331010453 0.49609375 0.5714285714285714 0.484375 0.554006968641115 0.48046875 0.5400696864111498 0.48046875 0.5331010452961672
0 0.44140625 0.5853658536585366 0.447265625 0.5853658536585366 0.44921875 0.5923344947735192 0.44921875 0.5993031358885017 0.443359375 0.5993031358885017 0.44140625 0.5958188153310104 0.4375 0.5958188153310104 0.4375 0.5923344947735192 0.44140625 0.5888501742160279
0 0.458984375 0.4181184668989547 0.46484375 0.4181184668989547 0.466796875 0.4250871080139373 0.470703125 0.42160278745644597 0.470703125 0.42857142857142855 0.46875 0.43205574912891986 0.462890625 0.43205574912891986 0.4609375 0.4355400696864111 0.453125 0.4355400696864111 0.451171875 0.43205574912891986 0.451171875 0.42857142857142855 0.458984375 0.42160278745644597
0 0.287109375 0.1986062717770035 0.291015625 0.1986062717770035 0.29296875 0.20557491289198607 0.291015625 0.21254355400696864 0.287109375 0.21254355400696864 0.28515625 0.21602787456445993 0.27734375 0.21602787456445993 0.275390625 0.21254355400696864 0.287109375 0.20209059233449478
0 0.3828125 0.13937282229965156 0.384765625 0.14634146341463414 0.384765625 0.15331010452961671 0.3828125 0.156794425087108 0.376953125 0.156794425087108 0.373046875 0.15331010452961671 0.376953125 0.14634146341463414 0.380859375 0.14634146341463414 0.3828125 0.14285714285714285
0 0.4921875 0.4250871080139373 0.51171875 0.42857142857142855 0.513671875 0.43205574912891986 0.515625 0.45993031358885017 0.51171875 0.47038327526132406 0.5078125 0.47038327526132406 0.5078125 0.45993031358885017 0.505859375 0.4564459930313589 0.49609375 0.44947735191637633 0.49609375 0.42857142857142855 0.494140625 0.4250871080139373
0 0.341796875 0.4634146341463415 0.33984375 0.47735191637630664 0.337890625 0.4808362369337979 0.333984375 0.4808362369337979 0.333984375 0.47038327526132406 0.3359375 0.46689895470383275 0.33984375 0.46689895470383275
0 0.587890625 0.8641114982578397 0.587890625 0.8745644599303136 0.5859375 0.8780487804878049 0.587890625 0.8989547038327527 0.5859375 0.9024390243902439 0.580078125 0.9024390243902439 0.576171875 0.89198606271777 0.572265625 0.8885017421602788 0.572265625 0.8815331010452961 0.57421875 0.8815331010452961 0.578125 0.8710801393728222 0.5859375 0.8641114982578397
0 0.41015625 0.059233449477351915 0.412109375 0.0627177700348432 0.412109375 0.07317073170731707 0.41015625 0.07665505226480836 0.40625 0.07665505226480836 0.400390625 0.06620209059233449 0.408203125 0.0627177700348432
0 0.458984375 0.4843205574912892 0.4609375 0.4843205574912892 0.4609375 0.49477351916376305 0.458984375 0.5017421602787456 0.455078125 0.5121951219512195 0.447265625 0.5156794425087108 0.44921875 0.5121951219512195 0.44921875 0.49825783972125437 0.451171875 0.49477351916376305 0.455078125 0.49477351916376305 0.458984375 0.4878048780487805
0 0.28125 0.04878048780487805 0.28515625 0.04878048780487805 0.291015625 0.05574912891986063 0.29296875 0.0627177700348432 0.29296875 0.06620209059233449 0.28125 0.06620209059233449 0.28125 0.05226480836236934
0 0.384765625 0.09059233449477352 0.390625 0.09059233449477352 0.392578125 0.0975609756097561 0.392578125 0.10452961672473868 0.38671875 0.10801393728222997 0.384765625 0.10452961672473868 0.380859375 0.10452961672473868 0.380859375 0.0975609756097561 0.384765625 0.09407665505226481
0 0.275390625 0.43902439024390244 0.283203125 0.445993031358885 0.2890625 0.4564459930313589 0.2890625 0.4634146341463415 0.291015625 0.46689895470383275 0.291015625 0.47038327526132406 0.28515625 0.47038327526132406 0.287109375 0.46689895470383275 0.275390625 0.4425087108013937
0 0.603515625 0.46689895470383275 0.607421875 0.4634146341463415 0.61328125 0.4425087108013937 0.623046875 0.4355400696864111 0.623046875 0.4878048780487805 0.603515625 0.47038327526132406
0 0.28125 0.156794425087108 0.28515625 0.15331010452961671 0.291015625 0.15331010452961671 0.291015625 0.16376306620209058 0.29296875 0.1672473867595819 0.291015625 0.17073170731707318 0.28125 0.1602787456445993
0 0.533203125 0.6898954703832753 0.53515625 0.6933797909407665 0.548828125 0.6933797909407665 0.548828125 0.7038327526132404 0.546875 0.7073170731707317 0.55078125 0.7142857142857143 0.5546875 0.7142857142857143 0.5546875 0.7177700348432056 0.560546875 0.7282229965156795 0.58984375 0.7282229965156795 0.591796875 0.7317073170731707 0.6015625 0.7317073170731707 0.603515625 0.735191637630662 0.615234375 0.735191637630662 0.6171875 0.7386759581881533 0.623046875 0.7386759581881533 0.623046875 0.8571428571428571 0.619140625 0.8571428571428571 0.611328125 0.8466898954703833 0.60546875 0.8222996515679443 0.60546875 0.8048780487804879 0.599609375 0.794425087108014 0.591796875 0.7909407665505227 0.5546875 0.7456445993031359 0.55078125 0.7421602787456446 0.54296875 0.7421602787456446 0.541015625 0.7456445993031359 0.5390625 0.7421602787456446 0.53125 0.7421602787456446 0.5234375 0.7526132404181185 0.517578125 0.7526132404181185 0.513671875 0.7491289198606271 0.515625 0.7491289198606271 0.51953125 0.7386759581881533 0.521484375 0.6898954703832753 0.5234375 0.686411149825784 0.529296875 0.686411149825784 0.53125 0.6898954703832753
0 0.283203125 0.5156794425087108 0.28515625 0.5156794425087108 0.28515625 0.5470383275261324 0.26953125 0.5470383275261324 0.26953125 0.5400696864111498 0.271484375 0.5400696864111498 0.283203125 0.519163763066202
0 0.521484375 0.03832752613240418 0.525390625 0.04878048780487805 0.52734375 0.0627177700348432 0.533203125 0.07317073170731707 0.544921875 0.08362369337979095 0.568359375 0.08362369337979095 0.5703125 0.08710801393728224 0.572265625 0.08362369337979095 0.576171875 0.08362369337979095 0.583984375 0.0627177700348432 0.58203125 0.08710801393728224 0.576171875 0.10104529616724739 0.5703125 0.10452961672473868 0.56640625 0.11149825783972125 0.556640625 0.11149825783972125 0.548828125 0.11846689895470383 0.533203125 0.11846689895470383 0.53125 0.11498257839721254 0.51953125 0.11149825783972125 0.517578125 0.10452961672473868 0.517578125 0.09407665505226481 0.51953125 0.09059233449477352 0.51953125 0.08362369337979095 0.517578125 0.08013937282229965 0.517578125 0.04878048780487805 0.521484375 0.041811846689895474
0 0.50390625 0.31010452961672474 0.505859375 0.313588850174216 0.513671875 0.313588850174216 0.515625 0.3170731707317073 0.517578125 0.33797909407665505 0.515625 0.34146341463414637 0.51171875 0.34146341463414637 0.509765625 0.33797909407665505 0.49609375 0.33797909407665505 0.48828125 0.32752613240418116 0.478515625 0.3344947735191638 0.478515625 0.3240418118466899 0.482421875 0.30662020905923343 0.484375 0.30662020905923343 0.48828125 0.3170731707317073 0.501953125 0.313588850174216
0 0.40625 0.5923344947735192 0.41015625 0.5958188153310104 0.41015625 0.6027874564459931 0.408203125 0.6062717770034843 0.400390625 0.6062717770034843 0.40625 0.5958188153310104
0 0.498046875 0.34843205574912894 0.501953125 0.34843205574912894 0.501953125 0.3554006968641115 0.49609375 0.3588850174216028 0.494140625 0.3554006968641115 0.498046875 0.3519163763066202
0 0.2792207792207792 0.02527469363072784 0.01257886289846517 0.0210622446922732
0 0.443359375 0.10104529616724739 0.447265625 0.10104529616724739 0.447265625 0.11498257839721254 0.443359375 0.11846689895470383 0.443359375 0.10452961672473868
0 0.404296875 0.710801393728223 0.40625 0.7142857142857143 0.419921875 0.7142857142857143 0.41796875 0.7177700348432056 0.419921875 0.7247386759581882 0.4140625 0.7247386759581882 0.40625 0.735191637630662 0.400390625 0.735191637630662 0.39453125 0.7421602787456446 0.376953125 0.7421602787456446 0.376953125 0.735191637630662 0.384765625 0.7142857142857143 0.40234375 0.710801393728223
0 0.517578125 0.07665505226480836 0.51953125 0.08013937282229965 0.51953125 0.08710801393728224 0.513671875 0.09407665505226481 0.509765625 0.09407665505226481 0.509765625 0.09059233449477352 0.517578125 0.08013937282229965