0 0.595703125 0.6341463414634146 0.599609375 0.6306620209059234 0.607421875 0.6341463414634146 0.607421875 0.7003484320557491 0.603515625 0.7038327526132404 0.595703125 0.7038327526132404 0.59375 0.6968641114982579 0.58984375 0.6933797909407665 0.58984375 0.6724738675958188 0.59375 0.6689895470383276 0.595703125 0.6445993031358885 0.599609375 0.6411149825783972 0.595703125 0.6376306620209059
0 0.486328125 0.8815331010452961 0.490234375 0.8780487804878049 0.498046875 0.8815331010452961 0.498046875 0.926829268292683 0.49609375 0.926829268292683 0.494140625 0.9198606271777003 0.490234375 0.9198606271777003 0.490234375 0.9094076655052264 0.486328125 0.9059233449477352 0.486328125 0.89198606271777 0.484375 0.8885017421602788 0.48046875 0.8885017421602788 0.484375 0.8885017421602788 0.486328125 0.8850174216027874
0 0.4375 0.43902439024390244 0.44921875 0.43902439024390244 0.451171875 0.4425087108013937 0.451171875 0.45993031358885017 0.44921875 0.4634146341463415 0.447265625 0.4634146341463415 0.447265625 0.4529616724738676 0.443359375 0.44947735191637633 0.44140625 0.4425087108013937 0.4375 0.4425087108013937
0 0.455078125 0.8536585365853658 0.46875 0.8536585365853658 0.46875 0.867595818815331 0.46484375 0.8710801393728222 0.4609375 0.8571428571428571 0.455078125 0.8571428571428571
0 0.490234375 0.5052264808362369 0.498046875 0.5087108013937283 0.498046875 0.5261324041811847 0.49609375 0.5296167247386759 0.494140625 0.5296167247386759 0.494140625 0.5226480836236934 0.490234375 0.519163763066202 0.490234375 0.5087108013937283
0 0.423828125 0.024390243902439025 0.435546875 0.017421602787456445 0.435546875 0.0313588850174216 0.4296875 0.0313588850174216 0.42578125 0.03832752613240418 0.421875 0.0313588850174216 0.41796875 0.0313588850174216 0.421875 0.0313588850174216 0.423828125 0.027874564459930314
0 0.458984375 0.44947735191637633 0.462890625 0.4529616724738676 0.462890625 0.46689895470383275 0.4609375 0.47038327526132406 0.458984375 0.47038327526132406 0.462890625 0.46689895470383275 0.458984375 0.4634146341463415 0.458984375 0.4529616724738676
0 0.45703125 0.10104529616724739 0.466796875 0.10104529616724739 0.46875 0.10801393728222997 0.478515625 0.10801393728222997 0.48046875 0.11149825783972125 0.48046875 0.11498257839721254 0.474609375 0.11846689895470383 0.470703125 0.1254355400696864 0.47265625 0.13937282229965156 0.4765625 0.14285714285714285 0.478515625 0.14982578397212543 0.478515625 0.17421602787456447 0.4765625 0.17770034843205576 0.4765625 0.18466898954703834 0.47265625 0.18815331010452963 0.47265625 0.1951219512195122 0.46875 0.20557491289198607 0.46484375 0.20557491289198607 0.45703125 0.21254355400696864 0.451171875 0.21254355400696864 0.4453125 0.20557491289198607 0.4453125 0.18118466898954705 0.443359375 0.17770034843205576 0.443359375 0.17073170731707318 0.451171875 0.1602787456445993 0.453125 0.14634146341463414 0.45703125 0.13588850174216027 0.458984375 0.13588850174216027 0.46484375 0.1254355400696864 0.462890625 0.11149825783972125 0.45703125 0.10452961672473868
0 0.5234375 0.7282229965156795 0.533203125 0.7282229965156795 0.53515625 0.7247386759581882 0.560546875 0.7282229965156795 0.560546875 0.7317073170731707 0.544921875 0.7317073170731707 0.54296875 0.735191637630662 0.529296875 0.735191637630662 0.52734375 0.7317073170731707 0.5234375 0.7317073170731707
0 0.513671875 0.42857142857142855 0.515625 0.42857142857142855 0.517578125 0.4355400696864111 0.521484375 0.4355400696864111 0.521484375 0.445993031358885 0.525390625 0.4564459930313589 0.546875 0.45993031358885017 0.546875 0.4634146341463415 0.53125 0.4634146341463415 0.529296875 0.46689895470383275 0.525390625 0.46689895470383275 0.521484375 0.4738675958188153 0.521484375 0.4808362369337979 0.51953125 0.4808362369337979 0.51953125 0.47735191637630664 0.515625 0.4738675958188153 0.515625 0.4425087108013937 0.513671875 0.43902439024390244 0.513671875 0.43205574912891986
0 0.435546875 0.47735191637630664 0.4375 0.47735191637630664 0.439453125 0.4843205574912892 0.447265625 0.4843205574912892 0.4453125 0.49477351916376305 0.443359375 0.49477351916376305 0.439453125 0.4878048780487805 0.4296875 0.4843205574912892 0.43359375 0.4843205574912892 0.435546875 0.4808362369337979
0 0.451171875 0.3693379790940767 0.4609375 0.3693379790940767 0.4609375 0.37282229965156793 0.46484375 0.37630662020905925 0.46484375 0.39372822299651566 0.4609375 0.39372822299651566 0.458984375 0.3902439024390244 0.4609375 0.3902439024390244 0.462890625 0.3832752613240418 0.451171875 0.37282229965156793
0 0.513671875 0.10104529616724739 0.5234375 0.10104529616724739 0.53515625 0.11149825783972125 0.5390625 0.11149825783972125 0.54296875 0.11846689895470383 0.546875 0.11846689895470383 0.552734375 0.1254355400696864 0.55859375 0.13937282229965156 0.55859375 0.16376306620209058 0.544921875 0.1672473867595819 0.5546875 0.15331010452961671 0.546875 0.14285714285714285 0.54296875 0.14285714285714285 0.537109375 0.13588850174216027 0.53125 0.13588850174216027 0.529296875 0.13240418118466898 0.521484375 0.13240418118466898 0.517578125 0.1289198606271777 0.513671875 0.11149825783972125 0.509765625 0.10801393728222997 0.513671875 0.10452961672473868
0 0.447265625 0.8118466898954704 0.4609375 0.818815331010453 0.4609375 0.8222996515679443 0.46484375 0.8257839721254355 0.46484375 0.8362369337979094 0.45703125 0.8362369337979094 0.451171875 0.8292682926829268 0.447265625 0.8292682926829268 0.447265625 0.8153310104529616
0 0.427734375 0.4181184668989547 0.44140625 0.4181184668989547 0.44140625 0.4250871080139373 0.443359375 0.42857142857142855 0.44921875 0.42857142857142855 0.44921875 0.4355400696864111 0.447265625 0.43902439024390244 0.443359375 0.43902439024390244 0.44140625 0.43205574912891986 0.427734375 0.42160278745644597
0 0.458984375 0.8118466898954704 0.466796875 0.8118466898954704 0.47265625 0.818815331010453 0.47265625 0.8292682926829268 0.46875 0.8292682926829268 0.46875 0.8257839721254355 0.46484375 0.8222996515679443 0.462890625 0.8153310104529616 0.458984375 0.8153310104529616
0 0.431640625 0.40418118466898956 0.44140625 0.40418118466898956 0.443359375 0.41114982578397213 0.44921875 0.41114982578397213 0.453125 0.4146341463414634 0.453125 0.42160278745644597 0.44921875 0.4250871080139373 0.4453125 0.4181184668989547 0.439453125 0.4146341463414634 0.439453125 0.41114982578397213 0.43359375 0.40418118466898956
0 0.576171875 0.7770034843205574 0.583984375 0.7770034843205574 0.583984375 0.8083623693379791 0.580078125 0.8083623693379791 0.578125 0.8118466898954704 0.576171875 0.8083623693379791 0.576171875 0.7804878048780488
0 0.505859375 0.8466898954703833 0.515625 0.8466898954703833 0.515625 0.8501742160278746 0.51953125 0.8536585365853658 0.51953125 0.8606271777003485 0.5234375 0.8641114982578397 0.5234375 0.9024390243902439 0.51953125 0.9059233449477352 0.521484375 0.9024390243902439 0.521484375 0.8954703832752613 0.517578125 0.89198606271777 0.515625 0.8850174216027874 0.513671875 0.8850174216027874 0.513671875 0.8745644599303136 0.509765625 0.8710801393728222 0.509765625 0.8501742160278746 0.5078125 0.8466898954703833
0 0.29296875 0.2961672473867596 0.306640625 0.2926829268292683 0.306640625 0.3170731707317073 0.30078125 0.3170731707317073 0.298828125 0.3240418118466899 0.296875 0.3205574912891986 0.29296875 0.3205574912891986 0.29296875 0.29965156794425085
0 0.587890625 0.7456445993031359 0.59375 0.7456445993031359 0.59375 0.7491289198606271 0.59765625 0.7526132404181185 0.59765625 0.7979094076655052 0.591796875 0.7979094076655052 0.587890625 0.8048780487804879 0.583984375 0.8048780487804879 0.583984375 0.8013937282229965 0.580078125 0.7979094076655052 0.580078125 0.7874564459930313 0.583984375 0.7839721254355401 0.580078125 0.7804878048780488 0.580078125 0.759581881533101 0.58203125 0.759581881533101 0.583984375 0.7526132404181185 0.587890625 0.7491289198606271
0 0.544921875 0.7386759581881533 0.55078125 0.7386759581881533 0.55078125 0.7526132404181185 0.546875 0.7560975609756098 0.544921875 0.7560975609756098 0.544921875 0.7421602787456446
0 0.4765625 0.445993031358885 0.48046875 0.445993031358885 0.490234375 0.4564459930313589 0.494140625 0.4564459930313589 0.494140625 0.4738675958188153 0.490234375 0.47735191637630664 0.4921875 0.47038327526132406 0.48828125 0.4634146341463415 0.4765625 0.4529616724738676 0.4765625 0.44947735191637633
0 0.6264568764568764 1.0115413042242312 0.021420636655011656 0.031188323871250704
0 0.626953125 0.7804878048780488 0.630859375 0.7804878048780488 0.630859375 0.7839721254355401 0.634765625 0.7874564459930313 0.634765625 0.7909407665505227 0.638671875 0.794425087108014 0.638671875 0.7979094076655052 0.642578125 0.8013937282229965 0.64453125 0.8083623693379791 0.64453125 0.867595818815331 0.638671875 0.867595818815331 0.63671875 0.8710801393728222 0.626953125 0.867595818815331 0.626953125 0.8571428571428571 0.623046875 0.8536585365853658 0.623046875 0.8432055749128919 0.619140625 0.8397212543554007 0.619140625 0.818815331010453 0.623046875 0.8153310104529616 0.623046875 0.7979094076655052 0.626953125 0.794425087108014 0.626953125 0.7839721254355401
0 0.478515625 0.8048780487804879 0.48046875 0.8048780487804879 0.48046875 0.8222996515679443 0.478515625 0.8222996515679443 0.478515625 0.8083623693379791
0 0.48828125 0.8989547038327527 0.494140625 0.8989547038327527 0.49609375 0.8954703832752613 0.5 0.8989547038327527 0.505859375 0.8989547038327527 0.505859375 0.9372822299651568 0.501953125 0.9407665505226481 0.494140625 0.9372822299651568 0.494140625 0.9094076655052264 0.4921875 0.9059233449477352 0.48828125 0.9059233449477352 0.48828125 0.9024390243902439
0 0.5703125 0.6829268292682927 0.57421875 0.6829268292682927 0.580078125 0.6898954703832753 0.58203125 0.7003484320557491 0.5859375 0.7038327526132404 0.5859375 0.7700348432055749 0.576171875 0.7735191637630662 0.576171875 0.7665505226480837 0.572265625 0.7630662020905923 0.572265625 0.7386759581881533 0.5703125 0.7317073170731707 0.564453125 0.7247386759581882 0.564453125 0.7177700348432056 0.56640625 0.7142857142857143 0.56640625 0.6898954703832753 0.5703125 0.686411149825784
0 0.462890625 0.42160278745644597 0.466796875 0.42160278745644597 0.470703125 0.4250871080139373 0.47265625 0.43205574912891986 0.48046875 0.4355400696864111 0.48046875 0.445993031358885 0.47265625 0.445993031358885 0.46875 0.4425087108013937 0.46875 0.4355400696864111 0.466796875 0.43205574912891986 0.462890625 0.43205574912891986 0.462890625 0.4250871080139373
0 0.515625 0.42857142857142855 0.521484375 0.42857142857142855 0.5234375 0.4355400696864111 0.5234375 0.4738675958188153 0.521484375 0.4808362369337979 0.51953125 0.4808362369337979 0.51953125 0.4425087108013937 0.515625 0.43902439024390244 0.515625 0.43205574912891986
0 0.61328125 0.07317073170731707 0.615234375 0.07317073170731707 0.615234375 0.12195121951219512 0.61328125 0.12195121951219512 0.611328125 0.1289198606271777 0.60546875 0.13588850174216027 0.6015625 0.1254355400696864 0.59765625 0.1254355400696864 0.59765625 0.10801393728222997 0.6015625 0.10801393728222997 0.603515625 0.10452961672473868 0.603515625 0.09407665505226481 0.60546875 0.09407665505226481 0.607421875 0.09059233449477352 0.607421875 0.08362369337979095 0.611328125 0.08362369337979095 0.61328125 0.07665505226480836
0 0.53125 0.7979094076655052 0.53515625 0.8013937282229965 0.53515625 0.8118466898954704 0.53125 0.8153310104529616 0.533203125 0.8118466898954704 0.533203125 0.8013937282229965
0 0.640625 0.08013937282229965 0.6484375 0.08013937282229965 0.6484375 0.08362369337979095 0.65234375 0.08710801393728224 0.65234375 0.11846689895470383 0.650390625 0.11846689895470383 0.6484375 0.11149825783972125 0.64453125 0.11149825783972125 0.64453125 0.10452961672473868 0.640625 0.10104529616724739 0.640625 0.09407665505226481 0.638671875 0.09059233449477352 0.634765625 0.09059233449477352 0.634765625 0.08710801393728224 0.638671875 0.08710801393728224 0.640625 0.08362369337979095