0 0.69140625 0 0.701171875 0 0.701171875 0.010416666666666666 0.708984375 0.027777777777777776 0.708984375 0.041666666666666664 0.7109375 0.04513888888888889 0.7109375 0.059027777777777776 0.712890625 0.0625 0.708984375 0.07291666666666667 0.701171875 0.0625 0.6953125 0.03819444444444445 0.6953125 0.027777777777777776 0.693359375 0.024305555555555556 0.69140625 0.003472222222222222
0 0.783203125 0.6284722222222222 0.794921875 0.6388888888888888 0.794921875 0.6527777777777778 0.7734375 0.6527777777777778 0.771484375 0.65625 0.763671875 0.6493055555555556 0.7578125 0.6493055555555556 0.7578125 0.6423611111111112 0.755859375 0.6388888888888888 0.7578125 0.6319444444444444 0.76171875 0.6319444444444444 0.763671875 0.6284722222222222 0.78125 0.6284722222222222
0 0.71875 0.7083333333333334 0.73046875 0.6944444444444444 0.740234375 0.6944444444444444 0.7421875 0.6909722222222222 0.755859375 0.6875 0.755859375 0.6979166666666666 0.748046875 0.71875 0.744140625 0.71875 0.734375 0.7291666666666666 0.720703125 0.7291666666666666 0.716796875 0.7222222222222222 0.71875 0.7118055555555556
0 0.630859375 0.4305555555555556 0.634765625 0.4340277777777778 0.63671875 0.4409722222222222 0.634765625 0.4513888888888889 0.630859375 0.4618055555555556 0.6171875 0.4756944444444444 0.609375 0.4756944444444444 0.607421875 0.46875 0.603515625 0.46875 0.6015625 0.4652777777777778 0.6015625 0.4444444444444444 0.607421875 0.4444444444444444 0.615234375 0.4305555555555556 0.62890625 0.4305555555555556
0 0.998046875 0.2916666666666667 0.998046875 0.3333333333333333 0.9921875 0.3298611111111111 0.98828125 0.3194444444444444 0.994140625 0.2951388888888889 0.99609375 0.2951388888888889
0 0.234375 0.027777777777777776 0.2421875 0.027777777777777776 0.244140625 0.03125 0.25390625 0.034722222222222224 0.259765625 0.041666666666666664 0.265625 0.041666666666666664 0.26953125 0.04513888888888889 0.2734375 0.05555555555555555 0.2734375 0.0625 0.267578125 0.06944444444444445 0.244140625 0.06597222222222222 0.2421875 0.0625 0.2421875 0.052083333333333336 0.234375 0.03819444444444445 0.234375 0.03125
0 0.783203125 0.4826388888888889 0.787109375 0.4861111111111111 0.787109375 0.5034722222222222 0.783203125 0.5034722222222222 0.77734375 0.5104166666666666 0.767578125 0.5104166666666666 0.765625 0.5138888888888888 0.76171875 0.5138888888888888 0.755859375 0.5277777777777778 0.74609375 0.5347222222222222 0.73046875 0.5347222222222222 0.7265625 0.53125 0.7265625 0.5138888888888888 0.73046875 0.5138888888888888 0.7421875 0.4965277777777778 0.7578125 0.4965277777777778 0.765625 0.4861111111111111 0.77734375 0.4861111111111111 0.78125 0.4826388888888889
0 0.1875 0.3194444444444444 0.19140625 0.3229166666666667 0.1953125 0.3333333333333333 0.19921875 0.3333333333333333 0.201171875 0.3368055555555556 0.201171875 0.34375 0.19140625 0.3680555555555556 0.181640625 0.3715277777777778 0.169921875 0.3854166666666667 0.13671875 0.3854166666666667 0.134765625 0.3784722222222222 0.134765625 0.3611111111111111 0.13671875 0.3611111111111111 0.142578125 0.3472222222222222 0.1484375 0.3472222222222222 0.154296875 0.3402777777777778 0.15625 0.3333333333333333 0.16015625 0.3333333333333333 0.166015625 0.3229166666666667 0.177734375 0.3229166666666667 0.1796875 0.3194444444444444 0.185546875 0.3194444444444444
0 0.6953125 0.65625 0.701171875 0.6527777777777778 0.7109375 0.6736111111111112 0.708984375 0.6805555555555556 0.6953125 0.6770833333333334 0.6953125 0.6597222222222222
0 0.81640625 0.6631944444444444 0.814453125 0.6493055555555556 0.818359375 0.6423611111111112 0.826171875 0.6458333333333334 0.83203125 0.65625 0.83203125 0.6631944444444444 0.828125 0.6631944444444444 0.826171875 0.6666666666666666 0.8203125 0.6666666666666666 0.818359375 0.6631944444444444
0 0.740234375 0.6423611111111112 0.734375 0.6215277777777778 0.734375 0.6076388888888888 0.73828125 0.6006944444444444 0.740234375 0.6006944444444444 0.748046875 0.625 0.748046875 0.6388888888888888 0.74609375 0.6423611111111112 0.7421875 0.6423611111111112