0 0.494140625 0.7847222222222222 0.498046875 0.7916666666666666 0.498046875 0.7986111111111112 0.5 0.8020833333333334 0.498046875 0.8055555555555556 0.494140625 0.7986111111111112 0.4921875 0.7881944444444444
0 0.486328125 0.34375 0.494140625 0.3506944444444444 0.4921875 0.3576388888888889 0.48828125 0.3576388888888889 0.486328125 0.3541666666666667 0.486328125 0.3472222222222222
0 0.474609375 0.4166666666666667 0.4765625 0.4166666666666667 0.48046875 0.4270833333333333 0.48046875 0.4340277777777778 0.478515625 0.4340277777777778 0.474609375 0.4201388888888889
0 0.65234375 0.1597222222222222 0.65234375 0.14930555555555555 0.654296875 0.1423611111111111 0.658203125 0.1388888888888889 0.658203125 0.1875 0.654296875 0.1840277777777778 0.65625 0.17708333333333334 0.65625 0.16319444444444445 0.654296875 0.1597222222222222 0.65234375 0.16666666666666666 0.650390625 0.16319444444444445
0 0.564453125 0.9027777777777778 0.568359375 0.9131944444444444 0.568359375 0.9270833333333334 0.5703125 0.9305555555555556 0.568359375 0.96875 0.5625 0.9444444444444444 0.5625 0.90625
0 0.6434895833333333 0.3564814814814815 0.005729166666666666 0.016666666666666666
0 0.541015625 0.09375 0.548828125 0.10416666666666667 0.556640625 0.1076388888888889 0.56640625 0.125 0.568359375 0.13541666666666666 0.5625 0.13541666666666666 0.55078125 0.12152777777777778 0.537109375 0.11805555555555555 0.53125 0.10416666666666667 0.53125 0.09722222222222222 0.533203125 0.09375 0.5390625 0.09375
0 0.5 0.7916666666666666 0.50390625 0.7951388888888888 0.50390625 0.8055555555555556 0.505859375 0.8090277777777778 0.501953125 0.8055555555555556 0.501953125 0.7986111111111112 0.5 0.7951388888888888
0 0.458984375 0.020833333333333332 0.4609375 0.024305555555555556 0.4609375 0.03125 0.45703125 0.041666666666666664 0.453125 0.03819444444444445 0.45703125 0.024305555555555556
0 0.564453125 0.9027777777777778 0.568359375 0.9131944444444444 0.568359375 0.9270833333333334 0.5703125 0.9305555555555556 0.568359375 0.96875 0.5625 0.9444444444444444 0.5625 0.90625
0 0.646484375 0.96875 0.650390625 0.9722222222222222 0.650390625 0.9861111111111112 0.65234375 0.9895833333333334 0.65234375 0.9965277777777778 0.64453125 0.9965277777777778 0.64453125 0.9791666666666666 0.646484375 0.9722222222222222
0 0.596875 0.7203703703703703 0.01875 0.07407407407407407
0 0.484375 0.1076388888888889 0.48828125 0.1111111111111111 0.5 0.1111111111111111 0.4921875 0.1284722222222222 0.4921875 0.13541666666666666 0.49609375 0.14930555555555555 0.49609375 0.17708333333333334 0.490234375 0.19444444444444445 0.482421875 0.20833333333333334 0.4765625 0.20833333333333334 0.474609375 0.2048611111111111 0.47265625 0.1736111111111111 0.470703125 0.16666666666666666 0.474609375 0.16666666666666666 0.478515625 0.1597222222222222 0.48046875 0.14583333333333334 0.48828125 0.1284722222222222 0.48828125 0.12152777777777778 0.484375 0.1111111111111111
0 0.544921875 0.4027777777777778 0.55078125 0.4166666666666667 0.564453125 0.4166666666666667 0.5625 0.4201388888888889 0.55078125 0.4201388888888889 0.546875 0.4270833333333333 0.546875 0.4444444444444444 0.544921875 0.4513888888888889 0.54296875 0.4479166666666667 0.54296875 0.4340277777777778 0.541015625 0.4305555555555556 0.54296875 0.4270833333333333 0.54296875 0.40625
0 0.515625 0.4722222222222222 0.51953125 0.4722222222222222 0.521484375 0.4756944444444444 0.521484375 0.4895833333333333 0.517578125 0.4756944444444444
0 0.65234375 0.1597222222222222 0.65234375 0.14930555555555555 0.654296875 0.1423611111111111 0.658203125 0.1388888888888889 0.658203125 0.15625 0.654296875 0.1597222222222222 0.65234375 0.16666666666666666 0.650390625 0.16666666666666666 0.650390625 0.16319444444444445
0 0.494140625 0.7430555555555556 0.5 0.7430555555555556 0.505859375 0.7534722222222222 0.505859375 0.7604166666666666 0.5 0.7604166666666666 0.494140625 0.7465277777777778
0 0.6328125 0.9201388888888888 0.630859375 0.9131944444444444 0.630859375 0.9027777777777778 0.6328125 0.8993055555555556 0.634765625 0.8993055555555556 0.638671875 0.9097222222222222 0.638671875 0.9201388888888888 0.63671875 0.9236111111111112 0.634765625 0.9201388888888888
0 0.474609375 0.3784722222222222 0.48046875 0.3888888888888889 0.482421875 0.3888888888888889 0.482421875 0.3958333333333333 0.48046875 0.3958333333333333 0.474609375 0.3854166666666667 0.474609375 0.3819444444444444
0 0.4752604166666667 0.45879629629629626 0.009895833333333333 0.01574074074074074
0 0.484375 0.4201388888888889 0.490234375 0.4270833333333333 0.490234375 0.4409722222222222 0.48828125 0.4375 0.48828125 0.4305555555555556 0.484375 0.4236111111111111
0 0.498046875 0.3958333333333333 0.50390625 0.4166666666666667 0.50390625 0.4236111111111111 0.501953125 0.4270833333333333 0.501953125 0.4166666666666667 0.498046875 0.40625 0.498046875 0.3993055555555556
0 0.48828125 0.7430555555555556 0.494140625 0.7673611111111112 0.48828125 0.7604166666666666 0.486328125 0.7465277777777778
0 0.53515625 0.7951388888888888 0.5390625 0.7951388888888888 0.544921875 0.8194444444444444 0.544921875 0.8472222222222222 0.54296875 0.84375 0.54296875 0.8368055555555556 0.5390625 0.8263888888888888 0.53515625 0.7986111111111112
0 0.34765625 0.2604166666666667 0.349609375 0.2638888888888889 0.34765625 0.2847222222222222 0.341796875 0.2916666666666667 0.341796875 0.2743055555555556 0.345703125 0.2638888888888889
0 0.470703125 0.3958333333333333 0.474609375 0.3958333333333333 0.478515625 0.4027777777777778 0.478515625 0.4131944444444444 0.4765625 0.4131944444444444 0.47265625 0.3993055555555556
0 0.607421875 0.5902777777777778 0.615234375 0.5902777777777778 0.615234375 0.6145833333333334 0.6171875 0.6180555555555556 0.6171875 0.6354166666666666 0.615234375 0.6423611111111112 0.611328125 0.6493055555555556 0.607421875 0.6493055555555556 0.60546875 0.6458333333333334 0.603515625 0.625 0.607421875 0.6111111111111112 0.607421875 0.59375
0 0.548828125 0.6597222222222222 0.552734375 0.6597222222222222 0.5546875 0.65625 0.572265625 0.65625 0.57421875 0.6597222222222222 0.5703125 0.6631944444444444 0.548828125 0.6631944444444444
0 0.4953125 0.3638888888888889 0.00625 0.011111111111111112
0 0.54296875 0.40625 0.546875 0.40625 0.544921875 0.4131944444444444 0.546875 0.4201388888888889 0.546875 0.4444444444444444 0.544921875 0.4513888888888889 0.541015625 0.4340277777777778 0.54296875 0.4097222222222222
0 0.48046875 0.7569444444444444 0.484375 0.7673611111111112 0.484375 0.7743055555555556 0.482421875 0.7743055555555556 0.48046875 0.7604166666666666
0 0.615234375 0.13194444444444445 0.6171875 0.13541666666666666 0.6171875 0.16319444444444445 0.615234375 0.16666666666666666 0.615234375 0.17708333333333334 0.61328125 0.1840277777777778 0.611328125 0.1840277777777778 0.611328125 0.1527777777777778 0.615234375 0.1423611111111111 0.615234375 0.13541666666666666
0 0.654296875 0.3402777777777778 0.65625 0.3402777777777778 0.65625 0.3541666666666667 0.654296875 0.3541666666666667 0.654296875 0.34375
0 0.5859375 0.6875 0.587890625 0.6701388888888888 0.583984375 0.6597222222222222 0.583984375 0.6458333333333334 0.580078125 0.6319444444444444 0.58203125 0.625 0.58203125 0.6006944444444444 0.583984375 0.5972222222222222 0.5859375 0.5972222222222222 0.591796875 0.6145833333333334 0.591796875 0.6215277777777778 0.59375 0.625 0.59375 0.6458333333333334 0.595703125 0.6493055555555556 0.595703125 0.6597222222222222 0.591796875 0.6736111111111112 0.59375 0.6944444444444444 0.587890625 0.6875
0 0.650390625 0.06597222222222222 0.658203125 0.08680555555555555 0.658203125 0.11458333333333333 0.6484375 0.0798611111111111 0.6484375 0.06944444444444445
0 0.51171875 0.4201388888888889 0.521484375 0.4375 0.525390625 0.4513888888888889 0.5234375 0.4513888888888889 0.515625 0.4305555555555556 0.509765625 0.4236111111111111
0 0.515625 0.8263888888888888 0.51953125 0.8263888888888888 0.51953125 0.8298611111111112 0.52734375 0.84375 0.52734375 0.8506944444444444 0.529296875 0.8541666666666666 0.529296875 0.8784722222222222 0.52734375 0.8784722222222222 0.51953125 0.8576388888888888 0.51953125 0.8368055555555556 0.515625 0.8298611111111112
0 0.501953125 0.7326388888888888 0.5078125 0.7465277777777778 0.5078125 0.7569444444444444 0.505859375 0.7569444444444444 0.50390625 0.75 0.5 0.7465277777777778 0.5 0.7361111111111112