0 0.623046875 0.3506944444444444 0.625 0.3506944444444444 0.63671875 0.3263888888888889 0.640625 0.3263888888888889 0.6484375 0.3194444444444444 0.669921875 0.3194444444444444 0.67578125 0.3125 0.67578125 0.3194444444444444 0.677734375 0.3229166666666667 0.677734375 0.3263888888888889 0.671875 0.3263888888888889 0.666015625 0.3368055555555556 0.666015625 0.3402777777777778 0.66015625 0.34375 0.642578125 0.3645833333333333 0.634765625 0.3541666666666667 0.6328125 0.3576388888888889 0.626953125 0.3576388888888889 0.623046875 0.3541666666666667
0 0.5859375 0.09375 0.6015625 0.09375 0.603515625 0.10069444444444445 0.625 0.10069444444444445 0.626953125 0.10416666666666667 0.638671875 0.10416666666666667 0.640625 0.10069444444444445 0.640625 0.09722222222222222 0.638671875 0.1076388888888889 0.634765625 0.11458333333333333 0.630859375 0.11805555555555555 0.625 0.11805555555555555 0.623046875 0.12152777777777778 0.580078125 0.12152777777777778 0.5703125 0.1076388888888889 0.56640625 0.1076388888888889 0.56640625 0.10416666666666667 0.5703125 0.10069444444444445 0.583984375 0.10069444444444445 0.5859375 0.09722222222222222
0 0.62109375 0.4236111111111111 0.623046875 0.4305555555555556 0.623046875 0.4444444444444444 0.625 0.4479166666666667 0.623046875 0.4548611111111111 0.623046875 0.4652777777777778 0.62109375 0.46875 0.623046875 0.4756944444444444 0.6171875 0.4826388888888889 0.61328125 0.4826388888888889 0.609375 0.4722222222222222 0.609375 0.4652777777777778 0.60546875 0.4618055555555556 0.60546875 0.4513888888888889 0.609375 0.4479166666666667 0.609375 0.4409722222222222 0.611328125 0.4375 0.615234375 0.4375 0.619140625 0.4270833333333333
0 0.541015625 0.08333333333333333 0.544921875 0.09375 0.552734375 0.10069444444444445 0.552734375 0.1076388888888889 0.5546875 0.1111111111111111 0.5546875 0.125 0.552734375 0.12152777777777778 0.546875 0.12152777777777778 0.546875 0.11805555555555555 0.5390625 0.10416666666666667 0.541015625 0.09722222222222222 0.541015625 0.08680555555555555
0 0.537109375 0.5104166666666666 0.5390625 0.5173611111111112 0.544921875 0.5173611111111112 0.546875 0.5104166666666666 0.552734375 0.5104166666666666 0.552734375 0.5138888888888888 0.556640625 0.5173611111111112 0.560546875 0.5277777777777778 0.55859375 0.5416666666666666 0.5546875 0.5416666666666666 0.548828125 0.5347222222222222 0.544921875 0.5347222222222222 0.537109375 0.5138888888888888
0 0.529296875 0.5694444444444444 0.533203125 0.5659722222222222 0.544921875 0.5694444444444444 0.54296875 0.5763888888888888 0.5390625 0.5763888888888888 0.537109375 0.5798611111111112 0.529296875 0.5798611111111112 0.529296875 0.5729166666666666
0 0.55859375 0.3090277777777778 0.5625 0.3194444444444444 0.5625 0.3298611111111111 0.556640625 0.3333333333333333 0.55078125 0.3472222222222222 0.546875 0.3472222222222222 0.53515625 0.3368055555555556 0.529296875 0.3368055555555556 0.52734375 0.3333333333333333 0.52734375 0.3263888888888889 0.5234375 0.3229166666666667 0.529296875 0.3229166666666667 0.53125 0.3263888888888889 0.541015625 0.3125 0.544921875 0.3125 0.546875 0.3090277777777778 0.556640625 0.3090277777777778
0 0.59375 0.6597222222222222 0.595703125 0.6631944444444444 0.609375 0.6631944444444444 0.61328125 0.6701388888888888 0.611328125 0.6770833333333334 0.6171875 0.6875 0.619140625 0.7013888888888888 0.611328125 0.7118055555555556 0.599609375 0.7118055555555556 0.595703125 0.7083333333333334 0.59375 0.7118055555555556 0.58984375 0.7118055555555556 0.5859375 0.71875 0.580078125 0.71875 0.578125 0.7152777777777778 0.578125 0.7083333333333334 0.58203125 0.7048611111111112 0.58203125 0.6909722222222222 0.583984375 0.6875 0.583984375 0.6701388888888888 0.5859375 0.6666666666666666 0.5859375 0.6597222222222222 0.587890625 0.65625 0.591796875 0.6597222222222222
0 0.5546875 0.3784722222222222 0.556640625 0.3784722222222222 0.55859375 0.3854166666666667 0.56640625 0.3854166666666667 0.56640625 0.3923611111111111 0.5625 0.3923611111111111 0.560546875 0.3958333333333333 0.55078125 0.3958333333333333 0.546875 0.3923611111111111 0.546875 0.3888888888888889 0.5546875 0.3819444444444444
0 0.451171875 0.059027777777777776 0.453125 0.0625 0.458984375 0.0625 0.4609375 0.059027777777777776 0.462890625 0.06597222222222222 0.462890625 0.0763888888888889 0.455078125 0.0763888888888889 0.451171875 0.0625
0 0.58984375 0.375 0.595703125 0.3680555555555556 0.599609375 0.3680555555555556 0.607421875 0.3611111111111111 0.625 0.3611111111111111 0.625 0.3680555555555556 0.626953125 0.3715277777777778 0.625 0.3819444444444444 0.6171875 0.3888888888888889 0.611328125 0.3888888888888889 0.599609375 0.4131944444444444 0.59765625 0.4131944444444444 0.59375 0.4027777777777778 0.58984375 0.4027777777777778 0.5859375 0.4131944444444444 0.580078125 0.4201388888888889 0.578125 0.4201388888888889 0.578125 0.40625 0.572265625 0.3888888888888889 0.5859375 0.3923611111111111 0.58984375 0.3784722222222222
0 0.64453125 0.8229166666666666 0.64453125 0.8576388888888888 0.642578125 0.8611111111111112 0.638671875 0.8611111111111112 0.630859375 0.8541666666666666 0.630859375 0.8402777777777778 0.6328125 0.8402777777777778 0.638671875 0.8298611111111112 0.642578125 0.8298611111111112 0.64453125 0.8263888888888888
0 0.37890625 0.1840277777777778 0.384765625 0.1840277777777778 0.384765625 0.1909722222222222 0.38671875 0.19444444444444445 0.38671875 0.2048611111111111 0.37890625 0.2013888888888889 0.375 0.19791666666666666 0.375 0.1909722222222222 0.37890625 0.1875
0 0.537109375 0.4270833333333333 0.537109375 0.4513888888888889 0.533203125 0.4548611111111111 0.53125 0.4513888888888889 0.53515625 0.4479166666666667 0.53515625 0.4340277777777778 0.537109375 0.4305555555555556
0 0.556640625 0.2777777777777778 0.560546875 0.2777777777777778 0.560546875 0.2951388888888889 0.55859375 0.2986111111111111 0.5546875 0.2986111111111111 0.5546875 0.2847222222222222 0.556640625 0.28125
0 0.525390625 0.6493055555555556 0.525390625 0.65625 0.515625 0.6736111111111112 0.5 0.6770833333333334 0.498046875 0.6805555555555556 0.486328125 0.6805555555555556 0.48828125 0.6666666666666666 0.498046875 0.6527777777777778 0.509765625 0.6527777777777778 0.51171875 0.6493055555555556 0.515625 0.6527777777777778 0.5234375 0.6527777777777778
0 0.396484375 0.06944444444444445 0.40234375 0.06944444444444445 0.40625 0.0763888888888889 0.40625 0.08680555555555555 0.3984375 0.09375 0.39453125 0.08680555555555555 0.39453125 0.0763888888888889 0.396484375 0.07291666666666667
0 0.37890625 0.40625 0.380859375 0.4305555555555556 0.375 0.4375 0.373046875 0.4340277777777778 0.373046875 0.4270833333333333 0.376953125 0.4201388888888889 0.376953125 0.4131944444444444 0.37890625 0.4097222222222222
0 0.568359375 0.8611111111111112 0.568359375 0.8680555555555556 0.5703125 0.8715277777777778 0.568359375 0.8784722222222222 0.56640625 0.8784722222222222 0.564453125 0.8854166666666666 0.55859375 0.8923611111111112 0.5546875 0.8923611111111112 0.552734375 0.8958333333333334 0.548828125 0.8958333333333334 0.54296875 0.8888888888888888 0.54296875 0.8715277777777778 0.55078125 0.8645833333333334 0.552734375 0.8680555555555556 0.560546875 0.8680555555555556 0.5625 0.8715277777777778 0.56640625 0.8645833333333334
0 0.685546875 0.4270833333333333 0.685546875 0.4861111111111111 0.685546875 0.4791666666666667 0.681640625 0.4722222222222222 0.669921875 0.4618055555555556 0.669921875 0.4513888888888889 0.673828125 0.4375 0.677734375 0.4305555555555556 0.68359375 0.4270833333333333
0 0.42225274725274725 0.16117216117216115 0.010194883241758242 0.01562881562881563
0 0.39453125 0.020833333333333332 0.400390625 0.020833333333333332 0.404296875 0.027777777777777776 0.400390625 0.03819444444444445 0.39453125 0.03819444444444445 0.392578125 0.034722222222222224 0.392578125 0.027777777777777776 0.39453125 0.024305555555555556
0 0.3828125 0.09722222222222222 0.392578125 0.09722222222222222 0.39453125 0.10069444444444445 0.392578125 0.1076388888888889 0.38671875 0.1076388888888889 0.3828125 0.10069444444444445
0 0.61328125 0.0798611111111111 0.6171875 0.06944444444444445 0.619140625 0.06944444444444445 0.619140625 0.0798611111111111 0.615234375 0.0798611111111111