0 0.6328125 0.4181184668989547 0.65234375 0.4181184668989547 0.654296875 0.42160278745644597 0.662109375 0.42160278745644597 0.662109375 0.42857142857142855 0.658203125 0.42857142857142855 0.65625 0.43205574912891986 0.65625 0.43902439024390244 0.662109375 0.445993031358885 0.662109375 0.49477351916376305 0.66015625 0.49825783972125437 0.642578125 0.49825783972125437 0.638671875 0.49477351916376305 0.638671875 0.47735191637630664 0.63671875 0.4738675958188153 0.6328125 0.4738675958188153 0.63671875 0.4738675958188153 0.638671875 0.46689895470383275 0.63671875 0.4634146341463415 0.6328125 0.4634146341463415 0.6328125 0.44947735191637633 0.640625 0.445993031358885 0.642578125 0.4425087108013937 0.642578125 0.43205574912891986 0.638671875 0.42857142857142855 0.63671875 0.42160278745644597 0.6328125 0.42160278745644597
0 0.478515625 0.5888501742160279 0.48046875 0.5923344947735192 0.48046875 0.6341463414634146 0.46875 0.6306620209059234 0.46875 0.627177700348432 0.46484375 0.6236933797909407 0.46484375 0.6202090592334495 0.4609375 0.6167247386759582 0.4609375 0.6132404181184669 0.45703125 0.6097560975609756 0.455078125 0.6027874564459931 0.451171875 0.6027874564459931 0.451171875 0.5923344947735192 0.455078125 0.5923344947735192 0.45703125 0.5888501742160279 0.45703125 0.5818815331010453 0.470703125 0.5818815331010453 0.47265625 0.5888501742160279 0.4765625 0.5888501742160279
0 0.634765625 0.6445993031358885 0.63671875 0.6445993031358885 0.6328125 0.6480836236933798 0.6328125 0.662020905923345 0.63671875 0.6655052264808362 0.63671875 0.6898954703832753 0.609375 0.6898954703832753 0.609375 0.686411149825784 0.6171875 0.6794425087108014 0.6171875 0.6550522648083623 0.619140625 0.6550522648083623 0.62109375 0.6480836236933798 0.6328125 0.6445993031358885
0 0.48828125 0.31010452961672474 0.48828125 0.30662020905923343 0.5078125 0.30662020905923343 0.5078125 0.313588850174216 0.509765625 0.3170731707317073 0.513671875 0.3170731707317073 0.513671875 0.33797909407665505 0.501953125 0.3344947735191638 0.5 0.32752613240418116 0.49609375 0.32752613240418116 0.49609375 0.313588850174216 0.494140625 0.31010452961672474 0.490234375 0.31010452961672474
0 0.66015625 0.8954703832752613 0.66796875 0.8954703832752613 0.66796875 0.9024390243902439 0.669921875 0.9059233449477352 0.669921875 0.9198606271777003 0.654296875 0.9198606271777003 0.654296875 0.9059233449477352 0.658203125 0.9059233449477352 0.66015625 0.8989547038327527
0 0.669921875 0.49477351916376305 0.67578125 0.49477351916376305 0.677734375 0.4878048780487805 0.6796875 0.4878048780487805 0.6796875 0.4912891986062718 0.68359375 0.49477351916376305 0.68359375 0.5017421602787456 0.685546875 0.5052264808362369 0.685546875 0.554006968641115 0.67578125 0.554006968641115 0.673828125 0.5574912891986062 0.671875 0.554006968641115 0.666015625 0.554006968641115 0.662109375 0.5505226480836237 0.662109375 0.5087108013937283 0.6640625 0.5087108013937283 0.666015625 0.5017421602787456 0.669921875 0.49825783972125437
0 0.569677033492823 0.3355617424937065 0.045688172846889946 0.004768017604988079
0 0.583984375 0.09407665505226481 0.5859375 0.09407665505226481 0.587890625 0.08710801393728224 0.591796875 0.08710801393728224 0.59375 0.09407665505226481 0.599609375 0.09407665505226481 0.625 0.11149825783972125 0.626953125 0.11846689895470383 0.6328125 0.1254355400696864 0.6328125 0.24390243902439024 0.625 0.23693379790940766 0.607421875 0.24041811846689895 0.609375 0.23344947735191637 0.615234375 0.22996515679442509 0.623046875 0.21951219512195122 0.623046875 0.20905923344947736 0.61328125 0.1986062717770035 0.61328125 0.1951219512195122 0.607421875 0.18815331010452963 0.607421875 0.18118466898954705 0.603515625 0.17770034843205576 0.6015625 0.17073170731707318 0.6015625 0.1602787456445993 0.599609375 0.156794425087108 0.595703125 0.15331010452961671 0.587890625 0.15331010452961671 0.587890625 0.13937282229965156 0.591796875 0.13588850174216027 0.587890625 0.13240418118466898 0.587890625 0.11846689895470383 0.583984375 0.11498257839721254 0.583984375 0.0975609756097561
0 0.626953125 0.42857142857142855 0.62890625 0.42857142857142855 0.630859375 0.42160278745644597 0.6328125 0.42160278745644597 0.634765625 0.42857142857142855 0.640625 0.42857142857142855 0.640625 0.43902439024390244 0.64453125 0.4425087108013937 0.646484375 0.44947735191637633 0.646484375 0.4912891986062718 0.64453125 0.49477351916376305 0.623046875 0.49477351916376305 0.623046875 0.4843205574912892 0.62109375 0.4808362369337979 0.6171875 0.4808362369337979 0.6171875 0.47735191637630664 0.62109375 0.47735191637630664 0.623046875 0.4738675958188153 0.623046875 0.44947735191637633 0.626953125 0.445993031358885 0.626953125 0.43205574912891986
0 0.6640625 0.8954703832752613 0.66796875 0.8989547038327527 0.66796875 0.9233449477351916 0.671875 0.926829268292683 0.673828125 0.9337979094076655 0.677734375 0.9337979094076655 0.677734375 0.9407665505226481 0.658203125 0.9407665505226481 0.658203125 0.9337979094076655 0.654296875 0.9303135888501742 0.654296875 0.9163763066202091 0.65234375 0.9128919860627178 0.6484375 0.9128919860627178 0.6484375 0.8989547038327527 0.65234375 0.8989547038327527 0.654296875 0.8954703832752613 0.654296875 0.8885017421602788 0.66015625 0.8885017421602788 0.662109375 0.8954703832752613
0 0.4375 0.20905923344947736 0.443359375 0.20905923344947736 0.4453125 0.20209059233449478 0.44921875 0.20209059233449478 0.451171875 0.20905923344947736 0.45703125 0.20905923344947736 0.458984375 0.21602787456445993 0.462890625 0.21602787456445993 0.462890625 0.24390243902439024 0.458984375 0.24390243902439024 0.45703125 0.23693379790940766 0.451171875 0.23693379790940766 0.44921875 0.22996515679442509 0.4453125 0.22996515679442509 0.4453125 0.21602787456445993 0.443359375 0.21254355400696864 0.4375 0.21254355400696864
0 0.482421875 0 0.5078125 0 0.5078125 0.003484320557491289 0.50390625 0.006968641114982578 0.482421875 0.003484320557491289
0 0.46875 0.156794425087108 0.478515625 0.156794425087108 0.478515625 0.1951219512195122 0.46875 0.1951219512195122 0.46875 0.1602787456445993
0 0.470703125 0.1672473867595819 0.48046875 0.1672473867595819 0.482421875 0.1602787456445993 0.4921875 0.1602787456445993 0.4921875 0.1916376306620209 0.48828125 0.1916376306620209 0.486328125 0.1951219512195122 0.482421875 0.1951219512195122 0.48046875 0.18815331010452963 0.470703125 0.18815331010452963 0.470703125 0.17073170731707318
0 0.556640625 0.5958188153310104 0.560546875 0.5958188153310104 0.5625 0.5888501742160279 0.5625 0.6062717770034843 0.564453125 0.6097560975609756 0.6015625 0.6097560975609756 0.6015625 0.6236933797909407 0.5859375 0.6236933797909407 0.583984375 0.627177700348432 0.583984375 0.6411149825783972 0.576171875 0.6411149825783972 0.572265625 0.6236933797909407 0.556640625 0.6236933797909407 0.556640625 0.5993031358885017
0 0.67578125 0.4355400696864111 0.67578125 0.4146341463414634 0.6875 0.4146341463414634 0.6875 0.4912891986062718 0.68359375 0.4912891986062718 0.681640625 0.4843205574912892 0.669921875 0.4808362369337979 0.669921875 0.4634146341463415 0.673828125 0.4634146341463415 0.67578125 0.45993031358885017 0.67578125 0.4529616724738676 0.681640625 0.4529616724738676 0.68359375 0.44947735191637633 0.68359375 0.43902439024390244 0.681640625 0.4355400696864111 0.677734375 0.4355400696864111
0 0.501953125 0.5331010452961672 0.501953125 0.5226480836236934 0.5 0.519163763066202 0.490234375 0.5156794425087108 0.490234375 0.5121951219512195 0.509765625 0.5121951219512195 0.509765625 0.5261324041811847 0.51171875 0.5296167247386759 0.515625 0.5296167247386759 0.515625 0.5331010452961672 0.51953125 0.5365853658536586 0.51953125 0.5609756097560976 0.51171875 0.5574912891986062 0.51171875 0.5470383275261324 0.509765625 0.5435540069686411 0.505859375 0.5435540069686411 0.505859375 0.5365853658536586 0.50390625 0.5331010452961672
0 0.552734375 0.5958188153310104 0.57421875 0.5958188153310104 0.57421875 0.6132404181184669 0.568359375 0.6132404181184669 0.56640625 0.6167247386759582 0.552734375 0.6132404181184669 0.552734375 0.5993031358885017
0 0.462890625 0.23693379790940766 0.462890625 0.22996515679442509 0.4765625 0.22996515679442509 0.4765625 0.24041811846689895 0.48046875 0.24390243902439024 0.48046875 0.2508710801393728 0.482421875 0.25435540069686413 0.486328125 0.25435540069686413 0.48828125 0.2613240418118467 0.48828125 0.27526132404181186 0.482421875 0.27526132404181186 0.478515625 0.27177700348432055 0.478515625 0.26480836236933797 0.4765625 0.2613240418118467 0.47265625 0.2613240418118467 0.47265625 0.2578397212543554 0.46875 0.25435540069686413 0.46875 0.24041811846689895 0.46484375 0.23693379790940766
0 0.48828125 0.6027874564459931 0.48828125 0.5923344947735192 0.501953125 0.5923344947735192 0.50390625 0.5993031358885017 0.5078125 0.5993031358885017 0.5078125 0.6027874564459931 0.51171875 0.6062717770034843 0.51171875 0.6376306620209059 0.498046875 0.6341463414634146 0.498046875 0.6236933797909407 0.494140625 0.6202090592334495 0.494140625 0.6062717770034843 0.490234375 0.6027874564459931
0 0.505859375 0.2578397212543554 0.505859375 0.2682926829268293 0.5078125 0.27177700348432055 0.51171875 0.27177700348432055 0.51171875 0.289198606271777 0.5 0.289198606271777 0.5 0.2787456445993031 0.498046875 0.27526132404181186 0.494140625 0.27526132404181186 0.4921875 0.2682926829268293 0.486328125 0.2682926829268293 0.486328125 0.24390243902439024 0.498046875 0.24390243902439024 0.498046875 0.25435540069686413 0.5 0.2578397212543554 0.50390625 0.2578397212543554
0 0.650390625 0.49477351916376305 0.650390625 0.5574912891986062 0.6484375 0.5574912891986062 0.646484375 0.5644599303135889 0.642578125 0.5679442508710801 0.62109375 0.5679442508710801 0.6171875 0.5644599303135889 0.6171875 0.5365853658536586 0.626953125 0.5296167247386759 0.62890625 0.5226480836236934 0.6328125 0.519163763066202 0.6328125 0.5087108013937283 0.640625 0.5017421602787456 0.63671875 0.49825783972125437 0.642578125 0.49477351916376305 0.64453125 0.4878048780487805 0.646484375 0.4878048780487805 0.6484375 0.49477351916376305
0 0.484375 0.1672473867595819 0.505859375 0.1672473867595819 0.505859375 0.1986062717770035 0.49609375 0.1986062717770035 0.49609375 0.17421602787456447 0.494140625 0.17073170731707318 0.484375 0.17073170731707318
0 0.4921875 0.1916376306620209 0.513671875 0.1916376306620209 0.513671875 0.22996515679442509 0.50390625 0.22996515679442509 0.50390625 0.20557491289198607 0.501953125 0.20209059233449478 0.4921875 0.20209059233449478 0.4921875 0.1951219512195122
0 0.533203125 0.1951219512195122 0.533203125 0.18815331010452963 0.546875 0.18815331010452963 0.546875 0.24738675958188153 0.5390625 0.24738675958188153 0.5390625 0.1986062717770035 0.53515625 0.1951219512195122
0 0.48046875 0.5435540069686411 0.48046875 0.5365853658536586 0.494140625 0.5365853658536586 0.494140625 0.5435540069686411 0.49609375 0.5470383275261324 0.505859375 0.5505226480836237 0.505859375 0.5574912891986062 0.509765625 0.5609756097560976 0.509765625 0.5958188153310104 0.501953125 0.5958188153310104 0.5 0.5888501742160279 0.49609375 0.5888501742160279 0.49609375 0.5818815331010453 0.4921875 0.578397212543554 0.4921875 0.5574912891986062 0.490234375 0.554006968641115 0.486328125 0.554006968641115 0.486328125 0.5470383275261324 0.482421875 0.5435540069686411
0 0.4453125 0.24738675958188153 0.466796875 0.2508710801393728 0.466796875 0.2787456445993031 0.45703125 0.2787456445993031 0.45703125 0.2682926829268293 0.455078125 0.26480836236933797 0.4453125 0.26480836236933797 0.4453125 0.2508710801393728