0 0.20703125 0.4236111111111111 0.212890625 0.4236111111111111 0.208984375 0.4236111111111111 0.1953125 0.4375 0.18359375 0.4409722222222222 0.181640625 0.4444444444444444 0.171875 0.4444444444444444 0.169921875 0.4479166666666667 0.14453125 0.4479166666666667 0.140625 0.4444444444444444 0.140625 0.4375 0.1484375 0.4305555555555556 0.154296875 0.4305555555555556 0.15625 0.4270833333333333 0.173828125 0.4270833333333333 0.17578125 0.4236111111111111 0.205078125 0.4236111111111111
0 0.599609375 0.18055555555555555 0.6015625 0.1840277777777778 0.6015625 0.19444444444444445 0.59765625 0.2048611111111111 0.576171875 0.20833333333333334 0.57421875 0.21180555555555555 0.572265625 0.20833333333333334 0.556640625 0.20833333333333334 0.5546875 0.2048611111111111 0.546875 0.2048611111111111 0.54296875 0.2013888888888889 0.54296875 0.1875 0.544921875 0.1840277777777778 0.5546875 0.1840277777777778 0.556640625 0.18055555555555555 0.59765625 0.18055555555555555
0 0.74609375 0.3854166666666667 0.748046875 0.3888888888888889 0.751953125 0.3888888888888889 0.755859375 0.3958333333333333 0.755859375 0.4201388888888889 0.75390625 0.4236111111111111 0.73828125 0.4236111111111111 0.724609375 0.4097222222222222 0.724609375 0.3958333333333333 0.728515625 0.3888888888888889 0.732421875 0.3888888888888889 0.734375 0.3854166666666667 0.744140625 0.3854166666666667
0 0.552734375 0.6180555555555556 0.56640625 0.6215277777777778 0.576171875 0.6354166666666666 0.58203125 0.6388888888888888 0.58984375 0.6527777777777778 0.60546875 0.6666666666666666 0.609375 0.6736111111111112 0.625 0.6805555555555556 0.623046875 0.6875 0.609375 0.6875 0.607421875 0.6840277777777778 0.595703125 0.6840277777777778 0.58984375 0.6770833333333334 0.5859375 0.6770833333333334 0.5625 0.6493055555555556 0.5546875 0.6354166666666666 0.552734375 0.6215277777777778
0 0.60546875 0.25 0.607421875 0.2534722222222222 0.625 0.2534722222222222 0.6328125 0.2604166666666667 0.64453125 0.2604166666666667 0.640625 0.2673611111111111 0.6328125 0.2673611111111111 0.630859375 0.2708333333333333 0.611328125 0.2708333333333333 0.609375 0.2743055555555556 0.607421875 0.2708333333333333 0.599609375 0.2708333333333333 0.595703125 0.2638888888888889 0.599609375 0.2534722222222222 0.603515625 0.2534722222222222
0 0.109375 0.2604166666666667 0.111328125 0.2638888888888889 0.12890625 0.2638888888888889 0.13671875 0.2708333333333333 0.14453125 0.2708333333333333 0.150390625 0.2777777777777778 0.150390625 0.2847222222222222 0.1484375 0.2881944444444444 0.14453125 0.2847222222222222 0.138671875 0.2847222222222222 0.13671875 0.28125 0.130859375 0.28125 0.12890625 0.2847222222222222 0.125 0.2847222222222222 0.1171875 0.2986111111111111 0.109375 0.2986111111111111 0.099609375 0.2881944444444444 0.09375 0.2881944444444444 0.091796875 0.2847222222222222 0.07421875 0.2847222222222222 0.068359375 0.2777777777777778 0.068359375 0.2708333333333333 0.072265625 0.2638888888888889 0.080078125 0.2638888888888889 0.08203125 0.2604166666666667 0.107421875 0.2604166666666667
0 0.29296875 0.19444444444444445 0.294921875 0.19791666666666666 0.314453125 0.19791666666666666 0.318359375 0.2013888888888889 0.31640625 0.20833333333333334 0.306640625 0.2152777777777778 0.30078125 0.2152777777777778 0.298828125 0.21875 0.265625 0.21875 0.263671875 0.2152777777777778 0.263671875 0.21180555555555555 0.26953125 0.2013888888888889 0.275390625 0.2013888888888889 0.28125 0.19444444444444445 0.291015625 0.19444444444444445
0 0.55859375 0.4027777777777778 0.568359375 0.4166666666666667 0.568359375 0.4236111111111111 0.560546875 0.4340277777777778 0.552734375 0.4340277777777778 0.55078125 0.4305555555555556 0.546875 0.4340277777777778 0.541015625 0.4340277777777778 0.53125 0.4270833333333333 0.53125 0.4201388888888889 0.5390625 0.4097222222222222 0.54296875 0.40625 0.548828125 0.40625 0.55078125 0.4027777777777778 0.556640625 0.4027777777777778
0 0.29296875 0.22916666666666666 0.294921875 0.2326388888888889 0.30078125 0.2326388888888889 0.302734375 0.2361111111111111 0.302734375 0.24305555555555555 0.287109375 0.24305555555555555 0.28515625 0.2465277777777778 0.248046875 0.2465277777777778 0.24609375 0.24305555555555555 0.2421875 0.24305555555555555 0.240234375 0.23958333333333334 0.240234375 0.2326388888888889 0.24609375 0.2326388888888889 0.248046875 0.22916666666666666 0.26953125 0.22916666666666666 0.271484375 0.22569444444444445 0.27734375 0.22569444444444445 0.279296875 0.22916666666666666 0.291015625 0.22916666666666666
0 0.564453125 0.4131944444444444 0.56640625 0.4166666666666667 0.56640625 0.4270833333333333 0.564453125 0.4305555555555556 0.53515625 0.4305555555555556 0.53125 0.4270833333333333 0.53125 0.4201388888888889 0.5390625 0.4097222222222222 0.560546875 0.4097222222222222 0.5625 0.4131944444444444
0 0.638671875 0.3784722222222222 0.640625 0.3923611111111111 0.623046875 0.3923611111111111 0.615234375 0.3993055555555556 0.59765625 0.3993055555555556 0.587890625 0.3888888888888889 0.587890625 0.3854166666666667 0.6015625 0.375 0.63671875 0.3784722222222222
0 0.119140625 0.3680555555555556 0.123046875 0.3645833333333333 0.12890625 0.3645833333333333 0.130859375 0.3611111111111111 0.140625 0.3611111111111111 0.142578125 0.3576388888888889 0.166015625 0.3576388888888889 0.16796875 0.3541666666666667 0.197265625 0.3541666666666667 0.19921875 0.3576388888888889 0.19921875 0.3645833333333333 0.1953125 0.3645833333333333 0.189453125 0.3715277777777778 0.18359375 0.3715277777777778 0.17578125 0.3784722222222222 0.1640625 0.3784722222222222 0.162109375 0.3819444444444444 0.125 0.3819444444444444 0.12109375 0.3784722222222222 0.119140625 0.3715277777777778
0 0.55078125 0.15625 0.560546875 0.14930555555555555 0.578125 0.14583333333333334 0.58984375 0.13541666666666666 0.595703125 0.13541666666666666 0.599609375 0.14583333333333334 0.599609375 0.1701388888888889 0.59765625 0.1736111111111111 0.5859375 0.1736111111111111 0.583984375 0.17708333333333334 0.548828125 0.17708333333333334 0.546875 0.1701388888888889 0.55078125 0.1597222222222222
0 0.916015625 0.5659722222222222 0.923828125 0.5729166666666666 0.947265625 0.5729166666666666 0.955078125 0.5798611111111112 0.955078125 0.5868055555555556 0.9296875 0.5868055555555556 0.927734375 0.5902777777777778 0.9140625 0.59375 0.908203125 0.6006944444444444 0.880859375 0.6006944444444444 0.873046875 0.59375 0.87109375 0.5833333333333334 0.873046875 0.5798611111111112 0.873046875 0.5729166666666666 0.88671875 0.5625 0.908203125 0.5625 0.91015625 0.5659722222222222 0.9140625 0.5659722222222222
0 0.703125 0.40625 0.703125 0.4131944444444444 0.697265625 0.4131944444444444 0.681640625 0.4270833333333333 0.669921875 0.4305555555555556 0.66796875 0.4340277777777778 0.638671875 0.4340277777777778 0.638671875 0.4270833333333333 0.6484375 0.4166666666666667 0.654296875 0.4166666666666667 0.6640625 0.4097222222222222 0.673828125 0.4097222222222222 0.67578125 0.40625 0.701171875 0.40625
0 0.59375 0.1111111111111111 0.59765625 0.12152777777777778 0.59765625 0.13194444444444445 0.58203125 0.1423611111111111 0.5703125 0.1423611111111111 0.568359375 0.1388888888888889 0.564453125 0.1388888888888889 0.560546875 0.13194444444444445 0.560546875 0.125 0.56640625 0.11805555555555555 0.5703125 0.11805555555555555 0.578125 0.1111111111111111 0.591796875 0.1111111111111111
0 0.095703125 0.3611111111111111 0.09765625 0.3645833333333333 0.1015625 0.3645833333333333 0.103515625 0.3611111111111111 0.11328125 0.3611111111111111 0.111328125 0.3680555555555556 0.09375 0.3715277777777778 0.091796875 0.375 0.078125 0.3784722222222222 0.076171875 0.3819444444444444 0.060546875 0.3819444444444444 0.060546875 0.3680555555555556 0.064453125 0.3611111111111111 0.068359375 0.3576388888888889 0.083984375 0.3576388888888889 0.0859375 0.3541666666666667 0.091796875 0.3541666666666667 0.09375 0.3611111111111111
0 0.359375 0.3263888888888889 0.359375 0.3368055555555556 0.35546875 0.3472222222222222 0.345703125 0.3541666666666667 0.33984375 0.3541666666666667 0.337890625 0.3576388888888889 0.318359375 0.3576388888888889 0.31640625 0.3541666666666667 0.322265625 0.34375 0.341796875 0.3333333333333333 0.34375 0.3298611111111111 0.357421875 0.3263888888888889
0 0.22421875 0.38240740740740736 0.09947916666666666 0.04074074074074074
0 0.203125 0.3368055555555556 0.203125 0.3298611111111111 0.2109375 0.3194444444444444 0.216796875 0.3194444444444444 0.236328125 0.3055555555555556 0.2578125 0.3020833333333333 0.259765625 0.2986111111111111 0.287109375 0.2986111111111111 0.27734375 0.3229166666666667 0.26953125 0.3229166666666667 0.267578125 0.3263888888888889 0.255859375 0.3298611111111111 0.25 0.3368055555555556 0.232421875 0.3402777777777778 0.23046875 0.34375 0.212890625 0.34375 0.205078125 0.3368055555555556
0 0.3140625 0.38749999999999996 0.03229166666666666 0.0287037037037037
0 0.517578125 0.3020833333333333 0.521484375 0.3159722222222222 0.521484375 0.3263888888888889 0.517578125 0.3263888888888889 0.515625 0.3298611111111111 0.498046875 0.3298611111111111 0.49609375 0.3263888888888889 0.49609375 0.3194444444444444 0.5 0.3125 0.515625 0.3020833333333333
0 0.3221354166666667 0.32083333333333336 0.0484375 0.03425925925925926
0 0.1484375 0.4270833333333333 0.150390625 0.4270833333333333 0.1484375 0.4305555555555556 0.140625 0.4375 0.13671875 0.4375 0.123046875 0.4479166666666667 0.1171875 0.4479166666666667 0.115234375 0.4513888888888889 0.09765625 0.4548611111111111 0.08984375 0.4618055555555556 0.08203125 0.4618055555555556 0.078125 0.4583333333333333 0.07421875 0.4513888888888889 0.07421875 0.4444444444444444 0.076171875 0.4409722222222222 0.087890625 0.4375 0.095703125 0.4305555555555556 0.111328125 0.4305555555555556 0.11328125 0.4270833333333333 0.146484375 0.4270833333333333
0 0.892578125 0.4305555555555556 0.89453125 0.4340277777777778 0.900390625 0.4340277777777778 0.90234375 0.4409722222222222 0.87109375 0.4444444444444444 0.869140625 0.4479166666666667 0.833984375 0.4479166666666667 0.83203125 0.4444444444444444 0.818359375 0.4409722222222222 0.818359375 0.4340277777777778 0.8203125 0.4305555555555556 0.830078125 0.4305555555555556 0.83203125 0.4270833333333333 0.873046875 0.4270833333333333 0.875 0.4305555555555556 0.890625 0.4305555555555556
0 0.421875 0.3958333333333333 0.439453125 0.3923611111111111 0.439453125 0.3993055555555556 0.435546875 0.40625 0.42578125 0.4131944444444444 0.421875 0.4097222222222222 0.421875 0.3993055555555556
0 0.23046875 0.4201388888888889 0.23828125 0.4270833333333333 0.234375 0.4340277777777778 0.224609375 0.4409722222222222 0.20703125 0.4444444444444444 0.205078125 0.4479166666666667 0.19140625 0.4479166666666667 0.19140625 0.4409722222222222 0.208984375 0.4236111111111111 0.228515625 0.4236111111111111
0 0.978515625 0.4444444444444444 0.99609375 0.4444444444444444 0.998046875 0.4479166666666667 0.998046875 0.4756944444444444 0.9921875 0.4756944444444444 0.98828125 0.46875 0.982421875 0.4652777777777778 0.978515625 0.4548611111111111 0.978515625 0.4479166666666667
0 0.833984375 0.5104166666666666 0.8359375 0.5138888888888888 0.857421875 0.5138888888888888 0.859375 0.5173611111111112 0.873046875 0.5208333333333334 0.880859375 0.5277777777777778 0.892578125 0.5277777777777778 0.896484375 0.5347222222222222 0.896484375 0.5451388888888888 0.890625 0.5451388888888888 0.888671875 0.5416666666666666 0.837890625 0.5451388888888888 0.8359375 0.5416666666666666 0.826171875 0.5416666666666666 0.82421875 0.5381944444444444 0.810546875 0.5347222222222222 0.80859375 0.53125 0.8046875 0.53125 0.802734375 0.5243055555555556 0.806640625 0.5138888888888888 0.83203125 0.5104166666666666
0 0.3546875 0.4078703703703704 0.03229166666666666 0.026851851851851852
0 0.208984375 0.2152777777777778 0.23828125 0.19444444444444445 0.25 0.19444444444444445 0.251953125 0.1909722222222222 0.28125 0.1909722222222222 0.28125 0.19444444444444445 0.2734375 0.19791666666666666 0.26171875 0.21180555555555555 0.25 0.2152777777777778 0.234375 0.22569444444444445 0.224609375 0.22569444444444445 0.22265625 0.22916666666666666 0.21875 0.22916666666666666 0.216796875 0.22569444444444445 0.208984375 0.22569444444444445 0.208984375 0.21875
0 0.21875 0.3229166666666667 0.220703125 0.3263888888888889 0.224609375 0.3263888888888889 0.2265625 0.3229166666666667 0.248046875 0.3229166666666667 0.25 0.3194444444444444 0.275390625 0.3194444444444444 0.275390625 0.3229166666666667 0.263671875 0.3263888888888889 0.251953125 0.3368055555555556 0.234375 0.3402777777777778 0.232421875 0.34375 0.208984375 0.34375 0.203125 0.3368055555555556 0.20703125 0.3263888888888889 0.2109375 0.3229166666666667 0.216796875 0.3229166666666667
0 0.7265625 0.375 0.728515625 0.3784722222222222 0.732421875 0.3784722222222222 0.732421875 0.3819444444444444 0.724609375 0.3923611111111111 0.69921875 0.3923611111111111 0.69140625 0.3854166666666667 0.6953125 0.375 0.724609375 0.375
0 0.216796875 0.3194444444444444 0.21875 0.3159722222222222 0.228515625 0.3125 0.234375 0.3055555555555556 0.244140625 0.3055555555555556 0.24609375 0.3020833333333333 0.255859375 0.3020833333333333 0.2578125 0.2986111111111111 0.28125 0.2986111111111111 0.28515625 0.2951388888888889 0.287109375 0.3020833333333333 0.28125 0.3090277777777778 0.279296875 0.3159722222222222 0.255859375 0.3159722222222222 0.25390625 0.3194444444444444 0.240234375 0.3194444444444444 0.23828125 0.3229166666666667 0.21875 0.3229166666666667
0 0.955078125 0.3680555555555556 0.958984375 0.3611111111111111 0.96875 0.3541666666666667 0.974609375 0.3541666666666667 0.984375 0.3472222222222222 0.998046875 0.3472222222222222 0.998046875 0.3680555555555556 0.9921875 0.3680555555555556 0.990234375 0.3715277777777778 0.96875 0.3715277777777778 0.966796875 0.375 0.95703125 0.3715277777777778
0 0.13359375 0.34444444444444444 0.0828125 0.04074074074074074
0 0.359375 0.5729166666666666 0.36328125 0.5798611111111112 0.36328125 0.5868055555555556 0.353515625 0.6145833333333334 0.35546875 0.6423611111111112 0.357421875 0.6458333333333334 0.357421875 0.6631944444444444 0.353515625 0.6701388888888888 0.34375 0.6701388888888888 0.333984375 0.6805555555555556 0.326171875 0.6805555555555556 0.314453125 0.6701388888888888 0.294921875 0.6701388888888888 0.29296875 0.6736111111111112 0.287109375 0.6736111111111112 0.283203125 0.6666666666666666 0.279296875 0.6493055555555556 0.271484375 0.6354166666666666 0.26953125 0.6284722222222222 0.26953125 0.6180555555555556 0.283203125 0.6215277777777778 0.296875 0.6354166666666666 0.30859375 0.6354166666666666 0.3203125 0.6076388888888888 0.33984375 0.5902777777777778 0.34375 0.5833333333333334 0.357421875 0.5729166666666666
0 0.650390625 0.1909722222222222 0.666015625 0.20833333333333334 0.662109375 0.2222222222222222 0.650390625 0.2361111111111111 0.62890625 0.2326388888888889 0.619140625 0.22569444444444445 0.611328125 0.21180555555555555 0.609375 0.21180555555555555 0.61328125 0.2013888888888889 0.634765625 0.1840277777777778 0.64453125 0.1840277777777778 0.6484375 0.1909722222222222
0 0.794921875 0.3333333333333333 0.796875 0.3368055555555556 0.814453125 0.3368055555555556 0.818359375 0.3402777777777778 0.81640625 0.34375 0.8046875 0.3472222222222222 0.79296875 0.3611111111111111 0.78515625 0.3541666666666667 0.78125 0.3576388888888889 0.7734375 0.3576388888888889 0.771484375 0.3541666666666667 0.740234375 0.3541666666666667 0.73828125 0.3506944444444444 0.732421875 0.3506944444444444 0.73046875 0.34375 0.732421875 0.3368055555555556 0.736328125 0.3333333333333333 0.744140625 0.3333333333333333 0.74609375 0.3298611111111111 0.787109375 0.3298611111111111 0.7890625 0.3333333333333333 0.79296875 0.3333333333333333