0 0.306640625 0.11805555555555555 0.314453125 0.11805555555555555 0.31640625 0.12152777777777778 0.349609375 0.12152777777777778 0.37109375 0.1423611111111111 0.384765625 0.1423611111111111 0.388671875 0.1388888888888889 0.390625 0.1423611111111111 0.388671875 0.14583333333333334 0.373046875 0.1527777777777778 0.361328125 0.1701388888888889 0.345703125 0.1840277777777778 0.32421875 0.1909722222222222 0.31640625 0.1840277777777778 0.314453125 0.17708333333333334 0.310546875 0.1736111111111111 0.3046875 0.1736111111111111 0.30078125 0.1840277777777778 0.30078125 0.1909722222222222 0.296875 0.19444444444444445 0.2890625 0.1597222222222222 0.298828125 0.1597222222222222 0.306640625 0.14583333333333334 0.306640625 0.1423611111111111 0.314453125 0.1284722222222222 0.30859375 0.12152777777777778
0 0.443359375 0.9236111111111112 0.443359375 0.9444444444444444 0.447265625 0.9583333333333334 0.44921875 0.9965277777777778 0.43359375 0.9965277777777778 0.43359375 0.9861111111111112 0.435546875 0.9826388888888888 0.435546875 0.9722222222222222 0.439453125 0.9548611111111112 0.439453125 0.9375 0.44140625 0.9340277777777778 0.44140625 0.9270833333333334
0 0.388671875 0 0.453125 0 0.470703125 0.04513888888888889 0.484375 0.06944444444444445 0.494140625 0.0798611111111111 0.494140625 0.08333333333333333 0.4921875 0.08333333333333333 0.470703125 0.0625 0.453125 0.059027777777777776 0.44140625 0.04861111111111111 0.4375 0.04861111111111111 0.419921875 0.03125 0.404296875 0.003472222222222222 0.3984375 0.003472222222222222 0.390625 0.013888888888888888 0.38671875 0.010416666666666666 0.388671875 0.003472222222222222
0 0.693359375 0.9444444444444444 0.697265625 0.9444444444444444 0.70703125 0.9618055555555556 0.7109375 0.9791666666666666 0.705078125 0.9965277777777778 0.697265625 0.9965277777777778 0.69140625 0.9826388888888888 0.69140625 0.9513888888888888 0.693359375 0.9479166666666666
0 0.759765625 0.041666666666666664 0.765625 0.041666666666666664 0.767578125 0.04513888888888889 0.775390625 0.04513888888888889 0.77734375 0.041666666666666664 0.794921875 0.041666666666666664 0.80859375 0.0625 0.810546875 0.07291666666666667 0.8203125 0.09375 0.78125 0.07291666666666667 0.7734375 0.0625 0.767578125 0.059027777777777776 0.759765625 0.04513888888888889
0 0.091796875 0 0.107421875 0 0.099609375 0.006944444444444444 0.091796875 0.020833333333333332 0.08984375 0.017361111111111112 0.091796875 0.003472222222222222
0 0.59765625 0.024305555555555556 0.59765625 0.04513888888888889 0.583984375 0.06944444444444445 0.58203125 0.0798611111111111 0.576171875 0.09027777777777778 0.576171875 0.09375 0.57421875 0.09375 0.572265625 0.10069444444444445 0.564453125 0.1076388888888889 0.55859375 0.11805555555555555 0.533203125 0.1388888888888889 0.52734375 0.1388888888888889 0.525390625 0.1423611111111111 0.5078125 0.1423611111111111 0.505859375 0.14583333333333334 0.5 0.14583333333333334 0.498046875 0.14930555555555555 0.48828125 0.1527777777777778 0.478515625 0.16319444444444445 0.474609375 0.16319444444444445 0.474609375 0.1597222222222222 0.498046875 0.13541666666666666 0.505859375 0.11458333333333333 0.513671875 0.10069444444444445 0.513671875 0.09722222222222222 0.5234375 0.0798611111111111 0.5390625 0.0625 0.544921875 0.052083333333333336 0.5703125 0.027777777777777776 0.57421875 0.027777777777777776 0.5703125 0.034722222222222224 0.572265625 0.041666666666666664 0.58984375 0.041666666666666664 0.595703125 0.027777777777777776
0 0.8671875 0.13541666666666666 0.87109375 0.13541666666666666 0.89453125 0.17708333333333334 0.912109375 0.19444444444444445 0.923828125 0.2152777777777778 0.92578125 0.2152777777777778 0.931640625 0.22569444444444445 0.943359375 0.2569444444444444 0.96484375 0.2986111111111111 0.9765625 0.3125 0.98828125 0.3159722222222222 0.994140625 0.3229166666666667 0.994140625 0.3298611111111111 0.986328125 0.3298611111111111 0.98046875 0.3229166666666667 0.9765625 0.3229166666666667 0.97265625 0.3159722222222222 0.96875 0.3159722222222222 0.962890625 0.3090277777777778 0.95703125 0.3090277777777778 0.94921875 0.3020833333333333 0.916015625 0.2951388888888889 0.91015625 0.2881944444444444 0.900390625 0.2847222222222222 0.892578125 0.2743055555555556 0.8828125 0.2673611111111111 0.86328125 0.23958333333333334 0.861328125 0.23958333333333334 0.84765625 0.21180555555555555 0.83984375 0.1875 0.8359375 0.18055555555555555 0.83203125 0.17708333333333334 0.826171875 0.17708333333333334 0.82421875 0.1736111111111111 0.82421875 0.16319444444444445 0.828125 0.15625 0.8359375 0.16319444444444445 0.87109375 0.16319444444444445 0.873046875 0.16666666666666666 0.876953125 0.1597222222222222 0.8671875 0.1388888888888889
0 0.7481770833333333 0.9680555555555556 0.022395833333333334 0.06388888888888888
0 0.7252604166666666 0.8939814814814814 0.0296875 0.06759259259259259
0 0 0 0.044921875 0 0.052734375 0.010416666666666666 0.052734375 0.020833333333333332 0.0546875 0.027777777777777776 0.0625 0.041666666666666664 0.080078125 0.05555555555555555 0.080078125 0.059027777777777776 0.076171875 0.059027777777777776 0.0703125 0.052083333333333336 0.06640625 0.052083333333333336 0.05859375 0.04513888888888889 0.037109375 0.04513888888888889 0.02734375 0.034722222222222224 0.0234375 0.034722222222222224 0.00390625 0.010416666666666666 0 0.010416666666666666 0 0.003472222222222222