0 0.54296875 0.024390243902439025 0.564453125 0.024390243902439025 0.56640625 0.020905923344947737 0.611328125 0.020905923344947737 0.62109375 0.027874564459930314 0.626953125 0.027874564459930314 0.630859375 0.024390243902439025 0.630859375 0.027874564459930314 0.62890625 0.027874564459930314 0.623046875 0.03832752613240418 0.611328125 0.04878048780487805 0.60546875 0.04878048780487805 0.603515625 0.05226480836236934 0.5859375 0.05226480836236934 0.583984375 0.05574912891986063 0.55078125 0.05226480836236934 0.54296875 0.027874564459930314
0 0.326171875 0.34494773519163763 0.328125 0.34494773519163763 0.330078125 0.34146341463414637 0.330078125 0.3344947735191638 0.33203125 0.3344947735191638 0.33203125 0.34146341463414637 0.333984375 0.34494773519163763 0.337890625 0.34494773519163763 0.337890625 0.34843205574912894 0.341796875 0.3519163763066202 0.34375 0.3588850174216028 0.345703125 0.3588850174216028 0.345703125 0.3797909407665505 0.330078125 0.3797909407665505 0.326171875 0.37630662020905925 0.326171875 0.34843205574912894
0 0.509765625 0 0.513671875 0 0.515625 0.006968641114982578 0.521484375 0.010452961672473868 0.5234375 0.017421602787456445 0.529296875 0.017421602787456445 0.53125 0.020905923344947737 0.53125 0.03832752613240418 0.513671875 0.03832752613240418 0.5078125 0.0313588850174216 0.501953125 0.0313588850174216 0.501953125 0.027874564459930314 0.509765625 0.020905923344947737 0.509765625 0.003484320557491289
0 0.50390625 0.46689895470383275 0.513671875 0.46689895470383275 0.517578125 0.4738675958188153 0.521484375 0.47038327526132406 0.52734375 0.47038327526132406 0.541015625 0.4808362369337979 0.541015625 0.49825783972125437 0.537109375 0.49825783972125437 0.53515625 0.5017421602787456 0.529296875 0.5017421602787456 0.521484375 0.49477351916376305 0.521484375 0.4912891986062718 0.517578125 0.4878048780487805 0.513671875 0.47735191637630664 0.5078125 0.4738675958188153 0.505859375 0.46689895470383275
0 0.498046875 0.5365853658536586 0.501953125 0.5365853658536586 0.50390625 0.5296167247386759 0.529296875 0.5296167247386759 0.53125 0.5365853658536586 0.53125 0.5435540069686411 0.529296875 0.5470383275261324 0.498046875 0.5470383275261324 0.498046875 0.5400696864111498
0 0.53515625 0.25435540069686413 0.54296875 0.26480836236933797 0.54296875 0.27526132404181186 0.53515625 0.27526132404181186 0.53125 0.2787456445993031 0.52734375 0.2857142857142857 0.52734375 0.2926829268292683 0.5234375 0.2961672473867596 0.51953125 0.2961672473867596 0.515625 0.289198606271777 0.50390625 0.289198606271777 0.5 0.2857142857142857 0.5 0.28222996515679444 0.494140625 0.27526132404181186 0.494140625 0.27177700348432055 0.50390625 0.27177700348432055 0.505859375 0.26480836236933797 0.513671875 0.2613240418118467 0.517578125 0.25435540069686413 0.5234375 0.25435540069686413 0.525390625 0.24738675958188153 0.52734375 0.24738675958188153 0.529296875 0.25435540069686413 0.533203125 0.25435540069686413
0 0.5625 0.6306620209059234 0.568359375 0.6306620209059234 0.5703125 0.6376306620209059 0.58203125 0.6411149825783972 0.583984375 0.6445993031358885 0.58984375 0.6445993031358885 0.59375 0.6411149825783972 0.59765625 0.6445993031358885 0.59765625 0.6585365853658537 0.599609375 0.662020905923345 0.60546875 0.662020905923345 0.603515625 0.6655052264808362 0.60546875 0.6689895470383276 0.60546875 0.686411149825784 0.59765625 0.6933797909407665 0.5703125 0.6933797909407665 0.5625 0.7003484320557491 0.55859375 0.6968641114982579 0.552734375 0.6968641114982579 0.5546875 0.6898954703832753 0.5546875 0.6759581881533101 0.55859375 0.6724738675958188 0.55859375 0.6515679442508711 0.5625 0.6341463414634146
0 0.53515625 0.32752613240418116 0.53515625 0.3240418118466899 0.537109375 0.3310104529616725 0.55078125 0.3344947735191638 0.556640625 0.34146341463414637 0.55078125 0.34146341463414637 0.548828125 0.34494773519163763 0.51953125 0.34146341463414637 0.51953125 0.3344947735191638 0.533203125 0.3310104529616725
0 0.560546875 0.3205574912891986 0.564453125 0.3205574912891986 0.580078125 0.30662020905923343 0.587890625 0.30662020905923343 0.58984375 0.29965156794425085 0.62109375 0.29965156794425085 0.623046875 0.30662020905923343 0.623046875 0.3170731707317073 0.6171875 0.32752613240418116 0.6171875 0.34146341463414637 0.611328125 0.34843205574912894 0.611328125 0.3588850174216028 0.607421875 0.3588850174216028 0.60546875 0.3554006968641115 0.6015625 0.3554006968641115 0.599609375 0.3588850174216028 0.595703125 0.3554006968641115 0.59375 0.3588850174216028 0.580078125 0.3588850174216028 0.576171875 0.3693379790940767 0.572265625 0.37282229965156793 0.56640625 0.3693379790940767 0.564453125 0.3623693379790941 0.560546875 0.3623693379790941 0.55859375 0.3588850174216028 0.556640625 0.3588850174216028 0.55078125 0.3693379790940767 0.55078125 0.37282229965156793 0.544921875 0.37282229965156793 0.54296875 0.3519163763066202 0.552734375 0.34843205574912894 0.556640625 0.34146341463414637 0.556640625 0.3344947735191638 0.560546875 0.3240418118466899
0 0.525390625 0.03832752613240418 0.529296875 0.03832752613240418 0.53125 0.03484320557491289 0.53125 0.027874564459930314 0.541015625 0.027874564459930314 0.541015625 0.04529616724738676 0.525390625 0.04529616724738676 0.525390625 0.041811846689895474
0 0.609375 0.8327526132404182 0.6171875 0.8257839721254355 0.623046875 0.8257839721254355 0.62890625 0.818815331010453 0.634765625 0.818815331010453 0.634765625 0.8501742160278746 0.619140625 0.8536585365853658 0.609375 0.8466898954703833 0.609375 0.8362369337979094
0 0.3515625 0.12195121951219512 0.35546875 0.1254355400696864 0.35546875 0.13240418118466898 0.3515625 0.13240418118466898 0.34765625 0.13937282229965156 0.345703125 0.13588850174216027 0.3359375 0.13240418118466898 0.3359375 0.1254355400696864 0.33984375 0.12195121951219512 0.349609375 0.12195121951219512
0 0.34375 0 0.365234375 0 0.365234375 0.006968641114982578 0.359375 0.006968641114982578 0.357421875 0.010452961672473868 0.34375 0.006968641114982578 0.34375 0.003484320557491289
0 0.52734375 0.21951219512195122 0.537109375 0.21602787456445993 0.5390625 0.20905923344947736 0.54296875 0.20905923344947736 0.54296875 0.23344947735191637 0.52734375 0.23344947735191637 0.52734375 0.2229965156794425
0 0.388671875 0.08013937282229965 0.3984375 0.08013937282229965 0.3984375 0.09059233449477352 0.39453125 0.09059233449477352 0.392578125 0.09407665505226481 0.38671875 0.09407665505226481 0.3828125 0.09059233449477352 0.3828125 0.08710801393728224 0.38671875 0.08710801393728224 0.388671875 0.08362369337979095
0 0.55859375 0.8397212543554007 0.55859375 0.8606271777003485 0.5546875 0.8606271777003485 0.55078125 0.8780487804878049 0.541015625 0.8885017421602788 0.517578125 0.8885017421602788 0.517578125 0.8641114982578397 0.5234375 0.8571428571428571 0.529296875 0.8571428571428571 0.53125 0.8536585365853658 0.544921875 0.8536585365853658 0.546875 0.8571428571428571 0.55078125 0.8536585365853658 0.5546875 0.8432055749128919 0.556640625 0.8432055749128919
0 0.658203125 0.39372822299651566 0.666015625 0.3867595818815331 0.67578125 0.3867595818815331 0.6796875 0.3832752613240418 0.6796875 0.4355400696864111 0.666015625 0.43205574912891986 0.66015625 0.4250871080139373 0.654296875 0.4250871080139373 0.646484375 0.4181184668989547 0.646484375 0.4146341463414634 0.650390625 0.41114982578397213 0.650390625 0.40418118466898956 0.658203125 0.397212543554007
0 0.35546875 0 0.380859375 0 0.37109375 0 0.369140625 0.003484320557491289 0.357421875 0
0 0.5078125 0.40418118466898956 0.5078125 0.36585365853658536 0.517578125 0.36585365853658536 0.517578125 0.40418118466898956 0.509765625 0.40418118466898956
0 0.6171875 0.3554006968641115 0.619140625 0.3554006968641115 0.62109375 0.34843205574912894 0.625 0.34843205574912894 0.625 0.3832752613240418 0.62109375 0.3867595818815331 0.62109375 0.4146341463414634 0.619140625 0.4181184668989547 0.619140625 0.4250871080139373 0.615234375 0.42857142857142855 0.603515625 0.42857142857142855 0.599609375 0.43205574912891986 0.59765625 0.42857142857142855 0.587890625 0.42857142857142855 0.587890625 0.42160278745644597 0.583984375 0.4181184668989547 0.583984375 0.3902439024390244 0.58984375 0.3867595818815331 0.591796875 0.3797909407665505 0.599609375 0.3797909407665505 0.615234375 0.3693379790940767 0.6171875 0.36585365853658536 0.6171875 0.3588850174216028
0 0.49609375 0.6236933797909407 0.498046875 0.627177700348432 0.509765625 0.627177700348432 0.51171875 0.6236933797909407 0.51171875 0.6376306620209059 0.5078125 0.6376306620209059 0.501953125 0.6445993031358885 0.498046875 0.6445993031358885 0.490234375 0.6515679442508711 0.46875 0.6515679442508711 0.466796875 0.6550522648083623 0.458984375 0.6550522648083623 0.455078125 0.6515679442508711 0.455078125 0.6480836236933798 0.458984375 0.6445993031358885 0.462890625 0.6341463414634146 0.474609375 0.6306620209059234 0.4765625 0.627177700348432 0.482421875 0.627177700348432 0.484375 0.6236933797909407 0.494140625 0.6236933797909407
0 0.64453125 0.25435540069686413 0.66796875 0.25435540069686413 0.669921875 0.2613240418118467 0.6796875 0.2613240418118467 0.6796875 0.28222996515679444 0.677734375 0.2857142857142857 0.671875 0.2857142857142857 0.669921875 0.289198606271777 0.66015625 0.2926829268292683 0.65625 0.29965156794425085 0.658203125 0.30662020905923343 0.650390625 0.31010452961672474 0.6484375 0.30662020905923343 0.615234375 0.30662020905923343 0.615234375 0.2961672473867596 0.619140625 0.2787456445993031 0.62109375 0.2787456445993031 0.626953125 0.2682926829268293 0.630859375 0.2682926829268293 0.63671875 0.2613240418118467 0.642578125 0.2613240418118467 0.64453125 0.2578397212543554