0 0.65625 0.4791666666666667 0.673828125 0.4791666666666667 0.673828125 0.4861111111111111 0.66796875 0.4930555555555556 0.673828125 0.5 0.673828125 0.5555555555555556 0.669921875 0.5555555555555556 0.66796875 0.5590277777777778 0.66015625 0.5590277777777778 0.658203125 0.5555555555555556 0.65625 0.5069444444444444 0.658203125 0.5 0.662109375 0.4965277777777778 0.662109375 0.4930555555555556 0.658203125 0.4895833333333333 0.65625 0.4826388888888889
0 0.591796875 0.6875 0.59375 0.6944444444444444 0.603515625 0.6944444444444444 0.60546875 0.6875 0.619140625 0.6875 0.619140625 0.6944444444444444 0.607421875 0.6944444444444444 0.60546875 0.6979166666666666 0.603515625 0.6944444444444444 0.58984375 0.6979166666666666 0.591796875 0.6909722222222222
0 0.546875 0.0625 0.548828125 0.0625 0.55078125 0.06944444444444445 0.5625 0.06944444444444445 0.55859375 0.0763888888888889 0.55859375 0.09722222222222222 0.556640625 0.10416666666666667 0.552734375 0.1076388888888889 0.546875 0.11805555555555555 0.546875 0.12152777777777778 0.541015625 0.12152777777777778 0.5390625 0.125 0.529296875 0.125 0.525390625 0.12152777777777778 0.525390625 0.09722222222222222 0.521484375 0.09375 0.521484375 0.09027777777777778 0.52734375 0.09027777777777778 0.5390625 0.07291666666666667 0.546875 0.06597222222222222
0 0.6328125 0.7083333333333334 0.638671875 0.7083333333333334 0.640625 0.7118055555555556 0.646484375 0.7118055555555556 0.650390625 0.7083333333333334 0.6484375 0.7222222222222222 0.650390625 0.7256944444444444 0.650390625 0.7395833333333334 0.65234375 0.7430555555555556 0.650390625 0.7465277777777778 0.650390625 0.7673611111111112 0.6484375 0.7743055555555556 0.642578125 0.7638888888888888 0.64453125 0.7222222222222222 0.640625 0.7152777777777778 0.63671875 0.7152777777777778 0.634765625 0.7118055555555556
0 0.5625 0.2777777777777778 0.572265625 0.2777777777777778 0.572265625 0.3263888888888889 0.568359375 0.3298611111111111 0.56640625 0.3263888888888889 0.5625 0.3263888888888889 0.5625 0.2951388888888889 0.56640625 0.2951388888888889 0.568359375 0.2916666666666667 0.568359375 0.2847222222222222 0.56640625 0.28125 0.5625 0.28125
0 0.53125 0.3923611111111111 0.53515625 0.3923611111111111 0.53515625 0.4166666666666667 0.53125 0.4201388888888889 0.529296875 0.4131944444444444 0.525390625 0.4131944444444444 0.525390625 0.3993055555555556 0.529296875 0.3993055555555556 0.53125 0.3958333333333333
0 0.6032967032967033 0.6793650793650793 0.012452781593406594 0.022466422466422466
0 0.52734375 0.3541666666666667 0.533203125 0.3506944444444444 0.533203125 0.3680555555555556 0.53515625 0.3715277777777778 0.53125 0.3715277777777778 0.53125 0.3645833333333333 0.52734375 0.3611111111111111 0.52734375 0.3576388888888889
0 0.62890625 0.2534722222222222 0.63671875 0.2534722222222222 0.646484375 0.2604166666666667 0.646484375 0.2638888888888889 0.65234375 0.2743055555555556 0.654296875 0.2743055555555556 0.658203125 0.2847222222222222 0.658203125 0.2916666666666667 0.66015625 0.2951388888888889 0.658203125 0.3680555555555556 0.662109375 0.375 0.662109375 0.3819444444444444 0.66015625 0.3854166666666667 0.662109375 0.3888888888888889 0.654296875 0.3819444444444444 0.646484375 0.3819444444444444 0.64453125 0.3854166666666667 0.650390625 0.3715277777777778 0.650390625 0.3611111111111111 0.646484375 0.3506944444444444 0.640625 0.3402777777777778 0.638671875 0.3402777777777778 0.634765625 0.3159722222222222 0.62890625 0.3090277777777778 0.625 0.3090277777777778 0.625 0.3055555555555556 0.626953125 0.3055555555555556 0.630859375 0.2951388888888889 0.62890625 0.2881944444444444 0.62890625 0.2743055555555556 0.625 0.2708333333333333 0.625 0.2604166666666667 0.62890625 0.2569444444444444
0 0.359375 0.9722222222222222 0.36328125 0.96875 0.3671875 0.9722222222222222 0.365234375 0.9756944444444444 0.365234375 0.9826388888888888 0.361328125 0.9861111111111112 0.359375 0.9861111111111112 0.359375 0.9756944444444444
0 0.501953125 0.6388888888888888 0.505859375 0.6388888888888888 0.505859375 0.6701388888888888 0.501953125 0.6770833333333334 0.501953125 0.6666666666666666 0.5 0.6631944444444444 0.49609375 0.6631944444444444 0.49609375 0.6493055555555556 0.5 0.6493055555555556 0.501953125 0.6423611111111112
0 0.525390625 0.5625 0.53125 0.5625 0.53125 0.5694444444444444 0.53515625 0.5729166666666666 0.53515625 0.6006944444444444 0.533203125 0.5972222222222222 0.533203125 0.5902777777777778 0.529296875 0.5868055555555556 0.529296875 0.5763888888888888 0.521484375 0.5694444444444444 0.525390625 0.5659722222222222
0 0.509765625 0.2534722222222222 0.513671875 0.2534722222222222 0.513671875 0.2777777777777778 0.509765625 0.28125 0.50390625 0.2777777777777778 0.50390625 0.2673611111111111 0.5078125 0.2673611111111111 0.509765625 0.2638888888888889 0.509765625 0.2569444444444444
0 0.509765625 0.3090277777777778 0.513671875 0.3090277777777778 0.513671875 0.3368055555555556 0.509765625 0.3333333333333333 0.509765625 0.3125
0 0.654296875 0.5 0.65625 0.5069444444444444 0.66015625 0.5069444444444444 0.66015625 0.5590277777777778 0.654296875 0.5659722222222222 0.6484375 0.5659722222222222 0.646484375 0.5590277777777778 0.6484375 0.5243055555555556 0.65234375 0.5208333333333334 0.654296875 0.5138888888888888 0.654296875 0.5034722222222222
0 0.494140625 0.3333333333333333 0.498046875 0.3333333333333333 0.498046875 0.34375 0.494140625 0.34375 0.494140625 0.3368055555555556
0 0.671875 0.9513888888888888 0.681640625 0.9513888888888888 0.681640625 0.9722222222222222 0.677734375 0.9756944444444444 0.671875 0.96875 0.671875 0.9548611111111112
0 0.53125 0.3333333333333333 0.53125 0.3506944444444444 0.521484375 0.3472222222222222 0.521484375 0.3368055555555556 0.529296875 0.3333333333333333
0 0.509765625 0.3298611111111111 0.513671875 0.3298611111111111 0.513671875 0.3611111111111111 0.51171875 0.3611111111111111 0.5078125 0.3472222222222222 0.50390625 0.3472222222222222 0.50390625 0.3368055555555556 0.5078125 0.3368055555555556 0.509765625 0.3333333333333333
0 0.685546875 0.5520833333333334 0.69140625 0.5520833333333334 0.69140625 0.6041666666666666 0.689453125 0.6111111111111112 0.685546875 0.6111111111111112 0.6796875 0.6006944444444444 0.677734375 0.6006944444444444 0.677734375 0.5868055555555556 0.681640625 0.5833333333333334 0.681640625 0.5590277777777778 0.685546875 0.5555555555555556
0 0.6796875 0.08333333333333333 0.6796875 0.12152777777777778 0.67578125 0.125 0.66796875 0.1423611111111111 0.662109375 0.1388888888888889 0.662109375 0.13194444444444445 0.6640625 0.13194444444444445 0.666015625 0.1284722222222222 0.666015625 0.12152777777777778 0.669921875 0.11805555555555555 0.669921875 0.11458333333333333 0.666015625 0.1111111111111111 0.669921875 0.1076388888888889 0.671875 0.09375 0.677734375 0.08680555555555555
0 0.4921875 0.28125 0.4921875 0.3159722222222222 0.48828125 0.3159722222222222 0.48828125 0.3020833333333333 0.486328125 0.2986111111111111 0.482421875 0.2986111111111111 0.482421875 0.2951388888888889 0.486328125 0.2951388888888889 0.48828125 0.2916666666666667 0.486328125 0.2881944444444444 0.482421875 0.2881944444444444 0.482421875 0.2847222222222222 0.490234375 0.28125
0 0.46875 0.027777777777777776 0.470703125 0.027777777777777776 0.470703125 0.034722222222222224 0.47265625 0.03819444444444445 0.47265625 0.059027777777777776 0.470703125 0.0625 0.470703125 0.08333333333333333 0.47265625 0.09027777777777778 0.46484375 0.08680555555555555 0.46484375 0.08333333333333333 0.46875 0.0798611111111111 0.46875 0.03125
0 0.51953125 0.2604166666666667 0.521484375 0.2638888888888889 0.51953125 0.2847222222222222 0.517578125 0.28125 0.51953125 0.2777777777777778 0.51953125 0.2638888888888889
0 0.662109375 0.5659722222222222 0.66796875 0.5659722222222222 0.66796875 0.6111111111111112 0.658203125 0.6215277777777778 0.646484375 0.6180555555555556 0.646484375 0.5972222222222222 0.6484375 0.5972222222222222 0.65234375 0.5833333333333334 0.654296875 0.5833333333333334 0.65625 0.5763888888888888 0.662109375 0.5694444444444444
0 0.5234375 0.5833333333333334 0.5234375 0.6284722222222222 0.51953125 0.6284722222222222 0.521484375 0.625 0.51953125 0.59375 0.513671875 0.5868055555555556 0.515625 0.5833333333333334 0.521484375 0.5833333333333334
0 0.35546875 0.4201388888888889 0.365234375 0.4201388888888889 0.365234375 0.4305555555555556 0.36328125 0.4340277777777778 0.35546875 0.4305555555555556 0.35546875 0.4236111111111111
0 0.529296875 0.2569444444444444 0.533203125 0.2569444444444444 0.533203125 0.2777777777777778 0.529296875 0.2777777777777778 0.529296875 0.2604166666666667
0 0.537109375 0.2777777777777778 0.537109375 0.2916666666666667 0.5390625 0.2951388888888889 0.537109375 0.3020833333333333 0.537109375 0.3125 0.53515625 0.3125 0.537109375 0.3055555555555556 0.537109375 0.28125
0 0.515625 0.6354166666666666 0.51953125 0.6354166666666666 0.51953125 0.6388888888888888 0.525390625 0.6458333333333334 0.525390625 0.6701388888888888 0.5234375 0.6736111111111112 0.521484375 0.65625 0.517578125 0.6527777777777778 0.515625 0.6388888888888888
0 0.5892857142857143 0.6598290598290598 0.013002232142857142 0.02442002442002442