0 0.328125 0.08680555555555555 0.330078125 0.08680555555555555 0.3359375 0.10069444444444445 0.345703125 0.1076388888888889 0.35546875 0.13541666666666666 0.35546875 0.1527777777777778 0.353515625 0.1597222222222222 0.3515625 0.1597222222222222 0.345703125 0.1701388888888889 0.33984375 0.1701388888888889 0.3359375 0.16666666666666666 0.328125 0.1527777777777778 0.328125 0.14930555555555555 0.322265625 0.1423611111111111 0.30859375 0.14583333333333334 0.306640625 0.1423611111111111 0.30859375 0.1111111111111111 0.3125 0.1111111111111111 0.318359375 0.12152777777777778 0.322265625 0.12152777777777778 0.33203125 0.10069444444444445 0.328125 0.09027777777777778
0 0.3984375 0 0.447265625 0 0.447265625 0.006944444444444444 0.451171875 0.020833333333333332 0.45703125 0.03125 0.4609375 0.04513888888888889 0.45703125 0.05555555555555555 0.435546875 0.04861111111111111 0.423828125 0.034722222222222224 0.419921875 0.034722222222222224 0.40625 0.017361111111111112 0.400390625 0.006944444444444444 0.400390625 0.003472222222222222
0 0.48828125 0.024305555555555556 0.494140625 0.03125 0.5078125 0.03125 0.509765625 0.034722222222222224 0.515625 0.034722222222222224 0.521484375 0.027777777777777776 0.52734375 0.027777777777777776 0.52734375 0.03819444444444445 0.521484375 0.041666666666666664 0.513671875 0.05555555555555555 0.501953125 0.08680555555555555 0.48828125 0.10416666666666667 0.470703125 0.11805555555555555 0.439453125 0.11805555555555555 0.427734375 0.1284722222222222 0.419921875 0.1284722222222222 0.419921875 0.125 0.42578125 0.11805555555555555 0.4296875 0.11805555555555555 0.4375 0.10416666666666667 0.453125 0.0625 0.455078125 0.0625 0.466796875 0.041666666666666664 0.486328125 0.024305555555555556
0 0.69140625 0.8645833333333334 0.693359375 0.8680555555555556 0.697265625 0.8680555555555556 0.712890625 0.9027777777777778 0.716796875 0.9201388888888888 0.716796875 0.9340277777777778 0.716796875 0.9305555555555556 0.708984375 0.9201388888888888 0.6953125 0.9201388888888888 0.6875 0.9131944444444444 0.677734375 0.8958333333333334 0.67578125 0.8854166666666666 0.6640625 0.8680555555555556 0.677734375 0.8715277777777778 0.68359375 0.8645833333333334 0.689453125 0.8645833333333334
0 0.34375 0 0.38671875 0 0.390625 0.013888888888888888 0.39453125 0.041666666666666664 0.40625 0.059027777777777776 0.40234375 0.0625 0.392578125 0.04861111111111111 0.388671875 0.04861111111111111 0.37890625 0.03819444444444445 0.375 0.03819444444444445 0.3671875 0.03125 0.361328125 0.03125 0.34375 0.003472222222222222
0 0.67578125 0.90625 0.677734375 0.9097222222222222 0.68359375 0.9097222222222222 0.689453125 0.9166666666666666 0.693359375 0.9270833333333334 0.6953125 0.9409722222222222 0.6875 0.9409722222222222 0.685546875 0.9444444444444444 0.666015625 0.9444444444444444 0.6640625 0.9409722222222222 0.65625 0.9409722222222222 0.650390625 0.9340277777777778 0.650390625 0.9270833333333334 0.65625 0.9131944444444444 0.66015625 0.9131944444444444 0.66796875 0.90625 0.673828125 0.90625
0 0.740234375 0.041666666666666664 0.783203125 0.041666666666666664 0.787109375 0.04513888888888889 0.794921875 0.06597222222222222 0.798828125 0.08333333333333333 0.79296875 0.08333333333333333 0.791015625 0.0798611111111111 0.775390625 0.0763888888888889 0.7734375 0.07291666666666667 0.763671875 0.06944444444444445 0.751953125 0.059027777777777776 0.7421875 0.04513888888888889
0 0.255859375 0 0.26953125 0 0.279296875 0.006944444444444444 0.283203125 0.017361111111111112 0.279296875 0.017361111111111112 0.27734375 0.020833333333333332 0.271484375 0.020833333333333332 0.267578125 0.017361111111111112 0.267578125 0.006944444444444444 0.263671875 0 0.2578125 0
0 0.720703125 0.7951388888888888 0.724609375 0.7986111111111112 0.73046875 0.8263888888888888 0.744140625 0.8506944444444444 0.74609375 0.875 0.748046875 0.8784722222222222 0.748046875 0.8923611111111112 0.75 0.8958333333333334 0.75 0.9027777777777778 0.748046875 0.90625 0.740234375 0.8993055555555556 0.734375 0.8993055555555556 0.72265625 0.8888888888888888 0.7109375 0.8680555555555556 0.708984375 0.8680555555555556 0.708984375 0.8645833333333334 0.703125 0.8541666666666666 0.69921875 0.8263888888888888 0.697265625 0.8229166666666666 0.69140625 0.8229166666666666 0.69140625 0.8159722222222222 0.6953125 0.8055555555555556 0.703125 0.8125 0.708984375 0.8125 0.7109375 0.8090277777777778 0.71484375 0.8125 0.72265625 0.8055555555555556 0.720703125 0.7986111111111112
0 0.876953125 0.1111111111111111 0.876953125 0.11458333333333333 0.8828125 0.125 0.892578125 0.13194444444444445 0.904296875 0.13194444444444445 0.908203125 0.1388888888888889 0.9140625 0.1388888888888889 0.916015625 0.13541666666666666 0.908203125 0.11458333333333333 0.91015625 0.11458333333333333 0.91796875 0.1284722222222222 0.91796875 0.13194444444444445 0.923828125 0.1423611111111111 0.92578125 0.1527777777777778 0.95703125 0.21875 0.95703125 0.22569444444444445 0.974609375 0.2847222222222222 0.974609375 0.2951388888888889 0.982421875 0.3090277777777778 0.982421875 0.3125 0.998046875 0.3368055555555556 0.998046875 0.3472222222222222 0.994140625 0.3472222222222222 0.970703125 0.3125 0.935546875 0.2847222222222222 0.923828125 0.2708333333333333 0.9140625 0.2534722222222222 0.9140625 0.25 0.900390625 0.22569444444444445 0.89453125 0.2048611111111111 0.890625 0.19791666666666666 0.890625 0.1909722222222222 0.880859375 0.1597222222222222 0.87890625 0.14583333333333334 0.87109375 0.13194444444444445 0.8671875 0.13194444444444445 0.869140625 0.11805555555555555 0.875 0.1111111111111111
0 0.404296875 0.020833333333333332 0.416015625 0.03125 0.419921875 0.03819444444444445 0.423828125 0.03819444444444445 0.427734375 0.04513888888888889 0.44140625 0.05555555555555555 0.44140625 0.059027777777777776 0.447265625 0.06944444444444445 0.447265625 0.0763888888888889 0.439453125 0.09027777777777778 0.435546875 0.10416666666666667 0.4296875 0.1111111111111111 0.423828125 0.1111111111111111 0.419921875 0.11458333333333333 0.4140625 0.125 0.4140625 0.1111111111111111 0.41015625 0.10416666666666667 0.40234375 0.10069444444444445 0.396484375 0.09375 0.380859375 0.08680555555555555 0.375 0.0763888888888889 0.3671875 0.06944444444444445 0.361328125 0.059027777777777776 0.357421875 0.059027777777777776 0.3515625 0.04861111111111111 0.3515625 0.04513888888888889 0.357421875 0.034722222222222224 0.365234375 0.034722222222222224 0.3671875 0.03819444444444445 0.376953125 0.041666666666666664 0.3828125 0.04861111111111111 0.38671875 0.04861111111111111 0.390625 0.05555555555555555 0.39453125 0.05555555555555555 0.3984375 0.0625 0.404296875 0.06597222222222222 0.408203125 0.059027777777777776 0.3984375 0.04513888888888889 0.39453125 0.03125 0.396484375 0.024305555555555556 0.40234375 0.020833333333333332
0 0 0 0.025390625 0 0.03515625 0.027777777777777776 0.04296875 0.041666666666666664 0.05078125 0.06597222222222222 0.056640625 0.0763888888888889 0.064453125 0.08333333333333333 0.064453125 0.08680555555555555 0.060546875 0.08680555555555555 0.046875 0.07291666666666667 0.0390625 0.07291666666666667 0.037109375 0.06944444444444445 0.021484375 0.0625 0.001953125 0.03125 0 0.03125 0 0.003472222222222222
0 0.41796875 0.9548611111111112 0.421875 0.9618055555555556 0.42578125 0.9618055555555556 0.435546875 0.9479166666666666 0.435546875 0.9409722222222222 0.4375 0.9375 0.443359375 0.9375 0.4453125 0.9444444444444444 0.443359375 0.9479166666666666 0.443359375 0.9583333333333334 0.4453125 0.9618055555555556 0.451171875 0.9965277777777778 0.419921875 0.9965277777777778 0.419921875 0.9583333333333334