0 0.50293542074364 0.6202090592334495 0.5088062622309197 0.6202090592334495 0.5088062622309197 0.6376306620209059 0.5107632093933464 0.6411149825783972 0.5107632093933464 0.6480836236933798 0.5088062622309197 0.6515679442508711 0.5068493150684932 0.6411149825783972 0.50293542074364 0.6376306620209059 0.50293542074364 0.6236933797909407
0 0.6673189823874756 0.45993031358885017 0.6692759295499021 0.4634146341463415 0.6790606653620352 0.4634146341463415 0.6771037181996086 0.47038327526132406 0.6771037181996086 0.4808362369337979 0.6810176125244618 0.49825783972125437 0.6790606653620352 0.5296167247386759 0.6771037181996086 0.5331010452961672 0.6692759295499021 0.5331010452961672 0.6673189823874756 0.5296167247386759 0.6673189823874756 0.4843205574912892 0.6692759295499021 0.4808362369337979 0.6692759295499021 0.47038327526132406 0.6673189823874756 0.4634146341463415
0 0.5264187866927593 0.6202090592334495 0.5264187866927593 0.6236933797909407 0.5322896281800391 0.6341463414634146 0.5322896281800391 0.6411149825783972 0.5362035225048923 0.6480836236933798 0.5362035225048923 0.662020905923345 0.5322896281800391 0.662020905923345 0.5303326810176126 0.6585365853658537 0.5283757338551859 0.6515679442508711 0.5283757338551859 0.6411149825783972 0.5244618395303327 0.627177700348432 0.5264187866927593 0.6236933797909407
0 0.512720156555773 0.2926829268292683 0.5146771037181996 0.313588850174216 0.5185909980430529 0.3240418118466899 0.5185909980430529 0.3344947735191638 0.5166340508806262 0.3344947735191638 0.5146771037181996 0.3310104529616725 0.5146771037181996 0.3240418118466899 0.5107632093933464 0.3170731707317073 0.512720156555773 0.2961672473867596
0 0.5068493150684932 0.6236933797909407 0.5088062622309197 0.6550522648083623 0.5107632093933464 0.662020905923345 0.49902152641878667 0.6480836236933798 0.49706457925636005 0.6411149825783972 0.49902152641878667 0.627177700348432 0.5048923679060665 0.6236933797909407
0 0.5459882583170255 0.013937282229965157 0.547945205479452 0.017421602787456445 0.5596868884540117 0.017421602787456445 0.5616438356164384 0.013937282229965157 0.5616438356164384 0.017421602787456445 0.5538160469667319 0.024390243902439025 0.5577299412915852 0.03832752613240418 0.5577299412915852 0.04878048780487805 0.5538160469667319 0.06620209059233449 0.547945205479452 0.07665505226480836 0.5420743639921722 0.08710801393728224 0.5303326810176126 0.08710801393728224 0.5303326810176126 0.07665505226480836 0.5283757338551859 0.07317073170731707 0.5303326810176126 0.059233449477351915 0.5264187866927593 0.04878048780487805 0.5283757338551859 0.04529616724738676 0.5322896281800391 0.04878048780487805 0.538160469667319 0.03832752613240418 0.538160469667319 0.03484320557491289 0.547945205479452 0.020905923344947737 0.5459882583170255 0.017421602787456445
0 0.6516634050880626 0.6724738675958188 0.6536203522504892 0.6724738675958188 0.6516634050880626 0.7003484320557491 0.6575342465753424 0.7073170731707317 0.6575342465753424 0.7282229965156795 0.6555772994129159 0.7317073170731707 0.6575342465753424 0.735191637630662 0.6536203522504892 0.7317073170731707 0.6438356164383562 0.7317073170731707 0.6438356164383562 0.7247386759581882 0.6418786692759295 0.7212543554006968 0.6457925636007827 0.7177700348432056 0.649706457925636 0.7073170731707317 0.6477495107632094 0.7003484320557491 0.639921722113503 0.6898954703832753 0.639921722113503 0.686411149825784 0.6477495107632094 0.686411149825784 0.6516634050880626 0.6759581881533101
0 0.5342465753424658 0.37282229965156793 0.5401174168297456 0.3797909407665505 0.5401174168297456 0.39372822299651566 0.538160469667319 0.39372822299651566 0.5342465753424658 0.37630662020905925
0 0.6810176125244618 0.9198606271777003 0.6868884540117417 0.9198606271777003 0.6868884540117417 0.9337979094076655 0.6888454011741683 0.9372822299651568 0.6888454011741683 0.9442508710801394 0.6810176125244618 0.9407665505226481 0.6810176125244618 0.9233449477351916
0 0.589041095890411 0.39372822299651566 0.6105675146771037 0.39372822299651566 0.6125244618395304 0.397212543554007 0.6125244618395304 0.40069686411149824 0.5949119373776908 0.40069686411149824 0.5929549902152642 0.40418118466898956 0.589041095890411 0.40418118466898956 0.589041095890411 0.397212543554007
0 0.6281800391389433 0.18815331010452963 0.6340508806262231 0.18815331010452963 0.639921722113503 0.1951219512195122 0.6438356164383562 0.1951219512195122 0.6516634050880626 0.20905923344947736 0.6575342465753424 0.2264808362369338 0.6575342465753424 0.27177700348432055 0.6536203522504892 0.289198606271777 0.6536203522504892 0.30313588850174217 0.6555772994129159 0.30662020905923343 0.6555772994129159 0.3170731707317073 0.6575342465753424 0.3240418118466899 0.6457925636007827 0.3240418118466899 0.6418786692759295 0.32752613240418116 0.6438356164383562 0.3170731707317073 0.6477495107632094 0.31010452961672474 0.6477495107632094 0.2926829268292683 0.6418786692759295 0.28222996515679444 0.6379647749510763 0.2682926829268293 0.6360078277886497 0.2508710801393728 0.6281800391389433 0.24390243902439024 0.6301369863013698 0.24041811846689895 0.6281800391389433 0.1916376306620209
0 0.487279843444227 0.26480836236933797 0.4911937377690802 0.26480836236933797 0.4911937377690802 0.27526132404181186 0.49510763209393344 0.289198606271777 0.49510763209393344 0.29965156794425085 0.4911937377690802 0.30313588850174217 0.4911937377690802 0.2926829268292683 0.4892367906066536 0.289198606271777 0.4892367906066536 0.27526132404181186 0.487279843444227 0.2682926829268293
0 0.5205479452054794 0.2229965156794425 0.5225048923679061 0.2229965156794425 0.5225048923679061 0.23344947735191637 0.5244618395303327 0.23693379790940766 0.5225048923679061 0.24390243902439024 0.5225048923679061 0.2578397212543554 0.5205479452054794 0.2578397212543554 0.5205479452054794 0.24390243902439024 0.5185909980430529 0.24041811846689895 0.5205479452054794 0.2264808362369338
0 0.6575342465753424 0.47735191637630664 0.6634050880626223 0.47735191637630664 0.6634050880626223 0.49825783972125437 0.6653620352250489 0.5017421602787456 0.6653620352250489 0.5331010452961672 0.6575342465753424 0.5400696864111498 0.6575342465753424 0.5365853658536586 0.6536203522504892 0.5331010452961672 0.6536203522504892 0.5052264808362369 0.6575342465753424 0.5017421602787456 0.6575342465753424 0.4808362369337979
0 0.5322896281800391 0.30313588850174217 0.5322896281800391 0.31010452961672474 0.5362035225048923 0.3170731707317073 0.5362035225048923 0.3310104529616725 0.5322896281800391 0.32752613240418116 0.5303326810176126 0.30662020905923343
0 0.6810176125244618 0.9233449477351916 0.684931506849315 0.9233449477351916 0.6868884540117417 0.926829268292683 0.6888454011741683 0.9337979094076655 0.6888454011741683 0.9477351916376306 0.6947162426614482 0.9547038327526133 0.6966731898238747 0.9616724738675958 0.6947162426614482 0.9651567944250871 0.684931506849315 0.9651567944250871 0.6829745596868885 0.9616724738675958 0.6829745596868885 0.9512195121951219 0.6810176125244618 0.9477351916376306 0.6810176125244618 0.926829268292683
0 0.5362035225048923 0.5505226480836237 0.5440313111545988 0.578397212543554 0.5440313111545988 0.5923344947735192 0.5420743639921722 0.5923344947735192 0.538160469667319 0.578397212543554 0.538160469667319 0.5679442508710801 0.5342465753424658 0.5609756097560976 0.5362035225048923 0.554006968641115
0 0.538160469667319 0.25435540069686413 0.5420743639921722 0.2578397212543554 0.5420743639921722 0.289198606271777 0.5401174168297456 0.289198606271777 0.5420743639921722 0.2857142857142857 0.5420743639921722 0.27177700348432055 0.538160469667319 0.2682926829268293 0.538160469667319 0.2578397212543554
0 0.5929549902152642 0.6550522648083623 0.6007827788649707 0.6550522648083623 0.6027397260273972 0.6585365853658537 0.6066536203522505 0.6585365853658537 0.6105675146771037 0.6515679442508711 0.6144814090019569 0.6550522648083623 0.62426614481409 0.6550522648083623 0.62426614481409 0.662020905923345 0.6223091976516634 0.6655052264808362 0.6144814090019569 0.6655052264808362 0.6125244618395304 0.6689895470383276 0.6125244618395304 0.6794425087108014 0.6105675146771037 0.6829268292682927 0.6086105675146771 0.6829268292682927 0.6105675146771037 0.6794425087108014 0.6046966731898239 0.6655052264808362 0.5929549902152642 0.6655052264808362 0.5929549902152642 0.6585365853658537
0 0.700587084148728 0.4808362369337979 0.7025440313111546 0.4878048780487805 0.7025440313111546 0.5226480836236934 0.6986301369863014 0.5226480836236934 0.6966731898238747 0.519163763066202 0.6966731898238747 0.4912891986062718 0.6986301369863014 0.4843205574912892
0 0.6810176125244618 0.013937282229965157 0.6829745596868885 0.020905923344947737 0.6829745596868885 0.06968641114982578 0.6810176125244618 0.07317073170731707 0.6810176125244618 0.08013937282229965 0.6771037181996086 0.08362369337979095 0.6771037181996086 0.027874564459930314 0.6810176125244618 0.017421602787456445
0 0.5322896281800391 0.32752613240418116 0.5342465753424658 0.32752613240418116 0.5401174168297456 0.33797909407665505 0.5401174168297456 0.34494773519163763 0.5362035225048923 0.34494773519163763 0.5322896281800391 0.3310104529616725
0 0.46771037181996084 0 0.4735812133072407 0 0.4735812133072407 0.0313588850174216 0.4755381604696673 0.03484320557491289 0.4735812133072407 0.0313588850174216 0.46771037181996084 0.0313588850174216 0.46771037181996084 0.003484320557491289
0 0.49510763209393344 0.313588850174216 0.49706457925636005 0.313588850174216 0.5009784735812133 0.32752613240418116 0.5009784735812133 0.3310104529616725 0.49706457925636005 0.3344947735191638 0.49902152641878667 0.32752613240418116 0.49510763209393344 0.3240418118466899 0.49510763209393344 0.3170731707317073
0 0.5714285714285714 0.2508710801393728 0.5753424657534246 0.2508710801393728 0.5772994129158513 0.25435540069686413 0.5753424657534246 0.2613240418118467 0.5753424657534246 0.30313588850174217 0.5733855185909981 0.30662020905923343 0.5714285714285714 0.30662020905923343 0.5714285714285714 0.25435540069686413
0 0.6673189823874756 0.5365853658536586 0.6692759295499021 0.5365853658536586 0.6692759295499021 0.554006968641115 0.6712328767123288 0.5574912891986062 0.6712328767123288 0.5818815331010453 0.6692759295499021 0.5853658536585366 0.6692759295499021 0.5958188153310104 0.6653620352250489 0.6027874564459931 0.6575342465753424 0.6027874564459931 0.6555772994129159 0.5993031358885017 0.6555772994129159 0.5714285714285714 0.6614481409001957 0.5644599303135889 0.6614481409001957 0.5574912891986062 0.6673189823874756 0.5400696864111498
0 0.512720156555773 0.2229965156794425 0.512720156555773 0.25435540069686413 0.5088062622309197 0.2578397212543554 0.5088062622309197 0.24738675958188153 0.512720156555773 0.24390243902439024 0.512720156555773 0.2264808362369338
0 0.5322896281800391 0.22996515679442509 0.5342465753424658 0.22996515679442509 0.5362035225048923 0.23693379790940766 0.5362035225048923 0.24738675958188153 0.538160469667319 0.2508710801393728 0.5362035225048923 0.25435540069686413 0.5362035225048923 0.2682926829268293 0.5322896281800391 0.2613240418118467 0.5322896281800391 0.24041811846689895 0.5303326810176126 0.23693379790940766 0.5322896281800391 0.23344947735191637
0 0.5225048923679061 0.578397212543554 0.5283757338551859 0.578397212543554 0.5283757338551859 0.5888501742160279 0.5322896281800391 0.5958188153310104 0.5322896281800391 0.6062717770034843 0.5342465753424658 0.6097560975609756 0.5342465753424658 0.6202090592334495 0.5303326810176126 0.6202090592334495 0.5264187866927593 0.6132404181184669 0.5264187866927593 0.5923344947735192 0.5225048923679061 0.5818815331010453
0 0.5968688845401174 0.6306620209059234 0.5968688845401174 0.6480836236933798 0.5929549902152642 0.6515679442508711 0.5929549902152642 0.6376306620209059 0.5968688845401174 0.6341463414634146