0 0.609375 0.625 0.611328125 0.6284722222222222 0.611328125 0.6423611111111112 0.61328125 0.6458333333333334 0.61328125 0.6701388888888888 0.611328125 0.6736111111111112 0.611328125 0.6805555555555556 0.609375 0.6840277777777778 0.607421875 0.6805555555555556 0.607421875 0.6666666666666666 0.60546875 0.6631944444444444 0.607421875 0.6284722222222222
0 0.4822916666666667 0.337037037037037 0.010416666666666666 0.012962962962962963
0 0.552734375 0.11805555555555555 0.568359375 0.13194444444444445 0.57421875 0.1423611111111111 0.58203125 0.16666666666666666 0.58203125 0.21875 0.578125 0.21180555555555555 0.5703125 0.2152777777777778 0.5703125 0.21180555555555555 0.576171875 0.2013888888888889 0.576171875 0.1909722222222222 0.55859375 0.15625 0.552734375 0.1597222222222222 0.5546875 0.15625 0.5546875 0.14583333333333334 0.55078125 0.13194444444444445 0.55078125 0.125 0.552734375 0.12152777777777778
0 0.48046875 0.7326388888888888 0.484375 0.7361111111111112 0.484375 0.75 0.48046875 0.7361111111111112
0 0.498046875 0.3541666666666667 0.498046875 0.3923611111111111 0.49609375 0.3888888888888889 0.49609375 0.375 0.494140625 0.3715277777777778 0.494140625 0.3611111111111111 0.49609375 0.3576388888888889
0 0.568359375 0.9375 0.572265625 0.9444444444444444 0.576171875 0.9583333333333334 0.576171875 0.9652777777777778 0.580078125 0.9756944444444444 0.580078125 0.9965277777777778 0.572265625 0.9965277777777778 0.5703125 0.9930555555555556 0.572265625 0.9861111111111112 0.568359375 0.96875 0.568359375 0.9409722222222222
0 0.515625 0.7604166666666666 0.51953125 0.7777777777777778 0.51953125 0.7951388888888888 0.515625 0.7986111111111112 0.515625 0.7881944444444444 0.513671875 0.7847222222222222 0.515625 0.7638888888888888
0 0.462890625 0.34375 0.466796875 0.34375 0.470703125 0.3541666666666667 0.470703125 0.3645833333333333 0.46484375 0.3472222222222222
0 0.48828125 0.6944444444444444 0.4921875 0.7048611111111112 0.4921875 0.7152777777777778 0.48828125 0.6979166666666666
0 0.6393229166666666 0.9203703703703704 0.015104166666666667 0.0462962962962963
0 0.490234375 0.0798611111111111 0.498046875 0.08680555555555555 0.5 0.08333333333333333 0.505859375 0.08333333333333333 0.505859375 0.08680555555555555 0.498046875 0.10069444444444445 0.50390625 0.12152777777777778 0.501953125 0.14583333333333334 0.498046875 0.1527777777777778 0.49609375 0.16319444444444445 0.486328125 0.17708333333333334 0.482421875 0.17708333333333334 0.48046875 0.1736111111111111 0.48046875 0.16666666666666666 0.478515625 0.16319444444444445 0.478515625 0.1423611111111111 0.4765625 0.1388888888888889 0.484375 0.1284722222222222 0.484375 0.12152777777777778 0.494140625 0.10069444444444445 0.490234375 0.09027777777777778 0.490234375 0.08333333333333333
0 0.564453125 0.71875 0.56640625 0.71875 0.568359375 0.7256944444444444 0.568359375 0.7291666666666666 0.564453125 0.7326388888888888 0.564453125 0.7222222222222222
0 0.57421875 0.65625 0.576171875 0.6597222222222222 0.57421875 0.6631944444444444 0.55078125 0.6631944444444444 0.55078125 0.6597222222222222 0.572265625 0.65625
0 0.474609375 0.7013888888888888 0.478515625 0.71875 0.478515625 0.7256944444444444 0.474609375 0.7256944444444444 0.47265625 0.71875 0.474609375 0.7048611111111112
0 0.484375 0.3402777777777778 0.48828125 0.3402777777777778 0.490234375 0.3472222222222222 0.490234375 0.3576388888888889 0.48828125 0.3576388888888889 0.486328125 0.34375
0 0.48203124999999997 0.40138888888888885 0.0078125 0.013888888888888888
0 0.546875 0.4131944444444444 0.548828125 0.4166666666666667 0.564453125 0.4166666666666667 0.564453125 0.4201388888888889 0.548828125 0.4201388888888889 0.544921875 0.4236111111111111 0.544921875 0.4166666666666667
0 0.48046875 0.7013888888888888 0.482421875 0.7013888888888888 0.486328125 0.7152777777777778 0.486328125 0.71875 0.484375 0.71875 0.48046875 0.7118055555555556 0.48046875 0.7048611111111112
0 0.46484375 0.4212962962962963 0.0078125 0.016666666666666666
0 0.611328125 0.5486111111111112 0.61328125 0.5451388888888888 0.6171875 0.5486111111111112 0.615234375 0.5625 0.619140625 0.5763888888888888 0.619140625 0.5972222222222222 0.61328125 0.6076388888888888 0.609375 0.6076388888888888 0.607421875 0.6041666666666666 0.607421875 0.5798611111111112 0.61328125 0.5590277777777778 0.61328125 0.5520833333333334
0 0.458984375 0.3715277777777778 0.462890625 0.3715277777777778 0.46875 0.3854166666666667 0.46484375 0.3854166666666667 0.4609375 0.375
0 0.634765625 0.6215277777777778 0.63671875 0.6284722222222222 0.63671875 0.6388888888888888 0.640625 0.6458333333333334 0.640625 0.65625 0.642578125 0.6597222222222222 0.642578125 0.6840277777777778 0.640625 0.6875 0.6328125 0.6875 0.62890625 0.6701388888888888 0.62890625 0.625 0.6328125 0.6215277777777778
0 0.52734375 0.7048611111111112 0.529296875 0.7048611111111112 0.529296875 0.7118055555555556 0.533203125 0.7222222222222222 0.533203125 0.7569444444444444 0.53125 0.7569444444444444 0.529296875 0.75 0.529296875 0.71875 0.52734375 0.7152777777777778 0.52734375 0.7083333333333334
0 0.484375 0.7326388888888888 0.48828125 0.7361111111111112 0.48828125 0.7430555555555556 0.490234375 0.7465277777777778 0.490234375 0.75 0.48828125 0.75 0.484375 0.7361111111111112
0 0.471875 0.39629629629629626 0.00625 0.014814814814814815
0 0.3450520833333333 0.9532407407407406 0.0067708333333333336 0.01574074074074074
0 0.5078125 0.4444444444444444 0.509765625 0.4444444444444444 0.515625 0.4583333333333333 0.515625 0.4652777777777778 0.5078125 0.4479166666666667
0 0.51171875 0.7777777777777778 0.5078125 0.7604166666666666 0.5078125 0.7395833333333334 0.509765625 0.7361111111111112 0.5078125 0.7326388888888888 0.5078125 0.7256944444444444 0.51171875 0.7222222222222222 0.51171875 0.7395833333333334 0.513671875 0.7430555555555556 0.513671875 0.7743055555555556
0 0.53125 0.3611111111111111 0.533203125 0.3611111111111111 0.537109375 0.3715277777777778 0.537109375 0.4027777777777778 0.53515625 0.4097222222222222 0.533203125 0.40625 0.533203125 0.3715277777777778 0.53125 0.3645833333333333
0 0.646484375 0.9409722222222222 0.650390625 0.9409722222222222 0.650390625 0.9513888888888888 0.65234375 0.9548611111111112 0.65234375 0.9930555555555556 0.6484375 0.9930555555555556 0.646484375 0.9444444444444444
0 0.498046875 0.4027777777777778 0.50390625 0.4027777777777778 0.505859375 0.4097222222222222 0.505859375 0.4201388888888889 0.5 0.40625
0 0.591796875 0.6666666666666666 0.59765625 0.6666666666666666 0.603515625 0.6875 0.603515625 0.6979166666666666 0.6015625 0.7013888888888888 0.6015625 0.7118055555555556 0.603515625 0.7152777777777778 0.6015625 0.7118055555555556 0.595703125 0.7118055555555556 0.58984375 0.71875 0.591796875 0.7152777777777778 0.591796875 0.7048611111111112 0.587890625 0.6944444444444444 0.587890625 0.6805555555555556 0.591796875 0.6701388888888888
0 0.65234375 0.1076388888888889 0.654296875 0.1076388888888889 0.658203125 0.11805555555555555 0.658203125 0.14583333333333334 0.65234375 0.1284722222222222 0.65234375 0.1111111111111111
0 0.55078125 0.6944444444444444 0.55078125 0.7118055555555556 0.548828125 0.7152777777777778 0.548828125 0.6979166666666666