0 0.314453125 0.8506944444444444 0.31640625 0.8541666666666666 0.32421875 0.8541666666666666 0.3359375 0.8645833333333334 0.33984375 0.8715277777777778 0.33984375 0.8819444444444444 0.3359375 0.8888888888888888 0.3203125 0.8993055555555556 0.3125 0.8993055555555556 0.310546875 0.9027777777777778 0.296875 0.8993055555555556 0.287109375 0.90625 0.283203125 0.90625 0.27734375 0.8993055555555556 0.26953125 0.8993055555555556 0.263671875 0.90625 0.255859375 0.90625 0.255859375 0.8993055555555556 0.2578125 0.8958333333333334 0.2578125 0.8784722222222222 0.255859375 0.875 0.2578125 0.8715277777777778 0.271484375 0.875 0.279296875 0.8645833333333334 0.283203125 0.8645833333333334 0.2890625 0.8576388888888888 0.294921875 0.8576388888888888 0.296875 0.8541666666666666 0.30859375 0.8541666666666666 0.3125 0.8506944444444444
0 0.6796875 0.5833333333333334 0.68359375 0.5902777777777778 0.68359375 0.6006944444444444 0.677734375 0.6145833333333334 0.66796875 0.6145833333333334 0.6640625 0.6076388888888888 0.6640625 0.6006944444444444 0.671875 0.5868055555555556 0.677734375 0.5833333333333334
0 0.837890625 0.2708333333333333 0.845703125 0.2881944444444444 0.845703125 0.3055555555555556 0.841796875 0.3125 0.833984375 0.3125 0.826171875 0.3020833333333333 0.826171875 0.2881944444444444 0.828125 0.28125 0.833984375 0.2708333333333333 0.8359375 0.2708333333333333
0 0.169921875 0.7465277777777778 0.181640625 0.7534722222222222 0.19140625 0.7743055555555556 0.19140625 0.7881944444444444 0.1875 0.7916666666666666 0.177734375 0.7743055555555556 0.177734375 0.7708333333333334 0.171875 0.7604166666666666 0.169921875 0.7604166666666666 0.169921875 0.75
0 0.64453125 0.8368055555555556 0.654296875 0.8229166666666666 0.654296875 0.8159722222222222 0.658203125 0.8090277777777778 0.66015625 0.7986111111111112 0.6640625 0.7916666666666666 0.669921875 0.7916666666666666 0.671875 0.7986111111111112 0.66796875 0.8159722222222222 0.65234375 0.8402777777777778 0.646484375 0.8402777777777778
0 0.62890625 0.9270833333333334 0.6328125 0.9270833333333334 0.63671875 0.9444444444444444 0.63671875 0.9756944444444444 0.634765625 0.9791666666666666 0.634765625 0.9895833333333334 0.62890625 0.9965277777777778 0.62890625 0.9305555555555556
0 0.455078125 0.7673611111111112 0.458984375 0.7708333333333334 0.458984375 0.7847222222222222 0.44921875 0.7951388888888888 0.439453125 0.7951388888888888 0.4375 0.7916666666666666 0.4375 0.7847222222222222 0.439453125 0.7847222222222222 0.447265625 0.7708333333333334 0.453125 0.7673611111111112
0 0.44479166666666664 0.5092592592592592 0.03333333333333333 0.14074074074074072
0 0.998046875 0.3784722222222222 0.998046875 0.4444444444444444 0.99609375 0.4444444444444444 0.994140625 0.4375 0.986328125 0.4236111111111111 0.984375 0.4236111111111111 0.984375 0.4166666666666667 0.994140625 0.4027777777777778 0.99609375 0.3819444444444444
0 0.609375 0.9479166666666666 0.611328125 0.9513888888888888 0.615234375 0.9513888888888888 0.62109375 0.9618055555555556 0.615234375 0.96875 0.60546875 0.96875 0.6015625 0.9583333333333334 0.6015625 0.9513888888888888 0.607421875 0.9479166666666666
0 0.08880208333333334 0.04861111111111111 0.03177083333333333 0.045370370370370366
0 0 0.9652777777777778 0.0234375 0.9722222222222222 0.02734375 0.9826388888888888 0.02734375 0.9965277777777778 0.00390625 0.9965277777777778 0 0.9930555555555556 0 0.96875
0 0.05078125 0.6180555555555556 0.05078125 0.6354166666666666 0.044921875 0.6527777777777778 0.04296875 0.6701388888888888 0.0390625 0.6805555555555556 0.025390625 0.7013888888888888 0.01953125 0.6944444444444444 0.01953125 0.6736111111111112 0.021484375 0.6701388888888888 0.021484375 0.6631944444444444 0.03125 0.6354166666666666 0.03515625 0.6319444444444444 0.037109375 0.625 0.04296875 0.6180555555555556 0.048828125 0.6180555555555556
0 0.162109375 0.5555555555555556 0.166015625 0.5555555555555556 0.171875 0.5659722222222222 0.177734375 0.5694444444444444 0.177734375 0.5729166666666666 0.18359375 0.5833333333333334 0.185546875 0.59375 0.189453125 0.5972222222222222 0.189453125 0.6041666666666666 0.19140625 0.6076388888888888 0.189453125 0.6145833333333334 0.1796875 0.6145833333333334 0.177734375 0.6111111111111112 0.17578125 0.5902777777777778 0.169921875 0.5798611111111112 0.169921875 0.5694444444444444 0.1640625 0.5590277777777778
0 0.888671875 0.8611111111111112 0.89453125 0.875 0.89453125 0.8854166666666666 0.884765625 0.8993055555555556 0.87109375 0.8993055555555556 0.8671875 0.8923611111111112 0.86328125 0.8923611111111112 0.86328125 0.8854166666666666 0.869140625 0.8854166666666666 0.873046875 0.8819444444444444 0.884765625 0.8611111111111112 0.88671875 0.8611111111111112
0 0.3880208333333333 0.924074074074074 0.020833333333333332 0.037037037037037035
0 0.349609375 0.6701388888888888 0.3515625 0.6805555555555556 0.337890625 0.7118055555555556 0.326171875 0.7152777777777778 0.322265625 0.7222222222222222 0.314453125 0.7222222222222222 0.310546875 0.7291666666666666 0.30859375 0.7291666666666666 0.30859375 0.71875 0.3046875 0.7152777777777778 0.302734375 0.7083333333333334 0.30859375 0.7083333333333334 0.3125 0.7048611111111112 0.3203125 0.6875 0.322265625 0.6875 0.3359375 0.6666666666666666 0.345703125 0.6666666666666666 0.34765625 0.6701388888888888
0 0.263671875 0.4479166666666667 0.267578125 0.4479166666666667 0.271484375 0.4583333333333333 0.271484375 0.4791666666666667 0.26953125 0.4826388888888889 0.26171875 0.4826388888888889 0.259765625 0.4756944444444444 0.259765625 0.4652777777777778 0.263671875 0.4513888888888889
0 0.162109375 0.22569444444444445 0.166015625 0.22916666666666666 0.166015625 0.2361111111111111 0.1640625 0.23958333333333334 0.16015625 0.2673611111111111 0.154296875 0.2743055555555556 0.146484375 0.2777777777777778 0.13671875 0.2986111111111111 0.1328125 0.2986111111111111 0.123046875 0.2847222222222222 0.123046875 0.28125 0.12890625 0.2708333333333333 0.12890625 0.2638888888888889 0.1328125 0.25 0.140625 0.2361111111111111 0.154296875 0.22569444444444445 0.16015625 0.22569444444444445
0 0.73046875 0.6215277777777778 0.73046875 0.6076388888888888 0.736328125 0.5972222222222222 0.75390625 0.5798611111111112 0.76953125 0.5798611111111112 0.76953125 0.5868055555555556 0.755859375 0.6111111111111112 0.748046875 0.6180555555555556 0.732421875 0.6215277777777778
0 0.419921875 0.3680555555555556 0.421875 0.3715277777777778 0.421875 0.3784722222222222 0.416015625 0.3888888888888889 0.416015625 0.3923611111111111 0.4140625 0.3923611111111111 0.408203125 0.4027777777777778 0.408203125 0.40625 0.40625 0.40625 0.3984375 0.4201388888888889 0.390625 0.4236111111111111 0.3828125 0.4375 0.380859375 0.4375 0.376953125 0.4201388888888889 0.380859375 0.4131944444444444 0.380859375 0.40625 0.38671875 0.3888888888888889 0.404296875 0.3680555555555556 0.41796875 0.3680555555555556
0 0.810546875 0.9618055555555556 0.826171875 0.9756944444444444 0.828125 0.9895833333333334 0.8203125 0.9965277777777778 0.787109375 0.9965277777777778 0.78515625 0.9930555555555556 0.779296875 0.9930555555555556 0.775390625 0.9791666666666666 0.775390625 0.9722222222222222 0.783203125 0.9756944444444444 0.794921875 0.9618055555555556 0.80859375 0.9618055555555556
0 0.193359375 0.6284722222222222 0.20703125 0.6354166666666666 0.216796875 0.6493055555555556 0.232421875 0.6493055555555556 0.234375 0.6458333333333334 0.236328125 0.6493055555555556 0.24609375 0.6493055555555556 0.248046875 0.6458333333333334 0.255859375 0.6458333333333334 0.28125 0.6284722222222222 0.310546875 0.6319444444444444 0.322265625 0.6423611111111112 0.32421875 0.6493055555555556 0.32421875 0.6597222222222222 0.318359375 0.6701388888888888 0.31640625 0.6701388888888888 0.310546875 0.6805555555555556 0.3046875 0.6840277777777778 0.29296875 0.7013888888888888 0.2890625 0.7013888888888888 0.287109375 0.7048611111111112 0.267578125 0.7048611111111112 0.255859375 0.7152777777777778 0.24609375 0.7152777777777778 0.244140625 0.7118055555555556 0.240234375 0.7118055555555556 0.234375 0.6979166666666666 0.216796875 0.6979166666666666 0.21484375 0.7013888888888888 0.203125 0.7013888888888888 0.201171875 0.7048611111111112 0.1953125 0.7048611111111112 0.208984375 0.6840277777777778 0.208984375 0.6597222222222222 0.20703125 0.65625 0.20703125 0.6493055555555556 0.19921875 0.6354166666666666 0.193359375 0.6319444444444444
0 0.2109375 0.2361111111111111 0.212890625 0.23958333333333334 0.212890625 0.2673611111111111 0.208984375 0.2743055555555556 0.203125 0.2951388888888889 0.185546875 0.3333333333333333 0.185546875 0.3402777777777778 0.181640625 0.3541666666666667 0.17578125 0.3645833333333333 0.169921875 0.3645833333333333 0.16796875 0.3611111111111111 0.1640625 0.3645833333333333 0.162109375 0.3715277777777778 0.162109375 0.3819444444444444 0.158203125 0.3958333333333333 0.158203125 0.40625 0.154296875 0.4131944444444444 0.154296875 0.4201388888888889 0.15234375 0.4166666666666667 0.154296875 0.4097222222222222 0.15234375 0.3854166666666667 0.142578125 0.3680555555555556 0.1328125 0.3611111111111111 0.134765625 0.3576388888888889 0.14453125 0.3541666666666667 0.1484375 0.3472222222222222 0.150390625 0.3159722222222222 0.15625 0.2951388888888889 0.16796875 0.2708333333333333 0.16796875 0.2638888888888889 0.169921875 0.2604166666666667 0.17578125 0.2569444444444444 0.189453125 0.23958333333333334 0.193359375 0.23958333333333334 0.1953125 0.2361111111111111 0.208984375 0.2361111111111111
0 0.4453125 0.2222222222222222 0.462890625 0.25 0.46484375 0.2743055555555556 0.458984375 0.2743055555555556 0.455078125 0.2708333333333333 0.435546875 0.2326388888888889 0.435546875 0.2152777777777778 0.4375 0.21180555555555555 0.439453125 0.21180555555555555 0.443359375 0.2222222222222222
0 0.38671875 0.6319444444444444 0.392578125 0.6388888888888888 0.39453125 0.6493055555555556 0.390625 0.65625 0.38671875 0.65625 0.384765625 0.6597222222222222 0.373046875 0.6597222222222222 0.37109375 0.65625 0.365234375 0.65625 0.35546875 0.6458333333333334 0.35546875 0.6388888888888888 0.36328125 0.6388888888888888 0.376953125 0.6284722222222222 0.3828125 0.6284722222222222 0.384765625 0.6319444444444444
0 0.375 0.3125 0.376953125 0.3194444444444444 0.376953125 0.3298611111111111 0.380859375 0.34375 0.36328125 0.3611111111111111 0.34765625 0.3611111111111111 0.34765625 0.3576388888888889 0.3515625 0.3541666666666667 0.3515625 0.3472222222222222 0.345703125 0.3333333333333333 0.353515625 0.3402777777777778 0.361328125 0.3333333333333333 0.365234375 0.3229166666666667 0.37109375 0.3125 0.373046875 0.3125
0 0.62890625 0.8506944444444444 0.6328125 0.8472222222222222 0.638671875 0.8541666666666666 0.65234375 0.8576388888888888 0.65625 0.8645833333333334 0.658203125 0.875 0.65625 0.8784722222222222 0.6484375 0.8784722222222222 0.64453125 0.8715277777777778 0.640625 0.8715277777777778 0.630859375 0.8541666666666666
0 0.572265625 0.8715277777777778 0.57421875 0.875 0.572265625 0.8854166666666666 0.5703125 0.8854166666666666 0.56640625 0.8958333333333334 0.55859375 0.90625 0.55078125 0.90625 0.546875 0.9027777777777778 0.546875 0.8888888888888888 0.552734375 0.8784722222222222 0.552734375 0.875 0.55859375 0.8680555555555556 0.5703125 0.8715277777777778
0 0.849609375 0.6770833333333334 0.857421875 0.6875 0.853515625 0.6944444444444444 0.84375 0.7013888888888888 0.830078125 0.7048611111111112 0.828125 0.7083333333333334 0.826171875 0.7048611111111112 0.8203125 0.7048611111111112 0.8203125 0.6909722222222222 0.826171875 0.6805555555555556 0.830078125 0.6770833333333334 0.84765625 0.6770833333333334
0 0.345703125 0.78125 0.353515625 0.7986111111111112 0.349609375 0.8090277777777778 0.337890625 0.8090277777777778 0.328125 0.7986111111111112 0.328125 0.7916666666666666 0.330078125 0.7881944444444444 0.337890625 0.78125 0.34375 0.78125
0 0.849609375 0.8541666666666666 0.859375 0.84375 0.8671875 0.8402777777777778 0.873046875 0.8298611111111112 0.873046875 0.8159722222222222 0.900390625 0.7708333333333334 0.91015625 0.7638888888888888 0.916015625 0.7638888888888888 0.91796875 0.7604166666666666 0.939453125 0.7604166666666666 0.94140625 0.7708333333333334 0.9375 0.7847222222222222 0.9296875 0.7986111111111112 0.923828125 0.8159722222222222 0.91796875 0.8263888888888888 0.908203125 0.8333333333333334 0.892578125 0.8576388888888888 0.88671875 0.8576388888888888 0.884765625 0.8506944444444444 0.880859375 0.8506944444444444 0.875 0.8611111111111112 0.869140625 0.8784722222222222 0.86328125 0.8854166666666666 0.865234375 0.8611111111111112 0.859375 0.8541666666666666 0.853515625 0.8541666666666666 0.8515625 0.8576388888888888
0 0 0.1909722222222222 0.0078125 0.1840277777777778 0.013671875 0.1840277777777778 0.017578125 0.1909722222222222 0.017578125 0.21180555555555555 0.013671875 0.2222222222222222 0.01171875 0.23958333333333334 0.005859375 0.25 0.005859375 0.2569444444444444 0.001953125 0.2638888888888889 0 0.2638888888888889 0 0.19444444444444445
0 0.205078125 0.19444444444444445 0.205078125 0.21180555555555555 0.19921875 0.2222222222222222 0.197265625 0.2326388888888889 0.193359375 0.2326388888888889 0.189453125 0.23958333333333334 0.1796875 0.2465277777777778 0.17578125 0.2534722222222222 0.169921875 0.2569444444444444 0.1640625 0.2673611111111111 0.1640625 0.2465277777777778 0.169921875 0.21875 0.1796875 0.2013888888888889 0.18359375 0.2013888888888889 0.189453125 0.19444444444444445 0.203125 0.19444444444444445
0 0.4375 0.3159722222222222 0.435546875 0.3090277777777778 0.435546875 0.2986111111111111 0.443359375 0.28125 0.44921875 0.28125 0.45703125 0.2951388888888889 0.458984375 0.3090277777777778 0.45703125 0.3159722222222222 0.439453125 0.3159722222222222
0 0.65234375 0.4895833333333333 0.65625 0.5 0.654296875 0.5034722222222222 0.654296875 0.5104166666666666 0.650390625 0.5173611111111112 0.650390625 0.5277777777777778 0.62890625 0.5694444444444444 0.62890625 0.5729166666666666 0.626953125 0.5729166666666666 0.62109375 0.5625 0.61328125 0.5625 0.61328125 0.5590277777777778 0.62109375 0.5555555555555556 0.626953125 0.5451388888888888 0.626953125 0.5277777777777778 0.6328125 0.5069444444444444 0.638671875 0.4965277777777778 0.650390625 0.4895833333333333
0 0.4401041666666667 0.6962962962962963 0.036458333333333336 0.037037037037037035
0 0.1953125 0.027777777777777776 0.203125 0.04513888888888889 0.201171875 0.04861111111111111 0.201171875 0.05555555555555555 0.189453125 0.07291666666666667 0.18359375 0.07291666666666667 0.181640625 0.0763888888888889 0.166015625 0.0763888888888889 0.1640625 0.07291666666666667 0.1640625 0.06597222222222222 0.171875 0.04513888888888889 0.1796875 0.03125 0.18359375 0.027777777777777776 0.193359375 0.027777777777777776
0 0.334375 0.7324074074074074 0.022916666666666665 0.04259259259259259
0 0.8828125 0.3819444444444444 0.890625 0.3888888888888889 0.890625 0.3993055555555556 0.888671875 0.40625 0.884765625 0.4097222222222222 0.875 0.40625 0.87109375 0.3958333333333333 0.87109375 0.3888888888888889 0.873046875 0.3854166666666667 0.880859375 0.3854166666666667
0 0.5390625 0.4756944444444444 0.54296875 0.4791666666666667 0.544921875 0.4895833333333333 0.541015625 0.4965277777777778 0.541015625 0.5069444444444444 0.537109375 0.5173611111111112 0.51953125 0.5381944444444444 0.515625 0.5381944444444444 0.513671875 0.5347222222222222 0.51953125 0.5173611111111112 0.51953125 0.5104166666666666 0.5390625 0.4791666666666667
0 0.685546875 0.7569444444444444 0.689453125 0.7569444444444444 0.6953125 0.7673611111111112 0.697265625 0.7673611111111112 0.705078125 0.7881944444444444 0.705078125 0.8125 0.703125 0.8159722222222222 0.701171875 0.8125 0.697265625 0.8125 0.69140625 0.8020833333333334 0.685546875 0.78125 0.685546875 0.7743055555555556 0.68359375 0.7708333333333334 0.68359375 0.7638888888888888 0.685546875 0.7604166666666666
0 0.08203125 0.22916666666666666 0.083984375 0.22569444444444445 0.083984375 0.20833333333333334 0.08203125 0.2048611111111111 0.08203125 0.1736111111111111 0.083984375 0.1701388888888889 0.083984375 0.16319444444444445 0.091796875 0.1423611111111111 0.095703125 0.1388888888888889 0.1015625 0.1388888888888889 0.10546875 0.14583333333333334 0.10546875 0.1840277777777778 0.103515625 0.1875 0.103515625 0.19444444444444445 0.09765625 0.20833333333333334 0.09765625 0.22569444444444445 0.091796875 0.2361111111111111 0.08984375 0.2638888888888889 0.087890625 0.2638888888888889 0.087890625 0.25 0.083984375 0.23958333333333334 0.083984375 0.2326388888888889
0 0.541015625 0.4722222222222222 0.541015625 0.4756944444444444 0.548828125 0.4861111111111111 0.548828125 0.4965277777777778 0.5546875 0.5173611111111112 0.552734375 0.53125 0.546875 0.53125 0.5390625 0.5104166666666666 0.5390625 0.4756944444444444
0 0.759765625 0.04861111111111111 0.763671875 0.04861111111111111 0.767578125 0.05555555555555555 0.775390625 0.05555555555555555 0.779296875 0.052083333333333336 0.78125 0.05555555555555555 0.79296875 0.05555555555555555 0.794921875 0.059027777777777776 0.80078125 0.059027777777777776 0.814453125 0.06944444444444445 0.818359375 0.08333333333333333 0.818359375 0.09027777777777778 0.810546875 0.10069444444444445 0.78125 0.10069444444444445 0.775390625 0.09027777777777778 0.7734375 0.09027777777777778 0.76953125 0.0798611111111111 0.7578125 0.0798611111111111 0.7578125 0.059027777777777776 0.759765625 0.052083333333333336
0 0.8515625 0.10416666666666667 0.853515625 0.1076388888888889 0.859375 0.1076388888888889 0.869140625 0.125 0.87109375 0.1388888888888889 0.8671875 0.14583333333333334 0.861328125 0.14583333333333334 0.849609375 0.15625 0.84375 0.14930555555555555 0.833984375 0.14930555555555555 0.826171875 0.13541666666666666 0.8203125 0.13541666666666666 0.8203125 0.1284722222222222 0.818359375 0.125 0.818359375 0.11805555555555555 0.82421875 0.11805555555555555 0.828125 0.12152777777777778 0.837890625 0.1076388888888889 0.845703125 0.1076388888888889 0.849609375 0.10416666666666667