0 0.88671875 0.4738675958188153 0.888671875 0.46689895470383275 0.908203125 0.46689895470383275 0.91015625 0.4738675958188153 0.92578125 0.47735191637630664 0.9375 0.4878048780487805 0.94140625 0.4878048780487805 0.9453125 0.49477351916376305 0.94921875 0.49477351916376305 0.951171875 0.49825783972125437 0.951171875 0.5261324041811847 0.94921875 0.5261324041811847 0.94140625 0.5156794425087108 0.927734375 0.5121951219512195 0.923828125 0.5052264808362369 0.912109375 0.5017421602787456 0.91015625 0.49477351916376305 0.8984375 0.4912891986062718 0.890625 0.4843205574912892 0.888671875 0.47735191637630664
0 0.51953125 0.1602787456445993 0.53125 0.156794425087108 0.533203125 0.14982578397212543 0.572265625 0.14982578397212543 0.572265625 0.17770034843205576 0.5703125 0.18118466898954705 0.544921875 0.18118466898954705 0.54296875 0.18466898954703834 0.537109375 0.18466898954703834 0.53515625 0.18118466898954705 0.51953125 0.18118466898954705 0.51953125 0.16376306620209058
0 0.689453125 0.20209059233449478 0.69140625 0.20557491289198607 0.703125 0.20557491289198607 0.703125 0.21951219512195122 0.677734375 0.21951219512195122 0.67578125 0.2229965156794425 0.6640625 0.2229965156794425 0.662109375 0.2264808362369338 0.611328125 0.2264808362369338 0.603515625 0.21951219512195122 0.603515625 0.21254355400696864 0.60546875 0.21254355400696864 0.607421875 0.20557491289198607 0.619140625 0.20209059233449478 0.62109375 0.1951219512195122 0.677734375 0.1951219512195122 0.6796875 0.20209059233449478 0.6875 0.20209059233449478
0 0.6484375 0.3693379790940767 0.6484375 0.3797909407665505 0.650390625 0.3832752613240418 0.6484375 0.3867595818815331 0.64453125 0.3902439024390244 0.6328125 0.3902439024390244 0.630859375 0.39372822299651566 0.595703125 0.3902439024390244 0.591796875 0.3867595818815331 0.595703125 0.37630662020905925 0.599609375 0.37282229965156793 0.60546875 0.37282229965156793 0.607421875 0.3693379790940767 0.615234375 0.3693379790940767 0.6171875 0.36585365853658536 0.626953125 0.36585365853658536 0.62890625 0.3588850174216028 0.638671875 0.3588850174216028 0.640625 0.36585365853658536 0.64453125 0.36585365853658536 0.646484375 0.3693379790940767
0 0.55078125 0.18118466898954705 0.5546875 0.18118466898954705 0.556640625 0.17421602787456447 0.5703125 0.17421602787456447 0.572265625 0.18118466898954705 0.5859375 0.18118466898954705 0.591796875 0.18815331010452963 0.591796875 0.21254355400696864 0.56640625 0.21254355400696864 0.55859375 0.20209059233449478 0.55078125 0.1986062717770035 0.55078125 0.18466898954703834
0 0.6171875 0.6898954703832753 0.619140625 0.6933797909407665 0.626953125 0.6933797909407665 0.63671875 0.7003484320557491 0.640625 0.7073170731707317 0.640625 0.7142857142857143 0.6171875 0.7073170731707317 0.611328125 0.7142857142857143 0.591796875 0.7142857142857143 0.58984375 0.7177700348432056 0.5859375 0.7177700348432056 0.583984375 0.7142857142857143 0.548828125 0.7142857142857143 0.546875 0.710801393728223 0.5390625 0.710801393728223 0.537109375 0.7073170731707317 0.533203125 0.7073170731707317 0.533203125 0.7003484320557491 0.53515625 0.7003484320557491 0.537109375 0.6933797909407665 0.541015625 0.6898954703832753 0.55078125 0.6898954703832753 0.552734375 0.6829268292682927 0.60546875 0.6829268292682927 0.607421875 0.6898954703832753 0.615234375 0.6898954703832753
0 0.640625 0.40418118466898956 0.642578125 0.4076655052264808 0.658203125 0.41114982578397213 0.66015625 0.42160278745644597 0.654296875 0.42160278745644597 0.65234375 0.4250871080139373 0.640625 0.4250871080139373 0.638671875 0.42160278745644597 0.6328125 0.42160278745644597 0.630859375 0.4250871080139373 0.576171875 0.42160278745644597 0.568359375 0.4146341463414634 0.568359375 0.4076655052264808 0.572265625 0.40418118466898956 0.58203125 0.40418118466898956 0.583984375 0.397212543554007 0.62109375 0.397212543554007 0.623046875 0.40418118466898956 0.638671875 0.40418118466898956
0 0.4609375 0.1951219512195122 0.466796875 0.20209059233449478 0.466796875 0.20557491289198607 0.462890625 0.20905923344947736 0.458984375 0.20905923344947736 0.451171875 0.21602787456445993 0.4453125 0.21602787456445993 0.443359375 0.21951219512195122 0.4375 0.21951219512195122 0.43359375 0.2264808362369338 0.4296875 0.2264808362369338 0.427734375 0.22996515679442509 0.41015625 0.23344947735191637 0.408203125 0.23693379790940766 0.3828125 0.23344947735191637 0.3828125 0.2264808362369338 0.38671875 0.21602787456445993 0.400390625 0.21254355400696864 0.40234375 0.20905923344947736 0.412109375 0.20905923344947736 0.4140625 0.20557491289198607 0.451171875 0.20209059233449478 0.458984375 0.1951219512195122
0 0.431640625 0.4076655052264808 0.43359375 0.4076655052264808 0.435546875 0.40069686411149824 0.48046875 0.40069686411149824 0.48046875 0.42160278745644597 0.4765625 0.42160278745644597 0.474609375 0.4250871080139373 0.45703125 0.4250871080139373 0.455078125 0.42857142857142855 0.4453125 0.42857142857142855 0.443359375 0.4250871080139373 0.435546875 0.4250871080139373 0.435546875 0.4146341463414634 0.431640625 0.41114982578397213
0 0.59765625 0.2682926829268293 0.634765625 0.2682926829268293 0.634765625 0.27177700348432055 0.640625 0.2787456445993031 0.64453125 0.27526132404181186 0.662109375 0.27526132404181186 0.666015625 0.2787456445993031 0.66796875 0.2857142857142857 0.673828125 0.2857142857142857 0.67578125 0.289198606271777 0.681640625 0.289198606271777 0.685546875 0.2926829268292683 0.673828125 0.2926829268292683 0.671875 0.2961672473867596 0.662109375 0.2961672473867596 0.66015625 0.2926829268292683 0.638671875 0.2926829268292683 0.63671875 0.289198606271777 0.634765625 0.2926829268292683 0.599609375 0.2926829268292683 0.59765625 0.28222996515679444 0.59375 0.2787456445993031 0.59375 0.27526132404181186 0.59765625 0.27177700348432055
0 0.55078125 0.3344947735191638 0.56640625 0.3344947735191638 0.568359375 0.34146341463414637 0.58203125 0.34494773519163763 0.58203125 0.37282229965156793 0.5703125 0.37630662020905925 0.568359375 0.37282229965156793 0.560546875 0.37282229965156793 0.556640625 0.36585365853658536 0.544921875 0.3554006968641115 0.544921875 0.34494773519163763 0.55078125 0.33797909407665505
0 0.94140625 0.6202090592334495 0.943359375 0.6202090592334495 0.9453125 0.6132404181184669 0.94921875 0.6132404181184669 0.94921875 0.6167247386759582 0.95703125 0.627177700348432 0.962890625 0.627177700348432 0.96484375 0.6306620209059234 0.998046875 0.6306620209059234 0.998046875 0.6829268292682927 0.986328125 0.6829268292682927 0.974609375 0.7003484320557491 0.974609375 0.7073170731707317 0.966796875 0.7073170731707317 0.96484375 0.6759581881533101 0.95703125 0.6689895470383276 0.95703125 0.662020905923345 0.951171875 0.6550522648083623 0.94921875 0.6445993031358885 0.9453125 0.6411149825783972 0.943359375 0.6341463414634146 0.94140625 0.6341463414634146 0.94140625 0.6236933797909407
0 0.119140625 0.3867595818815331 0.125 0.3797909407665505 0.12890625 0.3797909407665505 0.130859375 0.37282229965156793 0.138671875 0.37282229965156793 0.138671875 0.4181184668989547 0.134765625 0.4181184668989547 0.1328125 0.42160278745644597 0.12890625 0.42160278745644597 0.126953125 0.4181184668989547 0.09765625 0.4181184668989547 0.09765625 0.41114982578397213 0.099609375 0.41114982578397213 0.103515625 0.40069686411149824 0.11328125 0.397212543554007 0.119140625 0.3902439024390244
0 0.591796875 0.25435540069686413 0.59375 0.2578397212543554 0.603515625 0.2578397212543554 0.60546875 0.2613240418118467 0.60546875 0.27177700348432055 0.59765625 0.27177700348432055 0.595703125 0.27526132404181186 0.580078125 0.27526132404181186 0.578125 0.2787456445993031 0.55078125 0.2787456445993031 0.548828125 0.28222996515679444 0.544921875 0.28222996515679444 0.54296875 0.2787456445993031 0.53125 0.2787456445993031 0.529296875 0.27177700348432055 0.525390625 0.2682926829268293 0.525390625 0.2578397212543554 0.529296875 0.25435540069686413 0.5546875 0.25435540069686413 0.556640625 0.24738675958188153 0.564453125 0.24738675958188153 0.56640625 0.25435540069686413 0.58984375 0.25435540069686413
0 0.0390625 0.3519163763066202 0.052734375 0.3519163763066202 0.0546875 0.3588850174216028 0.06640625 0.3588850174216028 0.068359375 0.3623693379790941 0.08984375 0.3623693379790941 0.091796875 0.36585365853658536 0.095703125 0.36585365853658536 0.095703125 0.37282229965156793 0.091796875 0.37282229965156793 0.08984375 0.37630662020905925 0.072265625 0.37630662020905925 0.0703125 0.3797909407665505 0.068359375 0.37630662020905925 0.060546875 0.37630662020905925 0.0546875 0.3693379790940767 0.05078125 0.3693379790940767 0.0390625 0.3554006968641115
0 0.94140625 0.3693379790940767 0.94921875 0.37630662020905925 0.94921875 0.39372822299651566 0.93359375 0.39372822299651566 0.931640625 0.397212543554007 0.865234375 0.397212543554007 0.85546875 0.40418118466898956 0.837890625 0.40418118466898956 0.830078125 0.41114982578397213 0.80859375 0.41114982578397213 0.8046875 0.40418118466898956 0.796875 0.40418118466898956 0.787109375 0.397212543554007 0.787109375 0.3832752613240418 0.794921875 0.37630662020905925 0.8046875 0.37630662020905925 0.806640625 0.37282229965156793 0.82421875 0.37282229965156793 0.826171875 0.3693379790940767 0.849609375 0.3693379790940767 0.8515625 0.36585365853658536 0.87890625 0.36585365853658536 0.880859375 0.3588850174216028 0.916015625 0.3588850174216028 0.91796875 0.36585365853658536 0.9375 0.36585365853658536 0.939453125 0.3693379790940767
0 0.404296875 0.3170731707317073 0.423828125 0.30662020905923343 0.42578125 0.30313588850174217 0.44921875 0.29965156794425085 0.44921875 0.33797909407665505 0.431640625 0.33797909407665505 0.4296875 0.34146341463414637 0.41015625 0.33797909407665505 0.40625 0.3310104529616725 0.400390625 0.32752613240418116 0.400390625 0.3240418118466899 0.404296875 0.3205574912891986
0 0.099609375 0.29965156794425085 0.103515625 0.29965156794425085 0.107421875 0.2926829268292683 0.111328125 0.2926829268292683 0.119140625 0.2857142857142857 0.125 0.2857142857142857 0.130859375 0.2787456445993031 0.142578125 0.27526132404181186 0.14453125 0.27177700348432055 0.166015625 0.27177700348432055 0.166015625 0.2787456445993031 0.1640625 0.28222996515679444 0.16015625 0.28222996515679444 0.15625 0.289198606271777 0.15234375 0.289198606271777 0.146484375 0.29965156794425085 0.134765625 0.31010452961672474 0.107421875 0.313588850174216 0.10546875 0.31010452961672474 0.09375 0.31010452961672474 0.099609375 0.30313588850174217
0 0.98828125 0.397212543554007 0.998046875 0.397212543554007 0.998046875 0.40418118466898956 0.98828125 0.40418118466898956 0.98828125 0.40069686411149824
0 0.40234375 0.2961672473867596 0.41796875 0.2857142857142857 0.4375 0.28222996515679444 0.439453125 0.27526132404181186 0.443359375 0.27526132404181186 0.443359375 0.30313588850174217 0.435546875 0.30313588850174217 0.43359375 0.30662020905923343 0.416015625 0.30662020905923343 0.4140625 0.31010452961672474 0.412109375 0.30662020905923343 0.40234375 0.30662020905923343 0.40234375 0.29965156794425085
0 0.08984375 0.4425087108013937 0.091796875 0.445993031358885 0.099609375 0.445993031358885 0.1015625 0.44947735191637633 0.130859375 0.44947735191637633 0.134765625 0.4529616724738676 0.134765625 0.47038327526132406 0.130859375 0.47038327526132406 0.12890625 0.4738675958188153 0.02734375 0.4738675958188153 0.025390625 0.47735191637630664 0 0.4738675958188153 0 0.4529616724738676 0.009765625 0.44947735191637633 0.01171875 0.445993031358885 0.021484375 0.445993031358885 0.0234375 0.4425087108013937 0.041015625 0.4425087108013937 0.04296875 0.4355400696864111 0.0859375 0.4355400696864111 0.087890625 0.4425087108013937
0 0.591796875 0.49825783972125437 0.591796875 0.4912891986062718 0.599609375 0.4843205574912892 0.642578125 0.4808362369337979 0.64453125 0.4738675958188153 0.681640625 0.4738675958188153 0.68359375 0.4808362369337979 0.69921875 0.4808362369337979 0.69921875 0.4912891986062718 0.6796875 0.4912891986062718 0.669921875 0.49825783972125437 0.642578125 0.49825783972125437 0.640625 0.5017421602787456 0.603515625 0.5017421602787456 0.6015625 0.49825783972125437 0.59375 0.49825783972125437
0 0.279296875 0.6445993031358885 0.283203125 0.6480836236933798 0.283203125 0.7247386759581882 0.279296875 0.7282229965156795 0.26953125 0.7282229965156795 0.267578125 0.7317073170731707 0.263671875 0.7317073170731707 0.259765625 0.7421602787456446 0.251953125 0.7491289198606271 0.23828125 0.7526132404181185 0.23046875 0.759581881533101 0.177734375 0.759581881533101 0.17578125 0.7560975609756098 0.16796875 0.7560975609756098 0.166015625 0.7526132404181185 0.162109375 0.7526132404181185 0.16015625 0.7456445993031359 0.16015625 0.7282229965156795 0.166015625 0.7212543554006968 0.171875 0.7212543554006968 0.17578125 0.7177700348432056 0.181640625 0.7038327526132404 0.181640625 0.6968641114982579 0.18359375 0.6968641114982579 0.1875 0.686411149825784 0.201171875 0.6724738675958188 0.20703125 0.662020905923345 0.2109375 0.662020905923345 0.224609375 0.6480836236933798 0.23828125 0.6445993031358885 0.240234375 0.6376306620209059 0.275390625 0.6376306620209059 0.27734375 0.6445993031358885
0 0.998046875 0.5296167247386759 0.998046875 0.554006968641115 0.994140625 0.5574912891986062 0.96875 0.5609756097560976 0.966796875 0.5644599303135889 0.95703125 0.5644599303135889 0.955078125 0.5679442508710801 0.939453125 0.5679442508710801 0.9375 0.5714285714285714 0.93359375 0.5679442508710801 0.923828125 0.5679442508710801 0.9296875 0.5609756097560976 0.939453125 0.5574912891986062 0.9453125 0.5505226480836237 0.951171875 0.5505226480836237 0.966796875 0.5400696864111498 0.97265625 0.5400696864111498 0.98046875 0.5331010452961672 0.99609375 0.5296167247386759
0 0.1328125 0.3205574912891986 0.140625 0.3205574912891986 0.142578125 0.3170731707317073 0.154296875 0.313588850174216 0.15625 0.31010452961672474 0.162109375 0.31010452961672474 0.1640625 0.30662020905923343 0.18359375 0.30662020905923343 0.185546875 0.29965156794425085 0.1875 0.29965156794425085 0.1875 0.3310104529616725 0.185546875 0.3344947735191638 0.17578125 0.33797909407665505 0.171875 0.34494773519163763 0.130859375 0.34494773519163763 0.130859375 0.34146341463414637 0.126953125 0.33797909407665505 0.130859375 0.3344947735191638 0.1328125 0.3240418118466899
0 0 0.43902439024390244 0 0.4146341463414634 0.001953125 0.4146341463414634 0.00390625 0.42160278745644597 0.0234375 0.42160278745644597 0.025390625 0.4250871080139373 0.025390625 0.43205574912891986 0.00390625 0.4355400696864111 0.001953125 0.43902439024390244
0 0.3984375 0.2961672473867596 0.40625 0.289198606271777 0.419921875 0.2857142857142857 0.427734375 0.2787456445993031 0.43359375 0.2787456445993031 0.4375 0.2926829268292683 0.435546875 0.29965156794425085 0.431640625 0.30313588850174217 0.42578125 0.30313588850174217 0.416015625 0.31010452961672474 0.412109375 0.30662020905923343 0.3984375 0.30662020905923343 0.3984375 0.29965156794425085
0 0.82421875 0.5470383275261324 0.826171875 0.5470383275261324 0.828125 0.5400696864111498 0.859375 0.5400696864111498 0.861328125 0.5470383275261324 0.873046875 0.5505226480836237 0.873046875 0.578397212543554 0.861328125 0.578397212543554 0.859375 0.5749128919860628 0.841796875 0.5714285714285714 0.83984375 0.5679442508710801 0.830078125 0.5644599303135889 0.830078125 0.5609756097560976 0.82421875 0.554006968641115 0.82421875 0.5505226480836237
0 0.111328125 0.22996515679442509 0.11328125 0.23344947735191637 0.12890625 0.24041811846689895 0.130859375 0.24738675958188153 0.134765625 0.24738675958188153 0.134765625 0.2578397212543554 0.07421875 0.2578397212543554 0.068359375 0.2508710801393728 0.0625 0.2508710801393728 0.0546875 0.24390243902439024 0.0546875 0.23693379790940766 0.05078125 0.23344947735191637 0.056640625 0.2264808362369338 0.060546875 0.2264808362369338 0.0625 0.21951219512195122 0.08203125 0.21951219512195122 0.083984375 0.2264808362369338 0.109375 0.22996515679442509
0 0.634765625 0.37282229965156793 0.63671875 0.37630662020905925 0.646484375 0.37630662020905925 0.646484375 0.3902439024390244 0.638671875 0.3902439024390244 0.63671875 0.39372822299651566 0.58984375 0.3902439024390244 0.58984375 0.3832752613240418 0.599609375 0.37630662020905925 0.60546875 0.37630662020905925 0.607421875 0.37282229965156793 0.6328125 0.37282229965156793
0 0.583984375 0.3170731707317073 0.5859375 0.3205574912891986 0.5859375 0.3310104529616725 0.552734375 0.3310104529616725 0.55078125 0.3344947735191638 0.5390625 0.3344947735191638 0.537109375 0.3310104529616725 0.53125 0.3310104529616725 0.529296875 0.3344947735191638 0.501953125 0.3310104529616725 0.501953125 0.32752613240418116 0.505859375 0.3240418118466899 0.505859375 0.3170731707317073 0.5078125 0.313588850174216 0.513671875 0.313588850174216 0.515625 0.30662020905923343 0.5625 0.30662020905923343 0.564453125 0.313588850174216 0.576171875 0.313588850174216 0.578125 0.3170731707317073 0.58203125 0.3170731707317073
0 0.857421875 0.5574912891986062 0.857421875 0.5470383275261324 0.884765625 0.5470383275261324 0.88671875 0.554006968641115 0.890625 0.554006968641115 0.892578125 0.5574912891986062 0.900390625 0.5574912891986062 0.90234375 0.5609756097560976 0.91015625 0.5609756097560976 0.91796875 0.5679442508710801 0.92578125 0.5679442508710801 0.931640625 0.5749128919860628 0.939453125 0.578397212543554 0.94140625 0.5853658536585366 0.953125 0.5958188153310104 0.95703125 0.5958188153310104 0.958984375 0.5993031358885017 0.96875 0.5993031358885017 0.96875 0.6062717770034843 0.923828125 0.6062717770034843 0.921875 0.6027874564459931 0.912109375 0.6027874564459931 0.91015625 0.5993031358885017 0.890625 0.5958188153310104 0.884765625 0.5888501742160279 0.876953125 0.5888501742160279 0.873046875 0.5818815331010453 0.869140625 0.5818815331010453 0.8671875 0.5749128919860628 0.86328125 0.5749128919860628 0.859375 0.5574912891986062
0 0.05859375 0.3867595818815331 0.0703125 0.37630662020905925 0.076171875 0.37630662020905925 0.083984375 0.3693379790940767 0.12890625 0.36585365853658536 0.130859375 0.3588850174216028 0.138671875 0.3588850174216028 0.142578125 0.3693379790940767 0.142578125 0.3797909407665505 0.12890625 0.3797909407665505 0.103515625 0.397212543554007 0.0703125 0.40069686411149824 0.068359375 0.397212543554007 0.0546875 0.397212543554007 0.0546875 0.39372822299651566 0.05859375 0.3902439024390244
0 0.1640625 0.36585365853658536 0.193359375 0.34494773519163763 0.201171875 0.34494773519163763 0.203125 0.34146341463414637 0.208984375 0.34146341463414637 0.2109375 0.33797909407665505 0.22265625 0.3344947735191638 0.2265625 0.3310104529616725 0.228515625 0.3240418118466899 0.23046875 0.3240418118466899 0.23046875 0.34494773519163763 0.224609375 0.34494773519163763 0.216796875 0.3554006968641115 0.212890625 0.3554006968641115 0.20703125 0.36585365853658536 0.20703125 0.3902439024390244 0.208984375 0.39372822299651566 0.208984375 0.40418118466898956 0.203125 0.40418118466898956 0.185546875 0.3832752613240418 0.181640625 0.3867595818815331 0.173828125 0.3867595818815331 0.171875 0.3902439024390244 0.1640625 0.3902439024390244 0.162109375 0.39372822299651566 0.16015625 0.3902439024390244 0.154296875 0.3902439024390244 0.154296875 0.3832752613240418 0.1640625 0.3693379790940767
0 0.12109375 0.24738675958188153 0.126953125 0.24738675958188153 0.12890625 0.24041811846689895 0.193359375 0.24041811846689895 0.1953125 0.24738675958188153 0.205078125 0.24738675958188153 0.208984375 0.25435540069686413 0.208984375 0.26480836236933797 0.189453125 0.26480836236933797 0.1796875 0.27177700348432055 0.119140625 0.27177700348432055 0.11328125 0.26480836236933797 0.11328125 0.2578397212543554 0.12109375 0.2508710801393728
0 0 0.34494773519163763 0.013671875 0.34494773519163763 0.013671875 0.36585365853658536 0.00390625 0.36585365853658536 0.001953125 0.3693379790940767 0 0.3693379790940767 0 0.34843205574912894
0 0.607421875 0.34146341463414637 0.611328125 0.34146341463414637 0.61328125 0.33797909407665505 0.623046875 0.33797909407665505 0.638671875 0.34843205574912894 0.6484375 0.34843205574912894 0.6484375 0.3623693379790941 0.62890625 0.3623693379790941 0.626953125 0.36585365853658536 0.62109375 0.36585365853658536 0.619140625 0.3623693379790941 0.61328125 0.3623693379790941 0.609375 0.3554006968641115 0.603515625 0.3519163763066202 0.603515625 0.34843205574912894 0.607421875 0.34494773519163763
0 0.072265625 0.30662020905923343 0.072265625 0.3240418118466899 0.048828125 0.3240418118466899 0.046875 0.32752613240418116 0.03125 0.3310104529616725 0.029296875 0.3344947735191638 0.015625 0.3344947735191638 0.009765625 0.34146341463414637 0.001953125 0.34146341463414637 0 0.33797909407665505 0 0.31010452961672474 0.0234375 0.31010452961672474 0.025390625 0.30662020905923343 0.0703125 0.30662020905923343
0 0.537109375 0.2926829268292683 0.544921875 0.2857142857142857 0.560546875 0.28222996515679444 0.5625 0.2787456445993031 0.599609375 0.27526132404181186 0.6015625 0.2682926829268293 0.611328125 0.2682926829268293 0.61328125 0.27526132404181186 0.61328125 0.2926829268292683 0.587890625 0.2961672473867596 0.5859375 0.29965156794425085 0.560546875 0.29965156794425085 0.55859375 0.30313588850174217 0.5546875 0.30313588850174217 0.552734375 0.29965156794425085 0.541015625 0.29965156794425085 0.5390625 0.2926829268292683
0 0.787109375 0.3832752613240418 0.794921875 0.37630662020905925 0.8046875 0.37630662020905925 0.806640625 0.37282229965156793 0.826171875 0.37282229965156793 0.828125 0.36585365853658536 0.853515625 0.36585365853658536 0.85546875 0.37282229965156793 0.859375 0.37282229965156793 0.861328125 0.37630662020905925 0.86328125 0.37282229965156793 0.8671875 0.37630662020905925 0.890625 0.37630662020905925 0.890625 0.39372822299651566 0.876953125 0.39372822299651566 0.875 0.397212543554007 0.869140625 0.397212543554007 0.859375 0.40418118466898956 0.84375 0.40418118466898956 0.833984375 0.41114982578397213 0.810546875 0.41114982578397213 0.802734375 0.40418118466898956 0.794921875 0.40418118466898956 0.787109375 0.397212543554007 0.787109375 0.3867595818815331
0 0.103515625 0.6550522648083623 0.10546875 0.6515679442508711 0.10546875 0.6376306620209059 0.111328125 0.6236933797909407 0.11328125 0.6236933797909407 0.126953125 0.6027874564459931 0.134765625 0.5993031358885017 0.15234375 0.578397212543554 0.158203125 0.578397212543554 0.169921875 0.5679442508710801 0.18359375 0.5644599303135889 0.19140625 0.5574912891986062 0.203125 0.554006968641115 0.208984375 0.5470383275261324 0.21875 0.5470383275261324 0.228515625 0.5400696864111498 0.2578125 0.5400696864111498 0.259765625 0.5365853658536586 0.26953125 0.5365853658536586 0.271484375 0.5331010452961672 0.296875 0.5296167247386759 0.296875 0.5818815331010453 0.29296875 0.5923344947735192 0.294921875 0.5958188153310104 0.291015625 0.6062717770034843 0.29296875 0.6097560975609756 0.265625 0.6341463414634146 0.240234375 0.6376306620209059 0.23828125 0.6411149825783972 0.2265625 0.6445993031358885 0.22265625 0.6515679442508711 0.21484375 0.6550522648083623 0.203125 0.6689895470383276 0.19921875 0.6689895470383276 0.18359375 0.6898954703832753 0.177734375 0.6898954703832753 0.17578125 0.686411149825784 0.162109375 0.686411149825784 0.16015625 0.6898954703832753 0.15234375 0.6898954703832753 0.1484375 0.6933797909407665 0.14453125 0.7038327526132404 0.140625 0.7038327526132404 0.13671875 0.710801393728223 0.1171875 0.710801393728223 0.115234375 0.7073170731707317 0.111328125 0.710801393728223 0.109375 0.7073170731707317 0.109375 0.7003484320557491 0.1171875 0.6968641114982579 0.12109375 0.6898954703832753 0.119140625 0.686411149825784 0.115234375 0.686411149825784 0.11328125 0.6898954703832753 0.10546875 0.6898954703832753 0.103515625 0.686411149825784 0.1015625 0.6898954703832753 0.091796875 0.6898954703832753 0.09375 0.6898954703832753 0.09765625 0.6794425087108014 0.1015625 0.6794425087108014 0.10546875 0.6724738675958188 0.10546875 0.6585365853658537
0 0.501953125 0.3519163763066202 0.505859375 0.3519163763066202 0.5078125 0.34494773519163763 0.541015625 0.34494773519163763 0.54296875 0.3519163763066202 0.55078125 0.3519163763066202 0.552734375 0.3554006968641115 0.552734375 0.3623693379790941 0.53515625 0.3623693379790941 0.533203125 0.3693379790940767 0.529296875 0.37282229965156793 0.5234375 0.37282229965156793 0.515625 0.3797909407665505 0.5078125 0.3797909407665505 0.501953125 0.37282229965156793 0.501953125 0.3554006968641115