0 0.142578125 0.6132404181184669 0.150390625 0.6202090592334495 0.15625 0.6202090592334495 0.16796875 0.6306620209059234 0.173828125 0.6411149825783972 0.181640625 0.6480836236933798 0.181640625 0.6898954703832753 0.177734375 0.6898954703832753 0.169921875 0.6968641114982579 0.138671875 0.7003484320557491 0.13671875 0.7038327526132404 0.12890625 0.7038327526132404 0.123046875 0.710801393728223 0.115234375 0.710801393728223 0.11328125 0.7142857142857143 0.083984375 0.7142857142857143 0.08203125 0.710801393728223 0.060546875 0.7073170731707317 0.056640625 0.7003484320557491 0.0546875 0.662020905923345 0.064453125 0.6411149825783972 0.068359375 0.6411149825783972 0.078125 0.6202090592334495 0.08203125 0.6202090592334495 0.083984375 0.6167247386759582 0.140625 0.6132404181184669
0 0.513671875 0.10801393728222997 0.513671875 0.0975609756097561 0.515625 0.09407665505226481 0.51953125 0.09407665505226481 0.525390625 0.08710801393728224 0.53125 0.08710801393728224 0.5390625 0.08013937282229965 0.560546875 0.08013937282229965 0.5625 0.08362369337979095 0.5625 0.11498257839721254 0.53125 0.11846689895470383 0.515625 0.10801393728222997
0 0.736328125 0.34843205574912894 0.751953125 0.34843205574912894 0.75390625 0.3554006968641115 0.755859375 0.34843205574912894 0.771484375 0.34843205574912894 0.771484375 0.36585365853658536 0.763671875 0.36585365853658536 0.76171875 0.3693379790940767 0.75390625 0.3693379790940767 0.751953125 0.37282229965156793 0.744140625 0.37282229965156793 0.7421875 0.37630662020905925 0.734375 0.37630662020905925 0.732421875 0.3797909407665505 0.7265625 0.3797909407665505 0.724609375 0.37630662020905925 0.724609375 0.36585365853658536 0.736328125 0.3519163763066202
0 0.70703125 0.40418118466898956 0.724609375 0.40418118466898956 0.7265625 0.41114982578397213 0.732421875 0.41114982578397213 0.740234375 0.4181184668989547 0.740234375 0.4425087108013937 0.736328125 0.445993031358885 0.71875 0.445993031358885 0.69921875 0.42857142857142855 0.69921875 0.4146341463414634 0.70703125 0.4076655052264808
0 0.5234375 0.6550522648083623 0.52734375 0.6515679442508711 0.541015625 0.6515679442508711 0.546875 0.6585365853658537 0.560546875 0.662020905923345 0.564453125 0.6689895470383276 0.572265625 0.6759581881533101 0.576171875 0.6759581881533101 0.580078125 0.6829268292682927 0.59765625 0.6968641114982579 0.61328125 0.7177700348432056 0.6171875 0.7177700348432056 0.619140625 0.7212543554006968 0.619140625 0.7317073170731707 0.611328125 0.7317073170731707 0.599609375 0.7212543554006968 0.59375 0.7212543554006968 0.5859375 0.7142857142857143 0.580078125 0.7142857142857143 0.564453125 0.7003484320557491 0.55859375 0.7003484320557491 0.548828125 0.6898954703832753 0.533203125 0.686411149825784 0.529296875 0.6829268292682927 0.529296875 0.6724738675958188 0.52734375 0.6655052264808362 0.5234375 0.662020905923345 0.5234375 0.6585365853658537
0 0.5625 0.24738675958188153 0.56640625 0.2508710801393728 0.56640625 0.25435540069686413 0.5625 0.2578397212543554 0.560546875 0.2682926829268293 0.55859375 0.2682926829268293 0.5546875 0.2787456445993031 0.55078125 0.2787456445993031 0.548828125 0.28222996515679444 0.537109375 0.28222996515679444 0.53515625 0.2787456445993031 0.529296875 0.2787456445993031 0.5234375 0.27177700348432055 0.5234375 0.2682926829268293 0.533203125 0.2578397212543554 0.5390625 0.2578397212543554 0.541015625 0.25435540069686413 0.546875 0.25435540069686413 0.548828125 0.2508710801393728 0.556640625 0.2508710801393728 0.560546875 0.24738675958188153
0 0 0.27526132404181186 0.03515625 0.2787456445993031 0.03515625 0.2857142857142857 0.03125 0.289198606271777 0.017578125 0.289198606271777 0.015625 0.2857142857142857 0.009765625 0.2857142857142857 0 0.2926829268292683 0 0.2787456445993031
0 0.2578125 0.4843205574912892 0.267578125 0.47735191637630664 0.28125 0.4738675958188153 0.283203125 0.47038327526132406 0.298828125 0.46689895470383275 0.30078125 0.4634146341463415 0.306640625 0.4634146341463415 0.306640625 0.4843205574912892 0.3046875 0.4878048780487805 0.26953125 0.4912891986062718 0.259765625 0.4843205574912892
0 0.2109375 0.1916376306620209 0.2109375 0.20209059233449478 0.208984375 0.20557491289198607 0.203125 0.20557491289198607 0.19921875 0.20905923344947736 0.19140625 0.2264808362369338 0.1953125 0.23344947735191637 0.1953125 0.24041811846689895 0.19140625 0.24390243902439024 0.185546875 0.24390243902439024 0.18359375 0.24738675958188153 0.177734375 0.24738675958188153 0.17578125 0.2508710801393728 0.166015625 0.2508710801393728 0.1640625 0.25435540069686413 0.146484375 0.2578397212543554 0.14453125 0.2613240418118467 0.12109375 0.2613240418118467 0.119140625 0.2578397212543554 0.119140625 0.2508710801393728 0.125 0.24041811846689895 0.126953125 0.24041811846689895 0.12890625 0.23344947735191637 0.1328125 0.23344947735191637 0.142578125 0.2229965156794425 0.146484375 0.2229965156794425 0.150390625 0.21602787456445993 0.162109375 0.21254355400696864 0.169921875 0.20209059233449478 0.1796875 0.20209059233449478 0.181640625 0.1986062717770035 0.205078125 0.1951219512195122 0.208984375 0.1916376306620209
0 0.359375 0.41114982578397213 0.36328125 0.4076655052264808 0.388671875 0.4076655052264808 0.388671875 0.42160278745644597 0.375 0.4250871080139373 0.373046875 0.42857142857142855 0.35546875 0.4250871080139373 0.35546875 0.4181184668989547 0.359375 0.4146341463414634
0 0.53515625 0.12195121951219512 0.568359375 0.12195121951219512 0.568359375 0.15331010452961671 0.544921875 0.15331010452961671 0.54296875 0.156794425087108 0.50390625 0.156794425087108 0.49609375 0.14982578397212543 0.49609375 0.14285714285714285 0.50390625 0.13588850174216027 0.515625 0.13240418118466898 0.517578125 0.1289198606271777 0.533203125 0.1289198606271777 0.53515625 0.1254355400696864
0 0.9375 0.3902439024390244 0.953125 0.37630662020905925 0.9609375 0.37630662020905925 0.962890625 0.37282229965156793 0.978515625 0.3693379790940767 0.98046875 0.36585365853658536 0.990234375 0.36585365853658536 0.9921875 0.3623693379790941 0.998046875 0.3623693379790941 0.998046875 0.3902439024390244 0.962890625 0.3902439024390244 0.9609375 0.39372822299651566 0.951171875 0.39372822299651566 0.94921875 0.397212543554007 0.943359375 0.397212543554007 0.939453125 0.3902439024390244
0 0 0.36585365853658536 0.01171875 0.36585365853658536 0.013671875 0.3693379790940767 0.0546875 0.3693379790940767 0.056640625 0.37282229965156793 0.078125 0.37282229965156793 0.083984375 0.36585365853658536 0.091796875 0.3693379790940767 0.091796875 0.3902439024390244 0.060546875 0.3902439024390244 0.05859375 0.39372822299651566 0.04296875 0.39372822299651566 0.041015625 0.397212543554007 0.02734375 0.397212543554007 0.025390625 0.40069686411149824 0.009765625 0.40069686411149824 0.0078125 0.397212543554007 0 0.397212543554007 0 0.3693379790940767
0 0.29296875 0.33797909407665505 0.298828125 0.33797909407665505 0.298828125 0.3519163763066202 0.287109375 0.3554006968641115 0.28515625 0.3588850174216028 0.275390625 0.3588850174216028 0.267578125 0.36585365853658536 0.26171875 0.36585365853658536 0.25 0.3832752613240418 0.23828125 0.3832752613240418 0.236328125 0.3867595818815331 0.21484375 0.3867595818815331 0.2109375 0.3832752613240418 0.2109375 0.3797909407665505 0.216796875 0.37282229965156793 0.224609375 0.3693379790940767 0.23046875 0.3623693379790941 0.23828125 0.3623693379790941 0.24609375 0.3554006968641115 0.25390625 0.3554006968641115 0.255859375 0.3519163763066202 0.263671875 0.3519163763066202 0.265625 0.34843205574912894 0.291015625 0.34494773519163763 0.29296875 0.34146341463414637
0 0.66796875 0.39372822299651566 0.703125 0.39372822299651566 0.705078125 0.40069686411149824 0.7109375 0.40069686411149824 0.712890625 0.40418118466898956 0.712890625 0.41114982578397213 0.6953125 0.41114982578397213 0.693359375 0.4146341463414634 0.66796875 0.4146341463414634 0.666015625 0.4181184668989547 0.654296875 0.4181184668989547 0.646484375 0.41114982578397213 0.640625 0.41114982578397213 0.646484375 0.40418118466898956 0.65234375 0.40418118466898956 0.654296875 0.40069686411149824 0.666015625 0.40069686411149824 0.66796875 0.397212543554007
0 0.11328125 0.3867595818815331 0.1328125 0.3867595818815331 0.1328125 0.397212543554007 0.123046875 0.40418118466898956 0.109375 0.4076655052264808 0.087890625 0.4250871080139373 0.08203125 0.4250871080139373 0.080078125 0.42857142857142855 0.068359375 0.43205574912891986 0.06640625 0.4355400696864111 0.060546875 0.4355400696864111 0.05859375 0.43902439024390244 0.046875 0.43902439024390244 0.044921875 0.4425087108013937 0.02734375 0.4425087108013937 0.025390625 0.43902439024390244 0.021484375 0.43902439024390244 0.025390625 0.42857142857142855 0.0546875 0.4076655052264808 0.0703125 0.40418118466898956 0.072265625 0.40069686411149824 0.080078125 0.40069686411149824 0.08203125 0.397212543554007 0.09375 0.397212543554007 0.095703125 0.39372822299651566 0.111328125 0.39372822299651566 0.11328125 0.3902439024390244
0 0.099609375 0.3519163763066202 0.103515625 0.34843205574912894 0.1328125 0.34843205574912894 0.1328125 0.3588850174216028 0.12890625 0.3588850174216028 0.12109375 0.36585365853658536 0.109375 0.3623693379790941 0.107421875 0.3588850174216028 0.095703125 0.3588850174216028 0.099609375 0.3554006968641115
0 0.65625 0.43902439024390244 0.65625 0.4564459930313589 0.634765625 0.46689895470383275 0.623046875 0.47735191637630664 0.6171875 0.47735191637630664 0.61328125 0.47038327526132406 0.60546875 0.47038327526132406 0.599609375 0.47735191637630664 0.5859375 0.47735191637630664 0.580078125 0.47038327526132406 0.58203125 0.4634146341463415 0.587890625 0.4634146341463415 0.59375 0.4564459930313589 0.599609375 0.4564459930313589 0.609375 0.44947735191637633 0.62109375 0.44947735191637633 0.623046875 0.445993031358885 0.64453125 0.445993031358885 0.654296875 0.43902439024390244
0 0.07421875 0.4355400696864111 0.09375 0.4181184668989547 0.109375 0.4146341463414634 0.111328125 0.41114982578397213 0.119140625 0.41114982578397213 0.12890625 0.40418118466898956 0.173828125 0.40418118466898956 0.17578125 0.40069686411149824 0.185546875 0.40069686411149824 0.185546875 0.4146341463414634 0.181640625 0.4146341463414634 0.1796875 0.4181184668989547 0.1640625 0.4181184668989547 0.162109375 0.42160278745644597 0.154296875 0.42160278745644597 0.150390625 0.42857142857142855 0.134765625 0.43902439024390244 0.119140625 0.43902439024390244 0.109375 0.445993031358885 0.0859375 0.445993031358885 0.083984375 0.4425087108013937 0.07421875 0.4425087108013937 0.07421875 0.43902439024390244
0 0.1953125 0.4181184668989547 0.20703125 0.40418118466898956 0.244140625 0.40418118466898956 0.25 0.397212543554007 0.251953125 0.397212543554007 0.251953125 0.4146341463414634 0.248046875 0.4181184668989547 0.2421875 0.4181184668989547 0.228515625 0.42857142857142855 0.21484375 0.43205574912891986 0.212890625 0.42857142857142855 0.19921875 0.4250871080139373 0.197265625 0.4181184668989547
0 0.181640625 0.3623693379790941 0.185546875 0.3623693379790941 0.208984375 0.34146341463414637 0.21484375 0.34146341463414637 0.216796875 0.33797909407665505 0.228515625 0.33797909407665505 0.232421875 0.3344947735191638 0.232421875 0.34843205574912894 0.220703125 0.36585365853658536 0.212890625 0.37282229965156793 0.185546875 0.37630662020905925 0.18359375 0.37282229965156793 0.1796875 0.37282229965156793 0.181640625 0.36585365853658536
0 0.18359375 0.29965156794425085 0.18359375 0.313588850174216 0.173828125 0.3310104529616725 0.171875 0.32752613240418116 0.158203125 0.32752613240418116 0.142578125 0.33797909407665505 0.099609375 0.33797909407665505 0.09375 0.32752613240418116 0.08984375 0.32752613240418116 0.08203125 0.3205574912891986 0.080078125 0.30662020905923343 0.083984375 0.30313588850174217 0.119140625 0.30313588850174217 0.12109375 0.30662020905923343 0.181640625 0.30313588850174217
0 0.029296875 0.4529616724738676 0.0859375 0.4529616724738676 0.087890625 0.45993031358885017 0.091796875 0.45993031358885017 0.091796875 0.47038327526132406 0.0859375 0.47038327526132406 0.083984375 0.4738675958188153 0.072265625 0.4738675958188153 0.0703125 0.47735191637630664 0.005859375 0.4808362369337979 0.001953125 0.47735191637630664 0.001953125 0.47038327526132406 0.017578125 0.45993031358885017 0.02734375 0.45993031358885017 0.029296875 0.4564459930313589
0 0.296875 0.6167247386759582 0.3046875 0.6445993031358885 0.302734375 0.6480836236933798 0.302734375 0.6550522648083623 0.296875 0.6655052264808362 0.283203125 0.6724738675958188 0.27734375 0.6829268292682927 0.27734375 0.6933797909407665 0.271484375 0.6933797909407665 0.26953125 0.6968641114982579 0.265625 0.6968641114982579 0.263671875 0.6933797909407665 0.25390625 0.6933797909407665 0.248046875 0.7038327526132404 0.24609375 0.7038327526132404 0.2421875 0.7142857142857143 0.240234375 0.7142857142857143 0.234375 0.7247386759581882 0.23046875 0.7247386759581882 0.228515625 0.7282229965156795 0.21875 0.7282229965156795 0.216796875 0.7247386759581882 0.212890625 0.7247386759581882 0.216796875 0.7073170731707317 0.22265625 0.6968641114982579 0.22265625 0.6829268292682927 0.21484375 0.6689895470383276 0.21484375 0.6655052264808362 0.208984375 0.6550522648083623 0.20703125 0.6550522648083623 0.20703125 0.6445993031358885 0.2109375 0.6411149825783972 0.216796875 0.6411149825783972 0.2265625 0.6480836236933798 0.259765625 0.6480836236933798 0.2734375 0.627177700348432 0.28515625 0.6167247386759582 0.294921875 0.6167247386759582
0 0.8671875 0.44947735191637633 0.8671875 0.4634146341463415 0.861328125 0.47038327526132406 0.84375 0.47038327526132406 0.841796875 0.4738675958188153 0.830078125 0.4738675958188153 0.828125 0.47735191637630664 0.806640625 0.47735191637630664 0.8046875 0.4738675958188153 0.796875 0.4738675958188153 0.7890625 0.45993031358885017 0.787109375 0.45993031358885017 0.787109375 0.4564459930313589 0.794921875 0.44947735191637633 0.8203125 0.44947735191637633 0.822265625 0.4529616724738676 0.8359375 0.4529616724738676 0.837890625 0.4564459930313589 0.849609375 0.4564459930313589 0.8515625 0.45993031358885017 0.853515625 0.4564459930313589 0.861328125 0.4564459930313589 0.865234375 0.4529616724738676
0 0.482421875 0.4355400696864111 0.48828125 0.4355400696864111 0.490234375 0.43205574912891986 0.5234375 0.43205574912891986 0.52734375 0.4355400696864111 0.52734375 0.44947735191637633 0.525390625 0.4529616724738676 0.5 0.4564459930313589 0.498046875 0.45993031358885017 0.486328125 0.45993031358885017 0.484375 0.4564459930313589 0.478515625 0.4564459930313589 0.478515625 0.4425087108013937 0.482421875 0.43902439024390244
0 0.9921875 0.5052264808362369 0.998046875 0.5052264808362369 0.998046875 0.5121951219512195 0.9921875 0.5121951219512195 0.9921875 0.5087108013937283
0 0 0.2961672473867596 0.021484375 0.30313588850174217 0.02734375 0.31010452961672474 0.02734375 0.32752613240418116 0.013671875 0.3310104529616725 0.005859375 0.3240418118466899 0 0.3240418118466899 0 0.29965156794425085
0 0.162109375 0.21602787456445993 0.158203125 0.2229965156794425 0.16015625 0.2264808362369338 0.171875 0.2264808362369338 0.173828125 0.22996515679442509 0.193359375 0.22996515679442509 0.193359375 0.24390243902439024 0.1796875 0.24738675958188153 0.177734375 0.2508710801393728 0.169921875 0.2508710801393728 0.16796875 0.25435540069686413 0.16015625 0.25435540069686413 0.158203125 0.2578397212543554 0.146484375 0.2578397212543554 0.14453125 0.2613240418118467 0.125 0.2613240418118467 0.123046875 0.2578397212543554 0.1171875 0.2578397212543554 0.1171875 0.2508710801393728 0.12109375 0.24390243902439024 0.125 0.24390243902439024 0.1328125 0.23344947735191637 0.13671875 0.23344947735191637 0.140625 0.2264808362369338 0.1484375 0.2264808362369338 0.154296875 0.21602787456445993 0.16015625 0.21602787456445993
0 0 0.4634146341463415 0.015625 0.4634146341463415 0.015625 0.47038327526132406 0.0078125 0.47038327526132406 0.005859375 0.47735191637630664 0 0.47735191637630664 0 0.46689895470383275
0 0.533203125 0.3797909407665505 0.533203125 0.4076655052264808 0.53125 0.41114982578397213 0.513671875 0.4146341463414634 0.498046875 0.4250871080139373 0.484375 0.42160278745644597 0.484375 0.40418118466898956 0.490234375 0.397212543554007 0.494140625 0.397212543554007 0.5078125 0.3867595818815331 0.53125 0.3797909407665505
0 0.77734375 0.5400696864111498 0.810546875 0.5400696864111498 0.8125 0.5470383275261324 0.833984375 0.5505226480836237 0.8359375 0.554006968641115 0.84375 0.554006968641115 0.845703125 0.5574912891986062 0.873046875 0.5644599303135889 0.875 0.5679442508710801 0.880859375 0.5679442508710801 0.88671875 0.5749128919860628 0.890625 0.5749128919860628 0.890625 0.5853658536585366 0.88671875 0.5853658536585366 0.884765625 0.5888501742160279 0.86328125 0.5888501742160279 0.861328125 0.5853658536585366 0.818359375 0.5853658536585366 0.81640625 0.5818815331010453 0.810546875 0.5818815331010453 0.80859375 0.578397212543554 0.802734375 0.578397212543554 0.80078125 0.5749128919860628 0.794921875 0.5749128919860628 0.79296875 0.5714285714285714 0.78125 0.5679442508710801 0.775390625 0.5574912891986062 0.775390625 0.554006968641115 0.771484375 0.5505226480836237 0.77734375 0.5435540069686411
0 0.3046875 0.42160278745644597 0.306640625 0.4250871080139373 0.306640625 0.43902439024390244 0.294921875 0.43902439024390244 0.29296875 0.4425087108013937 0.283203125 0.4425087108013937 0.28125 0.445993031358885 0.2734375 0.445993031358885 0.271484375 0.4425087108013937 0.265625 0.4425087108013937 0.263671875 0.43902439024390244 0.251953125 0.4355400696864111 0.25 0.43205574912891986 0.25 0.42160278745644597 0.251953125 0.4181184668989547 0.296875 0.4181184668989547 0.298828125 0.42160278745644597 0.302734375 0.42160278745644597
0 0.076171875 0.24390243902439024 0.0859375 0.23344947735191637 0.095703125 0.22996515679442509 0.1171875 0.21254355400696864 0.123046875 0.21254355400696864 0.134765625 0.20209059233449478 0.14453125 0.20209059233449478 0.146484375 0.1986062717770035 0.166015625 0.1986062717770035 0.16796875 0.1951219512195122 0.173828125 0.1951219512195122 0.1796875 0.18466898954703834 0.181640625 0.18466898954703834 0.181640625 0.1916376306620209 0.17578125 0.1986062717770035 0.177734375 0.20209059233449478 0.173828125 0.20905923344947736 0.16796875 0.20905923344947736 0.162109375 0.21602787456445993 0.158203125 0.21602787456445993 0.154296875 0.2229965156794425 0.134765625 0.23344947735191637 0.130859375 0.24041811846689895 0.119140625 0.24390243902439024 0.11328125 0.2508710801393728 0.103515625 0.2508710801393728 0.1015625 0.25435540069686413 0.080078125 0.25435540069686413 0.078125 0.2508710801393728 0.07421875 0.2508710801393728 0.076171875 0.24738675958188153
0 0.03515625 0.34494773519163763 0.041015625 0.34494773519163763 0.041015625 0.3623693379790941 0.03515625 0.3623693379790941 0.033203125 0.36585365853658536 0.013671875 0.36585365853658536 0.01171875 0.3693379790940767 0 0.3693379790940767 0 0.3554006968641115 0.0078125 0.3554006968641115 0.009765625 0.3519163763066202 0.033203125 0.3519163763066202 0.03515625 0.34843205574912894
0 0.611328125 0.1672473867595819 0.62109375 0.1672473867595819 0.623046875 0.17421602787456447 0.630859375 0.17770034843205576 0.63671875 0.18466898954703834 0.640625 0.18466898954703834 0.654296875 0.1986062717770035 0.654296875 0.21602787456445993 0.65234375 0.21951219512195122 0.62890625 0.21951219512195122 0.626953125 0.2229965156794425 0.619140625 0.2229965156794425 0.6171875 0.2264808362369338 0.607421875 0.2264808362369338 0.599609375 0.21951219512195122 0.59375 0.21951219512195122 0.59375 0.21254355400696864 0.58984375 0.1986062717770035 0.58984375 0.18466898954703834 0.595703125 0.17770034843205576 0.6015625 0.17770034843205576 0.611328125 0.17073170731707318
0 0.4453125 0.313588850174216 0.490234375 0.313588850174216 0.490234375 0.3310104529616725 0.478515625 0.3310104529616725 0.4765625 0.3344947735191638 0.458984375 0.3344947735191638 0.45703125 0.3310104529616725 0.447265625 0.3310104529616725 0.447265625 0.32752613240418116 0.44140625 0.3205574912891986 0.4453125 0.3170731707317073
0 0.287109375 0.3519163763066202 0.302734375 0.3519163763066202 0.302734375 0.37630662020905925 0.28125 0.37630662020905925 0.279296875 0.3797909407665505 0.265625 0.3797909407665505 0.263671875 0.3832752613240418 0.25390625 0.3832752613240418 0.248046875 0.37630662020905925 0.251953125 0.37630662020905925 0.259765625 0.36585365853658536 0.28125 0.3623693379790941 0.287109375 0.3554006968641115
0 0.607421875 0.39372822299651566 0.607421875 0.4076655052264808 0.603515625 0.4076655052264808 0.6015625 0.41114982578397213 0.583984375 0.41114982578397213 0.58203125 0.4146341463414634 0.5703125 0.4146341463414634 0.568359375 0.41114982578397213 0.564453125 0.41114982578397213 0.5625 0.4076655052264808 0.5625 0.397212543554007 0.56640625 0.397212543554007 0.568359375 0.39372822299651566 0.578125 0.39372822299651566 0.580078125 0.397212543554007 0.59765625 0.397212543554007 0.599609375 0.39372822299651566 0.60546875 0.39372822299651566