0 0.439453125 0.020905923344947737 0.44140625 0.020905923344947737 0.443359375 0.027874564459930314 0.45703125 0.0313588850174216 0.45703125 0.03832752613240418 0.4453125 0.03832752613240418 0.443359375 0.041811846689895474 0.44140625 0.03832752613240418 0.431640625 0.03832752613240418 0.431640625 0.0313588850174216 0.439453125 0.024390243902439025
0 0.5625 0.08013937282229965 0.5703125 0.08013937282229965 0.576171875 0.08710801393728224 0.576171875 0.09059233449477352 0.58203125 0.10104529616724739 0.5859375 0.10104529616724739 0.591796875 0.10801393728222997 0.62109375 0.10801393728222997 0.623046875 0.11149825783972125 0.62890625 0.11149825783972125 0.630859375 0.10801393728222997 0.62890625 0.13240418118466898 0.609375 0.13240418118466898 0.607421875 0.13588850174216027 0.580078125 0.13588850174216027 0.578125 0.13240418118466898 0.56640625 0.13240418118466898 0.56640625 0.11846689895470383 0.5625 0.10801393728222997 0.5625 0.09059233449477352 0.55859375 0.08710801393728224 0.5625 0.08362369337979095
0 0.587890625 0.4076655052264808 0.591796875 0.40418118466898956 0.609375 0.40418118466898956 0.62109375 0.4146341463414634 0.615234375 0.4146341463414634 0.61328125 0.4181184668989547 0.609375 0.4146341463414634 0.59765625 0.4146341463414634 0.58984375 0.4076655052264808
0 0.509765625 0.08013937282229965 0.51171875 0.0975609756097561 0.50390625 0.0975609756097561 0.501953125 0.10104529616724739 0.494140625 0.10104529616724739 0.4921875 0.0975609756097561 0.4765625 0.0975609756097561 0.46875 0.08710801393728224 0.453125 0.08362369337979095 0.451171875 0.07317073170731707 0.453125 0.06968641114982578 0.47265625 0.06968641114982578 0.474609375 0.06620209059233449 0.486328125 0.06620209059233449 0.48828125 0.059233449477351915 0.4921875 0.059233449477351915 0.494140625 0.06620209059233449 0.498046875 0.06620209059233449 0.501953125 0.07317073170731707 0.505859375 0.07317073170731707 0.5078125 0.08013937282229965
0 0.521484375 0.06620209059233449 0.521484375 0.06968641114982578 0.52734375 0.07665505226480836 0.53125 0.07665505226480836 0.533203125 0.08013937282229965 0.54296875 0.08013937282229965 0.544921875 0.08362369337979095 0.544921875 0.10452961672473868 0.5390625 0.10452961672473868 0.537109375 0.10801393728222997 0.525390625 0.09407665505226481 0.515625 0.08710801393728224 0.515625 0.08013937282229965 0.51953125 0.07665505226480836 0.515625 0.07317073170731707 0.515625 0.059233449477351915 0.517578125 0.059233449477351915 0.51953125 0.06620209059233449
0 0.345703125 0.0627177700348432 0.353515625 0.059233449477351915 0.357421875 0.05226480836236934 0.361328125 0.05226480836236934 0.36328125 0.04878048780487805 0.3828125 0.04529616724738676 0.3828125 0.0627177700348432 0.380859375 0.06968641114982578 0.37109375 0.06968641114982578 0.369140625 0.07317073170731707 0.3515625 0.07317073170731707 0.349609375 0.06968641114982578 0.345703125 0.06968641114982578 0.345703125 0.06620209059233449
0 0.5390625 0.4738675958188153 0.546875 0.47038327526132406 0.548828125 0.4634146341463415 0.5546875 0.4634146341463415 0.5546875 0.5087108013937283 0.54296875 0.5087108013937283 0.53515625 0.5017421602787456 0.53515625 0.4808362369337979 0.5390625 0.47735191637630664
0 0.623046875 0.8432055749128919 0.626953125 0.8397212543554007 0.634765625 0.8397212543554007 0.642578125 0.8327526132404182 0.642578125 0.867595818815331 0.626953125 0.867595818815331 0.623046875 0.8641114982578397 0.62109375 0.8571428571428571 0.6171875 0.8571428571428571 0.6171875 0.8501742160278746 0.62109375 0.8501742160278746 0.623046875 0.8466898954703833
0 0.375 0.2264808362369338 0.376953125 0.22996515679442509 0.380859375 0.22996515679442509 0.384765625 0.23693379790940766 0.388671875 0.23693379790940766 0.390625 0.24390243902439024 0.390625 0.2613240418118467 0.369140625 0.2613240418118467 0.3671875 0.26480836236933797 0.353515625 0.26480836236933797 0.3515625 0.2613240418118467 0.345703125 0.2613240418118467 0.345703125 0.23344947735191637 0.357421875 0.2229965156794425 0.373046875 0.2264808362369338
0 0.38671875 0.1916376306620209 0.388671875 0.1916376306620209 0.390625 0.18466898954703834 0.404296875 0.18466898954703834 0.40625 0.1916376306620209 0.41015625 0.1951219512195122 0.416015625 0.1951219512195122 0.416015625 0.20209059233449478 0.412109375 0.20209059233449478 0.41015625 0.20557491289198607 0.38671875 0.20209059233449478 0.38671875 0.1951219512195122
0 0.44921875 0.06620209059233449 0.455078125 0.07317073170731707 0.458984375 0.07317073170731707 0.458984375 0.07665505226480836 0.453125 0.07665505226480836 0.451171875 0.08013937282229965 0.4296875 0.07665505226480836 0.4296875 0.06968641114982578 0.43359375 0.06620209059233449 0.447265625 0.06620209059233449
0 0.41015625 0.1289198606271777 0.421875 0.1289198606271777 0.423828125 0.12195121951219512 0.42578125 0.12195121951219512 0.427734375 0.1289198606271777 0.439453125 0.1289198606271777 0.439453125 0.13937282229965156 0.41015625 0.13937282229965156 0.41015625 0.13240418118466898
0 0.693359375 0.24041811846689895 0.693359375 0.29965156794425085 0.681640625 0.30313588850174217 0.6796875 0.30662020905923343 0.66796875 0.30662020905923343 0.66015625 0.313588850174216 0.6484375 0.313588850174216 0.642578125 0.3205574912891986 0.63671875 0.3205574912891986 0.630859375 0.32752613240418116 0.625 0.32752613240418116 0.619140625 0.3344947735191638 0.615234375 0.3344947735191638 0.607421875 0.34146341463414637 0.59375 0.34146341463414637 0.6015625 0.3310104529616725 0.607421875 0.3310104529616725 0.6171875 0.3205574912891986 0.62890625 0.29965156794425085 0.634765625 0.2961672473867596 0.640625 0.28222996515679444 0.64453125 0.28222996515679444 0.650390625 0.27177700348432055 0.658203125 0.2682926829268293 0.666015625 0.2578397212543554 0.669921875 0.2578397212543554 0.6796875 0.24738675958188153 0.68359375 0.24738675958188153 0.69140625 0.24041811846689895
0 0.4453125 0.15331010452961671 0.44921875 0.14982578397212543 0.462890625 0.14982578397212543 0.46484375 0.15331010452961671 0.470703125 0.15331010452961671 0.474609375 0.156794425087108 0.474609375 0.1602787456445993 0.46484375 0.1602787456445993 0.462890625 0.16376306620209058 0.44140625 0.1602787456445993 0.4453125 0.156794425087108
0 0.611328125 0.6689895470383276 0.61328125 0.6724738675958188 0.611328125 0.6759581881533101 0.611328125 0.6829268292682927 0.615234375 0.6898954703832753 0.62109375 0.6829268292682927 0.619140625 0.6968641114982579 0.623046875 0.7038327526132404 0.623046875 0.710801393728223 0.615234375 0.7177700348432056 0.5859375 0.7177700348432056 0.578125 0.7247386759581882 0.5703125 0.7247386759581882 0.5703125 0.710801393728223 0.572265625 0.7038327526132404 0.576171875 0.7003484320557491 0.576171875 0.6724738675958188 0.580078125 0.6585365853658537 0.5859375 0.6585365853658537 0.587890625 0.6655052264808362 0.591796875 0.6655052264808362 0.59375 0.6689895470383276 0.609375 0.6689895470383276
0 0.580078125 0.8048780487804879 0.58984375 0.7979094076655052 0.59765625 0.7979094076655052 0.599609375 0.794425087108014 0.599609375 0.8292682926829268 0.57421875 0.8292682926829268 0.57421875 0.818815331010453 0.578125 0.818815331010453 0.580078125 0.8153310104529616 0.580078125 0.8083623693379791
0 0.669921875 0.4425087108013937 0.677734375 0.4355400696864111 0.68359375 0.4355400696864111 0.685546875 0.42857142857142855 0.69140625 0.42857142857142855 0.69140625 0.4843205574912892 0.685546875 0.4843205574912892 0.6796875 0.47735191637630664 0.673828125 0.47735191637630664 0.671875 0.4738675958188153 0.666015625 0.4738675958188153 0.662109375 0.47038327526132406 0.662109375 0.4634146341463415 0.658203125 0.45993031358885017 0.669921875 0.445993031358885
0 0.58203125 0.10452961672473868 0.595703125 0.10452961672473868 0.595703125 0.11498257839721254 0.591796875 0.11498257839721254 0.58984375 0.11846689895470383 0.583984375 0.11846689895470383 0.58203125 0.11498257839721254 0.58203125 0.10801393728222997
0 0.3671875 0.09059233449477352 0.37109375 0.09059233449477352 0.373046875 0.08362369337979095 0.390625 0.08362369337979095 0.392578125 0.09059233449477352 0.392578125 0.10104529616724739 0.384765625 0.10104529616724739 0.3828125 0.10452961672473868 0.37890625 0.10104529616724739 0.373046875 0.10104529616724739 0.373046875 0.09407665505226481 0.369140625 0.09059233449477352
0 0.462890625 0.03832752613240418 0.46484375 0.041811846689895474 0.46484375 0.05574912891986063 0.453125 0.05574912891986063 0.451171875 0.059233449477351915 0.447265625 0.05574912891986063 0.44140625 0.05574912891986063 0.44140625 0.04529616724738676 0.439453125 0.041811846689895474 0.435546875 0.041811846689895474 0.443359375 0.041811846689895474 0.447265625 0.03832752613240418 0.44921875 0.0313588850174216 0.455078125 0.0313588850174216 0.45703125 0.03832752613240418 0.4609375 0.03832752613240418
0 0.650390625 0.7142857142857143 0.673828125 0.7142857142857143 0.67578125 0.7212543554006968 0.685546875 0.7212543554006968 0.6875 0.7247386759581882 0.69140625 0.7247386759581882 0.69140625 0.8292682926829268 0.666015625 0.8292682926829268 0.65625 0.818815331010453 0.65625 0.8118466898954704 0.654296875 0.8083623693379791 0.65625 0.735191637630662 0.654296875 0.7282229965156795 0.650390625 0.7247386759581882 0.650390625 0.7177700348432056
0 0.556640625 0.31010452961672474 0.560546875 0.313588850174216 0.560546875 0.3344947735191638 0.55859375 0.34146341463414637 0.552734375 0.34146341463414637 0.55078125 0.34494773519163763 0.546875 0.34494773519163763 0.544921875 0.34146341463414637 0.52734375 0.34146341463414637 0.52734375 0.33797909407665505 0.53125 0.3344947735191638 0.53125 0.3170731707317073 0.5546875 0.3170731707317073 0.556640625 0.313588850174216
0 0.640625 0.05574912891986063 0.650390625 0.05574912891986063 0.65234375 0.04878048780487805 0.658203125 0.04878048780487805 0.658203125 0.06620209059233449 0.65234375 0.06620209059233449 0.650390625 0.06968641114982578 0.6484375 0.06620209059233449 0.640625 0.06620209059233449 0.640625 0.059233449477351915
0 0.572265625 0.4250871080139373 0.583984375 0.41114982578397213 0.587890625 0.41114982578397213 0.58984375 0.40418118466898956 0.59765625 0.40418118466898956 0.59765625 0.4529616724738676 0.591796875 0.45993031358885017 0.578125 0.46689895470383275 0.572265625 0.4738675958188153 0.568359375 0.4843205574912892 0.5625 0.47735191637630664 0.560546875 0.47735191637630664 0.55859375 0.4843205574912892 0.552734375 0.4843205574912892 0.552734375 0.4634146341463415 0.556640625 0.4634146341463415 0.55859375 0.45993031358885017 0.55859375 0.4425087108013937 0.56640625 0.43205574912891986 0.5703125 0.43205574912891986 0.572265625 0.42857142857142855