0 0.58203125 0.25435540069686413 0.58984375 0.25435540069686413 0.591796875 0.2613240418118467 0.591796875 0.27177700348432055 0.59375 0.27526132404181186 0.591796875 0.28222996515679444 0.591796875 0.2926829268292683 0.587890625 0.2961672473867596 0.58203125 0.2961672473867596 0.580078125 0.2926829268292683 0.564453125 0.2926829268292683 0.564453125 0.28222996515679444 0.5625 0.2787456445993031 0.5625 0.27177700348432055 0.57421875 0.27177700348432055 0.576171875 0.26480836236933797 0.58203125 0.2578397212543554
0 0.3046875 0.6306620209059234 0.314453125 0.6306620209059234 0.314453125 0.6445993031358885 0.310546875 0.6445993031358885 0.30859375 0.6480836236933798 0.3046875 0.6445993031358885 0.3046875 0.6341463414634146
0 0.5234375 0.013937282229965157 0.5234375 0.017421602787456445 0.529296875 0.024390243902439025 0.53515625 0.024390243902439025 0.537109375 0.027874564459930314 0.544921875 0.027874564459930314 0.546875 0.024390243902439025 0.55078125 0.03484320557491289 0.55078125 0.05226480836236934 0.54296875 0.05574912891986063 0.533203125 0.041811846689895474 0.529296875 0.041811846689895474 0.5234375 0.03484320557491289 0.517578125 0.03484320557491289 0.5234375 0.027874564459930314 0.5234375 0.017421602787456445
0 0.490234375 0.024390243902439025 0.490234375 0.03832752613240418 0.486328125 0.041811846689895474 0.48046875 0.041811846689895474 0.478515625 0.04529616724738676 0.47265625 0.03832752613240418 0.47265625 0.0313588850174216 0.474609375 0.027874564459930314 0.484375 0.027874564459930314 0.48828125 0.024390243902439025
0 0.470703125 0.5052264808362369 0.482421875 0.5052264808362369 0.484375 0.5121951219512195 0.482421875 0.519163763066202 0.4765625 0.519163763066202 0.466796875 0.5121951219512195 0.470703125 0.5087108013937283
0 0.498046875 0.3693379790940767 0.498046875 0.3797909407665505 0.49609375 0.3832752613240418 0.486328125 0.3832752613240418 0.484375 0.3797909407665505 0.48046875 0.3797909407665505 0.484375 0.37630662020905925 0.49609375 0.37630662020905925 0.498046875 0.37282229965156793
0 0.63671875 0.7979094076655052 0.638671875 0.8013937282229965 0.63671875 0.8048780487804879 0.63671875 0.8257839721254355 0.638671875 0.8327526132404182 0.630859375 0.8397212543554007 0.62890625 0.8362369337979094 0.625 0.8362369337979094 0.623046875 0.8292682926829268 0.623046875 0.8153310104529616 0.63671875 0.8013937282229965
0 0.5546875 0.3797909407665505 0.556640625 0.3832752613240418 0.560546875 0.3832752613240418 0.560546875 0.4146341463414634 0.55859375 0.4181184668989547 0.560546875 0.4146341463414634 0.55859375 0.41114982578397213 0.5546875 0.41114982578397213 0.546875 0.40418118466898956 0.546875 0.3902439024390244 0.548828125 0.3832752613240418 0.552734375 0.3797909407665505
0 0.5703125 0 0.625 0 0.623046875 0.006968641114982578 0.623046875 0.017421602787456445 0.6171875 0.03832752613240418 0.607421875 0.03832752613240418 0.60546875 0.041811846689895474 0.587890625 0.041811846689895474 0.5859375 0.03832752613240418 0.576171875 0.03832752613240418 0.572265625 0.024390243902439025 0.5703125 0.003484320557491289
0 0.310546875 0.37630662020905925 0.33984375 0.37630662020905925 0.341796875 0.3832752613240418 0.345703125 0.3832752613240418 0.34765625 0.3867595818815331 0.34765625 0.40418118466898956 0.34375 0.4076655052264808 0.31640625 0.41114982578397213 0.314453125 0.4076655052264808 0.306640625 0.4076655052264808 0.306640625 0.3832752613240418 0.310546875 0.3797909407665505
0 0.462890625 0.05226480836236934 0.46875 0.05226480836236934 0.46875 0.0627177700348432 0.466796875 0.06968641114982578 0.4609375 0.06968641114982578 0.455078125 0.0627177700348432 0.462890625 0.05574912891986063
0 0.666015625 0.2229965156794425 0.669921875 0.2229965156794425 0.669921875 0.28222996515679444 0.65234375 0.2857142857142857 0.650390625 0.289198606271777 0.646484375 0.289198606271777 0.638671875 0.29965156794425085 0.634765625 0.289198606271777 0.630859375 0.289198606271777 0.626953125 0.29965156794425085 0.62109375 0.30662020905923343 0.6171875 0.30313588850174217 0.6171875 0.2857142857142857 0.61328125 0.27526132404181186 0.61328125 0.26480836236933797 0.626953125 0.27177700348432055 0.6328125 0.2613240418118467 0.6328125 0.25435540069686413 0.634765625 0.2508710801393728 0.642578125 0.24738675958188153 0.650390625 0.23693379790940766 0.654296875 0.23344947735191637 0.66015625 0.23344947735191637 0.666015625 0.2264808362369338
0 0.626953125 0.9442508710801394 0.640625 0.9442508710801394 0.642578125 0.9512195121951219 0.6484375 0.9512195121951219 0.65234375 0.9547038327526133 0.65625 0.9616724738675958 0.65625 0.9686411149825784 0.6640625 0.9790940766550522 0.666015625 0.9895470383275261 0.669921875 0.9965156794425087 0.625 0.9965156794425087 0.62109375 0.9860627177700348 0.62109375 0.975609756097561 0.6171875 0.9721254355400697 0.6171875 0.9581881533101045 0.626953125 0.9477351916376306
0 0.34375 0.4181184668989547 0.345703125 0.4181184668989547 0.345703125 0.43902439024390244 0.341796875 0.44947735191637633 0.33203125 0.44947735191637633 0.330078125 0.4529616724738676 0.318359375 0.4529616724738676 0.31640625 0.44947735191637633 0.3125 0.44947735191637633 0.3125 0.4425087108013937 0.314453125 0.4425087108013937 0.3203125 0.42857142857142855 0.32421875 0.42857142857142855 0.326171875 0.4250871080139373 0.341796875 0.4250871080139373 0.34375 0.42160278745644597
0 0.513671875 0.22996515679442509 0.525390625 0.22996515679442509 0.525390625 0.24041811846689895 0.5234375 0.24390243902439024 0.51171875 0.24390243902439024 0.5078125 0.24041811846689895 0.513671875 0.23344947735191637
0 0.337890625 0.12195121951219512 0.3515625 0.12195121951219512 0.3515625 0.1254355400696864 0.35546875 0.1289198606271777 0.35546875 0.13588850174216027 0.3515625 0.13937282229965156 0.34765625 0.13588850174216027 0.328125 0.13588850174216027 0.326171875 0.13240418118466898 0.322265625 0.13240418118466898 0.328125 0.13240418118466898 0.337890625 0.1254355400696864
0 0.666015625 0.3623693379790941 0.669921875 0.3623693379790941 0.669921875 0.41114982578397213 0.658203125 0.4076655052264808 0.65234375 0.40069686411149824 0.654296875 0.3867595818815331 0.65625 0.3867595818815331 0.666015625 0.36585365853658536
0 0.33984375 0.09059233449477352 0.353515625 0.09059233449477352 0.353515625 0.10452961672473868 0.3515625 0.10801393728222997 0.34765625 0.10801393728222997 0.34375 0.10104529616724739 0.3359375 0.0975609756097561 0.33984375 0.09407665505226481
0 0.4727870813397129 -0.003734391410899755 0.019615355861244018 0.020272410516312955
0 0.533203125 0.3554006968641115 0.5390625 0.3623693379790941 0.5390625 0.37282229965156793 0.53125 0.3797909407665505 0.529296875 0.3797909407665505 0.53125 0.37630662020905925 0.529296875 0.37282229965156793 0.521484375 0.37282229965156793 0.51953125 0.37630662020905925 0.513671875 0.3693379790940767 0.509765625 0.3588850174216028 0.509765625 0.34494773519163763 0.517578125 0.33797909407665505 0.525390625 0.34146341463414637 0.53125 0.3554006968641115
0 0.490234375 0.43902439024390244 0.490234375 0.4564459930313589 0.482421875 0.4634146341463415 0.478515625 0.4634146341463415 0.4765625 0.45993031358885017 0.4765625 0.44947735191637633 0.478515625 0.445993031358885 0.482421875 0.4425087108013937 0.48828125 0.4425087108013937
0 0.330078125 0.2508710801393728 0.33984375 0.2787456445993031 0.353515625 0.28222996515679444 0.353515625 0.2926829268292683 0.349609375 0.2926829268292683 0.34765625 0.2961672473867596 0.310546875 0.2961672473867596 0.30859375 0.2926829268292683 0.30859375 0.2682926829268293 0.3125 0.2682926829268293 0.318359375 0.25435540069686413 0.322265625 0.2508710801393728 0.328125 0.2508710801393728
0 0.3828125 0.39372822299651566 0.39453125 0.39372822299651566 0.39453125 0.397212543554007 0.3984375 0.40069686411149824 0.3984375 0.41114982578397213 0.396484375 0.4146341463414634 0.38671875 0.4181184668989547 0.376953125 0.4076655052264808 0.376953125 0.40418118466898956 0.3828125 0.397212543554007
0 0.5703125 0.6132404181184669 0.580078125 0.6236933797909407 0.59375 0.6236933797909407 0.59765625 0.627177700348432 0.59765625 0.6411149825783972 0.609375 0.6585365853658537 0.626953125 0.6550522648083623 0.62890625 0.6585365853658537 0.64453125 0.6585365853658537 0.654296875 0.6655052264808362 0.66796875 0.6655052264808362 0.669921875 0.6689895470383276 0.669921875 0.7874564459930313 0.6640625 0.7839721254355401 0.658203125 0.759581881533101 0.658203125 0.7421602787456446 0.650390625 0.7247386759581882 0.634765625 0.7142857142857143 0.630859375 0.7073170731707317 0.615234375 0.6933797909407665 0.609375 0.6829268292682927 0.59375 0.6724738675958188 0.591796875 0.6759581881533101 0.578125 0.6724738675958188 0.5703125 0.6829268292682927 0.564453125 0.6829268292682927 0.5625 0.6794425087108014 0.56640625 0.6689895470383276 0.56640625 0.6341463414634146 0.568359375 0.6306620209059234 0.568359375 0.6167247386759582
0 0.548828125 0.4808362369337979 0.55078125 0.4808362369337979 0.55078125 0.5296167247386759 0.546875 0.5331010452961672 0.53515625 0.5331010452961672 0.533203125 0.5365853658536586 0.529296875 0.5365853658536586 0.525390625 0.5331010452961672 0.5234375 0.5261324041811847 0.521484375 0.5261324041811847 0.521484375 0.5226480836236934 0.525390625 0.519163763066202 0.525390625 0.5087108013937283 0.529296875 0.5017421602787456 0.533203125 0.49825783972125437 0.5390625 0.49825783972125437 0.548828125 0.4843205574912892
0 0.408203125 0.6585365853658537 0.4140625 0.6585365853658537 0.416015625 0.6550522648083623 0.4375 0.6585365853658537 0.4375 0.6794425087108014 0.435546875 0.6829268292682927 0.41796875 0.6829268292682927 0.416015625 0.686411149825784 0.400390625 0.686411149825784 0.396484375 0.6829268292682927 0.396484375 0.6794425087108014 0.408203125 0.662020905923345