0 0.609375 0.5694444444444444 0.615234375 0.5694444444444444 0.615234375 0.5798611111111112 0.619140625 0.5902777777777778 0.619140625 0.6076388888888888 0.6171875 0.6111111111111112 0.6171875 0.6180555555555556 0.611328125 0.6284722222222222 0.607421875 0.6284722222222222 0.607421875 0.6215277777777778 0.60546875 0.6180555555555556 0.60546875 0.5972222222222222 0.607421875 0.59375 0.609375 0.5729166666666666
0 0.482421875 0.3402777777777778 0.486328125 0.3402777777777778 0.48828125 0.3472222222222222 0.48828125 0.3541666666666667 0.482421875 0.34375
0 0.486328125 0.7569444444444444 0.490234375 0.7604166666666666 0.490234375 0.7708333333333334 0.48828125 0.7743055555555556 0.486328125 0.7708333333333334 0.486328125 0.7604166666666666
0 0.54296875 0.1076388888888889 0.556640625 0.1111111111111111 0.572265625 0.13541666666666666 0.57421875 0.1423611111111111 0.57421875 0.1701388888888889 0.576171875 0.1736111111111111 0.576171875 0.1875 0.578125 0.1909722222222222 0.578125 0.19444444444444445 0.576171875 0.19444444444444445 0.572265625 0.1840277777777778 0.564453125 0.17708333333333334 0.568359375 0.1701388888888889 0.568359375 0.15625 0.55078125 0.13194444444444445 0.546875 0.13194444444444445 0.544921875 0.1284722222222222 0.54296875 0.1111111111111111
0 0.56640625 0.9236111111111112 0.568359375 0.9236111111111112 0.57421875 0.9479166666666666 0.57421875 0.9791666666666666 0.576171875 0.9826388888888888 0.576171875 0.9895833333333334 0.57421875 0.9930555555555556 0.5703125 0.9895833333333334 0.568359375 0.9618055555555556 0.564453125 0.9479166666666666 0.56640625 0.9409722222222222 0.56640625 0.9270833333333334
0 0.51953125 0.7916666666666666 0.51953125 0.8020833333333334 0.5234375 0.8159722222222222 0.5234375 0.8298611111111112 0.525390625 0.8368055555555556 0.5234375 0.8402777777777778 0.51953125 0.8298611111111112 0.51953125 0.8229166666666666 0.517578125 0.8194444444444444 0.517578125 0.7951388888888888
0 0.568359375 0.7326388888888888 0.5703125 0.7326388888888888 0.57421875 0.7465277777777778 0.5703125 0.75 0.568359375 0.7465277777777778 0.568359375 0.7361111111111112
0 0.48828125 0.09722222222222222 0.49609375 0.10416666666666667 0.50390625 0.10416666666666667 0.49609375 0.1111111111111111 0.49609375 0.12152777777777778 0.5 0.13194444444444445 0.5 0.1527777777777778 0.498046875 0.15625 0.498046875 0.16319444444444445 0.494140625 0.17708333333333334 0.486328125 0.1909722222222222 0.48046875 0.1909722222222222 0.4765625 0.17708333333333334 0.4765625 0.15625 0.474609375 0.1527777777777778 0.48046875 0.1423611111111111 0.484375 0.1284722222222222 0.484375 0.12152777777777778 0.490234375 0.11458333333333333 0.490234375 0.10416666666666667 0.48828125 0.10069444444444445
0 0.65625 0.0798611111111111 0.65625 0.05555555555555555 0.658203125 0.04861111111111111 0.658203125 0.0798611111111111
0 0.49609375 0.7118055555555556 0.5 0.7222222222222222 0.5 0.7326388888888888 0.498046875 0.7326388888888888 0.49609375 0.7291666666666666 0.49609375 0.7152777777777778
0 0.630859375 0.9097222222222222 0.6328125 0.9027777777777778 0.63671875 0.8993055555555556 0.640625 0.9131944444444444 0.640625 0.9201388888888888 0.63671875 0.9236111111111112 0.6328125 0.9201388888888888 0.6328125 0.9131944444444444
0 0.50390625 0.4131944444444444 0.5078125 0.4131944444444444 0.51171875 0.4236111111111111 0.51171875 0.4270833333333333 0.5078125 0.4270833333333333 0.50390625 0.4166666666666667
0 0.486328125 0.7222222222222222 0.490234375 0.7256944444444444 0.490234375 0.7326388888888888 0.4921875 0.7361111111111112 0.48828125 0.7361111111111112 0.486328125 0.7256944444444444
0 0.466796875 0.4270833333333333 0.470703125 0.4305555555555556 0.470703125 0.4375 0.47265625 0.4409722222222222 0.46875 0.4444444444444444 0.466796875 0.4409722222222222 0.466796875 0.4305555555555556
0 0.48046875 0.7222222222222222 0.482421875 0.7291666666666666 0.482421875 0.7430555555555556 0.478515625 0.7430555555555556 0.478515625 0.7256944444444444
0 0.486328125 0.7222222222222222 0.48828125 0.7222222222222222 0.4921875 0.7326388888888888 0.4921875 0.7361111111111112 0.48828125 0.7361111111111112 0.486328125 0.7256944444444444
0 0.482421875 0.40625 0.486328125 0.4097222222222222 0.486328125 0.4201388888888889 0.484375 0.4201388888888889 0.482421875 0.4097222222222222
0 0.494140625 0.3680555555555556 0.49609375 0.3680555555555556 0.498046875 0.375 0.498046875 0.3923611111111111 0.5 0.3958333333333333 0.498046875 0.3993055555555556 0.49609375 0.3958333333333333 0.494140625 0.3715277777777778
0 0.466796875 0.3611111111111111 0.46875 0.3611111111111111 0.474609375 0.375 0.474609375 0.3819444444444444 0.47265625 0.3819444444444444 0.466796875 0.3645833333333333
0 0.529296875 0.7465277777777778 0.533203125 0.75 0.5390625 0.7743055555555556 0.5390625 0.7916666666666666 0.537109375 0.7951388888888888 0.53515625 0.7916666666666666 0.533203125 0.7847222222222222 0.533203125 0.7673611111111112 0.529296875 0.75
0 0.462890625 0.3854166666666667 0.46484375 0.3819444444444444 0.470703125 0.3854166666666667 0.47265625 0.3888888888888889 0.47265625 0.3958333333333333 0.46875 0.3958333333333333 0.46484375 0.3888888888888889
0 0.46875 0.3993055555555556 0.47265625 0.3993055555555556 0.474609375 0.4027777777777778 0.474609375 0.4131944444444444 0.47265625 0.4131944444444444 0.46875 0.4027777777777778
0 0.60546875 0.6597222222222222 0.611328125 0.6805555555555556 0.609375 0.6875 0.609375 0.6979166666666666 0.60546875 0.7013888888888888 0.60546875 0.6875 0.603515625 0.6840277777777778 0.60546875 0.6631944444444444
0 0.53515625 0.3819444444444444 0.5390625 0.3819444444444444 0.5390625 0.3958333333333333 0.541015625 0.3993055555555556 0.541015625 0.4236111111111111 0.537109375 0.4270833333333333 0.537109375 0.4201388888888889 0.53515625 0.4166666666666667 0.53515625 0.3854166666666667
0 0.630859375 0.6736111111111112 0.638671875 0.6736111111111112 0.640625 0.6770833333333334 0.640625 0.6840277777777778 0.646484375 0.7013888888888888 0.646484375 0.7152777777777778 0.6484375 0.71875 0.6484375 0.7430555555555556 0.638671875 0.7569444444444444 0.634765625 0.75 0.6328125 0.71875 0.630859375 0.7152777777777778 0.6328125 0.7083333333333334 0.6328125 0.6875 0.630859375 0.6840277777777778 0.630859375 0.6770833333333334
0 0.4765625 0.7326388888888888 0.48046875 0.7361111111111112 0.48046875 0.7465277777777778 0.478515625 0.75 0.4765625 0.7465277777777778 0.4765625 0.7361111111111112
0 0.646484375 0.9548611111111112 0.650390625 0.9583333333333334 0.650390625 0.9652777777777778 0.65234375 0.96875 0.65234375 0.9965277777777778 0.646484375 0.9965277777777778 0.646484375 0.9583333333333334
0 0.51171875 0.4583333333333333 0.517578125 0.4652777777777778 0.517578125 0.4756944444444444 0.515625 0.4756944444444444 0.51171875 0.4618055555555556
0 0.595703125 0.6458333333333334 0.599609375 0.6631944444444444 0.599609375 0.6909722222222222 0.59765625 0.6944444444444444 0.59765625 0.7013888888888888 0.58984375 0.7013888888888888 0.587890625 0.6979166666666666 0.58984375 0.6840277777777778 0.583984375 0.6701388888888888 0.5859375 0.6631944444444444 0.5859375 0.6388888888888888 0.58984375 0.6354166666666666 0.59375 0.6458333333333334
0 0.5078125 0.7708333333333334 0.513671875 0.7708333333333334 0.51171875 0.7777777777777778 0.515625 0.7881944444444444 0.515625 0.8229166666666666 0.51171875 0.8090277777777778 0.51171875 0.7881944444444444 0.5078125 0.7743055555555556
0 0.626953125 0.027777777777777776 0.62890625 0.03125 0.62890625 0.052083333333333336 0.626953125 0.05555555555555555 0.626953125 0.06597222222222222 0.623046875 0.0798611111111111 0.62109375 0.0798611111111111 0.62109375 0.059027777777777776 0.626953125 0.03125
0 0.548828125 0.7118055555555556 0.55078125 0.7118055555555556 0.55078125 0.7291666666666666 0.548828125 0.7291666666666666 0.548828125 0.7152777777777778
0 0.65234375 0.09027777777777778 0.65625 0.09722222222222222 0.65625 0.10416666666666667 0.658203125 0.1076388888888889 0.658203125 0.125 0.654296875 0.12152777777777778 0.650390625 0.09375