0 0.494140625 0.04878048780487805 0.49609375 0.04878048780487805 0.49609375 0.05226480836236934 0.501953125 0.059233449477351915 0.509765625 0.059233449477351915 0.51171875 0.05574912891986063 0.51171875 0.06620209059233449 0.5078125 0.07317073170731707 0.5078125 0.08710801393728224 0.51171875 0.0975609756097561 0.51171875 0.11846689895470383 0.5078125 0.1289198606271777 0.5078125 0.13588850174216027 0.50390625 0.13937282229965156 0.5 0.14982578397212543 0.494140625 0.14982578397212543 0.490234375 0.156794425087108 0.486328125 0.156794425087108 0.48046875 0.14982578397212543 0.478515625 0.14285714285714285 0.478515625 0.12195121951219512 0.474609375 0.11846689895470383 0.474609375 0.11149825783972125 0.482421875 0.11149825783972125 0.484375 0.10452961672473868 0.48828125 0.10104529616724739 0.490234375 0.08710801393728224 0.494140625 0.08013937282229965 0.498046875 0.08013937282229965 0.5 0.07665505226480836 0.5 0.06968641114982578 0.498046875 0.0627177700348432 0.494140625 0.059233449477351915 0.494140625 0.05226480836236934
0 0.482421875 0.7560975609756098 0.486328125 0.7560975609756098 0.48828125 0.7665505226480837 0.4921875 0.7700348432055749 0.4921875 0.7839721254355401 0.486328125 0.7839721254355401 0.482421875 0.7804878048780488 0.482421875 0.759581881533101
0 0.560546875 0.10104529616724739 0.5703125 0.10104529616724739 0.57421875 0.10801393728222997 0.58203125 0.11149825783972125 0.58203125 0.11498257839721254 0.587890625 0.1254355400696864 0.591796875 0.1254355400696864 0.59375 0.1289198606271777 0.59765625 0.14285714285714285 0.59765625 0.2229965156794425 0.59765625 0.21951219512195122 0.591796875 0.20905923344947736 0.583984375 0.20905923344947736 0.587890625 0.1986062717770035 0.591796875 0.1986062717770035 0.59375 0.1951219512195122 0.59375 0.18466898954703834 0.587890625 0.17770034843205576 0.587890625 0.17421602787456447 0.580078125 0.1602787456445993 0.578125 0.1602787456445993 0.5703125 0.14285714285714285 0.56640625 0.14285714285714285 0.564453125 0.14634146341463414 0.564453125 0.1289198606271777 0.560546875 0.11846689895470383 0.560546875 0.10452961672473868
0 0.501953125 0.3519163763066202 0.50390625 0.3519163763066202 0.50390625 0.3867595818815331 0.501953125 0.39372822299651566 0.5 0.3902439024390244 0.501953125 0.3867595818815331 0.501953125 0.37630662020905925 0.498046875 0.37282229965156793 0.498046875 0.3588850174216028 0.501953125 0.3554006968641115
0 0.623046875 0.6445993031358885 0.62890625 0.6445993031358885 0.62890625 0.7038327526132404 0.623046875 0.710801393728223 0.619140625 0.7038327526132404 0.611328125 0.7038327526132404 0.611328125 0.686411149825784 0.615234375 0.6759581881533101 0.619140625 0.6724738675958188 0.623046875 0.6480836236933798
0 0.509765625 0.4425087108013937 0.515625 0.4425087108013937 0.515625 0.44947735191637633 0.51953125 0.4529616724738676 0.51953125 0.4634146341463415 0.517578125 0.4634146341463415 0.513671875 0.45993031358885017 0.51171875 0.4529616724738676 0.505859375 0.44947735191637633 0.509765625 0.445993031358885
0 0.57421875 0.7038327526132404 0.578125 0.7038327526132404 0.578125 0.7665505226480837 0.57421875 0.7630662020905923 0.57421875 0.7073170731707317
0 0.458984375 0.33797909407665505 0.46484375 0.33797909407665505 0.47265625 0.34494773519163763 0.47265625 0.3554006968641115 0.470703125 0.3588850174216028 0.470703125 0.3519163763066202 0.46875 0.34843205574912894 0.458984375 0.34146341463414637
0 0.474609375 0.32752613240418116 0.48828125 0.32752613240418116 0.48828125 0.3344947735191638 0.486328125 0.33797909407665505 0.484375 0.33797909407665505 0.48046875 0.32752613240418116 0.4765625 0.32752613240418116
0 0.48046875 0.39372822299651566 0.486328125 0.39372822299651566 0.486328125 0.4076655052264808 0.484375 0.4076655052264808 0.486328125 0.40069686411149824 0.484375 0.397212543554007 0.48046875 0.397212543554007
0 0.552734375 0.4250871080139373 0.57421875 0.4250871080139373 0.57421875 0.42857142857142855 0.552734375 0.42857142857142855
0 0.4609375 0.4146341463414634 0.466796875 0.4146341463414634 0.466796875 0.4250871080139373 0.46875 0.42857142857142855 0.4609375 0.42160278745644597 0.4609375 0.4181184668989547
0 0.62890625 0.5644599303135889 0.634765625 0.5644599303135889 0.634765625 0.627177700348432 0.62890625 0.627177700348432 0.625 0.6306620209059234 0.62109375 0.6202090592334495 0.62109375 0.5888501742160279 0.623046875 0.5818815331010453 0.626953125 0.578397212543554 0.62890625 0.5679442508710801
0 0.52734375 0.7282229965156795 0.533203125 0.7282229965156795 0.533203125 0.7317073170731707 0.537109375 0.735191637630662 0.5390625 0.7421602787456446 0.541015625 0.7421602787456446 0.541015625 0.7804878048780488 0.537109375 0.7839721254355401 0.53515625 0.7804878048780488 0.53515625 0.7560975609756098 0.53125 0.7526132404181185 0.53125 0.7386759581881533 0.52734375 0.735191637630662 0.52734375 0.7317073170731707
0 0.642578125 0.6376306620209059 0.650390625 0.6376306620209059 0.65234375 0.6515679442508711 0.65625 0.6550522648083623 0.65625 0.662020905923345 0.658203125 0.6655052264808362 0.658203125 0.7177700348432056 0.654296875 0.7177700348432056 0.650390625 0.7247386759581882 0.646484375 0.7247386759581882 0.646484375 0.7212543554006968 0.642578125 0.7177700348432056 0.642578125 0.7003484320557491 0.640625 0.6968641114982579 0.640625 0.6759581881533101 0.642578125 0.6724738675958188 0.640625 0.6445993031358885 0.642578125 0.6411149825783972
0 0.458984375 0.37282229965156793 0.46875 0.37282229965156793 0.46875 0.3867595818815331 0.462890625 0.3832752613240418 0.462890625 0.3797909407665505 0.458984375 0.37630662020905925
0 0.51171875 0.7526132404181185 0.517578125 0.7491289198606271 0.517578125 0.7804878048780488 0.51953125 0.7839721254355401 0.517578125 0.8048780487804879 0.515625 0.8048780487804879 0.515625 0.794425087108014 0.51171875 0.7909407665505227 0.51171875 0.7770034843205574 0.515625 0.7735191637630662 0.515625 0.759581881533101 0.51171875 0.7560975609756098
0 0.53515625 0.3519163763066202 0.54296875 0.3519163763066202 0.544921875 0.3554006968641115 0.544921875 0.397212543554007 0.54296875 0.40069686411149824 0.54296875 0.4076655052264808 0.5390625 0.4076655052264808 0.5390625 0.397212543554007 0.53515625 0.39372822299651566 0.53515625 0.3554006968641115
0 0.521484375 0.794425087108014 0.5234375 0.794425087108014 0.5234375 0.8153310104529616 0.525390625 0.818815331010453 0.525390625 0.8292682926829268 0.521484375 0.8292682926829268 0.521484375 0.8153310104529616 0.517578125 0.8118466898954704 0.517578125 0.8048780487804879 0.51953125 0.8048780487804879 0.521484375 0.7979094076655052
0 0.486328125 0.7247386759581882 0.49609375 0.7247386759581882 0.49609375 0.7421602787456446 0.4921875 0.7421602787456446 0.490234375 0.735191637630662 0.486328125 0.735191637630662 0.486328125 0.7282229965156795
0 0.498046875 0.397212543554007 0.50390625 0.397212543554007 0.50390625 0.40069686411149824 0.5078125 0.40418118466898956 0.509765625 0.41114982578397213 0.51171875 0.41114982578397213 0.51171875 0.4181184668989547 0.5078125 0.4181184668989547 0.50390625 0.41114982578397213 0.498046875 0.4076655052264808 0.498046875 0.40069686411149824
0 0.603515625 0.7038327526132404 0.61328125 0.7038327526132404 0.619140625 0.710801393728223 0.619140625 0.7526132404181185 0.609375 0.7526132404181185 0.6015625 0.7630662020905923 0.6015625 0.759581881533101 0.609375 0.7491289198606271 0.603515625 0.7421602787456446 0.599609375 0.7317073170731707 0.59765625 0.7317073170731707 0.59765625 0.7177700348432056 0.599609375 0.7177700348432056 0.603515625 0.7073170731707317
0 0.669921875 0.09059233449477352 0.67578125 0.09059233449477352 0.677734375 0.0975609756097561 0.677734375 0.1289198606271777 0.67578125 0.1254355400696864 0.677734375 0.12195121951219512 0.677734375 0.11498257839721254 0.673828125 0.11149825783972125 0.673828125 0.10452961672473868 0.669921875 0.10104529616724739 0.669921875 0.09407665505226481
0 0.490234375 0.3344947735191638 0.494140625 0.3344947735191638 0.494140625 0.34843205574912894 0.490234375 0.34843205574912894 0.490234375 0.33797909407665505
0 0.58984375 0.686411149825784 0.58984375 0.6933797909407665 0.568359375 0.6933797909407665 0.56640625 0.6968641114982579 0.5625 0.6968641114982579 0.560546875 0.6933797909407665 0.5625 0.686411149825784 0.587890625 0.686411149825784
0 0.484375 0.7282229965156795 0.486328125 0.7282229965156795 0.486328125 0.7491289198606271 0.482421875 0.7491289198606271 0.484375 0.7456445993031359 0.48046875 0.7421602787456446 0.48046875 0.735191637630662 0.484375 0.7317073170731707
0 0.466796875 0.3902439024390244 0.4765625 0.3902439024390244 0.4765625 0.397212543554007 0.474609375 0.40069686411149824 0.466796875 0.397212543554007 0.466796875 0.39372822299651566
0 0.5625 0.7282229965156795 0.5625 0.7421602787456446 0.552734375 0.7421602787456446 0.552734375 0.7317073170731707 0.560546875 0.7282229965156795