0 0.5132336018411968 0.11136995144404839 0.014716987917146145 0.02503979503053291
0 0.482421875 0.07665505226480836 0.484375 0.07665505226480836 0.484375 0.08362369337979095 0.486328125 0.08710801393728224 0.498046875 0.08710801393728224 0.501953125 0.09059233449477352 0.501953125 0.10801393728222997 0.5 0.11149825783972125 0.49609375 0.11149825783972125 0.494140625 0.10801393728222997 0.490234375 0.10801393728222997 0.48046875 0.09407665505226481 0.482421875 0.08013937282229965
0 0.48828125 0.3205574912891986 0.498046875 0.3205574912891986 0.501953125 0.32752613240418116 0.501953125 0.34843205574912894 0.49609375 0.3519163763066202 0.494140625 0.3588850174216028 0.490234375 0.3623693379790941 0.486328125 0.3519163763066202 0.48046875 0.34494773519163763 0.482421875 0.33797909407665505 0.486328125 0.3344947735191638 0.486328125 0.32752613240418116 0.48828125 0.3240418118466899
0 0.541015625 0.6759581881533101 0.54296875 0.6829268292682927 0.55078125 0.6898954703832753 0.56640625 0.6898954703832753 0.56640625 0.7073170731707317 0.568359375 0.710801393728223 0.572265625 0.710801393728223 0.572265625 0.7177700348432056 0.57421875 0.7212543554006968 0.57421875 0.7317073170731707 0.56640625 0.7386759581881533 0.529296875 0.7421602787456446 0.53125 0.735191637630662 0.53125 0.7247386759581882 0.533203125 0.7212543554006968 0.533203125 0.6968641114982579 0.53515625 0.6933797909407665 0.53515625 0.686411149825784 0.541015625 0.6794425087108014
0 0.509765625 0.27177700348432055 0.51171875 0.27177700348432055 0.51171875 0.2961672473867596 0.5078125 0.2961672473867596 0.505859375 0.29965156794425085 0.498046875 0.2961672473867596 0.501953125 0.2926829268292683 0.501953125 0.2787456445993031 0.5078125 0.2787456445993031 0.509765625 0.27526132404181186
0 0.59765625 0.8536585365853658 0.599609375 0.8536585365853658 0.599609375 0.89198606271777 0.5859375 0.89198606271777 0.58203125 0.8885017421602788 0.58203125 0.867595818815331 0.59765625 0.8571428571428571
0 0.525390625 0.3902439024390244 0.529296875 0.39372822299651566 0.529296875 0.40069686411149824 0.525390625 0.40069686411149824 0.5234375 0.40418118466898956 0.51953125 0.40069686411149824 0.5078125 0.40069686411149824 0.50390625 0.397212543554007 0.509765625 0.3902439024390244 0.5234375 0.3902439024390244
0 0.642578125 0.32752613240418116 0.64453125 0.32752613240418116 0.64453125 0.34843205574912894 0.642578125 0.34494773519163763 0.642578125 0.3310104529616725
0 0.603515625 0.09059233449477352 0.603515625 0.10452961672473868 0.599609375 0.10452961672473868 0.5859375 0.11846689895470383 0.572265625 0.11846689895470383 0.5703125 0.12195121951219512 0.5390625 0.12195121951219512 0.537109375 0.11846689895470383 0.53125 0.11846689895470383 0.53125 0.10452961672473868 0.53515625 0.10452961672473868 0.537109375 0.10104529616724739 0.55859375 0.10104529616724739 0.560546875 0.0975609756097561 0.59765625 0.10104529616724739 0.6015625 0.09407665505226481
0 0.337890625 0.08710801393728224 0.337890625 0.0975609756097561 0.3359375 0.10104529616724739 0.32421875 0.0975609756097561 0.32421875 0.09059233449477352 0.3359375 0.08710801393728224
0 0.3515625 0.05574912891986063 0.36328125 0.05574912891986063 0.365234375 0.0627177700348432 0.369140625 0.0627177700348432 0.369140625 0.07317073170731707 0.353515625 0.07665505226480836 0.3515625 0.07317073170731707 0.34765625 0.07317073170731707 0.34765625 0.0627177700348432 0.3515625 0.059233449477351915
0 0.5625 0.3693379790940767 0.58203125 0.3693379790940767 0.58203125 0.3867595818815331 0.578125 0.397212543554007 0.572265625 0.40418118466898956 0.568359375 0.42857142857142855 0.560546875 0.42857142857142855 0.55859375 0.42160278745644597 0.5546875 0.42160278745644597 0.548828125 0.42857142857142855 0.54296875 0.42857142857142855 0.537109375 0.445993031358885 0.533203125 0.445993031358885 0.53125 0.43902439024390244 0.5234375 0.43902439024390244 0.521484375 0.4425087108013937 0.521484375 0.44947735191637633 0.51953125 0.44947735191637633 0.509765625 0.42857142857142855 0.509765625 0.4250871080139373 0.515625 0.4250871080139373 0.517578125 0.42857142857142855 0.521484375 0.42160278745644597 0.5234375 0.40069686411149824 0.53515625 0.3867595818815331 0.548828125 0.37630662020905925 0.560546875 0.37630662020905925 0.5625 0.37282229965156793
0 0.490234375 0.41114982578397213 0.4921875 0.41114982578397213 0.4921875 0.4425087108013937 0.482421875 0.4425087108013937 0.482421875 0.42857142857142855 0.484375 0.42857142857142855 0.486328125 0.42160278745644597 0.490234375 0.4181184668989547 0.490234375 0.4146341463414634
0 0.484375 0.662020905923345 0.486328125 0.6655052264808362 0.4921875 0.6655052264808362 0.494140625 0.662020905923345 0.494140625 0.6794425087108014 0.484375 0.6829268292682927 0.478515625 0.6898954703832753 0.470703125 0.6898954703832753 0.46875 0.6933797909407665 0.4453125 0.6933797909407665 0.4453125 0.6898954703832753 0.44921875 0.686411149825784 0.451171875 0.6759581881533101 0.455078125 0.6689895470383276 0.458984375 0.6689895470383276 0.4609375 0.6655052264808362 0.466796875 0.6655052264808362 0.46875 0.662020905923345 0.482421875 0.662020905923345
0 0.302734375 0.3832752613240418 0.3046875 0.3832752613240418 0.306640625 0.3902439024390244 0.31640625 0.397212543554007 0.31640625 0.4146341463414634 0.314453125 0.4181184668989547 0.310546875 0.4181184668989547 0.306640625 0.4146341463414634 0.306640625 0.4076655052264808 0.302734375 0.40418118466898956 0.302734375 0.397212543554007 0.298828125 0.39372822299651566 0.298828125 0.3902439024390244 0.302734375 0.3867595818815331
0 0.53515625 0.8745644599303136 0.53515625 0.89198606271777 0.525390625 0.9059233449477352 0.521484375 0.9059233449477352 0.51953125 0.9094076655052264 0.501953125 0.9094076655052264 0.501953125 0.89198606271777 0.509765625 0.8850174216027874 0.533203125 0.8780487804878049
0 0.64453125 0.43902439024390244 0.64453125 0.49477351916376305 0.638671875 0.4878048780487805 0.62890625 0.4843205574912892 0.626953125 0.47735191637630664 0.623046875 0.47735191637630664 0.623046875 0.4634146341463415 0.62890625 0.4564459930313589 0.62890625 0.44947735191637633 0.642578125 0.43902439024390244
0 0.482421875 0.5923344947735192 0.486328125 0.5888501742160279 0.50390625 0.5888501742160279 0.50390625 0.5923344947735192 0.498046875 0.5923344947735192 0.49609375 0.5958188153310104 0.486328125 0.5958188153310104 0.484375 0.5923344947735192
0 0.33203125 0.05226480836236934 0.333984375 0.05226480836236934 0.333984375 0.07317073170731707 0.32421875 0.06968641114982578 0.32421875 0.059233449477351915 0.330078125 0.059233449477351915 0.33203125 0.05574912891986063
0 0.384765625 0.04878048780487805 0.40234375 0.04878048780487805 0.40234375 0.059233449477351915 0.400390625 0.0627177700348432 0.384765625 0.05226480836236934
0 0.353515625 0.006968641114982578 0.35546875 0.006968641114982578 0.357421875 0.013937282229965157 0.365234375 0.013937282229965157 0.365234375 0.024390243902439025 0.35546875 0.024390243902439025 0.353515625 0.027874564459930314 0.3515625 0.024390243902439025 0.34765625 0.024390243902439025 0.34765625 0.013937282229965157 0.3515625 0.013937282229965157 0.353515625 0.010452961672473868
0 0.37890625 0.14634146341463414 0.3828125 0.14634146341463414 0.3828125 0.16376306620209058 0.380859375 0.1672473867595819 0.37890625 0.16376306620209058 0.375 0.16376306620209058 0.375 0.15331010452961671 0.37890625 0.14982578397212543
0 0.625 0.3344947735191638 0.62890625 0.3344947735191638 0.62890625 0.34146341463414637 0.6328125 0.34843205574912894 0.6328125 0.3623693379790941 0.62890625 0.37282229965156793 0.62890625 0.3797909407665505 0.630859375 0.3832752613240418 0.630859375 0.40069686411149824 0.62890625 0.4076655052264808 0.623046875 0.4146341463414634 0.623046875 0.4181184668989547 0.62890625 0.4250871080139373 0.626953125 0.4355400696864111 0.615234375 0.43902439024390244 0.607421875 0.44947735191637633 0.59765625 0.44947735191637633 0.595703125 0.4529616724738676 0.58984375 0.445993031358885 0.587890625 0.42857142857142855 0.583984375 0.4250871080139373 0.583984375 0.41114982578397213 0.587890625 0.4076655052264808 0.59375 0.3902439024390244 0.607421875 0.37630662020905925 0.6171875 0.37282229965156793 0.623046875 0.3623693379790941 0.623046875 0.34146341463414637 0.625 0.33797909407665505
0 0.640625 0.735191637630662 0.642578125 0.7386759581881533 0.646484375 0.7386759581881533 0.646484375 0.8501742160278746 0.625 0.8501742160278746 0.619140625 0.8432055749128919 0.6171875 0.8327526132404182 0.61328125 0.8292682926829268 0.61328125 0.7874564459930313 0.6171875 0.7839721254355401 0.6171875 0.7630662020905923 0.619140625 0.759581881533101 0.6171875 0.7560975609756098 0.6171875 0.735191637630662 0.619140625 0.7282229965156795 0.6328125 0.7282229965156795 0.634765625 0.735191637630662 0.638671875 0.735191637630662
0 0.580078125 0.05574912891986063 0.58984375 0.05574912891986063 0.58984375 0.06620209059233449 0.5859375 0.06620209059233449 0.583984375 0.06968641114982578 0.576171875 0.06620209059233449 0.578125 0.06620209059233449 0.580078125 0.059233449477351915
0 0.330078125 0.14285714285714285 0.337890625 0.14285714285714285 0.33984375 0.13937282229965156 0.34375 0.14285714285714285 0.341796875 0.14634146341463414 0.333984375 0.14634146341463414 0.33203125 0.14285714285714285
0 0.494140625 0.5470383275261324 0.49609375 0.5435540069686411 0.49609375 0.5365853658536586 0.48828125 0.5296167247386759 0.490234375 0.5226480836236934 0.5 0.5226480836236934 0.501953125 0.5261324041811847 0.505859375 0.5261324041811847 0.509765625 0.5331010452961672 0.509765625 0.5470383275261324 0.5078125 0.5505226480836237 0.49609375 0.5470383275261324