0 0.60546875 0.4564459930313589 0.619140625 0.4564459930313589 0.62109375 0.4634146341463415 0.626953125 0.4634146341463415 0.626953125 0.4912891986062718 0.609375 0.4912891986062718 0.59375 0.4808362369337979 0.59375 0.4738675958188153 0.60546875 0.45993031358885017
0 0.470703125 0.03484320557491289 0.474609375 0.03832752613240418 0.474609375 0.04878048780487805 0.46484375 0.04878048780487805 0.462890625 0.04529616724738676 0.458984375 0.04529616724738676 0.462890625 0.041811846689895474 0.46875 0.041811846689895474 0.470703125 0.03832752613240418
0 0.298828125 0.3832752613240418 0.306640625 0.3832752613240418 0.322265625 0.397212543554007 0.33203125 0.397212543554007 0.33984375 0.3867595818815331 0.353515625 0.3867595818815331 0.361328125 0.39372822299651566 0.3671875 0.4076655052264808 0.376953125 0.4181184668989547 0.349609375 0.4181184668989547 0.34765625 0.4146341463414634 0.3359375 0.4146341463414634 0.333984375 0.41114982578397213 0.328125 0.41114982578397213 0.32421875 0.4146341463414634 0.314453125 0.4355400696864111 0.310546875 0.4355400696864111 0.310546875 0.43205574912891986 0.31640625 0.4181184668989547 0.31640625 0.4076655052264808 0.30078125 0.3832752613240418
0 0.28125 0.6898954703832753 0.28515625 0.686411149825784 0.291015625 0.686411149825784 0.29296875 0.6898954703832753 0.2890625 0.7038327526132404 0.283203125 0.7038327526132404 0.28125 0.7003484320557491 0.28125 0.6933797909407665
0 0.453125 0.08362369337979095 0.45703125 0.08013937282229965 0.466796875 0.08013937282229965 0.462890625 0.09059233449477352 0.45703125 0.09059233449477352 0.453125 0.08710801393728224
0 0.537109375 0.926829268292683 0.546875 0.9372822299651568 0.552734375 0.9477351916376306 0.552734375 0.9547038327526133 0.55859375 0.9686411149825784 0.568359375 0.9686411149825784 0.5703125 0.9721254355400697 0.5703125 0.975609756097561 0.564453125 0.9860627177700348 0.5625 0.9965156794425087 0.560546875 0.9965156794425087 0.5546875 0.9825783972125436 0.55078125 0.9825783972125436 0.548828125 0.9860627177700348 0.537109375 0.9825783972125436 0.53515625 0.9860627177700348 0.53125 0.9860627177700348 0.529296875 0.9930313588850174 0.5234375 0.975609756097561 0.5078125 0.9512195121951219 0.505859375 0.9512195121951219 0.505859375 0.9477351916376306 0.5078125 0.9477351916376306 0.521484375 0.926829268292683 0.525390625 0.926829268292683 0.52734375 0.9233449477351916 0.53515625 0.926829268292683
0 0.509765625 0.8536585365853658 0.5078125 0.8780487804878049 0.5 0.8885017421602788 0.494140625 0.8885017421602788 0.494140625 0.8710801393728222 0.498046875 0.8710801393728222 0.5078125 0.8571428571428571
0 0.423828125 0.34494773519163763 0.427734375 0.34494773519163763 0.431640625 0.3554006968641115 0.431640625 0.37630662020905925 0.42578125 0.3832752613240418 0.421875 0.3797909407665505 0.421875 0.3588850174216028 0.423828125 0.3554006968641115 0.423828125 0.34843205574912894
0 0.595703125 0.8292682926829268 0.59765625 0.8292682926829268 0.59765625 0.8606271777003485 0.599609375 0.8641114982578397 0.595703125 0.8710801393728222 0.58984375 0.8710801393728222 0.583984375 0.8606271777003485 0.583984375 0.8466898954703833 0.595703125 0.8327526132404182
0 0.388671875 0.06620209059233449 0.390625 0.07317073170731707 0.40234375 0.07665505226480836 0.396484375 0.08362369337979095 0.384765625 0.08362369337979095 0.3828125 0.07665505226480836 0.388671875 0.06968641114982578
0 0.619140625 0.4076655052264808 0.62109375 0.4076655052264808 0.623046875 0.40069686411149824 0.626953125 0.397212543554007 0.626953125 0.43902439024390244 0.61328125 0.43205574912891986 0.61328125 0.42160278745644597 0.615234375 0.42160278745644597 0.619140625 0.41114982578397213
0 0.47265625 0.5365853658536586 0.48046875 0.5400696864111498 0.48046875 0.5435540069686411 0.486328125 0.5505226480836237 0.486328125 0.5609756097560976 0.48828125 0.5644599303135889 0.486328125 0.5679442508710801 0.486328125 0.578397212543554 0.484375 0.5818815331010453 0.48046875 0.5818815331010453 0.4765625 0.5749128919860628 0.478515625 0.5679442508710801 0.47265625 0.554006968641115 0.47265625 0.5400696864111498
0 0.279296875 0.3902439024390244 0.283203125 0.3902439024390244 0.28515625 0.39372822299651566 0.28515625 0.4076655052264808 0.283203125 0.41114982578397213 0.279296875 0.41114982578397213 0.27734375 0.4076655052264808 0.27734375 0.397212543554007 0.279296875 0.39372822299651566
0 0.353515625 0.6933797909407665 0.35546875 0.6968641114982579 0.365234375 0.6968641114982579 0.369140625 0.7073170731707317 0.37109375 0.7073170731707317 0.373046875 0.7003484320557491 0.373046875 0.7212543554006968 0.36328125 0.7212543554006968 0.361328125 0.7247386759581882 0.34765625 0.7247386759581882 0.345703125 0.7212543554006968 0.337890625 0.7212543554006968 0.333984375 0.7177700348432056 0.3359375 0.7177700348432056 0.33984375 0.7073170731707317 0.345703125 0.7003484320557491 0.345703125 0.6968641114982579 0.3515625 0.6933797909407665
0 0.51953125 0.0627177700348432 0.5234375 0.0627177700348432 0.529296875 0.08013937282229965 0.525390625 0.08710801393728224 0.509765625 0.08710801393728224 0.501953125 0.08013937282229965 0.490234375 0.08013937282229965 0.494140625 0.06968641114982578 0.517578125 0.06968641114982578 0.51953125 0.06620209059233449
0 0.310546875 0.017421602787456445 0.326171875 0.017421602787456445 0.328125 0.020905923344947737 0.328125 0.0313588850174216 0.326171875 0.03484320557491289 0.318359375 0.03484320557491289 0.3125 0.027874564459930314 0.310546875 0.020905923344947737
0 0.271484375 0.46689895470383275 0.27734375 0.46689895470383275 0.27734375 0.4912891986062718 0.271484375 0.49825783972125437 0.263671875 0.4912891986062718 0.263671875 0.4843205574912892 0.265625 0.4843205574912892 0.271484375 0.47038327526132406
0 0.533203125 0 0.54296875 0 0.544921875 0.006968641114982578 0.548828125 0.006968641114982578 0.5546875 0.013937282229965157 0.560546875 0.013937282229965157 0.5625 0.017421602787456445 0.576171875 0.017421602787456445 0.578125 0.020905923344947737 0.580078125 0.017421602787456445 0.607421875 0.020905923344947737 0.611328125 0.017421602787456445 0.6171875 0.003484320557491289 0.61328125 0.020905923344947737 0.609375 0.027874564459930314 0.58984375 0.04878048780487805 0.587890625 0.06620209059233449 0.583984375 0.06968641114982578 0.576171875 0.06968641114982578 0.57421875 0.07317073170731707 0.548828125 0.06968641114982578 0.544921875 0.06620209059233449 0.541015625 0.05574912891986063 0.5390625 0.03484320557491289 0.53125 0.013937282229965157 0.53125 0.006968641114982578 0.533203125 0.003484320557491289
0 0.6015625 0.24738675958188153 0.611328125 0.24738675958188153 0.611328125 0.2508710801393728 0.6171875 0.2613240418118467 0.6171875 0.27526132404181186 0.609375 0.2857142857142857 0.587890625 0.2857142857142857 0.583984375 0.28222996515679444 0.580078125 0.289198606271777 0.576171875 0.289198606271777 0.578125 0.2857142857142857 0.572265625 0.27526132404181186 0.57421875 0.27177700348432055 0.58203125 0.27177700348432055 0.58984375 0.2578397212543554 0.59375 0.25435540069686413 0.599609375 0.25435540069686413 0.6015625 0.2508710801393728
0 0.529296875 0.6445993031358885 0.533203125 0.6445993031358885 0.53515625 0.6515679442508711 0.54296875 0.6585365853658537 0.556640625 0.6585365853658537 0.560546875 0.662020905923345 0.556640625 0.6655052264808362 0.556640625 0.6724738675958188 0.564453125 0.6794425087108014 0.568359375 0.6898954703832753 0.595703125 0.6898954703832753 0.59765625 0.6933797909407665 0.607421875 0.6933797909407665 0.609375 0.6968641114982579 0.626953125 0.7003484320557491 0.626953125 0.818815331010453 0.62109375 0.7979094076655052 0.619140625 0.7735191637630662 0.611328125 0.759581881533101 0.607421875 0.759581881533101 0.603515625 0.7526132404181185 0.59375 0.7491289198606271 0.58203125 0.7317073170731707 0.5703125 0.7212543554006968 0.564453125 0.710801393728223 0.55859375 0.710801393728223 0.556640625 0.7073170731707317 0.5546875 0.710801393728223 0.5390625 0.7073170731707317 0.53125 0.7177700348432056 0.5234375 0.7177700348432056 0.5234375 0.7073170731707317 0.52734375 0.7038327526132404 0.529296875 0.6480836236933798
0 0.421875 0.313588850174216 0.427734375 0.313588850174216 0.427734375 0.34146341463414637 0.42578125 0.34494773519163763 0.423828125 0.34494773519163763 0.421875 0.3170731707317073
0 0.279296875 0.2857142857142857 0.283203125 0.2857142857142857 0.283203125 0.289198606271777 0.294921875 0.31010452961672474 0.30078125 0.31010452961672474 0.310546875 0.3170731707317073 0.314453125 0.313588850174216 0.314453125 0.3240418118466899 0.3125 0.3310104529616725 0.306640625 0.3310104529616725 0.3046875 0.33797909407665505 0.30078125 0.33797909407665505 0.298828125 0.34146341463414637 0.26953125 0.34146341463414637 0.267578125 0.33797909407665505 0.263671875 0.33797909407665505 0.263671875 0.31010452961672474 0.271484375 0.30662020905923343 0.279296875 0.289198606271777
0 0.470703125 0.27526132404181186 0.478515625 0.27526132404181186 0.478515625 0.2961672473867596 0.46484375 0.2926829268292683 0.46484375 0.28222996515679444 0.46875 0.28222996515679444 0.470703125 0.2787456445993031
0 0.291015625 0.4250871080139373 0.3046875 0.4250871080139373 0.306640625 0.43205574912891986 0.31640625 0.4355400696864111 0.31640625 0.4425087108013937 0.306640625 0.4425087108013937 0.3046875 0.445993031358885 0.30078125 0.445993031358885 0.298828125 0.4425087108013937 0.29296875 0.4425087108013937 0.287109375 0.4355400696864111 0.287109375 0.43205574912891986 0.291015625 0.42857142857142855
0 0.4296875 0.4808362369337979 0.43359375 0.4843205574912892 0.435546875 0.4912891986062718 0.42578125 0.4912891986062718 0.423828125 0.49477351916376305 0.4140625 0.49477351916376305 0.412109375 0.4912891986062718 0.408203125 0.4912891986062718 0.408203125 0.4878048780487805 0.4140625 0.4808362369337979 0.427734375 0.4808362369337979