0 0.72265625 0.7560975609756098 0.72265625 0.7735191637630662 0.71875 0.7770034843205574 0.712890625 0.7770034843205574 0.7109375 0.7804878048780488 0.69921875 0.7804878048780488 0.697265625 0.7770034843205574 0.697265625 0.7700348432055749 0.69921875 0.7700348432055749 0.703125 0.759581881533101 0.720703125 0.7560975609756098
0 0.6015625 0.8118466898954704 0.603515625 0.8153310104529616 0.607421875 0.8153310104529616 0.607421875 0.8397212543554007 0.60546875 0.8432055749128919 0.583984375 0.8432055749128919 0.58203125 0.8397212543554007 0.572265625 0.8362369337979094 0.56640625 0.8292682926829268 0.56640625 0.818815331010453 0.5703125 0.8118466898954704 0.599609375 0.8118466898954704
0 0.50390625 0.519163763066202 0.505859375 0.5226480836236934 0.509765625 0.5226480836236934 0.517578125 0.5331010452961672 0.517578125 0.5505226480836237 0.513671875 0.554006968641115 0.505859375 0.554006968641115 0.505859375 0.5505226480836237 0.501953125 0.5470383275261324 0.5 0.5400696864111498 0.49609375 0.5400696864111498 0.482421875 0.5296167247386759 0.48046875 0.5226480836236934 0.482421875 0.5156794425087108 0.5 0.5156794425087108 0.501953125 0.519163763066202
0 0.037109375 0.3832752613240418 0.041015625 0.3832752613240418 0.041015625 0.397212543554007 0.037109375 0.397212543554007 0.03515625 0.40418118466898956 0.03125 0.40418118466898956 0.029296875 0.4076655052264808 0.021484375 0.4076655052264808 0.01953125 0.41114982578397213 0.01953125 0.42160278745644597 0.015625 0.42160278745644597 0.013671875 0.4250871080139373 0.021484375 0.43205574912891986 0.03515625 0.43205574912891986 0.037109375 0.4355400696864111 0.041015625 0.4355400696864111 0.04296875 0.43205574912891986 0.041015625 0.4355400696864111 0.005859375 0.4355400696864111 0.00390625 0.43902439024390244 0 0.43902439024390244 0 0.4076655052264808 0.0078125 0.4076655052264808 0.009765625 0.40418118466898956 0.01953125 0.40069686411149824 0.021484375 0.39372822299651566 0.03515625 0.3902439024390244 0.037109375 0.3867595818815331
0 0.158203125 0 0.201171875 0 0.203125 0.006968641114982578 0.203125 0.0313588850174216 0.19921875 0.0313588850174216 0.1953125 0.03832752613240418 0.1875 0.03832752613240418 0.181640625 0.0313588850174216 0.17578125 0.0313588850174216 0.166015625 0.024390243902439025 0.166015625 0.017421602787456445 0.162109375 0.013937282229965157 0.158203125 0.003484320557491289
0 0.63671875 0.5156794425087108 0.642578125 0.5226480836236934 0.646484375 0.5226480836236934 0.65234375 0.5331010452961672 0.65234375 0.5888501742160279 0.650390625 0.5923344947735192 0.6484375 0.5923344947735192 0.640625 0.5714285714285714 0.62890625 0.554006968641115 0.626953125 0.5261324041811847 0.62890625 0.519163763066202 0.634765625 0.5156794425087108
0 0.84765625 0.735191637630662 0.84765625 0.7630662020905923 0.841796875 0.7630662020905923 0.837890625 0.7560975609756098 0.83984375 0.7526132404181185 0.83984375 0.7386759581881533 0.845703125 0.735191637630662
0 0.734375 0.14285714285714285 0.748046875 0.14285714285714285 0.751953125 0.15331010452961671 0.751953125 0.1672473867595819 0.748046875 0.17421602787456447 0.728515625 0.17073170731707318 0.720703125 0.16376306620209058 0.7265625 0.14982578397212543 0.732421875 0.14982578397212543 0.734375 0.14634146341463414
0 0.361328125 0.2264808362369338 0.37109375 0.23693379790940766 0.37109375 0.25435540069686413 0.3671875 0.2613240418118467 0.359375 0.2613240418118467 0.359375 0.2578397212543554 0.353515625 0.2508710801393728 0.353515625 0.22996515679442509 0.359375 0.2264808362369338
0 0.57421875 0.7142857142857143 0.578125 0.7177700348432056 0.578125 0.7560975609756098 0.5703125 0.7560975609756098 0.568359375 0.759581881533101 0.55078125 0.7560975609756098 0.548828125 0.7491289198606271 0.544921875 0.7456445993031359 0.544921875 0.7421602787456446 0.546875 0.7421602787456446 0.55078125 0.7317073170731707 0.5546875 0.7317073170731707 0.56640625 0.7142857142857143 0.572265625 0.7142857142857143
0 0.745674740484429 0.3966097199281435 0.03354103589965398 0.040123940537477545