0 0.486328125 0.03832752613240418 0.486328125 0.04878048780487805 0.490234375 0.05574912891986063 0.498046875 0.059233449477351915 0.501953125 0.06968641114982578 0.501953125 0.08362369337979095 0.494140625 0.08362369337979095 0.486328125 0.06620209059233449 0.482421875 0.06620209059233449 0.482421875 0.059233449477351915 0.486328125 0.05574912891986063 0.486328125 0.041811846689895474
0 0.6016746411483254 0.8877181868195989 0.01674641148325359 0.04267875898171149
0 0.314453125 0.20557491289198607 0.328125 0.21602787456445993 0.333984375 0.2264808362369338 0.337890625 0.24041811846689895 0.337890625 0.2508710801393728 0.333984375 0.25435540069686413 0.33203125 0.2508710801393728 0.3203125 0.2508710801393728 0.314453125 0.2578397212543554 0.310546875 0.2578397212543554 0.30859375 0.25435540069686413 0.310546875 0.24738675958188153 0.306640625 0.24041811846689895 0.298828125 0.24041811846689895 0.298828125 0.21602787456445993 0.30078125 0.21602787456445993 0.30859375 0.20209059233449478 0.3125 0.20557491289198607
0 0.34375 0.17073170731707318 0.34765625 0.17073170731707318 0.349609375 0.17770034843205576 0.357421875 0.18466898954703834 0.36328125 0.18118466898954705 0.35546875 0.18815331010452963 0.345703125 0.18815331010452963 0.33984375 0.18118466898954705 0.34375 0.17421602787456447
0 0.392578125 0.03484320557491289 0.396484375 0.03484320557491289 0.396484375 0.03832752613240418 0.40234375 0.04529616724738676 0.40625 0.04529616724738676 0.40625 0.05226480836236934 0.404296875 0.05574912891986063 0.390625 0.05574912891986063 0.38671875 0.05226480836236934 0.38671875 0.04529616724738676 0.392578125 0.03832752613240418
0 0.5703125 0.397212543554007 0.57421875 0.40069686411149824 0.578125 0.4146341463414634 0.568359375 0.4146341463414634 0.56640625 0.41114982578397213 0.5625 0.41114982578397213 0.560546875 0.4146341463414634 0.560546875 0.42857142857142855 0.5546875 0.445993031358885 0.5546875 0.4529616724738676 0.546875 0.46689895470383275 0.54296875 0.46689895470383275 0.5390625 0.4738675958188153 0.537109375 0.4843205574912892 0.533203125 0.4843205574912892 0.53125 0.47735191637630664 0.52734375 0.47735191637630664 0.525390625 0.4808362369337979 0.525390625 0.4878048780487805 0.52734375 0.4912891986062718 0.525390625 0.4912891986062718 0.5234375 0.4843205574912892 0.5234375 0.4738675958188153 0.51953125 0.47038327526132406 0.51953125 0.4634146341463415 0.52734375 0.4564459930313589 0.52734375 0.44947735191637633 0.548828125 0.4076655052264808 0.552734375 0.4076655052264808 0.5625 0.397212543554007 0.568359375 0.397212543554007
0 0.55078125 0.07665505226480836 0.556640625 0.08362369337979095 0.5546875 0.0975609756097561 0.548828125 0.0975609756097561 0.546875 0.09059233449477352 0.55078125 0.08710801393728224 0.55078125 0.08013937282229965
0 0.658203125 0.1916376306620209 0.66015625 0.1916376306620209 0.66015625 0.25435540069686413 0.658203125 0.2578397212543554 0.6484375 0.2578397212543554 0.642578125 0.26480836236933797 0.626953125 0.27177700348432055 0.62109375 0.2787456445993031 0.61328125 0.2787456445993031 0.591796875 0.2961672473867596 0.587890625 0.30313588850174217 0.572265625 0.31010452961672474 0.57421875 0.30313588850174217 0.576171875 0.29965156794425085 0.580078125 0.29965156794425085 0.587890625 0.28222996515679444 0.599609375 0.27177700348432055 0.603515625 0.26480836236933797 0.60546875 0.2508710801393728 0.611328125 0.24041811846689895 0.619140625 0.23344947735191637 0.623046875 0.23344947735191637 0.634765625 0.21951219512195122 0.638671875 0.21951219512195122 0.642578125 0.21254355400696864 0.65234375 0.20557491289198607 0.658203125 0.1951219512195122
0 0.408203125 0.1289198606271777 0.42578125 0.13240418118466898 0.42578125 0.13937282229965156 0.416015625 0.14634146341463414 0.40625 0.14634146341463414 0.404296875 0.14285714285714285 0.404296875 0.13588850174216027 0.408203125 0.13240418118466898
0 0.62890625 0.9547038327526133 0.62890625 0.9581881533101045 0.634765625 0.9686411149825784 0.63671875 0.9651567944250871 0.65625 0.9651567944250871 0.658203125 0.9686411149825784 0.66015625 0.9651567944250871 0.66015625 0.9965156794425087 0.646484375 0.9965156794425087 0.642578125 0.9930313588850174 0.642578125 0.9895470383275261 0.63671875 0.9825783972125436 0.634765625 0.975609756097561 0.62109375 0.975609756097561 0.62109375 0.9616724738675958 0.625 0.9581881533101045 0.625 0.9512195121951219 0.626953125 0.9547038327526133
0 0.505859375 0.47038327526132406 0.51171875 0.4878048780487805 0.51171875 0.5052264808362369 0.515625 0.5121951219512195 0.509765625 0.519163763066202 0.505859375 0.519163763066202 0.5 0.5052264808362369 0.501953125 0.4843205574912892 0.505859375 0.4738675958188153
0 0.501953125 0.2682926829268293 0.505859375 0.26480836236933797 0.51171875 0.26480836236933797 0.5078125 0.2787456445993031 0.5078125 0.289198606271777 0.50390625 0.289198606271777 0.5 0.28222996515679444 0.5 0.27526132404181186 0.501953125 0.27177700348432055
0 0.552734375 0.6829268292682927 0.560546875 0.6898954703832753 0.572265625 0.6898954703832753 0.57421875 0.6933797909407665 0.572265625 0.7038327526132404 0.576171875 0.710801393728223 0.58203125 0.7038327526132404 0.578125 0.710801393728223 0.578125 0.7177700348432056 0.5859375 0.7282229965156795 0.57421875 0.7386759581881533 0.552734375 0.7386759581881533 0.544921875 0.7491289198606271 0.541015625 0.7491289198606271 0.541015625 0.735191637630662 0.544921875 0.7177700348432056 0.544921875 0.6898954703832753 0.55078125 0.6829268292682927
0 0.560546875 0.8292682926829268 0.560546875 0.8536585365853658 0.55859375 0.8606271777003485 0.552734375 0.867595818815331 0.544921875 0.867595818815331 0.544921875 0.8501742160278746 0.548828125 0.8466898954703833 0.548828125 0.8397212543554007 0.55078125 0.8362369337979094 0.55859375 0.8292682926829268
0 0.37109375 0.10452961672473868 0.375 0.10452961672473868 0.376953125 0.11149825783972125 0.384765625 0.11149825783972125 0.38671875 0.10801393728222997 0.384765625 0.11498257839721254 0.376953125 0.12195121951219512 0.369140625 0.12195121951219512 0.369140625 0.11149825783972125 0.37109375 0.10801393728222997
0 0.404296875 0.006968641114982578 0.408203125 0.006968641114982578 0.41015625 0.013937282229965157 0.412109375 0.010452961672473868 0.412109375 0.024390243902439025 0.408203125 0.024390243902439025 0.40625 0.027874564459930314 0.400390625 0.027874564459930314 0.400390625 0.013937282229965157 0.404296875 0.010452961672473868
0 0.6484375 0.7456445993031359 0.650390625 0.7491289198606271 0.66015625 0.7526132404181185 0.66015625 0.8606271777003485 0.63671875 0.8606271777003485 0.630859375 0.8501742160278746 0.62890625 0.8432055749128919 0.62890625 0.8327526132404182 0.626953125 0.8292682926829268 0.626953125 0.8222996515679443 0.62890625 0.818815331010453 0.62890625 0.7839721254355401 0.630859375 0.7804878048780488 0.630859375 0.759581881533101 0.62890625 0.7560975609756098 0.626953125 0.7386759581881533 0.62890625 0.735191637630662 0.638671875 0.735191637630662 0.640625 0.7386759581881533 0.64453125 0.7386759581881533 0.646484375 0.7456445993031359
0 0.490234375 0.36585365853658536 0.4921875 0.36585365853658536 0.494140625 0.37282229965156793 0.494140625 0.40069686411149824 0.490234375 0.40418118466898956 0.48828125 0.40069686411149824 0.48828125 0.37282229965156793 0.490234375 0.3693379790940767
0 0.388671875 0 0.404296875 0 0.404296875 0.006968641114982578 0.400390625 0.006968641114982578 0.3984375 0.010452961672473868 0.390625 0.010452961672473868 0.392578125 0.006968641114982578 0.388671875 0.003484320557491289
0 0.5 0.30662020905923343 0.505859375 0.30662020905923343 0.5078125 0.313588850174216 0.513671875 0.313588850174216 0.515625 0.30662020905923343 0.517578125 0.31010452961672474 0.513671875 0.3205574912891986 0.513671875 0.34146341463414637 0.49609375 0.34146341463414637 0.49609375 0.3170731707317073 0.498046875 0.3170731707317073 0.5 0.31010452961672474