0 0.4041666666666667 0.14537037037037037 0.017708333333333333 0.016666666666666666
0 0.546875 0.09027777777777778 0.55078125 0.09027777777777778 0.552734375 0.10069444444444445 0.55859375 0.1111111111111111 0.564453125 0.1111111111111111 0.5703125 0.11805555555555555 0.595703125 0.11805555555555555 0.6015625 0.1076388888888889 0.603515625 0.1111111111111111 0.595703125 0.1284722222222222 0.595703125 0.1388888888888889 0.59375 0.1423611111111111 0.57421875 0.1423611111111111 0.572265625 0.1388888888888889 0.56640625 0.1388888888888889 0.560546875 0.13194444444444445 0.556640625 0.13194444444444445 0.556640625 0.1284722222222222 0.560546875 0.1284722222222222 0.5625 0.12152777777777778 0.560546875 0.11805555555555555 0.55078125 0.11805555555555555 0.546875 0.10416666666666667 0.546875 0.09375
0 0.50390625 0.08680555555555555 0.5078125 0.09375 0.515625 0.09722222222222222 0.51953125 0.1076388888888889 0.51953125 0.11805555555555555 0.515625 0.12152777777777778 0.50390625 0.10069444444444445 0.50390625 0.09027777777777778
0 0.35 0.0699074074074074 0.016666666666666666 0.04351851851851852
0 0.51953125 0.4583333333333333 0.525390625 0.4756944444444444 0.525390625 0.4861111111111111 0.529296875 0.4965277777777778 0.5234375 0.5034722222222222 0.515625 0.4895833333333333 0.51953125 0.4756944444444444 0.51953125 0.4618055555555556
0 0.427734375 0.052083333333333336 0.431640625 0.052083333333333336 0.435546875 0.059027777777777776 0.43359375 0.06597222222222222 0.42578125 0.06597222222222222 0.42578125 0.059027777777777776 0.427734375 0.05555555555555555
0 0.51953125 0.3159722222222222 0.521484375 0.3194444444444444 0.529296875 0.3194444444444444 0.52734375 0.34375 0.513671875 0.34375 0.51171875 0.3368055555555556 0.51171875 0.3229166666666667 0.517578125 0.3159722222222222
0 0.611328125 0.7986111111111112 0.611328125 0.8298611111111112 0.607421875 0.8333333333333334 0.6015625 0.8298611111111112 0.599609375 0.8229166666666666 0.599609375 0.8090277777777778 0.609375 0.7986111111111112
0 0.41796875 0.0798611111111111 0.42578125 0.0798611111111111 0.431640625 0.08680555555555555 0.435546875 0.08680555555555555 0.43359375 0.09375 0.41796875 0.09375 0.416015625 0.09027777777777778 0.41796875 0.08333333333333333
0 0.55859375 0.6388888888888888 0.5625 0.6388888888888888 0.56640625 0.6458333333333334 0.580078125 0.6458333333333334 0.58203125 0.6493055555555556 0.580078125 0.6597222222222222 0.583984375 0.6631944444444444 0.587890625 0.65625 0.583984375 0.6666666666666666 0.58984375 0.6770833333333334 0.591796875 0.6770833333333334 0.587890625 0.6840277777777778 0.583984375 0.6840277777777778 0.58203125 0.6875 0.5625 0.6875 0.5546875 0.6979166666666666 0.552734375 0.6944444444444444 0.552734375 0.6840277777777778 0.5546875 0.6805555555555556 0.5546875 0.65625 0.55859375 0.6423611111111112
0 0.35546875 0.22569444444444445 0.359375 0.2326388888888889 0.369140625 0.2361111111111111 0.376953125 0.25 0.380859375 0.2638888888888889 0.37890625 0.2673611111111111 0.3671875 0.2673611111111111 0.357421875 0.2743055555555556 0.357421875 0.2638888888888889 0.353515625 0.2569444444444444 0.34375 0.2569444444444444 0.341796875 0.2534722222222222 0.341796875 0.24305555555555555 0.34375 0.2361111111111111 0.34765625 0.2361111111111111 0.353515625 0.22916666666666666
0 0.533203125 0.4444444444444444 0.541015625 0.4444444444444444 0.544921875 0.4375 0.544921875 0.4270833333333333 0.55078125 0.4166666666666667 0.552734375 0.40625 0.560546875 0.3888888888888889 0.56640625 0.3854166666666667 0.568359375 0.3888888888888889 0.572265625 0.3888888888888889 0.578125 0.3993055555555556 0.572265625 0.3993055555555556 0.568359375 0.40625 0.564453125 0.4340277777777778 0.55078125 0.4548611111111111 0.55078125 0.4618055555555556 0.54296875 0.4583333333333333 0.5390625 0.4722222222222222 0.537109375 0.46875 0.537109375 0.4583333333333333 0.533203125 0.4479166666666667
0 0.52734375 0.2743055555555556 0.53125 0.2777777777777778 0.529296875 0.2951388888888889 0.5234375 0.2881944444444444 0.52734375 0.2777777777777778
0 0.380859375 0.19444444444444445 0.38671875 0.2048611111111111 0.375 0.2048611111111111 0.375 0.19791666666666666 0.37890625 0.19444444444444445
0 0.4296875 0.1597222222222222 0.439453125 0.1597222222222222 0.44140625 0.16319444444444445 0.4453125 0.16319444444444445 0.44140625 0.1736111111111111 0.431640625 0.1736111111111111 0.4296875 0.1701388888888889 0.4296875 0.16319444444444445
0 0.638671875 0.875 0.638671875 0.8784722222222222 0.646484375 0.8923611111111112 0.658203125 0.8923611111111112 0.658203125 0.9201388888888888 0.6484375 0.9027777777777778 0.64453125 0.8993055555555556 0.63671875 0.8993055555555556 0.638671875 0.8784722222222222
0 0.408203125 0.0763888888888889 0.416015625 0.0763888888888889 0.416015625 0.08680555555555555 0.408203125 0.08680555555555555 0.408203125 0.0798611111111111
0 0.572265625 0.7708333333333334 0.572265625 0.78125 0.56640625 0.8020833333333334 0.55859375 0.8090277777777778 0.552734375 0.8090277777777778 0.55078125 0.8055555555555556 0.55078125 0.7951388888888888 0.552734375 0.7916666666666666 0.552734375 0.7847222222222222 0.55859375 0.7777777777777778 0.5625 0.7743055555555556 0.5703125 0.7743055555555556
0 0.560546875 0.11805555555555555 0.564453125 0.125 0.560546875 0.13194444444444445 0.5546875 0.13194444444444445 0.5546875 0.12152777777777778 0.55859375 0.11805555555555555
0 0.36328125 0.09722222222222222 0.3671875 0.10069444444444445 0.3671875 0.1111111111111111 0.365234375 0.11458333333333333 0.36328125 0.11458333333333333 0.36328125 0.10069444444444445
0 0.62890625 0.6875 0.642578125 0.6875 0.658203125 0.7013888888888888 0.658203125 0.7916666666666666 0.65625 0.7951388888888888 0.640625 0.7951388888888888 0.630859375 0.78125 0.630859375 0.7743055555555556 0.626953125 0.7604166666666666 0.626953125 0.7534722222222222 0.62890625 0.75 0.62890625 0.7222222222222222 0.630859375 0.71875 0.630859375 0.7013888888888888 0.62890625 0.6979166666666666 0.62890625 0.6909722222222222
0 0.505859375 0.3715277777777778 0.509765625 0.3819444444444444 0.509765625 0.3993055555555556 0.505859375 0.3993055555555556 0.505859375 0.3854166666666667 0.50390625 0.3819444444444444 0.505859375 0.375
0 0.42578125 0.041666666666666664 0.4296875 0.04861111111111111 0.423828125 0.05555555555555555 0.419921875 0.05555555555555555 0.4140625 0.04861111111111111 0.4140625 0.041666666666666664 0.416015625 0.03819444444444445 0.421875 0.03819444444444445 0.423828125 0.041666666666666664
0 0.619140625 0.06944444444444445 0.62109375 0.07291666666666667 0.62109375 0.08333333333333333 0.6171875 0.08333333333333333 0.6171875 0.07291666666666667
0 0.654296875 0.13194444444444445 0.658203125 0.13194444444444445 0.658203125 0.1840277777777778 0.64453125 0.1840277777777778 0.6484375 0.17708333333333334 0.6484375 0.1701388888888889 0.64453125 0.16666666666666666 0.625 0.1840277777777778 0.62109375 0.1909722222222222 0.6171875 0.1909722222222222 0.6171875 0.1875 0.625 0.1736111111111111 0.62109375 0.16666666666666666 0.61328125 0.16666666666666666 0.609375 0.16319444444444445 0.609375 0.15625 0.611328125 0.1527777777777778 0.638671875 0.1527777777777778 0.640625 0.14930555555555555 0.6484375 0.14930555555555555 0.654296875 0.1388888888888889 0.654296875 0.13541666666666666