0 0.701171875 0.47038327526132406 0.708984375 0.47038327526132406 0.7109375 0.47735191637630664 0.72265625 0.47735191637630664 0.72265625 0.4843205574912892 0.71875 0.4843205574912892 0.716796875 0.4878048780487805 0.716796875 0.49825783972125437 0.72265625 0.5052264808362369 0.72265625 0.5470383275261324 0.720703125 0.5505226480836237 0.705078125 0.5505226480836237 0.705078125 0.519163763066202 0.701171875 0.5156794425087108 0.701171875 0.5121951219512195 0.705078125 0.5087108013937283 0.70703125 0.4878048780487805 0.705078125 0.4808362369337979 0.701171875 0.47735191637630664 0.701171875 0.4738675958188153
0 0.693359375 0.7003484320557491 0.6953125 0.7003484320557491 0.6953125 0.7526132404181185 0.693359375 0.7560975609756098 0.69140625 0.7526132404181185 0.673828125 0.7526132404181185 0.677734375 0.7421602787456446 0.6875 0.7317073170731707 0.6796875 0.7212543554006968 0.673828125 0.7177700348432056 0.673828125 0.7142857142857143 0.681640625 0.7142857142857143 0.693359375 0.7038327526132404
0 0.556640625 0.3693379790940767 0.568359375 0.3693379790940767 0.5703125 0.37630662020905925 0.5703125 0.39372822299651566 0.568359375 0.397212543554007 0.56640625 0.39372822299651566 0.56640625 0.3867595818815331 0.5625 0.3832752613240418 0.5625 0.37630662020905925 0.560546875 0.37282229965156793 0.556640625 0.37282229965156793
0 0.634765625 0.6794425087108014 0.640625 0.6794425087108014 0.642578125 0.6759581881533101 0.642578125 0.6689895470383276 0.64453125 0.6689895470383276 0.64453125 0.7003484320557491 0.634765625 0.7003484320557491 0.634765625 0.6829268292682927
0 0.646484375 0.3902439024390244 0.6484375 0.39372822299651566 0.625 0.39372822299651566 0.623046875 0.397212543554007 0.615234375 0.39372822299651566 0.619140625 0.3902439024390244 0.64453125 0.3902439024390244
0 0.73828125 0.9512195121951219 0.74609375 0.9512195121951219 0.74609375 0.9965156794425087 0.732421875 0.9965156794425087 0.732421875 0.9895470383275261 0.736328125 0.9895470383275261 0.73828125 0.9860627177700348 0.73828125 0.9547038327526133
0 0.658203125 0.14634146341463414 0.666015625 0.14634146341463414 0.669921875 0.156794425087108 0.685546875 0.17073170731707318 0.693359375 0.18815331010452963 0.693359375 0.2682926829268293 0.69140625 0.27177700348432055 0.69140625 0.28222996515679444 0.693359375 0.2857142857142857 0.693359375 0.30662020905923343 0.689453125 0.29965156794425085 0.677734375 0.29965156794425085 0.67578125 0.30313588850174217 0.671875 0.30313588850174217 0.671875 0.2961672473867596 0.681640625 0.2857142857142857 0.68359375 0.2787456445993031 0.68359375 0.2682926829268293 0.67578125 0.25435540069686413 0.673828125 0.25435540069686413 0.669921875 0.24041811846689895 0.669921875 0.2264808362369338 0.66796875 0.21951219512195122 0.658203125 0.21254355400696864 0.658203125 0.1986062717770035 0.66015625 0.1951219512195122 0.65625 0.17770034843205576 0.65625 0.156794425087108 0.658203125 0.14982578397212543
0 0.685546875 0.5261324041811847 0.689453125 0.5226480836236934 0.689453125 0.5052264808362369 0.69140625 0.5017421602787456 0.69140625 0.4912891986062718 0.689453125 0.4843205574912892 0.69140625 0.47735191637630664 0.69921875 0.47735191637630664 0.701171875 0.4843205574912892 0.705078125 0.4843205574912892 0.705078125 0.5052264808362369 0.70703125 0.5087108013937283 0.70703125 0.5470383275261324 0.705078125 0.5505226480836237 0.689453125 0.5505226480836237 0.689453125 0.5435540069686411 0.685546875 0.5400696864111498 0.685546875 0.5296167247386759
0 0.515625 0.29965156794425085 0.521484375 0.29965156794425085 0.521484375 0.31010452961672474 0.525390625 0.313588850174216 0.525390625 0.3310104529616725 0.521484375 0.3344947735191638 0.51953125 0.3310104529616725 0.51953125 0.3240418118466899 0.515625 0.3205574912891986 0.515625 0.30313588850174217
0 0.720703125 0.9512195121951219 0.72265625 0.9512195121951219 0.72265625 0.9547038327526133 0.728515625 0.9616724738675958 0.73046875 0.9686411149825784 0.73046875 0.9825783972125436 0.734375 0.9860627177700348 0.734375 0.9965156794425087 0.71875 0.9965156794425087 0.71875 0.9616724738675958 0.720703125 0.9547038327526133
0 0.513671875 0.2613240418118467 0.517578125 0.26480836236933797 0.517578125 0.27177700348432055 0.51953125 0.27526132404181186 0.51953125 0.2926829268292683 0.517578125 0.2961672473867596 0.515625 0.2961672473867596 0.515625 0.289198606271777 0.51171875 0.2857142857142857 0.509765625 0.2682926829268293 0.505859375 0.26480836236933797 0.51171875 0.2613240418118467
0 0.548828125 0 0.552734375 0 0.5546875 0.003484320557491289 0.556640625 0 0.587890625 0 0.5859375 0.006968641114982578 0.5859375 0.020905923344947737 0.58203125 0.03832752613240418 0.578125 0.041811846689895474 0.57421875 0.05574912891986063 0.568359375 0.05574912891986063 0.56640625 0.059233449477351915 0.5546875 0.059233449477351915 0.55078125 0.05574912891986063 0.55078125 0.013937282229965157 0.548828125 0.010452961672473868 0.548828125 0.003484320557491289
0 0.541015625 0.289198606271777 0.541015625 0.2961672473867596 0.54296875 0.29965156794425085 0.54296875 0.3205574912891986 0.541015625 0.313588850174216 0.53515625 0.31010452961672474 0.53515625 0.28222996515679444 0.537109375 0.28222996515679444 0.5390625 0.289198606271777
0 0.52734375 0.21254355400696864 0.537109375 0.21254355400696864 0.537109375 0.24390243902439024 0.53515625 0.24738675958188153 0.52734375 0.24390243902439024 0.52734375 0.23693379790940766 0.533203125 0.23693379790940766 0.53515625 0.23344947735191637 0.533203125 0.22996515679442509 0.52734375 0.22996515679442509 0.52734375 0.21602787456445993
0 0.625 0.6480836236933798 0.630859375 0.6550522648083623 0.630859375 0.6655052264808362 0.6328125 0.6689895470383276 0.654296875 0.6689895470383276 0.658203125 0.6724738675958188 0.658203125 0.686411149825784 0.650390625 0.686411149825784 0.6484375 0.6898954703832753 0.6484375 0.7003484320557491 0.642578125 0.7003484320557491 0.638671875 0.6898954703832753 0.6328125 0.6898954703832753 0.630859375 0.686411149825784 0.625 0.686411149825784 0.62109375 0.6829268292682927 0.62109375 0.6585365853658537 0.623046875 0.6585365853658537 0.625 0.6515679442508711
0 0.71484375 0 0.72265625 0 0.72265625 0.03484320557491289 0.720703125 0.03832752613240418 0.71484375 0.03832752613240418 0.71484375 0.003484320557491289
0 0.732421875 0.5435540069686411 0.7421875 0.5435540069686411 0.7421875 0.5470383275261324 0.74609375 0.5505226480836237 0.74609375 0.6236933797909407 0.732421875 0.6236933797909407 0.732421875 0.6202090592334495 0.728515625 0.6167247386759582 0.7265625 0.6097560975609756 0.724609375 0.6097560975609756 0.724609375 0.5818815331010453 0.7265625 0.5818815331010453 0.728515625 0.578397212543554 0.728515625 0.5714285714285714 0.732421875 0.5679442508710801 0.732421875 0.5470383275261324
0 0.546875 0.21254355400696864 0.548828125 0.21254355400696864 0.548828125 0.24390243902439024 0.544921875 0.24738675958188153 0.546875 0.24390243902439024 0.546875 0.23693379790940766 0.544921875 0.23344947735191637 0.5390625 0.23344947735191637 0.5390625 0.2264808362369338 0.544921875 0.2264808362369338 0.546875 0.2229965156794425 0.546875 0.21602787456445993
0 0.5625 0.24041811846689895 0.564453125 0.24041811846689895 0.56640625 0.24738675958188153 0.572265625 0.24738675958188153 0.572265625 0.2787456445993031 0.568359375 0.28222996515679444 0.56640625 0.27526132404181186 0.5625 0.27177700348432055 0.5625 0.24390243902439024
0 0.5625 0.5679442508710801 0.572265625 0.5679442508710801 0.572265625 0.5818815331010453 0.576171875 0.5853658536585366 0.576171875 0.6132404181184669 0.57421875 0.6132404181184669 0.57421875 0.6027874564459931 0.5703125 0.5993031358885017 0.5703125 0.5923344947735192 0.56640625 0.5888501742160279 0.56640625 0.5818815331010453 0.55859375 0.5749128919860628 0.5625 0.5714285714285714
0 0.59375 0.24041811846689895 0.607421875 0.24041811846689895 0.607421875 0.29965156794425085 0.6015625 0.29965156794425085 0.59765625 0.2961672473867596 0.59765625 0.24738675958188153 0.59375 0.24390243902439024
0 0.552734375 0.6480836236933798 0.5625 0.6480836236933798 0.5625 0.6515679442508711 0.56640625 0.6550522648083623 0.56640625 0.6898954703832753 0.564453125 0.6898954703832753 0.564453125 0.686411149825784 0.560546875 0.6829268292682927 0.560546875 0.6724738675958188 0.556640625 0.6689895470383276 0.556640625 0.6585365853658537 0.552734375 0.6550522648083623 0.552734375 0.6515679442508711
0 0.736328125 0.47735191637630664 0.74609375 0.47735191637630664 0.74609375 0.5470383275261324 0.740234375 0.5400696864111498 0.740234375 0.4912891986062718 0.736328125 0.4878048780487805 0.736328125 0.4808362369337979
0 0.552734375 0.30662020905923343 0.552734375 0.2961672473867596 0.564453125 0.2961672473867596 0.564453125 0.31010452961672474 0.56640625 0.313588850174216 0.56640625 0.34146341463414637 0.564453125 0.34494773519163763 0.56640625 0.34146341463414637 0.56640625 0.3344947735191638 0.5625 0.3310104529616725 0.560546875 0.3240418118466899 0.55859375 0.3240418118466899 0.55859375 0.31010452961672474 0.5546875 0.30662020905923343
0 0.708984375 0.554006968641115 0.7109375 0.5574912891986062 0.7109375 0.6097560975609756 0.70703125 0.6202090592334495 0.69921875 0.6202090592334495 0.697265625 0.6236933797909407 0.685546875 0.6202090592334495 0.685546875 0.5958188153310104 0.6875 0.5958188153310104 0.69140625 0.5818815331010453 0.693359375 0.5818815331010453 0.6953125 0.5749128919860628 0.703125 0.5644599303135889 0.703125 0.5574912891986062 0.70703125 0.5574912891986062
0 0.5625 0.21951219512195122 0.5625 0.2508710801393728 0.560546875 0.25435540069686413 0.560546875 0.23344947735191637 0.55859375 0.22996515679442509 0.552734375 0.22996515679442509 0.552734375 0.21254355400696864 0.55859375 0.21254355400696864 0.560546875 0.21951219512195122
0 0.55078125 0.5958188153310104 0.556640625 0.5958188153310104 0.556640625 0.5993031358885017 0.560546875 0.6027874564459931 0.5625 0.6097560975609756 0.564453125 0.6097560975609756 0.564453125 0.6515679442508711 0.5625 0.6515679442508711 0.5625 0.6480836236933798 0.55859375 0.6445993031358885 0.55859375 0.6341463414634146 0.5546875 0.6306620209059234 0.5546875 0.6132404181184669 0.55078125 0.6097560975609756 0.55078125 0.5993031358885017