0 0.556640625 0.125 0.568359375 0.13541666666666666 0.578125 0.1527777777777778 0.580078125 0.16319444444444445 0.583984375 0.1701388888888889 0.583984375 0.2048611111111111 0.58203125 0.20833333333333334 0.58203125 0.2152777777777778 0.583984375 0.21875 0.583984375 0.23958333333333334 0.58203125 0.23958333333333334 0.578125 0.22916666666666666 0.572265625 0.22916666666666666 0.572265625 0.2222222222222222 0.578125 0.2152777777777778 0.578125 0.2048611111111111 0.56640625 0.1736111111111111 0.560546875 0.16319444444444445 0.556640625 0.16666666666666666 0.55859375 0.1597222222222222 0.5546875 0.14930555555555555 0.5546875 0.1284722222222222
0 0.607421875 0.6145833333333334 0.609375 0.6145833333333334 0.609375 0.6215277777777778 0.61328125 0.6354166666666666 0.61328125 0.6458333333333334 0.615234375 0.6493055555555556 0.61328125 0.6527777777777778 0.61328125 0.6666666666666666 0.609375 0.6770833333333334 0.60546875 0.6770833333333334 0.59765625 0.6701388888888888 0.59765625 0.6527777777777778 0.6015625 0.6458333333333334 0.6015625 0.6388888888888888 0.60546875 0.6319444444444444 0.60546875 0.6215277777777778 0.607421875 0.6180555555555556
0 0.5703125 0.9444444444444444 0.572265625 0.9444444444444444 0.580078125 0.9652777777777778 0.580078125 0.9861111111111112 0.58203125 0.9895833333333334 0.58203125 0.9965277777777778 0.57421875 0.9965277777777778 0.5703125 0.9791666666666666 0.5703125 0.9479166666666666
0 0.505859375 0.4340277777777778 0.5078125 0.4340277777777778 0.513671875 0.4513888888888889 0.513671875 0.4583333333333333 0.51171875 0.4583333333333333 0.505859375 0.4375
0 0.63671875 0.9409722222222222 0.63671875 0.9305555555555556 0.6328125 0.9166666666666666 0.6328125 0.9027777777777778 0.634765625 0.8993055555555556 0.63671875 0.8993055555555556 0.640625 0.9131944444444444 0.640625 0.9270833333333334 0.64453125 0.9340277777777778 0.64453125 0.9409722222222222 0.638671875 0.9409722222222222
0 0.490234375 0.0798611111111111 0.49609375 0.0798611111111111 0.498046875 0.08333333333333333 0.505859375 0.0798611111111111 0.505859375 0.08333333333333333 0.5 0.09375 0.5 0.1076388888888889 0.50390625 0.11458333333333333 0.50390625 0.13194444444444445 0.501953125 0.13541666666666666 0.501953125 0.14583333333333334 0.498046875 0.15625 0.48828125 0.1736111111111111 0.482421875 0.1736111111111111 0.48046875 0.1701388888888889 0.48046875 0.1423611111111111 0.4765625 0.13194444444444445 0.478515625 0.1284722222222222 0.48046875 0.13194444444444445 0.484375 0.125 0.48828125 0.1076388888888889 0.49609375 0.09375 0.4921875 0.08333333333333333
0 0.564453125 0.7118055555555556 0.56640625 0.7152777777777778 0.56640625 0.7291666666666666 0.564453125 0.7291666666666666 0.564453125 0.71875 0.5625 0.7152777777777778
0 0.55078125 0.6597222222222222 0.56640625 0.6597222222222222 0.568359375 0.65625 0.57421875 0.6597222222222222 0.57421875 0.6631944444444444 0.556640625 0.6631944444444444 0.5546875 0.6666666666666666 0.55078125 0.6631944444444444
0 0.544921875 0.4166666666666667 0.564453125 0.4166666666666667 0.56640625 0.4201388888888889 0.548828125 0.4201388888888889 0.546875 0.4236111111111111 0.544921875 0.4236111111111111 0.544921875 0.4201388888888889
0 0.6130208333333333 0.5745370370370371 0.014583333333333334 0.062037037037037036
0 0.48046875 0.3854166666666667 0.484375 0.4027777777777778 0.48046875 0.3993055555555556 0.478515625 0.3888888888888889
0 0.462890625 0.3715277777777778 0.46484375 0.3715277777777778 0.466796875 0.3784722222222222 0.470703125 0.3819444444444444 0.466796875 0.3854166666666667 0.462890625 0.375
0 0.478515625 0.6944444444444444 0.484375 0.7152777777777778 0.484375 0.7291666666666666 0.48828125 0.7430555555555556 0.482421875 0.7430555555555556 0.48046875 0.7395833333333334 0.478515625 0.7222222222222222 0.474609375 0.7152777777777778 0.474609375 0.7013888888888888 0.4765625 0.6979166666666666
0 0.63359375 0.6486111111111111 0.01614583333333333 0.08240740740740742
0 0.5234375 0.6909722222222222 0.52734375 0.6909722222222222 0.52734375 0.6979166666666666 0.53125 0.7118055555555556 0.53125 0.7256944444444444 0.533203125 0.7291666666666666 0.53125 0.7326388888888888 0.53125 0.7430555555555556 0.529296875 0.7430555555555556 0.529296875 0.7326388888888888 0.52734375 0.7291666666666666 0.52734375 0.7048611111111112 0.5234375 0.6944444444444444
0 0.34453125 0.9518518518518518 0.005729166666666666 0.014814814814814815
0 0.4609375 0.3402777777777778 0.46484375 0.3402777777777778 0.470703125 0.3506944444444444 0.470703125 0.3541666666666667 0.46875 0.3541666666666667 0.462890625 0.34375
0 0.48828125 0.3368055555555556 0.490234375 0.34375 0.490234375 0.3541666666666667 0.48828125 0.3541666666666667 0.486328125 0.3402777777777778
0 0.5651041666666666 0.6791666666666667 0.00625 0.01574074074074074
0 0.4609375 0.40625 0.466796875 0.4166666666666667 0.466796875 0.4236111111111111 0.4609375 0.4131944444444444 0.4609375 0.4097222222222222
0 0.4713541666666667 0.3912037037037037 0.00625 0.01759259259259259
0 0.53125 0.3541666666666667 0.537109375 0.3541666666666667 0.537109375 0.3923611111111111 0.53515625 0.3993055555555556 0.533203125 0.3993055555555556 0.533203125 0.3888888888888889 0.53125 0.3854166666666667 0.53125 0.3715277777777778 0.533203125 0.3680555555555556 0.533203125 0.3611111111111111 0.53125 0.3576388888888889
0 0.513671875 0.7569444444444444 0.517578125 0.7604166666666666 0.517578125 0.7881944444444444 0.515625 0.7881944444444444 0.51171875 0.7708333333333334 0.51171875 0.7638888888888888 0.513671875 0.7604166666666666
0 0.486328125 0.6909722222222222 0.48828125 0.6909722222222222 0.490234375 0.6979166666666666 0.490234375 0.7083333333333334 0.48828125 0.7083333333333334 0.48828125 0.6944444444444444
0 0.646484375 0.9375 0.650390625 0.9409722222222222 0.650390625 0.9479166666666666 0.65234375 0.9513888888888888 0.65234375 0.9895833333333334 0.6484375 0.9895833333333334 0.6484375 0.9826388888888888 0.646484375 0.9791666666666666 0.646484375 0.9479166666666666 0.64453125 0.9444444444444444 0.646484375 0.9409722222222222
0 0.498046875 0.3888888888888889 0.505859375 0.4097222222222222 0.505859375 0.4131944444444444 0.50390625 0.4131944444444444 0.5 0.40625 0.498046875 0.3923611111111111
0 0.599609375 0.6770833333333334 0.603515625 0.6909722222222222 0.603515625 0.7083333333333334 0.6015625 0.7118055555555556 0.603515625 0.71875 0.595703125 0.71875 0.591796875 0.7256944444444444 0.58984375 0.7256944444444444 0.59375 0.7152777777777778 0.58984375 0.7013888888888888 0.58984375 0.6840277777777778 0.59375 0.6736111111111112 0.59765625 0.6770833333333334
0 0.48151041666666666 0.3361111111111111 0.008854166666666666 0.011111111111111112
0 0.65234375 0.11458333333333333 0.654296875 0.11458333333333333 0.658203125 0.125 0.658203125 0.1527777777777778 0.654296875 0.14583333333333334 0.65234375 0.11805555555555555
0 0.498046875 0.3506944444444444 0.498046875 0.3576388888888889 0.5 0.3611111111111111 0.498046875 0.3854166666666667 0.494140625 0.3680555555555556 0.49609375 0.3645833333333333 0.49609375 0.3541666666666667
0 0.509765625 0.7604166666666666 0.5078125 0.7534722222222222 0.5078125 0.7118055555555556 0.509765625 0.7083333333333334 0.51171875 0.7083333333333334 0.51171875 0.7291666666666666 0.513671875 0.7326388888888888 0.513671875 0.7569444444444444 0.51171875 0.7604166666666666
0 0.478515625 0.6944444444444444 0.48046875 0.6944444444444444 0.484375 0.7118055555555556 0.48046875 0.7118055555555556 0.478515625 0.6979166666666666
0 0.55078125 0.6909722222222222 0.552734375 0.6909722222222222 0.55078125 0.6944444444444444 0.55078125 0.7048611111111112 0.548828125 0.7048611111111112 0.548828125 0.6944444444444444