0 0.59765625 0.59375 0.599609375 0.59375 0.6015625 0.6006944444444444 0.607421875 0.6006944444444444 0.609375 0.6076388888888888 0.609375 0.65625 0.60546875 0.65625 0.603515625 0.6597222222222222 0.58984375 0.6597222222222222 0.58984375 0.65625 0.5859375 0.6527777777777778 0.5859375 0.6388888888888888 0.58984375 0.6354166666666666 0.58984375 0.6145833333333334 0.59375 0.6111111111111112 0.59375 0.6006944444444444 0.59765625 0.5972222222222222
0 0.455078125 0.3715277777777778 0.45703125 0.3715277777777778 0.458984375 0.3784722222222222 0.47265625 0.3784722222222222 0.47265625 0.3888888888888889 0.458984375 0.3888888888888889 0.45703125 0.3854166666666667 0.44921875 0.3854166666666667 0.447265625 0.3784722222222222 0.443359375 0.3784722222222222 0.453125 0.3784722222222222 0.455078125 0.375
0 0.462890625 0.4097222222222222 0.466796875 0.4131944444444444 0.466796875 0.4270833333333333 0.462890625 0.4270833333333333 0.4609375 0.4305555555555556 0.458984375 0.4270833333333333 0.458984375 0.4201388888888889 0.45703125 0.4166666666666667 0.453125 0.4166666666666667 0.453125 0.4131944444444444 0.4609375 0.4097222222222222
0 0.544921875 0.9166666666666666 0.5546875 0.9166666666666666 0.55859375 0.9201388888888888 0.55859375 0.9826388888888888 0.5546875 0.9826388888888888 0.552734375 0.9861111111111112 0.544921875 0.9826388888888888 0.544921875 0.9201388888888888
0 0.509765625 0.059027777777777776 0.517578125 0.059027777777777776 0.51953125 0.06597222222222222 0.529296875 0.06944444444444445 0.53515625 0.0763888888888889 0.54296875 0.0763888888888889 0.546875 0.08333333333333333 0.55078125 0.08333333333333333 0.55078125 0.08680555555555555 0.556640625 0.09375 0.556640625 0.10416666666666667 0.55078125 0.10416666666666667 0.548828125 0.10069444444444445 0.541015625 0.10069444444444445 0.5390625 0.09722222222222222 0.53125 0.09722222222222222 0.529296875 0.09375 0.515625 0.09375 0.513671875 0.09027777777777778 0.509765625 0.09027777777777778 0.509765625 0.08333333333333333 0.50390625 0.0763888888888889 0.50390625 0.06944444444444445 0.509765625 0.0625
0 0.591796875 0.6944444444444444 0.59765625 0.7013888888888888 0.59765625 0.7638888888888888 0.59375 0.7673611111111112 0.580078125 0.7673611111111112 0.578125 0.7708333333333334 0.576171875 0.7673611111111112 0.568359375 0.7673611111111112 0.568359375 0.7569444444444444 0.564453125 0.7534722222222222 0.564453125 0.7430555555555556 0.568359375 0.7395833333333334 0.568359375 0.7326388888888888 0.57421875 0.7291666666666666 0.576171875 0.7256944444444444 0.576171875 0.71875 0.58984375 0.7083333333333334 0.591796875 0.7048611111111112 0.591796875 0.6979166666666666
0 0.623046875 0.9131944444444444 0.630859375 0.9131944444444444 0.630859375 0.9375 0.626953125 0.9375 0.625 0.9409722222222222 0.62109375 0.9340277777777778 0.6171875 0.9340277777777778 0.6171875 0.9201388888888888 0.62109375 0.9201388888888888 0.623046875 0.9166666666666666
0 0.46484375 0.08333333333333333 0.484375 0.09027777777777778 0.484375 0.10416666666666667 0.48046875 0.1076388888888889 0.48046875 0.11458333333333333 0.484375 0.11805555555555555 0.484375 0.16666666666666666 0.482421875 0.16666666666666666 0.47265625 0.1875 0.46875 0.1875 0.466796875 0.1909722222222222 0.453125 0.1909722222222222 0.44921875 0.1875 0.44921875 0.18055555555555555 0.447265625 0.17708333333333334 0.447265625 0.15625 0.443359375 0.1527777777777778 0.451171875 0.14930555555555555 0.455078125 0.1423611111111111 0.455078125 0.13541666666666666 0.458984375 0.13194444444444445 0.458984375 0.125 0.474609375 0.1076388888888889 0.474609375 0.10069444444444445 0.470703125 0.09722222222222222 0.466796875 0.08680555555555555 0.46484375 0.08680555555555555
0 0.642578125 0.1597222222222222 0.65234375 0.1597222222222222 0.65234375 0.17708333333333334 0.646484375 0.17708333333333334 0.64453125 0.18055555555555555 0.642578125 0.18055555555555555 0.642578125 0.16319444444444445
0 0.47265625 0.3298611111111111 0.484375 0.3298611111111111 0.484375 0.3541666666666667 0.47265625 0.3506944444444444 0.47265625 0.34375 0.470703125 0.3402777777777778 0.458984375 0.3368055555555556 0.470703125 0.3368055555555556 0.47265625 0.3333333333333333
0 0.47265625 0.8090277777777778 0.494140625 0.8090277777777778 0.494140625 0.8194444444444444 0.490234375 0.8194444444444444 0.48828125 0.8229166666666666 0.484375 0.8229166666666666 0.482421875 0.8194444444444444 0.47265625 0.8194444444444444 0.47265625 0.8125
0 0.5625 0.59375 0.56640625 0.5902777777777778 0.572265625 0.5902777777777778 0.576171875 0.59375 0.576171875 0.5972222222222222 0.580078125 0.6006944444444444 0.580078125 0.6041666666666666 0.583984375 0.6076388888888888 0.5859375 0.6145833333333334 0.587890625 0.6145833333333334 0.587890625 0.6909722222222222 0.5625 0.6909722222222222 0.57421875 0.6805555555555556 0.57421875 0.6701388888888888 0.5703125 0.6666666666666666 0.568359375 0.6597222222222222 0.56640625 0.6597222222222222 0.56640625 0.6388888888888888 0.5625 0.6354166666666666 0.560546875 0.6284722222222222 0.55859375 0.6284722222222222 0.55859375 0.6215277777777778 0.5625 0.6180555555555556 0.5625 0.5972222222222222
0 0.451171875 0.4409722222222222 0.455078125 0.4409722222222222 0.45703125 0.4479166666666667 0.4609375 0.4479166666666667 0.4609375 0.4513888888888889 0.46484375 0.4548611111111111 0.46484375 0.4583333333333333 0.458984375 0.4618055555555556 0.455078125 0.4513888888888889 0.451171875 0.4513888888888889 0.451171875 0.4444444444444444
0 0.455078125 0.4166666666666667 0.4765625 0.4131944444444444 0.4765625 0.4270833333333333 0.466796875 0.4270833333333333 0.466796875 0.4201388888888889 0.46484375 0.4166666666666667 0.45703125 0.4166666666666667
0 0.637087912087912 1.0095238095238095 0.026918784340659342 0.031364468864468864
0 0.474609375 0.3958333333333333 0.482421875 0.3958333333333333 0.48828125 0.4027777777777778 0.4921875 0.4027777777777778 0.4921875 0.4097222222222222 0.494140625 0.4131944444444444 0.494140625 0.4201388888888889 0.48828125 0.4201388888888889 0.484375 0.4166666666666667 0.484375 0.40625 0.482421875 0.4027777777777778 0.474609375 0.3993055555555556
0 0.517578125 0.8090277777777778 0.51953125 0.8090277777777778 0.521484375 0.8159722222222222 0.525390625 0.8159722222222222 0.525390625 0.8229166666666666 0.529296875 0.8263888888888888 0.53125 0.8333333333333334 0.53515625 0.8333333333333334 0.53515625 0.84375 0.537109375 0.8472222222222222 0.537109375 0.8680555555555556 0.53125 0.8680555555555556 0.53125 0.8645833333333334 0.52734375 0.8611111111111112 0.52734375 0.8541666666666666 0.525390625 0.8506944444444444 0.521484375 0.8506944444444444 0.521484375 0.8472222222222222 0.517578125 0.84375 0.517578125 0.8229166666666666 0.515625 0.8194444444444444 0.51171875 0.8194444444444444 0.51171875 0.8159722222222222 0.515625 0.8159722222222222 0.517578125 0.8125
0 0.5 0.84375 0.5078125 0.84375 0.5078125 0.8541666666666666 0.51953125 0.8645833333333334 0.51953125 0.9027777777777778 0.517578125 0.9027777777777778 0.513671875 0.8993055555555556 0.51171875 0.8923611111111112 0.50390625 0.8888888888888888 0.50390625 0.875 0.5 0.8715277777777778 0.5 0.8611111111111112 0.4921875 0.8541666666666666 0.4921875 0.8506944444444444 0.498046875 0.8506944444444444 0.5 0.8472222222222222
0 0.462890625 0.7638888888888888 0.474609375 0.7638888888888888 0.482421875 0.7708333333333334 0.482421875 0.78125 0.478515625 0.78125 0.4765625 0.7847222222222222 0.470703125 0.7777777777777778 0.462890625 0.7743055555555556 0.462890625 0.7673611111111112
0 0.4765625 0.8020833333333334 0.486328125 0.8020833333333334 0.486328125 0.8194444444444444 0.4765625 0.8194444444444444 0.4765625 0.8055555555555556
0 0.330078125 0.23958333333333334 0.330078125 0.2743055555555556 0.31640625 0.2777777777777778 0.314453125 0.28125 0.3125 0.2777777777777778 0.3046875 0.2777777777777778 0.3046875 0.2569444444444444 0.310546875 0.2569444444444444 0.3125 0.2534722222222222 0.3125 0.2465277777777778 0.328125 0.23958333333333334
0 0.447265625 0.3784722222222222 0.455078125 0.3784722222222222 0.455078125 0.3854166666666667 0.45703125 0.3888888888888889 0.46484375 0.3888888888888889 0.46484375 0.3958333333333333 0.466796875 0.3993055555555556 0.466796875 0.4027777777777778 0.45703125 0.40625 0.45703125 0.3993055555555556 0.455078125 0.3958333333333333 0.447265625 0.3923611111111111 0.447265625 0.3819444444444444
0 0.3046875 0.9722222222222222 0.326171875 0.9722222222222222 0.326171875 0.9895833333333334 0.3046875 0.9895833333333334 0.3046875 0.9756944444444444
0 0.48828125 0.4166666666666667 0.4921875 0.4131944444444444 0.498046875 0.4131944444444444 0.5 0.4201388888888889 0.509765625 0.4270833333333333 0.51171875 0.4340277777777778 0.51171875 0.4444444444444444 0.5078125 0.4479166666666667 0.505859375 0.4479166666666667 0.5078125 0.4444444444444444 0.50390625 0.4409722222222222 0.501953125 0.4340277777777778 0.5 0.4340277777777778 0.5 0.4270833333333333 0.490234375 0.4166666666666667
0 0.474609375 0.7569444444444444 0.486328125 0.7569444444444444 0.486328125 0.7604166666666666 0.48828125 0.7638888888888888 0.4921875 0.7638888888888888 0.494140625 0.7708333333333334 0.494140625 0.7743055555555556 0.478515625 0.7743055555555556 0.474609375 0.7708333333333334 0.474609375 0.7604166666666666
0 0.60546875 0.13194444444444445 0.607421875 0.13194444444444445 0.607421875 0.17708333333333334 0.59375 0.17708333333333334 0.59375 0.14930555555555555 0.59765625 0.14930555555555555 0.599609375 0.1423611111111111 0.603515625 0.1423611111111111 0.60546875 0.13541666666666666
0 0.490234375 0.4618055555555556 0.51171875 0.4618055555555556 0.51171875 0.4861111111111111 0.490234375 0.4861111111111111 0.490234375 0.4652777777777778
0 0.646484375 0.03125 0.6484375 0.03819444444444445 0.65234375 0.03819444444444445 0.65234375 0.07291666666666667 0.6484375 0.07291666666666667 0.646484375 0.06597222222222222 0.640625 0.06597222222222222 0.638671875 0.059027777777777776 0.634765625 0.059027777777777776 0.634765625 0.03819444444444445 0.6328125 0.034722222222222224 0.626953125 0.034722222222222224 0.64453125 0.03125
0 0.548828125 0.6527777777777778 0.572265625 0.6527777777777778 0.572265625 0.6597222222222222 0.57421875 0.6631944444444444 0.564453125 0.6631944444444444 0.5625 0.6666666666666666 0.533203125 0.6666666666666666 0.53125 0.6631944444444444 0.525390625 0.6631944444444444 0.546875 0.6631944444444444 0.548828125 0.65625
0 0.52734375 0.3958333333333333 0.537109375 0.3958333333333333 0.537109375 0.4479166666666667 0.515625 0.4444444444444444 0.515625 0.4131944444444444 0.525390625 0.4131944444444444 0.52734375 0.4097222222222222 0.52734375 0.3993055555555556
0 0.451171875 0.7673611111111112 0.4609375 0.7673611111111112 0.462890625 0.7743055555555556 0.47265625 0.7743055555555556 0.47265625 0.7916666666666666 0.462890625 0.7916666666666666 0.4609375 0.7847222222222222 0.451171875 0.7847222222222222 0.451171875 0.7708333333333334
0 0.529296875 0.7465277777777778 0.55078125 0.7465277777777778 0.55078125 0.7569444444444444 0.546875 0.7569444444444444 0.544921875 0.7604166666666666 0.541015625 0.7569444444444444 0.529296875 0.7569444444444444 0.529296875 0.75