0 0.669921875 0.5121951219512195 0.69140625 0.5121951219512195 0.69140625 0.5853658536585366 0.68359375 0.5853658536585366 0.681640625 0.5888501742160279 0.677734375 0.5888501742160279 0.673828125 0.5853658536585366 0.671875 0.578397212543554 0.669921875 0.578397212543554 0.669921875 0.5714285714285714 0.673828125 0.5679442508710801 0.673828125 0.5365853658536586 0.677734375 0.5331010452961672 0.677734375 0.5261324041811847 0.669921875 0.519163763066202 0.669921875 0.5156794425087108
0 0.529296875 0.6724738675958188 0.5390625 0.6724738675958188 0.5390625 0.6759581881533101 0.544921875 0.6829268292682927 0.544921875 0.7177700348432056 0.541015625 0.7177700348432056 0.541015625 0.7142857142857143 0.537109375 0.710801393728223 0.537109375 0.686411149825784 0.529296875 0.6794425087108014 0.529296875 0.6759581881533101
0 0.615234375 0.7003484320557491 0.62109375 0.7003484320557491 0.62109375 0.7317073170731707 0.6171875 0.735191637630662 0.615234375 0.735191637630662 0.61328125 0.7282229965156795 0.609375 0.7282229965156795 0.609375 0.710801393728223 0.61328125 0.710801393728223 0.615234375 0.7038327526132404
0 0.501953125 0.6794425087108014 0.505859375 0.6759581881533101 0.51953125 0.6759581881533101 0.51953125 0.7142857142857143 0.515625 0.7177700348432056 0.513671875 0.7177700348432056 0.513671875 0.7142857142857143 0.509765625 0.710801393728223 0.5078125 0.7038327526132404 0.501953125 0.7003484320557491 0.501953125 0.6968641114982579 0.498046875 0.6933797909407665 0.501953125 0.6829268292682927
0 0.552734375 0.059233449477351915 0.5703125 0.059233449477351915 0.5703125 0.0627177700348432 0.564453125 0.06968641114982578 0.564453125 0.07317073170731707 0.5703125 0.08013937282229965 0.5703125 0.10104529616724739 0.560546875 0.12195121951219512 0.548828125 0.13240418118466898 0.53125 0.13240418118466898 0.529296875 0.1254355400696864 0.529296875 0.10104529616724739 0.525390625 0.0975609756097561 0.525390625 0.09059233449477352 0.537109375 0.09059233449477352 0.5390625 0.08362369337979095 0.54296875 0.08013937282229965 0.54296875 0.07665505226480836 0.546875 0.07665505226480836 0.55078125 0.06968641114982578 0.5546875 0.06968641114982578 0.556640625 0.06620209059233449 0.5546875 0.059233449477351915
0 0.66015625 0.7247386759581882 0.666015625 0.7317073170731707 0.666015625 0.735191637630662 0.662109375 0.7386759581881533 0.662109375 0.7526132404181185 0.6640625 0.7560975609756098 0.669921875 0.7560975609756098 0.669921875 0.7839721254355401 0.666015625 0.7839721254355401 0.6640625 0.7874564459930313 0.662109375 0.7839721254355401 0.64453125 0.7839721254355401 0.64453125 0.7735191637630662 0.65234375 0.7665505226480837 0.65234375 0.7560975609756098 0.640625 0.7456445993031359 0.640625 0.7421602787456446 0.646484375 0.7421602787456446 0.65234375 0.735191637630662 0.658203125 0.735191637630662 0.66015625 0.7282229965156795
0 0.533203125 0.6062717770034843 0.54296875 0.6062717770034843 0.544921875 0.6097560975609756 0.548828125 0.6097560975609756 0.55078125 0.6167247386759582 0.5546875 0.6167247386759582 0.5546875 0.6411149825783972 0.55078125 0.6411149825783972 0.55078125 0.6306620209059234 0.548828125 0.627177700348432 0.544921875 0.627177700348432 0.54296875 0.6202090592334495 0.5390625 0.6202090592334495 0.5390625 0.6132404181184669 0.537109375 0.6097560975609756 0.533203125 0.6097560975609756
0 0.533203125 0.3588850174216028 0.54296875 0.3623693379790941 0.544921875 0.3693379790940767 0.548828125 0.3693379790940767 0.548828125 0.3902439024390244 0.54296875 0.39372822299651566 0.544921875 0.3902439024390244 0.54296875 0.3867595818815331 0.5390625 0.3867595818815331 0.537109375 0.3797909407665505 0.533203125 0.3797909407665505 0.533203125 0.3623693379790941
0 0.685546875 0.9721254355400697 0.6953125 0.9721254355400697 0.697265625 0.9790940766550522 0.701171875 0.9790940766550522 0.701171875 0.9965156794425087 0.685546875 0.9965156794425087 0.68359375 0.9895470383275261 0.6796875 0.9895470383275261 0.6796875 0.9825783972125436 0.68359375 0.9825783972125436 0.685546875 0.975609756097561
0 0.697265625 0.5958188153310104 0.708984375 0.5923344947735192 0.708984375 0.6376306620209059 0.705078125 0.6411149825783972 0.697265625 0.6376306620209059 0.697265625 0.6306620209059234 0.6953125 0.627177700348432 0.69140625 0.627177700348432 0.69140625 0.6097560975609756 0.6953125 0.6097560975609756 0.697265625 0.6062717770034843 0.697265625 0.5993031358885017
0 0.697265625 0.5087108013937283 0.71484375 0.5087108013937283 0.71484375 0.5888501742160279 0.703125 0.5853658536585366 0.703125 0.5400696864111498 0.70703125 0.5400696864111498 0.708984375 0.5365853658536586 0.708984375 0.5226480836236934 0.70703125 0.519163763066202 0.697265625 0.5156794425087108 0.697265625 0.5121951219512195
0 0.630859375 0.2264808362369338 0.638671875 0.2264808362369338 0.642578125 0.23693379790940766 0.650390625 0.24041811846689895 0.66796875 0.2613240418118467 0.669921875 0.2682926829268293 0.669921875 0.32752613240418116 0.66796875 0.3310104529616725 0.66796875 0.3554006968641115 0.669921875 0.3588850174216028 0.669921875 0.3693379790940767 0.646484375 0.3693379790940767 0.658203125 0.3519163763066202 0.658203125 0.33797909407665505 0.6484375 0.32752613240418116 0.646484375 0.3205574912891986 0.642578125 0.3170731707317073 0.640625 0.31010452961672474 0.640625 0.29965156794425085 0.638671875 0.2961672473867596 0.62890625 0.289198606271777 0.630859375 0.2682926829268293 0.62890625 0.26480836236933797 0.62890625 0.25435540069686413 0.625 0.2508710801393728 0.625 0.23693379790940766 0.630859375 0.22996515679442509
0 0.525390625 0.27177700348432055 0.533203125 0.27177700348432055 0.533203125 0.30313588850174217 0.529296875 0.30313588850174217 0.52734375 0.30662020905923343 0.5234375 0.2961672473867596 0.515625 0.2961672473867596 0.515625 0.28222996515679444 0.5234375 0.28222996515679444 0.525390625 0.27526132404181186
0 0.658203125 0.5226480836236934 0.669921875 0.5226480836236934 0.671875 0.5296167247386759 0.677734375 0.5296167247386759 0.677734375 0.5365853658536586 0.673828125 0.5400696864111498 0.677734375 0.5435540069686411 0.677734375 0.5888501742160279 0.666015625 0.5888501742160279 0.6640625 0.5923344947735192 0.662109375 0.5888501742160279 0.65234375 0.5853658536585366 0.65234375 0.5505226480836237 0.65625 0.5505226480836237 0.662109375 0.5435540069686411 0.662109375 0.5296167247386759 0.658203125 0.5261324041811847
0 0.685546875 0.9721254355400697 0.69140625 0.9721254355400697 0.69140625 0.975609756097561 0.6953125 0.9790940766550522 0.6953125 0.9895470383275261 0.69921875 0.9930313588850174 0.69921875 0.9965156794425087 0.681640625 0.9965156794425087 0.681640625 0.9860627177700348 0.685546875 0.9825783972125436 0.685546875 0.975609756097561
0 0.490234375 0.3170731707317073 0.5 0.3170731707317073 0.501953125 0.3205574912891986 0.501953125 0.34843205574912894 0.5 0.3519163763066202 0.498046875 0.3519163763066202 0.5 0.3519163763066202 0.501953125 0.34494773519163763 0.5 0.34146341463414637 0.49609375 0.34146341463414637 0.49609375 0.32752613240418116 0.494140625 0.3240418118466899 0.490234375 0.3240418118466899 0.490234375 0.3205574912891986
0 0.537109375 0.4181184668989547 0.546875 0.4181184668989547 0.546875 0.4250871080139373 0.55078125 0.42857142857142855 0.552734375 0.4355400696864111 0.55078125 0.445993031358885 0.544921875 0.445993031358885 0.544921875 0.4355400696864111 0.541015625 0.43205574912891986 0.537109375 0.42160278745644597
0 0.59765625 0.686411149825784 0.6015625 0.686411149825784 0.6015625 0.7003484320557491 0.60546875 0.7073170731707317 0.61328125 0.7073170731707317 0.615234375 0.7003484320557491 0.623046875 0.7003484320557491 0.625 0.7073170731707317 0.630859375 0.7073170731707317 0.630859375 0.7177700348432056 0.626953125 0.7177700348432056 0.623046875 0.7247386759581882 0.623046875 0.7317073170731707 0.619140625 0.7317073170731707 0.6171875 0.735191637630662 0.61328125 0.7247386759581882 0.59375 0.7177700348432056 0.59375 0.6933797909407665 0.59765625 0.6898954703832753
0 0.685546875 0.05574912891986063 0.6953125 0.05574912891986063 0.6953125 0.11498257839721254 0.6875 0.11498257839721254 0.685546875 0.11846689895470383 0.68359375 0.11149825783972125 0.6796875 0.11149825783972125 0.6796875 0.07317073170731707 0.68359375 0.07317073170731707 0.685546875 0.06968641114982578 0.685546875 0.059233449477351915
0 0.517578125 0.34494773519163763 0.5234375 0.34494773519163763 0.5234375 0.3623693379790941 0.52734375 0.36585365853658536 0.529296875 0.37282229965156793 0.529296875 0.3797909407665505 0.521484375 0.3832752613240418 0.525390625 0.3797909407665505 0.521484375 0.37630662020905925 0.521484375 0.37282229965156793 0.517578125 0.3693379790940767 0.515625 0.3623693379790941 0.513671875 0.3623693379790941 0.513671875 0.3554006968641115 0.515625 0.3554006968641115 0.517578125 0.34843205574912894
0 0.515625 0.27177700348432055 0.51953125 0.27177700348432055 0.51953125 0.30313588850174217 0.513671875 0.30662020905923343 0.515625 0.30313588850174217 0.515625 0.27526132404181186
0 0.5390625 0.27526132404181186 0.546875 0.27526132404181186 0.546875 0.30662020905923343 0.5390625 0.31010452961672474 0.5390625 0.30313588850174217 0.537109375 0.29965156794425085 0.529296875 0.29965156794425085 0.529296875 0.28222996515679444 0.537109375 0.28222996515679444 0.5390625 0.2787456445993031
0 0.5234375 0.6306620209059234 0.53515625 0.6306620209059234 0.53515625 0.6341463414634146 0.5390625 0.6376306620209059 0.5390625 0.6411149825783972 0.54296875 0.6445993031358885 0.544921875 0.6515679442508711 0.544921875 0.6759581881533101 0.537109375 0.6759581881533101 0.537109375 0.6689895470383276 0.533203125 0.6655052264808362 0.533203125 0.6480836236933798 0.529296875 0.6445993031358885 0.529296875 0.6376306620209059 0.52734375 0.6341463414634146 0.5234375 0.6341463414634146
0 0.48046875 0.006968641114982578 0.48046875 0.06968641114982578 0.474609375 0.06968641114982578 0.474609375 0.059233449477351915 0.47265625 0.05574912891986063 0.46875 0.05574912891986063 0.46875 0.024390243902439025 0.47265625 0.024390243902439025 0.474609375 0.020905923344947737 0.474609375 0.010452961672473868 0.478515625 0.010452961672473868
0 0.4921875 0.3588850174216028 0.5 0.3588850174216028 0.501953125 0.36585365853658536 0.509765625 0.36585365853658536 0.509765625 0.3832752613240418 0.505859375 0.3832752613240418 0.50390625 0.3867595818815331 0.5 0.37282229965156793 0.4921875 0.37282229965156793 0.4921875 0.3623693379790941
0 0.57421875 0.30662020905923343 0.5859375 0.30662020905923343 0.5859375 0.3519163763066202 0.57421875 0.3519163763066202 0.57421875 0.3240418118466899 0.578125 0.3240418118466899 0.580078125 0.3205574912891986 0.580078125 0.3170731707317073 0.578125 0.313588850174216 0.57421875 0.313588850174216 0.57421875 0.31010452961672474
0 0.552734375 0.30313588850174217 0.552734375 0.3344947735191638 0.548828125 0.3344947735191638 0.546875 0.33797909407665505 0.544921875 0.33797909407665505 0.544921875 0.32752613240418116 0.54296875 0.3240418118466899 0.53515625 0.3240418118466899 0.53515625 0.30662020905923343 0.55078125 0.30313588850174217
0 0.669921875 0.5958188153310104 0.673828125 0.5923344947735192 0.6796875 0.5923344947735192 0.68359375 0.5958188153310104 0.68359375 0.6445993031358885 0.681640625 0.6445993031358885 0.6796875 0.6515679442508711 0.671875 0.6515679442508711 0.669921875 0.6550522648083623 0.654296875 0.6515679442508711 0.654296875 0.6306620209059234 0.658203125 0.627177700348432 0.658203125 0.6202090592334495 0.662109375 0.6167247386759582 0.662109375 0.6097560975609756 0.6640625 0.6097560975609756 0.666015625 0.6027874564459931 0.669921875 0.5993031358885017
0 0.537109375 0.37630662020905925 0.548828125 0.37630662020905925 0.548828125 0.39372822299651566 0.54296875 0.39372822299651566 0.54296875 0.3867595818815331 0.541015625 0.3832752613240418 0.537109375 0.3832752613240418 0.537109375 0.3797909407665505