0 0.998046875 0.47735191637630664 0.998046875 0.5087108013937283 0.994140625 0.519163763066202 0.9765625 0.5400696864111498 0.97265625 0.5400696864111498 0.970703125 0.5435540069686411 0.966796875 0.5435540069686411 0.96484375 0.5365853658536586 0.966796875 0.5365853658536586 0.978515625 0.5156794425087108 0.978515625 0.5087108013937283 0.986328125 0.4843205574912892 0.99609375 0.47735191637630664
0 0.708984375 0.23693379790940766 0.712890625 0.23693379790940766 0.71484375 0.24390243902439024 0.72265625 0.2508710801393728 0.734375 0.25435540069686413 0.744140625 0.26480836236933797 0.748046875 0.26480836236933797 0.755859375 0.27177700348432055 0.763671875 0.27177700348432055 0.763671875 0.27526132404181186 0.759765625 0.2787456445993031 0.75390625 0.2787456445993031 0.751953125 0.28222996515679444 0.73046875 0.2787456445993031 0.728515625 0.27526132404181186 0.703125 0.27526132404181186 0.69921875 0.27177700348432055 0.6953125 0.2578397212543554 0.6953125 0.2508710801393728 0.701171875 0.24390243902439024 0.70703125 0.24390243902439024 0.708984375 0.24041811846689895
0 0.765625 0.3170731707317073 0.77734375 0.3170731707317073 0.779296875 0.32752613240418116 0.7890625 0.34146341463414637 0.787109375 0.3554006968641115 0.80859375 0.3867595818815331 0.796875 0.3832752613240418 0.7890625 0.37282229965156793 0.77734375 0.3623693379790941 0.7734375 0.3623693379790941 0.767578125 0.3519163763066202 0.765625 0.3519163763066202 0.763671875 0.34494773519163763 0.763671875 0.3344947735191638 0.759765625 0.3310104529616725 0.76171875 0.3310104529616725 0.765625 0.3205574912891986
0 0.611328125 0.15331010452961671 0.6171875 0.15331010452961671 0.6171875 0.156794425087108 0.62109375 0.1602787456445993 0.62109375 0.17073170731707318 0.615234375 0.1916376306620209 0.599609375 0.1951219512195122 0.59765625 0.1986062717770035 0.580078125 0.1986062717770035 0.576171875 0.1951219512195122 0.576171875 0.1916376306620209 0.578125 0.1916376306620209 0.580078125 0.18466898954703834 0.58203125 0.18466898954703834 0.587890625 0.17421602787456447 0.603515625 0.1602787456445993 0.609375 0.1602787456445993 0.611328125 0.156794425087108
0 0.6484375 0.7003484320557491 0.650390625 0.7038327526132404 0.669921875 0.7073170731707317 0.671875 0.710801393728223 0.6796875 0.710801393728223 0.681640625 0.7142857142857143 0.6875 0.7142857142857143 0.689453125 0.7177700348432056 0.69921875 0.7212543554006968 0.705078125 0.7282229965156795 0.708984375 0.7282229965156795 0.71484375 0.735191637630662 0.72265625 0.7386759581881533 0.724609375 0.7456445993031359 0.720703125 0.7491289198606271 0.697265625 0.7491289198606271 0.6953125 0.7456445993031359 0.6875 0.7456445993031359 0.685546875 0.7421602787456446 0.662109375 0.7386759581881533 0.66015625 0.735191637630662 0.6484375 0.7317073170731707 0.642578125 0.7247386759581882 0.63671875 0.7247386759581882 0.6328125 0.7212543554006968 0.62890625 0.710801393728223 0.634765625 0.7038327526132404 0.646484375 0.7003484320557491
0 0.6171875 0.3240418118466899 0.62109375 0.3240418118466899 0.623046875 0.3310104529616725 0.626953125 0.3310104529616725 0.626953125 0.34494773519163763 0.625 0.3519163763066202 0.62109375 0.3519163763066202 0.619140625 0.3554006968641115 0.58984375 0.3554006968641115 0.587890625 0.3588850174216028 0.572265625 0.3623693379790941 0.5703125 0.3588850174216028 0.564453125 0.3588850174216028 0.560546875 0.3519163763066202 0.568359375 0.34146341463414637 0.6015625 0.34146341463414637 0.6171875 0.32752613240418116
0 0.755859375 0.4634146341463415 0.759765625 0.46689895470383275 0.76171875 0.4634146341463415 0.767578125 0.4634146341463415 0.771484375 0.45993031358885017 0.775390625 0.4634146341463415 0.771484375 0.4738675958188153 0.7578125 0.4738675958188153 0.75390625 0.4808362369337979 0.748046875 0.4808362369337979 0.74609375 0.4843205574912892 0.734375 0.4843205574912892 0.732421875 0.4878048780487805 0.6875 0.4878048780487805 0.68359375 0.4843205574912892 0.681640625 0.47735191637630664 0.6796875 0.47735191637630664 0.681640625 0.47735191637630664 0.6875 0.46689895470383275 0.701171875 0.46689895470383275 0.703125 0.4634146341463415 0.712890625 0.4634146341463415 0.71484375 0.45993031358885017 0.748046875 0.45993031358885017 0.75 0.4634146341463415 0.75390625 0.4634146341463415
0 0.9140625 0.5644599303135889 0.921875 0.5644599303135889 0.923828125 0.5609756097560976 0.94140625 0.5609756097560976 0.953125 0.5714285714285714 0.95703125 0.578397212543554 0.9765625 0.5888501742160279 0.98046875 0.5958188153310104 0.98046875 0.5993031358885017 0.951171875 0.5993031358885017 0.94921875 0.5958188153310104 0.939453125 0.5958188153310104 0.921875 0.5818815331010453 0.916015625 0.5714285714285714 0.9140625 0.5714285714285714 0.9140625 0.5679442508710801
0 0.669921875 0.3797909407665505 0.69140625 0.3797909407665505 0.693359375 0.3867595818815331 0.703125 0.3902439024390244 0.70703125 0.397212543554007 0.708984375 0.3902439024390244 0.71875 0.3902439024390244 0.75 0.41114982578397213 0.744140625 0.4181184668989547 0.736328125 0.41114982578397213 0.689453125 0.41114982578397213 0.6875 0.4076655052264808 0.6796875 0.4076655052264808 0.677734375 0.40418118466898956 0.66796875 0.40069686411149824 0.662109375 0.39372822299651566 0.662109375 0.3867595818815331 0.66796875 0.3867595818815331 0.669921875 0.3832752613240418
0 0.892578125 0.3797909407665505 0.896484375 0.3902439024390244 0.892578125 0.40069686411149824 0.892578125 0.41114982578397213 0.890625 0.4181184668989547 0.884765625 0.4250871080139373 0.8828125 0.4250871080139373 0.88671875 0.4146341463414634 0.88671875 0.40418118466898956 0.8828125 0.3902439024390244 0.87890625 0.3867595818815331 0.884765625 0.3797909407665505 0.890625 0.3797909407665505
0 0.041015625 0.3205574912891986 0.060546875 0.3205574912891986 0.072265625 0.3344947735191638 0.076171875 0.34494773519163763 0.078125 0.34494773519163763 0.07421875 0.3519163763066202 0.0625 0.34843205574912894 0.060546875 0.34494773519163763 0.052734375 0.34494773519163763 0.048828125 0.34146341463414637 0.041015625 0.32752613240418116 0.041015625 0.3240418118466899
0 0.546875 0.20905923344947736 0.544921875 0.2508710801393728 0.541015625 0.2508710801393728 0.5390625 0.25435540069686413 0.53125 0.25435540069686413 0.525390625 0.24738675958188153 0.51953125 0.24738675958188153 0.517578125 0.2508710801393728 0.51171875 0.2508710801393728 0.5078125 0.24738675958188153 0.509765625 0.24738675958188153 0.515625 0.23693379790940766 0.51953125 0.23693379790940766 0.52734375 0.2264808362369338 0.537109375 0.21951219512195122 0.5390625 0.21254355400696864 0.544921875 0.20905923344947736
0 0.18953068592057762 0.23829230556359202 0.12515042117930206 0.07084365841079762
0 0.66796875 0.22996515679442509 0.669921875 0.23344947735191637 0.6875 0.23344947735191637 0.69140625 0.24041811846689895 0.69140625 0.2508710801393728 0.689453125 0.2578397212543554 0.669921875 0.2578397212543554 0.66796875 0.2613240418118467 0.634765625 0.2613240418118467 0.630859375 0.2578397212543554 0.62109375 0.23693379790940766 0.62890625 0.22996515679442509 0.666015625 0.22996515679442509
0 0.765625 0.3519163763066202 0.765625 0.3588850174216028 0.76171875 0.3623693379790941 0.748046875 0.3623693379790941 0.744140625 0.3693379790940767 0.73828125 0.3693379790940767 0.73046875 0.37630662020905925 0.70703125 0.37282229965156793 0.703125 0.3588850174216028 0.703125 0.3519163763066202 0.705078125 0.34843205574912894 0.708984375 0.34843205574912894 0.7109375 0.34494773519163763 0.748046875 0.34494773519163763 0.75 0.34843205574912894 0.76171875 0.34843205574912894 0.763671875 0.3519163763066202
0 0.126953125 0.3693379790940767 0.134765625 0.3693379790940767 0.134765625 0.37282229965156793 0.140625 0.3797909407665505 0.15234375 0.3797909407665505 0.150390625 0.39372822299651566 0.140625 0.40069686411149824 0.13671875 0.41114982578397213 0.13671875 0.4181184668989547 0.134765625 0.4181184668989547 0.130859375 0.41114982578397213 0.119140625 0.40418118466898956 0.11328125 0.39372822299651566 0.1171875 0.3832752613240418 0.126953125 0.37282229965156793
0 0.466796875 0.24738675958188153 0.4765625 0.24738675958188153 0.4765625 0.25435540069686413 0.478515625 0.2578397212543554 0.478515625 0.2682926829268293 0.4765625 0.27177700348432055 0.47265625 0.27526132404181186 0.451171875 0.27526132404181186 0.44921875 0.2682926829268293 0.44921875 0.2613240418118467 0.458984375 0.25435540069686413 0.46484375 0.25435540069686413 0.466796875 0.2508710801393728
0 0.5625 0.13588850174216027 0.56640625 0.13937282229965156 0.568359375 0.14982578397212543 0.556640625 0.14982578397212543 0.525390625 0.17770034843205576 0.51953125 0.17770034843205576 0.509765625 0.18466898954703834 0.48828125 0.18466898954703834 0.484375 0.18118466898954705 0.484375 0.1672473867595819 0.4921875 0.1602787456445993 0.50390625 0.156794425087108 0.505859375 0.15331010452961671 0.509765625 0.15331010452961671 0.517578125 0.14634146341463414 0.5234375 0.14634146341463414 0.525390625 0.14285714285714285 0.533203125 0.14285714285714285 0.53515625 0.13937282229965156 0.556640625 0.13937282229965156 0.560546875 0.13588850174216027
0 0.443359375 0.3867595818815331 0.4453125 0.40069686411149824 0.439453125 0.4076655052264808 0.4296875 0.4076655052264808 0.423828125 0.40069686411149824 0.421875 0.39372822299651566 0.419921875 0.39372822299651566 0.423828125 0.3902439024390244 0.44140625 0.3902439024390244
0 0.06640625 0.2857142857142857 0.068359375 0.289198606271777 0.09375 0.289198606271777 0.095703125 0.29965156794425085 0.099609375 0.30313588850174217 0.09765625 0.31010452961672474 0.095703125 0.30662020905923343 0.076171875 0.30662020905923343 0.068359375 0.313588850174216 0.044921875 0.313588850174216 0.0390625 0.3205574912891986 0.03515625 0.3170731707317073 0.02734375 0.3205574912891986 0.025390625 0.3170731707317073 0.013671875 0.3170731707317073 0.01171875 0.313588850174216 0.0078125 0.313588850174216 0.0078125 0.30313588850174217 0.009765625 0.2961672473867596 0.01953125 0.2926829268292683 0.021484375 0.289198606271777 0.033203125 0.289198606271777 0.03515625 0.2857142857142857 0.064453125 0.2857142857142857
0 0.26171875 0.30313588850174217 0.26953125 0.313588850174216 0.25 0.313588850174216 0.234375 0.32752613240418116 0.23046875 0.3344947735191638 0.2109375 0.34843205574912894 0.205078125 0.34146341463414637 0.197265625 0.34146341463414637 0.1953125 0.33797909407665505 0.1953125 0.3344947735191638 0.203125 0.3240418118466899 0.2109375 0.3170731707317073 0.216796875 0.3170731707317073 0.22265625 0.31010452961672474 0.228515625 0.31010452961672474 0.23828125 0.30313588850174217 0.259765625 0.30313588850174217
0 0 0.3240418118466899 0.029296875 0.32752613240418116 0.033203125 0.3310104529616725 0.037109375 0.34146341463414637 0.037109375 0.3519163763066202 0 0.3519163763066202 0 0.32752613240418116
0 0.4500601684717208 0.22809511230749233 0.044524669073405534 0.03756860673299874
0 0.07421875 0.4181184668989547 0.1015625 0.4181184668989547 0.103515625 0.42160278745644597 0.103515625 0.4355400696864111 0.1015625 0.4425087108013937 0.09765625 0.4425087108013937 0.080078125 0.4634146341463415 0.0546875 0.4634146341463415 0.052734375 0.46689895470383275 0.048828125 0.46689895470383275 0.044921875 0.45993031358885017 0.037109375 0.45993031358885017 0.03515625 0.4564459930313589 0.029296875 0.4564459930313589 0.025390625 0.4529616724738676 0.025390625 0.445993031358885 0.03515625 0.4355400696864111 0.046875 0.43205574912891986 0.048828125 0.42857142857142855 0.05859375 0.42857142857142855 0.060546875 0.4250871080139373 0.072265625 0.4250871080139373 0.07421875 0.42160278745644597
0 0.62890625 0.3519163763066202 0.640625 0.3623693379790941 0.640625 0.37282229965156793 0.634765625 0.37282229965156793 0.6328125 0.37630662020905925 0.630859375 0.37282229965156793 0.591796875 0.37630662020905925 0.576171875 0.36585365853658536 0.576171875 0.3623693379790941 0.59375 0.3588850174216028 0.595703125 0.3554006968641115 0.626953125 0.3519163763066202
0 0.7265625 0.18118466898954705 0.736328125 0.18118466898954705 0.73828125 0.18815331010452963 0.759765625 0.1986062717770035 0.767578125 0.20905923344947736 0.77734375 0.21254355400696864 0.787109375 0.2229965156794425 0.787109375 0.2264808362369338 0.79296875 0.23693379790940766 0.802734375 0.24390243902439024 0.80078125 0.2508710801393728 0.77734375 0.24738675958188153 0.765625 0.23693379790940766 0.75 0.22996515679442509 0.71875 0.1951219512195122 0.71875 0.1916376306620209 0.7265625 0.18466898954703834
0 0.24609375 0.6445993031358885 0.24609375 0.6480836236933798 0.25390625 0.6585365853658537 0.2734375 0.6550522648083623 0.275390625 0.6585365853658537 0.279296875 0.6585365853658537 0.287109375 0.6724738675958188 0.291015625 0.686411149825784 0.291015625 0.6968641114982579 0.287109375 0.710801393728223 0.287109375 0.7282229965156795 0.28515625 0.735191637630662 0.283203125 0.7386759581881533 0.26953125 0.7386759581881533 0.267578125 0.7421602787456446 0.265625 0.7386759581881533 0.2578125 0.7386759581881533 0.25 0.7491289198606271 0.244140625 0.7526132404181185 0.23828125 0.7630662020905923 0.228515625 0.7630662020905923 0.2265625 0.7665505226480837 0.216796875 0.7665505226480837 0.21484375 0.7700348432055749 0.212890625 0.7665505226480837 0.201171875 0.7665505226480837 0.1953125 0.759581881533101 0.18359375 0.759581881533101 0.173828125 0.7770034843205574 0.169921875 0.794425087108014 0.166015625 0.7909407665505227 0.166015625 0.7560975609756098 0.154296875 0.7282229965156795 0.15234375 0.7212543554006968 0.15234375 0.710801393728223 0.166015625 0.7073170731707317 0.169921875 0.7142857142857143 0.17578125 0.7142857142857143 0.177734375 0.7177700348432056 0.1875 0.7142857142857143 0.189453125 0.7073170731707317 0.216796875 0.662020905923345 0.216796875 0.6585365853658537 0.23046875 0.6445993031358885 0.244140625 0.6445993031358885
0 0.18359375 0.26480836236933797 0.185546875 0.2682926829268293 0.185546875 0.2787456445993031 0.1875 0.2857142857142857 0.185546875 0.289198606271777 0.185546875 0.29965156794425085 0.181640625 0.30662020905923343 0.17578125 0.30662020905923343 0.169921875 0.2961672473867596 0.169921875 0.289198606271777 0.16796875 0.2857142857142857 0.17578125 0.2682926829268293 0.181640625 0.26480836236933797
0 0.01171875 0.3867595818815331 0.03125 0.3867595818815331 0.033203125 0.39372822299651566 0.041015625 0.40069686411149824 0.0390625 0.4076655052264808 0.029296875 0.4076655052264808 0.021484375 0.4146341463414634 0.015625 0.4146341463414634 0.009765625 0.42160278745644597 0 0.4250871080139373 0 0.397212543554007 0.001953125 0.39372822299651566 0.009765625 0.39372822299651566 0.01171875 0.3902439024390244
0 0.197265625 0.33797909407665505 0.203125 0.34494773519163763 0.2109375 0.34843205574912894 0.21484375 0.3623693379790941 0.21484375 0.3832752613240418 0.216796875 0.3867595818815331 0.216796875 0.39372822299651566 0.21484375 0.39372822299651566 0.2109375 0.3832752613240418 0.19921875 0.3693379790940767 0.193359375 0.3519163763066202 0.193359375 0.34494773519163763 0.1953125 0.34146341463414637
0 0.630859375 0.289198606271777 0.6328125 0.2926829268292683 0.646484375 0.2926829268292683 0.6484375 0.2961672473867596 0.65625 0.2961672473867596 0.658203125 0.29965156794425085 0.669921875 0.30313588850174217 0.66796875 0.31010452961672474 0.650390625 0.31010452961672474 0.6484375 0.313588850174216 0.609375 0.313588850174216 0.607421875 0.31010452961672474 0.595703125 0.30662020905923343 0.591796875 0.29965156794425085 0.595703125 0.289198606271777 0.62890625 0.289198606271777
0 0.990234375 0.5749128919860628 0.998046875 0.5749128919860628 0.998046875 0.5923344947735192 0.99609375 0.5888501742160279 0.990234375 0.5888501742160279 0.990234375 0.578397212543554
0 0.091796875 0.3519163763066202 0.1015625 0.34494773519163763 0.107421875 0.34494773519163763 0.109375 0.34146341463414637 0.142578125 0.34146341463414637 0.14453125 0.34494773519163763 0.16015625 0.34494773519163763 0.1640625 0.3588850174216028 0.16015625 0.3623693379790941 0.15234375 0.3588850174216028 0.142578125 0.36585365853658536 0.12890625 0.36585365853658536 0.119140625 0.37282229965156793 0.1171875 0.3693379790940767 0.1015625 0.3693379790940767 0.099609375 0.36585365853658536 0.091796875 0.36585365853658536 0.091796875 0.3623693379790941 0.087890625 0.3588850174216028 0.091796875 0.3554006968641115
0 0.466796875 0.289198606271777 0.48046875 0.289198606271777 0.48046875 0.29965156794425085 0.4765625 0.313588850174216 0.458984375 0.3205574912891986 0.453125 0.313588850174216 0.44921875 0.313588850174216 0.4453125 0.30662020905923343 0.451171875 0.29965156794425085 0.46484375 0.2961672473867596 0.466796875 0.2926829268292683
0 0.115234375 0.1916376306620209 0.1171875 0.1951219512195122 0.125 0.1951219512195122 0.1328125 0.20557491289198607 0.142578125 0.20905923344947736 0.146484375 0.21602787456445993 0.146484375 0.22996515679442509 0.142578125 0.22996515679442509 0.13671875 0.2229965156794425 0.1328125 0.2229965156794425 0.130859375 0.2264808362369338 0.1171875 0.2264808362369338 0.115234375 0.2229965156794425 0.103515625 0.2229965156794425 0.1015625 0.21951219512195122 0.087890625 0.21602787456445993 0.078125 0.20209059233449478 0.078125 0.1951219512195122 0.08203125 0.18815331010452963 0.107421875 0.18815331010452963 0.109375 0.1916376306620209 0.11328125 0.1916376306620209
0 0.998046875 0.7317073170731707 0.998046875 0.7456445993031359 0.99609375 0.7421602787456446 0.96875 0.7421602787456446 0.966796875 0.7386759581881533 0.962890625 0.7386759581881533 0.966796875 0.7386759581881533 0.974609375 0.7317073170731707 0.99609375 0.7317073170731707
0 0.935546875 0.3554006968641115 0.94140625 0.3554006968641115 0.943359375 0.3519163763066202 0.966796875 0.3519163763066202 0.96875 0.34843205574912894 0.998046875 0.34843205574912894 0.998046875 0.3623693379790941 0.982421875 0.3623693379790941 0.98046875 0.3588850174216028 0.943359375 0.3588850174216028 0.94140625 0.3554006968641115 0.9375 0.3554006968641115
0 0.68359375 0.3170731707317073 0.6875 0.3170731707317073 0.689453125 0.3240418118466899 0.701171875 0.33797909407665505 0.69921875 0.34494773519163763 0.701171875 0.3519163763066202 0.701171875 0.37282229965156793 0.6953125 0.3832752613240418 0.69140625 0.3832752613240418 0.6875 0.37630662020905925 0.68359375 0.3588850174216028 0.671875 0.34494773519163763 0.671875 0.3344947735191638 0.68359375 0.3205574912891986
0 0.3125 0.49477351916376305 0.314453125 0.49825783972125437 0.314453125 0.5087108013937283 0.30859375 0.5261324041811847 0.30859375 0.5365853658536586 0.306640625 0.5400696864111498 0.3046875 0.5574912891986062 0.298828125 0.5644599303135889 0.29296875 0.578397212543554 0.29296875 0.5888501742160279 0.294921875 0.5923344947735192 0.28515625 0.6027874564459931 0.2734375 0.6062717770034843 0.25390625 0.6236933797909407 0.25 0.6236933797909407 0.232421875 0.6411149825783972 0.228515625 0.6411149825783972 0.216796875 0.6515679442508711 0.212890625 0.6585365853658537 0.208984375 0.6585365853658537 0.205078125 0.6655052264808362 0.19921875 0.6655052264808362 0.197265625 0.6689895470383276 0.181640625 0.6759581881533101 0.169921875 0.686411149825784 0.166015625 0.6933797909407665 0.15234375 0.6968641114982579 0.14453125 0.7038327526132404 0.138671875 0.7038327526132404 0.1328125 0.6968641114982579 0.119140625 0.6933797909407665 0.115234375 0.686411149825784 0.115234375 0.6759581881533101 0.119140625 0.6655052264808362 0.119140625 0.6550522648083623 0.123046875 0.6445993031358885 0.125 0.6445993031358885 0.140625 0.6132404181184669 0.142578125 0.6132404181184669 0.162109375 0.5818815331010453 0.16796875 0.578397212543554 0.177734375 0.5644599303135889 0.181640625 0.5644599303135889 0.185546875 0.5574912891986062 0.189453125 0.5574912891986062 0.193359375 0.5505226480836237 0.19921875 0.5505226480836237 0.208984375 0.5400696864111498 0.224609375 0.5331010452961672 0.23046875 0.5261324041811847 0.234375 0.5261324041811847 0.248046875 0.5156794425087108 0.25390625 0.5156794425087108 0.259765625 0.5087108013937283 0.265625 0.5087108013937283 0.271484375 0.5017421602787456 0.296875 0.5017421602787456 0.298828125 0.49825783972125437 0.306640625 0.49825783972125437 0.310546875 0.49477351916376305
0 0.48828125 0.3902439024390244 0.498046875 0.3902439024390244 0.5 0.397212543554007 0.5078125 0.397212543554007 0.5078125 0.40418118466898956 0.505859375 0.4076655052264808 0.4921875 0.41114982578397213 0.486328125 0.40418118466898956 0.486328125 0.397212543554007 0.48828125 0.39372822299651566
0 0.998046875 0.3554006968641115 0.998046875 0.39372822299651566 0.9375 0.3902439024390244 0.935546875 0.3867595818815331 0.916015625 0.3832752613240418 0.91015625 0.37630662020905925 0.91015625 0.36585365853658536 0.9140625 0.3623693379790941 0.919921875 0.3623693379790941 0.921875 0.3588850174216028 0.93359375 0.3588850174216028 0.935546875 0.3554006968641115 0.962890625 0.3554006968641115 0.96484375 0.3519163763066202 0.974609375 0.3519163763066202 0.9765625 0.3554006968641115 0.99609375 0.3554006968641115