0 0.314453125 0.11458333333333333 0.31640625 0.11805555555555555 0.32421875 0.11805555555555555 0.326171875 0.12152777777777778 0.349609375 0.12152777777777778 0.37109375 0.14583333333333334 0.375 0.14583333333333334 0.376953125 0.14930555555555555 0.38671875 0.14583333333333334 0.388671875 0.14930555555555555 0.3828125 0.15625 0.37109375 0.1597222222222222 0.3515625 0.18055555555555555 0.337890625 0.1840277777777778 0.3359375 0.1875 0.3203125 0.1875 0.314453125 0.1736111111111111 0.306640625 0.16666666666666666 0.30078125 0.17708333333333334 0.30078125 0.1840277777777778 0.298828125 0.1875 0.294921875 0.1875 0.29296875 0.18055555555555555 0.29296875 0.1701388888888889 0.287109375 0.1527777777777778 0.2890625 0.14930555555555555 0.30078125 0.1527777777777778 0.314453125 0.1284722222222222 0.314453125 0.125 0.30859375 0.11805555555555555 0.3125 0.11458333333333333
0 0.720703125 0.1736111111111111 0.7265625 0.18055555555555555 0.732421875 0.18055555555555555 0.740234375 0.1875 0.751953125 0.2048611111111111 0.755859375 0.2048611111111111 0.7578125 0.2013888888888889 0.7578125 0.19444444444444445 0.759765625 0.19444444444444445 0.763671875 0.2152777777777778 0.791015625 0.2638888888888889 0.79296875 0.2743055555555556 0.818359375 0.3125 0.818359375 0.3194444444444444 0.81640625 0.3229166666666667 0.8125 0.3229166666666667 0.8046875 0.3090277777777778 0.79296875 0.2951388888888889 0.76171875 0.2673611111111111 0.755859375 0.2743055555555556 0.755859375 0.2881944444444444 0.751953125 0.2916666666666667 0.751953125 0.2743055555555556 0.75390625 0.2708333333333333 0.751953125 0.2604166666666667 0.744140625 0.2465277777777778 0.734375 0.2361111111111111 0.720703125 0.21180555555555555 0.71875 0.21180555555555555 0.7109375 0.1909722222222222 0.703125 0.17708333333333334 0.705078125 0.1736111111111111 0.71875 0.1736111111111111
0 0.439453125 0.9270833333333334 0.447265625 0.9618055555555556 0.447265625 0.9861111111111112 0.44921875 0.9895833333333334 0.44921875 0.9965277777777778 0.431640625 0.9965277777777778 0.43359375 0.9930555555555556 0.43359375 0.9826388888888888 0.4375 0.9652777777777778 0.439453125 0.9305555555555556
0 0.3984375 0 0.453125 0 0.47265625 0.052083333333333336 0.48046875 0.06597222222222222 0.4921875 0.0763888888888889 0.494140625 0.08333333333333333 0.484375 0.0763888888888889 0.4765625 0.06597222222222222 0.470703125 0.06597222222222222 0.4609375 0.059027777777777776 0.453125 0.059027777777777776 0.44140625 0.04861111111111111 0.431640625 0.04513888888888889 0.427734375 0.03819444444444445 0.41796875 0.03125 0.408203125 0.010416666666666666 0.400390625 0.003472222222222222
0 0.07057291666666667 0.1560185185185185 0.03802083333333333 0.08425925925925926
0 0.408203125 0.024305555555555556 0.412109375 0.027777777777777776 0.4140625 0.034722222222222224 0.41796875 0.034722222222222224 0.4296875 0.04861111111111111 0.439453125 0.052083333333333336 0.455078125 0.06597222222222222 0.45703125 0.0763888888888889 0.474609375 0.1076388888888889 0.490234375 0.12152777777777778 0.48828125 0.1284722222222222 0.484375 0.1284722222222222 0.48046875 0.12152777777777778 0.47265625 0.11805555555555555 0.466796875 0.1111111111111111 0.45703125 0.1111111111111111 0.455078125 0.1076388888888889 0.435546875 0.1076388888888889 0.43359375 0.10416666666666667 0.427734375 0.10416666666666667 0.42578125 0.1076388888888889 0.421875 0.1076388888888889 0.41796875 0.11458333333333333 0.4140625 0.11458333333333333 0.41796875 0.1076388888888889 0.41796875 0.10069444444444445 0.416015625 0.09722222222222222 0.404296875 0.08680555555555555 0.400390625 0.08680555555555555 0.3828125 0.06597222222222222 0.37109375 0.04513888888888889 0.365234375 0.041666666666666664 0.361328125 0.027777777777777776 0.359375 0.03125 0.359375 0.027777777777777776 0.36328125 0.03125 0.365234375 0.027777777777777776 0.373046875 0.027777777777777776 0.3828125 0.020833333333333332 0.404296875 0.020833333333333332 0.40625 0.024305555555555556
0 0.73828125 0.9965277777777778 0.73046875 0.9722222222222222 0.734375 0.9548611111111112 0.7421875 0.9409722222222222 0.748046875 0.9409722222222222 0.751953125 0.9479166666666666 0.759765625 0.9826388888888888 0.759765625 0.9965277777777778 0.740234375 0.9965277777777778
0 0.69765625 0.9680555555555556 0.019270833333333334 0.06018518518518518
0 0.7578125 0.04513888888888889 0.79296875 0.041666666666666664 0.802734375 0.05555555555555555 0.810546875 0.08333333333333333 0.814453125 0.09027777777777778 0.814453125 0.09375 0.8125 0.09375 0.787109375 0.0763888888888889 0.78125 0.0763888888888889 0.7578125 0.04861111111111111
0 0.998046875 0.78125 0.998046875 0.9965277777777778 0.986328125 0.9965277777777778 0.984375 0.9930555555555556 0.986328125 0.96875 0.984375 0.9652777777777778 0.984375 0.9513888888888888 0.982421875 0.9479166666666666 0.982421875 0.9236111111111112 0.984375 0.9201388888888888 0.984375 0.9097222222222222 0.98828125 0.8993055555555556 0.98828125 0.8784722222222222 0.986328125 0.875 0.98828125 0.8680555555555556 0.98828125 0.8576388888888888 0.986328125 0.8541666666666666 0.98828125 0.8506944444444444 0.98828125 0.8298611111111112 0.9921875 0.8125 0.9921875 0.7916666666666666 0.994140625 0.7847222222222222 0.99609375 0.7847222222222222
0 0.5078125 0.09375 0.509765625 0.09375 0.5234375 0.06944444444444445 0.546875 0.041666666666666664 0.5546875 0.034722222222222224 0.55859375 0.034722222222222224 0.5625 0.027777777777777776 0.564453125 0.027777777777777776 0.5625 0.034722222222222224 0.564453125 0.041666666666666664 0.572265625 0.041666666666666664 0.576171875 0.04513888888888889 0.587890625 0.034722222222222224 0.591796875 0.03819444444444445 0.591796875 0.04861111111111111 0.5859375 0.052083333333333336 0.578125 0.06597222222222222 0.576171875 0.0763888888888889 0.564453125 0.10069444444444445 0.556640625 0.1076388888888889 0.55078125 0.11805555555555555 0.525390625 0.1388888888888889 0.521484375 0.1388888888888889 0.51953125 0.1423611111111111 0.501953125 0.1423611111111111 0.5 0.14583333333333334 0.4921875 0.14583333333333334 0.4765625 0.1597222222222222 0.46484375 0.16319444444444445 0.46875 0.15625 0.48046875 0.14930555555555555 0.5078125 0.09722222222222222
0 0.17578125 0 0.208984375 0 0.208984375 0.006944444444444444 0.21484375 0.024305555555555556 0.21484375 0.034722222222222224 0.197265625 0.03125 0.19140625 0.024305555555555556 0.1875 0.024305555555555556 0.1796875 0.017361111111111112 0.17578125 0.003472222222222222
0 0.87109375 0.13194444444444445 0.876953125 0.13541666666666666 0.8984375 0.17708333333333334 0.91015625 0.1875 0.921875 0.20833333333333334 0.923828125 0.20833333333333334 0.923828125 0.21180555555555555 0.9296875 0.2222222222222222 0.931640625 0.2222222222222222 0.935546875 0.2361111111111111 0.96484375 0.2986111111111111 0.9765625 0.3125 0.984375 0.3159722222222222 0.994140625 0.3263888888888889 0.9921875 0.3333333333333333 0.98828125 0.3333333333333333 0.978515625 0.3229166666666667 0.974609375 0.3229166666666667 0.966796875 0.3125 0.95703125 0.3090277777777778 0.951171875 0.3020833333333333 0.931640625 0.2986111111111111 0.9296875 0.2951388888888889 0.923828125 0.2951388888888889 0.921875 0.2916666666666667 0.916015625 0.2916666666666667 0.9140625 0.2881944444444444 0.904296875 0.2847222222222222 0.8671875 0.23958333333333334 0.86328125 0.22916666666666666 0.859375 0.22569444444444445 0.84375 0.1840277777777778 0.837890625 0.1736111111111111 0.830078125 0.1701388888888889 0.826171875 0.1597222222222222 0.828125 0.1527777777777778 0.83984375 0.1527777777777778 0.845703125 0.1597222222222222 0.8515625 0.1597222222222222 0.853515625 0.15625 0.861328125 0.15625 0.865234375 0.1527777777777778 0.8671875 0.15625 0.876953125 0.1597222222222222 0.87890625 0.15625 0.87890625 0.14930555555555555 0.87109375 0.13541666666666666
0 0.7109375 0.8854166666666666 0.7109375 0.875 0.712890625 0.8715277777777778 0.72265625 0.8645833333333334 0.728515625 0.8645833333333334 0.736328125 0.8784722222222222 0.7421875 0.9166666666666666 0.74609375 0.9270833333333334 0.744140625 0.9340277777777778 0.740234375 0.9375 0.732421875 0.9375 0.73046875 0.9305555555555556 0.7265625 0.9270833333333334 0.716796875 0.8923611111111112 0.712890625 0.8854166666666666
0 0 0 0.0390625 0 0.044921875 0.006944444444444444 0.048828125 0.024305555555555556 0.0546875 0.03819444444444445 0.056640625 0.03819444444444445 0.0625 0.04861111111111111 0.072265625 0.05555555555555555 0.076171875 0.0625 0.0703125 0.0625 0.05859375 0.052083333333333336 0.03125 0.04513888888888889 0.02734375 0.03819444444444445 0.01953125 0.034722222222222224 0.013671875 0.024305555555555556 0 0.010416666666666666 0 0.003472222222222222