0 0.763671875 0.3832752613240418 0.765625 0.3867595818815331 0.765625 0.4146341463414634 0.75390625 0.4146341463414634 0.751953125 0.4181184668989547 0.7421875 0.4146341463414634 0.73828125 0.4076655052264808 0.73046875 0.40418118466898956 0.724609375 0.397212543554007 0.724609375 0.3867595818815331 0.73046875 0.3797909407665505 0.73828125 0.3797909407665505 0.740234375 0.37630662020905925 0.74609375 0.37630662020905925 0.748046875 0.3797909407665505 0.759765625 0.3797909407665505 0.76171875 0.3832752613240418
0 0.18359375 0.578397212543554 0.185546875 0.5818815331010453 0.193359375 0.5818815331010453 0.1953125 0.5853658536585366 0.201171875 0.5853658536585366 0.20703125 0.5923344947735192 0.2109375 0.5923344947735192 0.220703125 0.6062717770034843 0.220703125 0.6376306620209059 0.21875 0.6411149825783972 0.21875 0.6515679442508711 0.20703125 0.6550522648083623 0.205078125 0.6585365853658537 0.1953125 0.6585365853658537 0.193359375 0.662020905923345 0.181640625 0.662020905923345 0.17578125 0.6689895470383276 0.15625 0.6689895470383276 0.154296875 0.6724738675958188 0.1171875 0.6689895470383276 0.109375 0.6585365853658537 0.109375 0.6411149825783972 0.10546875 0.6376306620209059 0.10546875 0.6306620209059234 0.109375 0.627177700348432 0.11328125 0.6132404181184669 0.119140625 0.6027874564459931 0.12109375 0.5923344947735192 0.125 0.5923344947735192 0.1328125 0.5818815331010453 0.181640625 0.578397212543554
0 0.57421875 0.06620209059233449 0.59375 0.06620209059233449 0.59375 0.0975609756097561 0.58203125 0.0975609756097561 0.580078125 0.10104529616724739 0.560546875 0.10104529616724739 0.55859375 0.0975609756097561 0.548828125 0.0975609756097561 0.548828125 0.08362369337979095 0.552734375 0.08362369337979095 0.564453125 0.07317073170731707 0.572265625 0.07317073170731707 0.57421875 0.06968641114982578
0 0.76171875 0.3205574912891986 0.791015625 0.3205574912891986 0.79296875 0.32752613240418116 0.796875 0.32752613240418116 0.796875 0.33797909407665505 0.79296875 0.33797909407665505 0.791015625 0.34146341463414637 0.775390625 0.34494773519163763 0.7734375 0.34843205574912894 0.765625 0.34843205574912894 0.763671875 0.3519163763066202 0.751953125 0.3519163763066202 0.751953125 0.3344947735191638 0.76171875 0.3240418118466899
0 0.525390625 0.17073170731707318 0.525390625 0.1602787456445993 0.53125 0.14982578397212543 0.537109375 0.14982578397212543 0.5390625 0.14634146341463414 0.5703125 0.14634146341463414 0.572265625 0.14285714285714285 0.6015625 0.14285714285714285 0.6015625 0.1672473867595819 0.599609375 0.17073170731707318 0.58984375 0.17073170731707318 0.587890625 0.17421602787456447 0.53125 0.17421602787456447 0.52734375 0.17073170731707318
0 0.67578125 0.41114982578397213 0.685546875 0.41114982578397213 0.685546875 0.43205574912891986 0.681640625 0.43205574912891986 0.6796875 0.4355400696864111 0.673828125 0.4355400696864111 0.6640625 0.4425087108013937 0.654296875 0.4425087108013937 0.65234375 0.445993031358885 0.6484375 0.445993031358885 0.646484375 0.4425087108013937 0.63671875 0.4425087108013937 0.634765625 0.445993031358885 0.619140625 0.445993031358885 0.6171875 0.4425087108013937 0.61328125 0.4425087108013937 0.619140625 0.4355400696864111 0.623046875 0.4355400696864111 0.630859375 0.42857142857142855 0.63671875 0.42857142857142855 0.646484375 0.42160278745644597 0.673828125 0.4181184668989547 0.67578125 0.4146341463414634
0 0.55859375 0.6167247386759582 0.576171875 0.6167247386759582 0.578125 0.6236933797909407 0.58203125 0.627177700348432 0.587890625 0.627177700348432 0.591796875 0.6341463414634146 0.599609375 0.6411149825783972 0.603515625 0.6411149825783972 0.615234375 0.6550522648083623 0.619140625 0.6550522648083623 0.6328125 0.6759581881533101 0.638671875 0.6794425087108014 0.646484375 0.6898954703832753 0.6328125 0.6933797909407665 0.619140625 0.6829268292682927 0.61328125 0.6829268292682927 0.611328125 0.6794425087108014 0.595703125 0.6724738675958188 0.57421875 0.6550522648083623 0.5703125 0.6550522648083623 0.56640625 0.6515679442508711 0.55859375 0.6306620209059234 0.55859375 0.6202090592334495
0 0.63671875 0.2229965156794425 0.646484375 0.2229965156794425 0.646484375 0.24390243902439024 0.625 0.24390243902439024 0.623046875 0.24738675958188153 0.61328125 0.24738675958188153 0.611328125 0.2508710801393728 0.603515625 0.24738675958188153 0.603515625 0.23344947735191637 0.61328125 0.23344947735191637 0.615234375 0.22996515679442509 0.634765625 0.22996515679442509 0.63671875 0.2264808362369338
0 0 0.24041811846689895 0.048828125 0.24041811846689895 0.052734375 0.23693379790940766 0.0546875 0.24041811846689895 0.0703125 0.24390243902439024 0.078125 0.2508710801393728 0.091796875 0.2508710801393728 0.091796875 0.2682926829268293 0.08203125 0.2613240418118467 0.07421875 0.2613240418118467 0.072265625 0.26480836236933797 0.064453125 0.26480836236933797 0.0625 0.2682926829268293 0.001953125 0.2682926829268293 0 0.26480836236933797 0 0.24390243902439024
0 0.40625 0.3797909407665505 0.427734375 0.3797909407665505 0.427734375 0.397212543554007 0.41796875 0.397212543554007 0.408203125 0.40418118466898956 0.40234375 0.397212543554007 0.3984375 0.397212543554007 0.3984375 0.3902439024390244 0.40625 0.3832752613240418
0 0.55859375 0.40418118466898956 0.560546875 0.4076655052264808 0.560546875 0.4250871080139373 0.529296875 0.42857142857142855 0.52734375 0.43205574912891986 0.5234375 0.42857142857142855 0.515625 0.42857142857142855 0.515625 0.4146341463414634 0.517578125 0.4146341463414634 0.51953125 0.4076655052264808 0.525390625 0.4076655052264808 0.52734375 0.40418118466898956 0.556640625 0.40418118466898956
0 0.998046875 0.34146341463414637 0.998046875 0.3623693379790941 0.958984375 0.36585365853658536 0.95703125 0.3588850174216028 0.97265625 0.34843205574912894 0.99609375 0.34494773519163763
0 0.083984375 0.34146341463414637 0.0859375 0.34494773519163763 0.130859375 0.34494773519163763 0.1328125 0.34146341463414637 0.140625 0.34146341463414637 0.142578125 0.34494773519163763 0.142578125 0.3623693379790941 0.126953125 0.3623693379790941 0.125 0.36585365853658536 0.095703125 0.3693379790940767 0.09375 0.37282229965156793 0.052734375 0.37282229965156793 0.05078125 0.3693379790940767 0.0390625 0.3693379790940767 0.03125 0.3623693379790941 0.03125 0.3554006968641115 0.041015625 0.34843205574912894 0.048828125 0.34843205574912894 0.05078125 0.34494773519163763 0.05859375 0.34494773519163763 0.060546875 0.34146341463414637 0.08203125 0.34146341463414637
0 0.25390625 0.6167247386759582 0.2890625 0.6167247386759582 0.291015625 0.6236933797909407 0.298828125 0.6236933797909407 0.298828125 0.6341463414634146 0.296875 0.6376306620209059 0.28515625 0.6480836236933798 0.275390625 0.6480836236933798 0.271484375 0.6515679442508711 0.255859375 0.6376306620209059 0.25390625 0.6306620209059234 0.25 0.627177700348432 0.25 0.6236933797909407 0.25390625 0.6202090592334495
0 0.33984375 0.2264808362369338 0.34375 0.2264808362369338 0.34375 0.2578397212543554 0.337890625 0.2578397212543554 0.3359375 0.2613240418118467 0.322265625 0.2613240418118467 0.3203125 0.26480836236933797 0.314453125 0.26480836236933797 0.310546875 0.2578397212543554 0.310546875 0.24738675958188153 0.3125 0.24041811846689895 0.31640625 0.24041811846689895 0.318359375 0.23693379790940766 0.328125 0.23693379790940766 0.330078125 0.23344947735191637 0.337890625 0.23344947735191637 0.33984375 0.22996515679442509
0 0.2265625 0.27526132404181186 0.23046875 0.2787456445993031 0.23046875 0.2926829268292683 0.22265625 0.30662020905923343 0.212890625 0.30662020905923343 0.2109375 0.31010452961672474 0.15625 0.313588850174216 0.154296875 0.31010452961672474 0.142578125 0.31010452961672474 0.130859375 0.2961672473867596 0.130859375 0.2926829268292683 0.13671875 0.2857142857142857 0.2109375 0.2857142857142857 0.212890625 0.2787456445993031 0.21484375 0.2857142857142857 0.220703125 0.2857142857142857 0.22265625 0.2787456445993031 0.224609375 0.2787456445993031
0 0.255859375 0.3554006968641115 0.26171875 0.3519163763066202 0.265625 0.34494773519163763 0.26953125 0.34494773519163763 0.283203125 0.3344947735191638 0.2890625 0.3344947735191638 0.298828125 0.32752613240418116 0.306640625 0.32752613240418116 0.30859375 0.3240418118466899 0.31640625 0.3240418118466899 0.318359375 0.3205574912891986 0.328125 0.3205574912891986 0.330078125 0.3170731707317073 0.33984375 0.3170731707317073 0.33984375 0.32752613240418116 0.3359375 0.3310104529616725 0.328125 0.3310104529616725 0.3203125 0.33797909407665505 0.314453125 0.33797909407665505 0.30859375 0.34494773519163763 0.3046875 0.34494773519163763 0.298828125 0.3554006968641115 0.271484375 0.3588850174216028 0.26953125 0.3623693379790941 0.265625 0.3623693379790941 0.2578125 0.3554006968641115
0 0.697265625 0.36585365853658536 0.7265625 0.36585365853658536 0.728515625 0.37282229965156793 0.740234375 0.37282229965156793 0.740234375 0.3832752613240418 0.72265625 0.3832752613240418 0.720703125 0.3867595818815331 0.6875 0.3902439024390244 0.685546875 0.3867595818815331 0.671875 0.3832752613240418 0.681640625 0.37282229965156793 0.6953125 0.37282229965156793 0.697265625 0.3693379790940767
0 0.482421875 0.2926829268292683 0.486328125 0.289198606271777 0.5234375 0.2926829268292683 0.5234375 0.31010452961672474 0.51953125 0.313588850174216 0.505859375 0.313588850174216 0.50390625 0.3170731707317073 0.494140625 0.313588850174216 0.482421875 0.2961672473867596
0 0.173828125 0.3588850174216028 0.177734375 0.3588850174216028 0.1796875 0.36585365853658536 0.17578125 0.37282229965156793 0.166015625 0.3797909407665505 0.154296875 0.3832752613240418 0.150390625 0.3902439024390244 0.14453125 0.3902439024390244 0.1328125 0.40069686411149824 0.126953125 0.40069686411149824 0.125 0.40418118466898956 0.11328125 0.40418118466898956 0.111328125 0.4076655052264808 0.1015625 0.4076655052264808 0.099609375 0.41114982578397213 0.083984375 0.41114982578397213 0.083984375 0.4076655052264808 0.080078125 0.40418118466898956 0.0859375 0.39372822299651566 0.095703125 0.3902439024390244 0.107421875 0.3797909407665505 0.115234375 0.3797909407665505 0.123046875 0.37282229965156793 0.130859375 0.37282229965156793 0.1328125 0.3693379790940767 0.140625 0.3693379790940767 0.142578125 0.36585365853658536 0.171875 0.36585365853658536 0.173828125 0.3623693379790941
0 0.154296875 0.3205574912891986 0.181640625 0.3205574912891986 0.181640625 0.3344947735191638 0.177734375 0.33797909407665505 0.158203125 0.33797909407665505 0.15625 0.3344947735191638 0.15234375 0.3344947735191638 0.15234375 0.32752613240418116 0.154296875 0.3240418118466899
0 0.576171875 0.10452961672473868 0.59765625 0.10452961672473868 0.599609375 0.11149825783972125 0.599609375 0.13588850174216027 0.578125 0.13588850174216027 0.576171875 0.13937282229965156 0.5390625 0.13937282229965156 0.537109375 0.13588850174216027 0.53125 0.13588850174216027 0.53125 0.1254355400696864 0.533203125 0.12195121951219512 0.546875 0.11846689895470383 0.548828125 0.11498257839721254 0.556640625 0.11498257839721254 0.55859375 0.11149825783972125 0.57421875 0.11149825783972125 0.576171875 0.10801393728222997
0 0.216796875 0.37282229965156793 0.22265625 0.37282229965156793 0.224609375 0.3693379790940767 0.232421875 0.37282229965156793 0.232421875 0.3902439024390244 0.216796875 0.3902439024390244 0.21484375 0.39372822299651566 0.20703125 0.39372822299651566 0.205078125 0.397212543554007 0.19921875 0.397212543554007 0.1796875 0.41114982578397213 0.16015625 0.41114982578397213 0.158203125 0.4146341463414634 0.13671875 0.4146341463414634 0.134765625 0.41114982578397213 0.12890625 0.41114982578397213 0.142578125 0.39372822299651566 0.150390625 0.39372822299651566 0.158203125 0.3867595818815331 0.177734375 0.3832752613240418 0.1796875 0.3797909407665505 0.21484375 0.3797909407665505 0.216796875 0.37630662020905925
0 0.2890625 0.37282229965156793 0.296875 0.37282229965156793 0.296875 0.3902439024390244 0.29296875 0.3902439024390244 0.28515625 0.397212543554007 0.271484375 0.397212543554007 0.26953125 0.40069686411149824 0.255859375 0.40069686411149824 0.25390625 0.397212543554007 0.248046875 0.397212543554007 0.248046875 0.3867595818815331 0.25 0.3832752613240418 0.255859375 0.3832752613240418 0.2578125 0.3797909407665505 0.287109375 0.3797909407665505 0.2890625 0.37630662020905925
0 0.283203125 0.30313588850174217 0.283203125 0.313588850174216 0.267578125 0.34146341463414637 0.255859375 0.34146341463414637 0.248046875 0.34843205574912894 0.23828125 0.34843205574912894 0.240234375 0.33797909407665505 0.244140625 0.3310104529616725 0.248046875 0.3310104529616725 0.259765625 0.3170731707317073 0.275390625 0.313588850174216 0.28125 0.30662020905923343
0 0.263671875 0.17073170731707318 0.259765625 0.18118466898954705 0.24609375 0.18815331010452963 0.234375 0.20905923344947736 0.240234375 0.21602787456445993 0.244140625 0.21602787456445993 0.240234375 0.2229965156794425 0.23046875 0.2229965156794425 0.22265625 0.22996515679442509 0.208984375 0.22996515679442509 0.20703125 0.23344947735191637 0.197265625 0.23344947735191637 0.1953125 0.23693379790940766 0.17578125 0.23693379790940766 0.16796875 0.22996515679442509 0.169921875 0.22996515679442509 0.181640625 0.20905923344947736 0.185546875 0.20905923344947736 0.189453125 0.20209059233449478 0.220703125 0.17770034843205576 0.24609375 0.17770034843205576 0.255859375 0.17073170731707318 0.26171875 0.17073170731707318
0 0.140625 0.4250871080139373 0.14453125 0.42857142857142855 0.14453125 0.4355400696864111 0.138671875 0.4355400696864111 0.13671875 0.43902439024390244 0.125 0.43902439024390244 0.123046875 0.4425087108013937 0.115234375 0.4425087108013937 0.11328125 0.445993031358885 0.1015625 0.445993031358885 0.099609375 0.44947735191637633 0.0625 0.44947735191637633 0.060546875 0.445993031358885 0.056640625 0.445993031358885 0.068359375 0.42857142857142855 0.080078125 0.42857142857142855 0.08203125 0.4250871080139373 0.138671875 0.4250871080139373
0 0.865234375 0.42160278745644597 0.8671875 0.4250871080139373 0.89453125 0.42160278745644597 0.89453125 0.43205574912891986 0.890625 0.43205574912891986 0.888671875 0.4355400696864111 0.87890625 0.4355400696864111 0.876953125 0.43902439024390244 0.8671875 0.43902439024390244 0.865234375 0.4425087108013937 0.857421875 0.4425087108013937 0.85546875 0.445993031358885 0.830078125 0.445993031358885 0.828125 0.4425087108013937 0.8203125 0.4425087108013937 0.814453125 0.4355400696864111 0.814453125 0.4250871080139373 0.818359375 0.42160278745644597 0.86328125 0.42160278745644597
0 0.53125 0.18118466898954705 0.53515625 0.17770034843205576 0.599609375 0.17770034843205576 0.599609375 0.1916376306620209 0.595703125 0.1986062717770035 0.587890625 0.1986062717770035 0.5859375 0.20209059233449478 0.548828125 0.20209059233449478 0.54296875 0.1951219512195122 0.5390625 0.1951219512195122 0.533203125 0.18466898954703834 0.53125 0.18466898954703834
0 0.046875 0.2682926829268293 0.056640625 0.2682926829268293 0.05859375 0.27526132404181186 0.078125 0.2857142857142857 0.078125 0.29965156794425085 0.07421875 0.29965156794425085 0.068359375 0.30662020905923343 0.0625 0.29965156794425085 0.05859375 0.29965156794425085 0.046875 0.2857142857142857 0.046875 0.28222996515679444 0.041015625 0.27526132404181186 0.044921875 0.27526132404181186 0.046875 0.27177700348432055
0 0.185546875 0.20905923344947736 0.19140625 0.20905923344947736 0.193359375 0.21602787456445993 0.203125 0.21602787456445993 0.205078125 0.20905923344947736 0.216796875 0.20905923344947736 0.21875 0.21602787456445993 0.240234375 0.21602787456445993 0.244140625 0.21951219512195122 0.244140625 0.2264808362369338 0.236328125 0.2264808362369338 0.234375 0.22996515679442509 0.2265625 0.22996515679442509 0.224609375 0.23344947735191637 0.17578125 0.23693379790940766 0.173828125 0.23344947735191637 0.16796875 0.23344947735191637 0.169921875 0.23344947735191637 0.1796875 0.21602787456445993 0.18359375 0.21602787456445993 0.185546875 0.21254355400696864
0 0.07421875 0.43205574912891986 0.07421875 0.4355400696864111 0.072265625 0.4355400696864111 0.06640625 0.445993031358885 0.0546875 0.44947735191637633 0.048828125 0.4564459930313589 0.0390625 0.45993031358885017 0.037109375 0.4634146341463415 0.02734375 0.4634146341463415 0.025390625 0.45993031358885017 0.021484375 0.45993031358885017 0.017578125 0.4529616724738676 0.017578125 0.4425087108013937 0.01953125 0.43902439024390244 0.0234375 0.4355400696864111 0.037109375 0.4355400696864111 0.0390625 0.43205574912891986 0.072265625 0.43205574912891986
0 0.845703125 0.5121951219512195 0.84765625 0.5156794425087108 0.861328125 0.5156794425087108 0.87109375 0.5226480836236934 0.8984375 0.5296167247386759 0.90234375 0.5365853658536586 0.91015625 0.5400696864111498 0.91015625 0.554006968641115 0.90625 0.554006968641115 0.904296875 0.5574912891986062 0.89453125 0.5574912891986062 0.884765625 0.5505226480836237 0.8515625 0.5505226480836237 0.849609375 0.5470383275261324 0.828125 0.5435540069686411 0.81640625 0.5331010452961672 0.810546875 0.5331010452961672 0.798828125 0.519163763066202 0.798828125 0.5156794425087108 0.8046875 0.5087108013937283 0.833984375 0.5087108013937283 0.8359375 0.5121951219512195 0.84375 0.5121951219512195
0 0.345703125 0.39372822299651566 0.345703125 0.41114982578397213 0.337890625 0.41114982578397213 0.3359375 0.4146341463414634 0.3125 0.4146341463414634 0.310546875 0.41114982578397213 0.298828125 0.4076655052264808 0.296875 0.40418118466898956 0.296875 0.397212543554007 0.30078125 0.3902439024390244 0.330078125 0.3902439024390244 0.33203125 0.39372822299651566 0.34375 0.39372822299651566
0 0.09375 0.3205574912891986 0.09375 0.3344947735191638 0.08984375 0.33797909407665505 0.072265625 0.33797909407665505 0.0703125 0.34146341463414637 0.046875 0.34494773519163763 0.044921875 0.34843205574912894 0.0390625 0.34843205574912894 0.03515625 0.3588850174216028 0.03125 0.3623693379790941 0.013671875 0.3554006968641115 0.013671875 0.3519163763066202 0.009765625 0.34843205574912894 0.009765625 0.34494773519163763 0.013671875 0.34146341463414637 0.01953125 0.34146341463414637 0.029296875 0.3344947735191638 0.037109375 0.3344947735191638 0.0390625 0.3310104529616725 0.064453125 0.32752613240418116 0.06640625 0.3240418118466899 0.087890625 0.3240418118466899 0.091796875 0.3205574912891986
0 0.6165501165501166 0.37581930264857094 0.051345789627039624 0.023911048301292204
0 0.224609375 0.17421602787456447 0.224609375 0.18118466898954705 0.22265625 0.18466898954703834 0.21875 0.18466898954703834 0.2109375 0.1951219512195122 0.205078125 0.1951219512195122 0.181640625 0.21602787456445993 0.17578125 0.21602787456445993 0.169921875 0.2229965156794425 0.162109375 0.2229965156794425 0.154296875 0.22996515679442509 0.134765625 0.22996515679442509 0.12890625 0.2229965156794425 0.138671875 0.20905923344947736 0.14453125 0.20905923344947736 0.158203125 0.1951219512195122 0.1640625 0.1951219512195122 0.169921875 0.18815331010452963 0.181640625 0.18466898954703834 0.18359375 0.18118466898954705 0.193359375 0.18118466898954705 0.1953125 0.17770034843205576 0.21875 0.17770034843205576 0.22265625 0.17421602787456447
0 0.564453125 0.3519163763066202 0.564453125 0.3832752613240418 0.5625 0.3902439024390244 0.54296875 0.3902439024390244 0.53515625 0.397212543554007 0.529296875 0.397212543554007 0.5234375 0.3902439024390244 0.5234375 0.3797909407665505 0.529296875 0.37282229965156793 0.53515625 0.37282229965156793 0.537109375 0.3693379790940767 0.548828125 0.36585365853658536 0.564453125 0.3554006968641115
0 0.642578125 0.14634146341463414 0.650390625 0.14634146341463414 0.650390625 0.14982578397212543 0.658203125 0.1602787456445993 0.662109375 0.1602787456445993 0.666015625 0.1672473867595819 0.673828125 0.17073170731707318 0.681640625 0.18118466898954705 0.681640625 0.1951219512195122 0.6796875 0.1986062717770035 0.65625 0.1986062717770035 0.654296875 0.20209059233449478 0.6328125 0.20209059233449478 0.630859375 0.1986062717770035 0.625 0.1986062717770035 0.623046875 0.18118466898954705 0.6171875 0.17073170731707318 0.625 0.1602787456445993 0.630859375 0.1602787456445993 0.642578125 0.14982578397212543
0 0.33203125 0.32752613240418116 0.34375 0.32752613240418116 0.34375 0.3519163763066202 0.322265625 0.3519163763066202 0.3203125 0.3554006968641115 0.30078125 0.3554006968641115 0.296875 0.3519163763066202 0.296875 0.34843205574912894 0.30078125 0.34843205574912894 0.314453125 0.33797909407665505 0.330078125 0.3344947735191638 0.33203125 0.3310104529616725
0 0 0.24041811846689895 0.0625 0.24041811846689895 0.064453125 0.24738675958188153 0.0703125 0.24738675958188153 0.078125 0.25435540069686413 0.091796875 0.25435540069686413 0.091796875 0.27177700348432055 0.08203125 0.26480836236933797 0.06640625 0.2682926829268293 0.064453125 0.27526132404181186 0.080078125 0.289198606271777 0.08203125 0.29965156794425085 0.064453125 0.30313588850174217 0.04296875 0.27177700348432055 0.001953125 0.27177700348432055 0 0.2682926829268293 0 0.24390243902439024
0 0.345703125 0.4355400696864111 0.345703125 0.4564459930313589 0.3359375 0.4564459930313589 0.333984375 0.45993031358885017 0.314453125 0.45993031358885017 0.3125 0.4564459930313589 0.30859375 0.4564459930313589 0.30859375 0.44947735191637633 0.314453125 0.44947735191637633 0.322265625 0.4425087108013937 0.34375 0.43902439024390244