0 0.779296875 0.7727272727272727 0.78125 0.7762237762237763 0.78515625 0.7762237762237763 0.78515625 0.7972027972027972 0.783203125 0.8041958041958042 0.77734375 0.8146853146853147 0.771484375 0.8146853146853147 0.76953125 0.8181818181818182 0.755859375 0.8181818181818182 0.75390625 0.8216783216783217 0.73046875 0.8216783216783217 0.728515625 0.8181818181818182 0.728515625 0.8111888111888111 0.734375 0.7937062937062938 0.73828125 0.7937062937062938 0.744140625 0.7867132867132867 0.7578125 0.7832167832167832 0.759765625 0.7762237762237763 0.7734375 0.7762237762237763 0.77734375 0.7727272727272727
0 0.66015625 0.7097902097902098 0.6796875 0.7097902097902098 0.681640625 0.7167832167832168 0.685546875 0.7167832167832168 0.6875 0.7237762237762237 0.693359375 0.7307692307692307 0.697265625 0.7447552447552448 0.697265625 0.7622377622377622 0.689453125 0.7622377622377622 0.6875 0.7657342657342657 0.662109375 0.7342657342657343 0.66015625 0.7272727272727273 0.65625 0.7272727272727273 0.65625 0.7167832167832168 0.66015625 0.7132867132867133
0 0.73046875 0.6748251748251748 0.744140625 0.6748251748251748 0.748046875 0.6783216783216783 0.748046875 0.7062937062937062 0.734375 0.7062937062937062 0.73046875 0.7027972027972028 0.73046875 0.6783216783216783
0 0.15234375 0.02097902097902098 0.15625 0.02097902097902098 0.158203125 0.027972027972027972 0.162109375 0.027972027972027972 0.1640625 0.03146853146853147 0.185546875 0.038461538461538464 0.189453125 0.045454545454545456 0.1953125 0.045454545454545456 0.19921875 0.055944055944055944 0.19921875 0.07342657342657342 0.189453125 0.07342657342657342 0.1875 0.07692307692307693 0.18359375 0.07692307692307693 0.181640625 0.07342657342657342 0.1640625 0.07342657342657342 0.16015625 0.06993006993006994 0.158203125 0.055944055944055944 0.154296875 0.05244755244755245 0.154296875 0.045454545454545456 0.150390625 0.038461538461538464 0.150390625 0.027972027972027972 0.15234375 0.024475524475524476
0 0.8125 0.7342657342657343 0.837890625 0.7342657342657343 0.837890625 0.7377622377622378 0.841796875 0.7412587412587412 0.841796875 0.7657342657342657 0.830078125 0.7657342657342657 0.81640625 0.7552447552447552 0.81640625 0.7482517482517482 0.8125 0.7447552447552448 0.8125 0.7377622377622378
0 0.775390625 0.548951048951049 0.787109375 0.548951048951049 0.787109375 0.583916083916084 0.783203125 0.5909090909090909 0.77734375 0.5909090909090909 0.775390625 0.5944055944055944 0.763671875 0.5944055944055944 0.76171875 0.5979020979020979 0.73828125 0.5944055944055944 0.73828125 0.5874125874125874 0.7421875 0.5769230769230769 0.744140625 0.5769230769230769 0.751953125 0.5629370629370629 0.7578125 0.5629370629370629 0.759765625 0.5594405594405595 0.7734375 0.5559440559440559 0.775390625 0.5524475524475524
0 0.673828125 0 0.69921875 0 0.69921875 0.038461538461538464 0.6953125 0.04195804195804196 0.685546875 0.04195804195804196 0.677734375 0.03496503496503497 0.677734375 0.02097902097902098 0.673828125 0.017482517482517484 0.673828125 0.0034965034965034965
0 0.087890625 0.35664335664335667 0.1171875 0.35664335664335667 0.119140625 0.36363636363636365 0.126953125 0.36363636363636365 0.1328125 0.3706293706293706 0.140625 0.36363636363636365 0.140625 0.3741258741258741 0.138671875 0.3776223776223776 0.140625 0.3916083916083916 0.13671875 0.3986013986013986 0.13671875 0.40559440559440557 0.126953125 0.4160839160839161 0.107421875 0.4195804195804196 0.103515625 0.42657342657342656 0.087890625 0.4370629370629371 0.046875 0.4370629370629371 0.044921875 0.43356643356643354 0.044921875 0.42657342657342656 0.052734375 0.3986013986013986 0.05859375 0.3916083916083916 0.0703125 0.36713286713286714 0.07421875 0.36363636363636365 0.0859375 0.36363636363636365 0.087890625 0.36013986013986016
0 0.40234375 0.2867132867132867 0.41796875 0.2867132867132867 0.41796875 0.2902097902097902 0.423828125 0.2972027972027972 0.423828125 0.3111888111888112 0.419921875 0.3146853146853147 0.416015625 0.3111888111888112 0.40234375 0.3111888111888112 0.3984375 0.3076923076923077 0.3984375 0.2937062937062937 0.40234375 0.2902097902097902
0 0.603515625 0.486013986013986 0.6171875 0.486013986013986 0.6171875 0.48951048951048953 0.625 0.5 0.625 0.5244755244755245 0.62109375 0.5314685314685315 0.607421875 0.5314685314685315 0.60546875 0.534965034965035 0.6015625 0.534965034965035 0.599609375 0.5314685314685315 0.58984375 0.5314685314685315 0.587890625 0.527972027972028 0.587890625 0.506993006993007 0.58984375 0.5 0.59375 0.5 0.59765625 0.493006993006993 0.6015625 0.493006993006993 0.603515625 0.48951048951048953
0 0.814453125 0.7202797202797203 0.81640625 0.7237762237762237 0.81640625 0.7412587412587412 0.814453125 0.7447552447552448 0.80078125 0.7447552447552448 0.798828125 0.7482517482517482 0.775390625 0.7447552447552448 0.775390625 0.7307692307692307 0.779296875 0.7307692307692307 0.78515625 0.7237762237762237 0.8125 0.7202797202797203