0 0.283203125 0.7282229965156795 0.28515625 0.7317073170731707 0.2890625 0.7317073170731707 0.291015625 0.7386759581881533 0.291015625 0.7630662020905923 0.279296875 0.7909407665505227 0.279296875 0.8048780487804879 0.28125 0.8083623693379791 0.279296875 0.8222996515679443 0.26953125 0.8397212543554007 0.26953125 0.8432055749128919 0.265625 0.8432055749128919 0.263671875 0.8466898954703833 0.259765625 0.8466898954703833 0.259765625 0.8397212543554007 0.255859375 0.8362369337979094 0.255859375 0.7804878048780488 0.259765625 0.7770034843205574 0.26171875 0.759581881533101 0.26953125 0.7386759581881533 0.28125 0.7282229965156795
0 0.216796875 0.5052264808362369 0.22265625 0.5052264808362369 0.22265625 0.5121951219512195 0.23046875 0.5296167247386759 0.2421875 0.5296167247386759 0.25390625 0.5400696864111498 0.259765625 0.5505226480836237 0.26171875 0.5505226480836237 0.275390625 0.578397212543554 0.27734375 0.578397212543554 0.27734375 0.5853658536585366 0.279296875 0.5888501742160279 0.279296875 0.6097560975609756 0.2734375 0.6167247386759582 0.24609375 0.6097560975609756 0.2421875 0.6027874564459931 0.23828125 0.6027874564459931 0.23046875 0.578397212543554 0.23046875 0.5679442508710801 0.224609375 0.554006968641115 0.224609375 0.5296167247386759 0.22265625 0.5261324041811847 0.22265625 0.519163763066202 0.216796875 0.5121951219512195 0.216796875 0.5087108013937283
0 0.841796875 0.5052264808362369 0.845703125 0.5156794425087108 0.845703125 0.5331010452961672 0.837890625 0.5400696864111498 0.826171875 0.5400696864111498 0.81640625 0.5331010452961672 0.81640625 0.5296167247386759 0.833984375 0.5087108013937283 0.83984375 0.5052264808362369
0 0.564453125 0.9303135888501742 0.58203125 0.9303135888501742 0.583984375 0.926829268292683 0.599609375 0.9303135888501742 0.6015625 0.9372822299651568 0.607421875 0.9372822299651568 0.6171875 0.9477351916376306 0.62109375 0.9477351916376306 0.626953125 0.9581881533101045 0.634765625 0.9651567944250871 0.634765625 0.975609756097561 0.6328125 0.9825783972125436 0.62890625 0.9825783972125436 0.62109375 0.9895470383275261 0.599609375 0.9895470383275261 0.595703125 0.9930313588850174 0.59375 0.9895470383275261 0.564453125 0.9895470383275261 0.556640625 0.9825783972125436 0.53125 0.9860627177700348 0.529296875 0.9825783972125436 0.529296875 0.9616724738675958 0.52734375 0.9581881533101045 0.52734375 0.9512195121951219 0.529296875 0.9477351916376306 0.548828125 0.9477351916376306 0.5546875 0.9372822299651568 0.5625 0.9372822299651568 0.564453125 0.9337979094076655
0 0.791015625 0.6585365853658537 0.80859375 0.6585365853658537 0.810546875 0.6655052264808362 0.81640625 0.6655052264808362 0.822265625 0.6724738675958188 0.822265625 0.686411149825784 0.818359375 0.6898954703832753 0.8046875 0.6898954703832753 0.802734375 0.686411149825784 0.791015625 0.6829268292682927 0.78515625 0.6724738675958188 0.783203125 0.6724738675958188 0.783203125 0.6689895470383276 0.791015625 0.662020905923345
0 0.998046875 0.4808362369337979 0.998046875 0.5017421602787456 0.98046875 0.5400696864111498 0.97265625 0.5435540069686411 0.9609375 0.5609756097560976 0.94921875 0.5644599303135889 0.939453125 0.5818815331010453 0.931640625 0.5679442508710801 0.92578125 0.5609756097560976 0.921875 0.5609756097560976 0.919921875 0.554006968641115 0.93359375 0.554006968641115 0.9375 0.5470383275261324 0.94140625 0.5296167247386759 0.947265625 0.519163763066202 0.947265625 0.5156794425087108 0.94921875 0.5156794425087108 0.958984375 0.49477351916376305 0.978515625 0.4808362369337979 0.99609375 0.4808362369337979
0 0.51953125 0.7560975609756098 0.521484375 0.759581881533101 0.525390625 0.759581881533101 0.533203125 0.7735191637630662 0.53515625 0.7874564459930313 0.529296875 0.7874564459930313 0.521484375 0.7804878048780488 0.513671875 0.7665505226480837 0.513671875 0.759581881533101 0.517578125 0.7560975609756098
0 0.12109375 0.36585365853658536 0.134765625 0.39372822299651566 0.1328125 0.41114982578397213 0.126953125 0.42160278745644597 0.126953125 0.4355400696864111 0.12109375 0.4355400696864111 0.1171875 0.42857142857142855 0.111328125 0.42857142857142855 0.10546875 0.4181184668989547 0.1015625 0.42160278745644597 0.099609375 0.4181184668989547 0.1015625 0.4146341463414634 0.1015625 0.39372822299651566 0.099609375 0.3902439024390244 0.099609375 0.37630662020905925 0.1015625 0.3693379790940767 0.103515625 0.3693379790940767 0.109375 0.3554006968641115 0.115234375 0.3554006968641115 0.119140625 0.36585365853658536
0 0.3515625 0.6968641114982579 0.359375 0.6968641114982579 0.359375 0.7003484320557491 0.365234375 0.710801393728223 0.365234375 0.7317073170731707 0.36328125 0.735191637630662 0.36328125 0.7421602787456446 0.361328125 0.7456445993031359 0.345703125 0.7456445993031359 0.34375 0.7421602787456446 0.349609375 0.7282229965156795 0.349609375 0.7212543554006968 0.3515625 0.7177700348432056 0.3515625 0.7003484320557491
0 0.30859375 0.1289198606271777 0.310546875 0.1289198606271777 0.3125 0.14982578397212543 0.314453125 0.15331010452961671 0.33203125 0.17073170731707318 0.34375 0.18815331010452963 0.34765625 0.1986062717770035 0.34765625 0.20557491289198607 0.3515625 0.21951219512195122 0.3515625 0.23344947735191637 0.349609375 0.23693379790940766 0.34375 0.22996515679442509 0.33203125 0.2264808362369338 0.330078125 0.2229965156794425 0.32421875 0.2229965156794425 0.322265625 0.21951219512195122 0.3203125 0.20905923344947736 0.314453125 0.20209059233449478 0.314453125 0.1986062717770035 0.30859375 0.18815331010452963 0.30859375 0.17770034843205576 0.302734375 0.1672473867595819 0.302734375 0.1602787456445993 0.30859375 0.14285714285714285 0.30859375 0.13240418118466898
0 0.373046875 0.3693379790940767 0.3828125 0.3693379790940767 0.38671875 0.37282229965156793 0.392578125 0.3832752613240418 0.3984375 0.40418118466898956 0.3984375 0.41114982578397213 0.40234375 0.4146341463414634 0.40234375 0.4250871080139373 0.400390625 0.42857142857142855 0.396484375 0.42857142857142855 0.392578125 0.42160278745644597 0.38671875 0.4181184668989547 0.376953125 0.40069686411149824 0.373046875 0.3797909407665505 0.369140625 0.37630662020905925 0.373046875 0.37282229965156793
0 0.546875 0.3832752613240418 0.5546875 0.3832752613240418 0.55859375 0.3902439024390244 0.55859375 0.397212543554007 0.560546875 0.40069686411149824 0.560546875 0.41114982578397213 0.55859375 0.4181184668989547 0.55078125 0.42160278745644597 0.544921875 0.41114982578397213 0.544921875 0.39372822299651566 0.546875 0.3867595818815331
0 0.265625 0.6132404181184669 0.265625 0.6167247386759582 0.26953125 0.6202090592334495 0.271484375 0.627177700348432 0.267578125 0.6445993031358885 0.263671875 0.6515679442508711 0.259765625 0.6515679442508711 0.2578125 0.6550522648083623 0.23828125 0.6515679442508711 0.236328125 0.6480836236933798 0.236328125 0.6306620209059234 0.244140625 0.6097560975609756 0.263671875 0.6132404181184669
0 0.7628205128205128 0.5561917757039708 0.03613053613053613 0.029109102279833987
0 0.466796875 0 0.4765625 0 0.4765625 0.027874564459930314 0.474609375 0.0313588850174216 0.474609375 0.04529616724738676 0.47265625 0.04878048780487805 0.47265625 0.059233449477351915 0.470703125 0.06620209059233449 0.46875 0.06620209059233449 0.46875 0.006968641114982578 0.466796875 0.003484320557491289
0 0.400390625 0.6376306620209059 0.41015625 0.6376306620209059 0.412109375 0.6445993031358885 0.41796875 0.6445993031358885 0.42578125 0.662020905923345 0.42578125 0.6759581881533101 0.423828125 0.6794425087108014 0.416015625 0.6794425087108014 0.412109375 0.6759581881533101 0.40625 0.6585365853658537 0.400390625 0.6515679442508711 0.400390625 0.6411149825783972
0 0.3125 0.5400696864111498 0.314453125 0.5470383275261324 0.328125 0.5574912891986062 0.3359375 0.5714285714285714 0.33984375 0.5888501742160279 0.33984375 0.5958188153310104 0.337890625 0.5993031358885017 0.32421875 0.5923344947735192 0.3125 0.5714285714285714 0.310546875 0.5609756097560976 0.306640625 0.554006968641115 0.306640625 0.5505226480836237 0.3125 0.5435540069686411
0 0.068359375 0.710801393728223 0.076171875 0.7142857142857143 0.08203125 0.7212543554006968 0.0859375 0.7212543554006968 0.08984375 0.7282229965156795 0.1015625 0.7282229965156795 0.103515625 0.7317073170731707 0.1171875 0.7317073170731707 0.119140625 0.735191637630662 0.125 0.735191637630662 0.138671875 0.7491289198606271 0.146484375 0.7700348432055749 0.14453125 0.7770034843205574 0.125 0.7770034843205574 0.123046875 0.7735191637630662 0.115234375 0.7735191637630662 0.11328125 0.7700348432055749 0.099609375 0.7665505226480837 0.08203125 0.7456445993031359 0.078125 0.7282229965156795 0.0703125 0.7142857142857143
0 0.318359375 0.6585365853658537 0.3203125 0.6724738675958188 0.3125 0.6933797909407665 0.310546875 0.710801393728223 0.302734375 0.7247386759581882 0.30078125 0.7247386759581882 0.296875 0.735191637630662 0.291015625 0.735191637630662 0.287109375 0.7282229965156795 0.28125 0.7282229965156795 0.27734375 0.7247386759581882 0.27734375 0.7142857142857143 0.28515625 0.6968641114982579 0.287109375 0.686411149825784 0.30078125 0.662020905923345 0.30859375 0.6550522648083623 0.314453125 0.6550522648083623 0.31640625 0.6585365853658537
0 0.294921875 0.7770034843205574 0.30859375 0.7770034843205574 0.310546875 0.7804878048780488 0.310546875 0.794425087108014 0.30859375 0.8013937282229965 0.3046875 0.8083623693379791 0.294921875 0.8083623693379791 0.29296875 0.8118466898954704 0.2890625 0.8118466898954704 0.291015625 0.8083623693379791 0.291015625 0.8013937282229965 0.287109375 0.7979094076655052 0.287109375 0.7909407665505227 0.2890625 0.7909407665505227 0.291015625 0.7839721254355401 0.294921875 0.7804878048780488
0 0.0546875 0.24390243902439024 0.06640625 0.24390243902439024 0.068359375 0.24738675958188153 0.068359375 0.26480836236933797 0.060546875 0.29965156794425085 0.05078125 0.3170731707317073 0.044921875 0.33797909407665505 0.03125 0.33797909407665505 0.029296875 0.34146341463414637 0.01953125 0.33797909407665505 0.025390625 0.3205574912891986 0.025390625 0.29965156794425085 0.03125 0.2787456445993031 0.04296875 0.2578397212543554 0.0546875 0.24738675958188153
0 0.736328125 0 0.798828125 0 0.798828125 0.003484320557491289 0.791015625 0.003484320557491289 0.7890625 0.006968641114982578 0.763671875 0.006968641114982578 0.75390625 0.0313588850174216 0.751953125 0.04529616724738676 0.74609375 0.04878048780487805 0.744140625 0.05574912891986063 0.740234375 0.05574912891986063 0.73828125 0.059233449477351915 0.73046875 0.05574912891986063 0.728515625 0.04878048780487805 0.728515625 0.041811846689895474 0.734375 0.017421602787456445 0.734375 0.006968641114982578 0.736328125 0.003484320557491289
0 0.396484375 0.12195121951219512 0.40625 0.12195121951219512 0.408203125 0.1289198606271777 0.412109375 0.1289198606271777 0.41796875 0.13588850174216027 0.416015625 0.14634146341463414 0.4140625 0.14634146341463414 0.408203125 0.156794425087108 0.3984375 0.1672473867595819 0.37890625 0.1672473867595819 0.375 0.17421602787456447 0.373046875 0.17421602787456447 0.373046875 0.16376306620209058 0.369140625 0.156794425087108 0.38671875 0.13240418118466898 0.396484375 0.1254355400696864
0 0.6328125 0.5365853658536586 0.634765625 0.5400696864111498 0.634765625 0.5470383275261324 0.626953125 0.5714285714285714 0.625 0.5714285714285714 0.62109375 0.5818815331010453 0.609375 0.5958188153310104 0.59765625 0.5993031358885017 0.591796875 0.6097560975609756 0.58984375 0.6202090592334495 0.5859375 0.6236933797909407 0.587890625 0.6202090592334495 0.587890625 0.6132404181184669 0.5859375 0.6062717770034843 0.578125 0.5958188153310104 0.580078125 0.5923344947735192 0.5859375 0.5923344947735192 0.591796875 0.5818815331010453 0.59375 0.5679442508710801 0.60546875 0.5470383275261324 0.6171875 0.5365853658536586 0.630859375 0.5365853658536586
0 0.814453125 0.7874564459930313 0.81640625 0.7874564459930313 0.81640625 0.7909407665505227 0.828125 0.8153310104529616 0.833984375 0.8153310104529616 0.8359375 0.8118466898954704 0.849609375 0.8153310104529616 0.857421875 0.8222996515679443 0.876953125 0.8501742160278746 0.876953125 0.8641114982578397 0.87109375 0.8710801393728222 0.83984375 0.8710801393728222 0.8359375 0.8641114982578397 0.830078125 0.8606271777003485 0.828125 0.8571428571428571 0.828125 0.8432055749128919 0.8203125 0.8292682926829268 0.814453125 0.8257839721254355 0.8203125 0.818815331010453 0.8203125 0.8048780487804879 0.814453125 0.7979094076655052 0.814453125 0.7909407665505227
0 0.439453125 0.710801393728223 0.451171875 0.710801393728223 0.451171875 0.7142857142857143 0.455078125 0.7177700348432056 0.453125 0.7386759581881533 0.44140625 0.7700348432055749 0.431640625 0.7874564459930313 0.4296875 0.7874564459930313 0.419921875 0.8083623693379791 0.41015625 0.818815331010453 0.40625 0.818815331010453 0.404296875 0.8257839721254355 0.400390625 0.8292682926829268 0.388671875 0.8257839721254355 0.380859375 0.8118466898954704 0.37890625 0.8118466898954704 0.37890625 0.8048780487804879 0.388671875 0.8048780487804879 0.396484375 0.7979094076655052 0.400390625 0.7874564459930313 0.40234375 0.7735191637630662 0.412109375 0.7491289198606271 0.421875 0.7317073170731707 0.439453125 0.7142857142857143
0 0.138671875 0.5609756097560976 0.15234375 0.5609756097560976 0.154296875 0.5679442508710801 0.15625 0.5644599303135889 0.15625 0.5749128919860628 0.154296875 0.578397212543554 0.154296875 0.5853658536585366 0.134765625 0.6202090592334495 0.12109375 0.6202090592334495 0.119140625 0.6236933797909407 0.115234375 0.6236933797909407 0.11328125 0.6202090592334495 0.103515625 0.6167247386759582 0.11328125 0.6097560975609756 0.1171875 0.6027874564459931 0.123046875 0.5818815331010453 0.12890625 0.5714285714285714 0.138671875 0.5644599303135889
0 0.3828125 0.8083623693379791 0.384765625 0.8083623693379791 0.38671875 0.8153310104529616 0.39453125 0.8153310104529616 0.396484375 0.818815331010453 0.39453125 0.8222996515679443 0.40234375 0.8292682926829268 0.40625 0.8397212543554007 0.40625 0.8466898954703833 0.408203125 0.8501742160278746 0.408203125 0.8745644599303136 0.4140625 0.8954703832752613 0.4140625 0.9094076655052264 0.416015625 0.9128919860627178 0.41796875 0.9686411149825784 0.421875 0.9721254355400697 0.421875 0.9965156794425087 0.3828125 0.9965156794425087 0.384765625 0.9895470383275261 0.384765625 0.9721254355400697 0.38671875 0.9686411149825784 0.388671875 0.926829268292683 0.390625 0.9233449477351916 0.392578125 0.867595818815331 0.39453125 0.8641114982578397 0.392578125 0.8606271777003485 0.392578125 0.8432055749128919 0.3828125 0.8118466898954704
0 0.8828125 0.9372822299651568 0.892578125 0.9372822299651568 0.89453125 0.9407665505226481 0.890625 0.9686411149825784 0.876953125 0.9895470383275261 0.861328125 0.9895470383275261 0.859375 0.9930313588850174 0.85546875 0.9930313588850174 0.853515625 0.9895470383275261 0.859375 0.9825783972125436 0.86328125 0.9721254355400697 0.86328125 0.9651567944250871 0.865234375 0.9651567944250871 0.875 0.9477351916376306 0.8828125 0.9407665505226481
0 0.466796875 0.49477351916376305 0.48046875 0.49477351916376305 0.48046875 0.49825783972125437 0.482421875 0.5017421602787456 0.486328125 0.5017421602787456 0.48828125 0.5087108013937283 0.484375 0.519163763066202 0.4765625 0.519163763066202 0.474609375 0.5226480836236934 0.458984375 0.519163763066202 0.458984375 0.5087108013937283 0.466796875 0.49825783972125437
0 0.4453125 0.20209059233449478 0.447265625 0.20209059233449478 0.45703125 0.18466898954703834 0.466796875 0.17770034843205576 0.5 0.17770034843205576 0.5 0.18466898954703834 0.50390625 0.1951219512195122 0.50390625 0.20209059233449478 0.49609375 0.20209059233449478 0.490234375 0.21254355400696864 0.474609375 0.2229965156794425 0.4453125 0.2229965156794425 0.443359375 0.21951219512195122 0.443359375 0.20905923344947736 0.4453125 0.20557491289198607
0 0.09375 0.2926829268292683 0.109375 0.2926829268292683 0.111328125 0.29965156794425085 0.115234375 0.29965156794425085 0.1171875 0.30313588850174217 0.115234375 0.3170731707317073 0.11328125 0.3170731707317073 0.095703125 0.34843205574912894 0.080078125 0.3588850174216028 0.0703125 0.3588850174216028 0.06640625 0.36585365853658536 0.0625 0.3623693379790941 0.0625 0.3588850174216028 0.056640625 0.34843205574912894 0.056640625 0.34494773519163763 0.05859375 0.34146341463414637 0.0625 0.34146341463414637 0.08203125 0.30313588850174217 0.0859375 0.29965156794425085 0.091796875 0.29965156794425085 0.09375 0.2961672473867596
0 0.873046875 0.30662020905923343 0.876953125 0.313588850174216 0.876953125 0.3310104529616725 0.873046875 0.34146341463414637 0.873046875 0.34843205574912894 0.86328125 0.36585365853658536 0.861328125 0.36585365853658536 0.84765625 0.3867595818815331 0.845703125 0.3867595818815331 0.84765625 0.37282229965156793 0.841796875 0.3623693379790941 0.83984375 0.3623693379790941 0.84375 0.3623693379790941 0.849609375 0.3519163763066202 0.8515625 0.33797909407665505 0.857421875 0.32752613240418116 0.857421875 0.3240418118466899 0.865234375 0.31010452961672474 0.87109375 0.30662020905923343
0 0.689976689453125 0.6206476445993032 0.685897435546875 0.6362418083623693 0.686480185546875 0.6414398606271777 0.68356643359375 0.6466379163763066 0.669580419921875 0.644558693379791 0.6649184140625 0.6487171358885017 0.677156177734375 0.6539151916376307 0.68298368359375 0.6518359686411149 0.69055944140625 0.664311299651568 0.69172494140625 0.6580736341463415 0.701631701171875 0.6466379163763066 0.705710955078125 0.6331229756097562 0.705710955078125 0.61752881184669 0.702214453125 0.6112911463414634 0.69871794921875 0.6112911463414634 0.689976689453125 0.6206476445993032
0 0.067599068359375 0 0.06585081640625 0.0031188327526132406 0.060606060546875 0.005198052264808363 0.047202796875 0.03534676655052265 0.049533798828125 0.043663655052264806 0.065268064453125 0.04470326480836237 0.078088578125 0.04054482229965157 0.092074591796875 0.023911048780487807 0.09382284375 0.016633773519163765 0.09324009375 0.001039609756097561 0.092574091796875 0 0.067599068359375 0
0 0.5075757578125 0.14138706968641115 0.515151515625 0.1382682369337979 0.524475525390625 0.1507435644599303 0.529720279296875 0.15386239721254355 0.56585081640625 0.14866434494773517 0.577505828125 0.1382682369337979 0.583916083984375 0.12163446341463413 0.584498833984375 0.10188185714285715 0.58275058203125 0.09252536236933798 0.568181818359375 0.0706935331010453 0.560606060546875 0.06549548083623694 0.55128205078125 0.06445586759581881 0.55069930078125 0.06341625783972125 0.5384615390625 0.06757470034843205 0.513986013671875 0.0862876968641115 0.51165501171875 0.09876302439024391 0.5069930078125 0.10396108013937282 0.501165501953125 0.10396108013937282 0.48892773828125 0.09564419163763066 0.484848484375 0.09668380487804878 0.483682984375 0.09876302439024391 0.485431236328125 0.10396108013937282 0.498251748046875 0.11851563066202092 0.50058275 0.12475329616724738 0.4912587421875 0.15178317770034844 0.490675990234375 0.1611396724738676 0.493589744140625 0.1611396724738676 0.501165501953125 0.14762473170731708 0.5075757578125 0.14138706968641115