0 0.740234375 0.6388888888888888 0.76953125 0.6388888888888888 0.76953125 0.6493055555555556 0.755859375 0.6631944444444444 0.744140625 0.6631944444444444 0.740234375 0.6493055555555556 0.740234375 0.6423611111111112
0 0.7421875 0.7083333333333334 0.74609375 0.71875 0.740234375 0.71875 0.736328125 0.7222222222222222 0.732421875 0.7326388888888888 0.728515625 0.7326388888888888 0.71875 0.7465277777777778 0.703125 0.7465277777777778 0.701171875 0.7395833333333334 0.701171875 0.7256944444444444 0.703125 0.7222222222222222 0.70703125 0.7222222222222222 0.7109375 0.7152777777777778 0.71484375 0.7152777777777778 0.72265625 0.7083333333333334 0.740234375 0.7083333333333334
0 0.626953125 0.4409722222222222 0.630859375 0.4444444444444444 0.630859375 0.4513888888888889 0.626953125 0.4583333333333333 0.623046875 0.4756944444444444 0.619140625 0.4826388888888889 0.607421875 0.4861111111111111 0.60546875 0.4895833333333333 0.6015625 0.4895833333333333 0.58984375 0.4791666666666667 0.587890625 0.4722222222222222 0.591796875 0.4583333333333333 0.6015625 0.4444444444444444 0.609375 0.4444444444444444 0.611328125 0.4409722222222222 0.619140625 0.4409722222222222 0.62109375 0.4375 0.625 0.4409722222222222
0 0.705078125 0.003472222222222222 0.70703125 0.003472222222222222 0.70703125 0.010416666666666666 0.708984375 0.013888888888888888 0.708984375 0.03819444444444445 0.712890625 0.04861111111111111 0.71484375 0.06597222222222222 0.716796875 0.06944444444444445 0.716796875 0.10069444444444445 0.7109375 0.10069444444444445 0.705078125 0.09375 0.705078125 0.08680555555555555 0.703125 0.08333333333333333 0.703125 0.052083333333333336 0.701171875 0.04861111111111111 0.701171875 0.041666666666666664 0.703125 0.03819444444444445 0.703125 0.010416666666666666 0.705078125 0.006944444444444444
0 0.23046875 0.041666666666666664 0.248046875 0.041666666666666664 0.25 0.04513888888888889 0.265625 0.04513888888888889 0.26953125 0.04861111111111111 0.271484375 0.052083333333333336 0.271484375 0.06597222222222222 0.267578125 0.06597222222222222 0.26171875 0.0763888888888889 0.24609375 0.0763888888888889 0.23828125 0.06597222222222222 0.232421875 0.04513888888888889
0 0.732421875 0.5208333333333334 0.736328125 0.5277777777777778 0.740234375 0.5277777777777778 0.740234375 0.5416666666666666 0.736328125 0.5520833333333334 0.7265625 0.5590277777777778 0.724609375 0.5659722222222222 0.71875 0.5729166666666666 0.712890625 0.5694444444444444 0.70703125 0.5590277777777778 0.705078125 0.5590277777777778 0.705078125 0.5486111111111112 0.71484375 0.5277777777777778 0.724609375 0.5208333333333334 0.73046875 0.5208333333333334
0 0.177734375 0.3333333333333333 0.1796875 0.3402777777777778 0.1875 0.3402777777777778 0.1953125 0.3333333333333333 0.197265625 0.3333333333333333 0.197265625 0.3368055555555556 0.193359375 0.34375 0.19140625 0.3541666666666667 0.189453125 0.3576388888888889 0.185546875 0.3576388888888889 0.1796875 0.3680555555555556 0.17578125 0.3819444444444444 0.166015625 0.3854166666666667 0.154296875 0.3993055555555556 0.1328125 0.4027777777777778 0.130859375 0.40625 0.123046875 0.40625 0.115234375 0.3993055555555556 0.1171875 0.375 0.126953125 0.3576388888888889 0.130859375 0.3576388888888889 0.13671875 0.3506944444444444 0.1484375 0.3472222222222222 0.15625 0.3368055555555556 0.16015625 0.3368055555555556 0.162109375 0.3333333333333333 0.17578125 0.3333333333333333
0 0.708984375 0.6770833333333334 0.712890625 0.6875 0.708984375 0.6979166666666666 0.703125 0.6979166666666666 0.69921875 0.6909722222222222 0.69921875 0.6805555555555556 0.701171875 0.6770833333333334 0.70703125 0.6770833333333334
0 0.69921875 0.6631944444444444 0.701171875 0.6666666666666666 0.705078125 0.6666666666666666 0.705078125 0.6701388888888888 0.7109375 0.6805555555555556 0.712890625 0.6909722222222222 0.70703125 0.6979166666666666 0.701171875 0.6944444444444444 0.693359375 0.6770833333333334 0.693359375 0.6701388888888888 0.697265625 0.6666666666666666
0 0.818359375 0.6666666666666666 0.822265625 0.6527777777777778 0.83203125 0.6527777777777778 0.833984375 0.65625 0.833984375 0.6666666666666666 0.830078125 0.6736111111111112 0.82421875 0.6770833333333334 0.8203125 0.6736111111111112 0.8203125 0.6701388888888888
0 0.443359375 0.25 0.44921875 0.2569444444444444 0.451171875 0.2638888888888889 0.451171875 0.2743055555555556 0.439453125 0.2743055555555556 0.4375 0.2708333333333333 0.4375 0.2534722222222222 0.44140625 0.2534722222222222