0 0.646484375 0.3159722222222222 0.650390625 0.3159722222222222 0.654296875 0.3298611111111111 0.658203125 0.3263888888888889 0.658203125 0.3402777777777778 0.65625 0.34375 0.6484375 0.34375 0.64453125 0.3402777777777778 0.64453125 0.3229166666666667 0.646484375 0.3194444444444444
0 0.537109375 0.12152777777777778 0.541015625 0.125 0.541015625 0.13194444444444445 0.53515625 0.13194444444444445 0.537109375 0.125
0 0.51171875 0.10069444444444445 0.525390625 0.1076388888888889 0.525390625 0.11458333333333333 0.52734375 0.11805555555555555 0.52734375 0.125 0.525390625 0.1284722222222222 0.521484375 0.1284722222222222 0.51171875 0.1111111111111111 0.51171875 0.10416666666666667
0 0.51953125 0.4965277777777778 0.525390625 0.4965277777777778 0.533203125 0.5104166666666666 0.533203125 0.5208333333333334 0.53515625 0.5243055555555556 0.533203125 0.5277777777777778 0.53125 0.5243055555555556 0.521484375 0.5208333333333334 0.5234375 0.5138888888888888 0.51953125 0.5069444444444444 0.51953125 0.5
0 0.52734375 0.5555555555555556 0.529296875 0.5590277777777778 0.5234375 0.5659722222222222 0.513671875 0.5659722222222222 0.513671875 0.5590277777777778 0.515625 0.5555555555555556 0.525390625 0.5555555555555556
0 0.51953125 0.3125 0.529296875 0.3263888888888889 0.529296875 0.3368055555555556 0.5234375 0.3402777777777778 0.51953125 0.3472222222222222 0.51953125 0.3541666666666667 0.517578125 0.3541666666666667 0.51171875 0.3368055555555556 0.513671875 0.3194444444444444 0.517578125 0.3159722222222222
0 0.5625 0.6388888888888888 0.57421875 0.6493055555555556 0.583984375 0.6493055555555556 0.583984375 0.65625 0.58203125 0.6597222222222222 0.587890625 0.6666666666666666 0.591796875 0.6770833333333334 0.591796875 0.6805555555555556 0.583984375 0.6909722222222222 0.56640625 0.6909722222222222 0.5625 0.6979166666666666 0.5546875 0.6979166666666666 0.55859375 0.6805555555555556 0.55859375 0.65625 0.5625 0.6423611111111112
0 0.61328125 0.7986111111111112 0.615234375 0.8020833333333334 0.615234375 0.8333333333333334 0.609375 0.8333333333333334 0.60546875 0.8298611111111112 0.603515625 0.8229166666666666 0.603515625 0.8159722222222222 0.611328125 0.8020833333333334
0 0.544921875 0.3784722222222222 0.548828125 0.3819444444444444 0.548828125 0.3888888888888889 0.546875 0.3923611111111111 0.533203125 0.3854166666666667 0.533203125 0.3819444444444444 0.5390625 0.375 0.54296875 0.3784722222222222
0 0.62109375 0.10069444444444445 0.623046875 0.1076388888888889 0.619140625 0.11458333333333333 0.609375 0.12152777777777778 0.603515625 0.13194444444444445 0.599609375 0.13194444444444445 0.591796875 0.1388888888888889 0.587890625 0.14583333333333334 0.583984375 0.1423611111111111 0.55859375 0.1423611111111111 0.5546875 0.13194444444444445 0.5546875 0.11805555555555555 0.5625 0.11805555555555555 0.564453125 0.11458333333333333 0.583984375 0.11458333333333333 0.5859375 0.1111111111111111 0.591796875 0.1111111111111111 0.6015625 0.11805555555555555 0.609375 0.11805555555555555 0.615234375 0.1111111111111111 0.6171875 0.10416666666666667 0.619140625 0.10416666666666667
0 0.3731770833333333 0.21296296296296297 0.009895833333333333 0.02037037037037037
0 0.533203125 0.2777777777777778 0.53515625 0.2777777777777778 0.53515625 0.2951388888888889 0.533203125 0.2986111111111111 0.529296875 0.2951388888888889 0.533203125 0.28125
0 0.39453125 0.0798611111111111 0.404296875 0.09027777777777778 0.408203125 0.09027777777777778 0.408203125 0.09375 0.39453125 0.09722222222222222 0.390625 0.09375 0.390625 0.08333333333333333 0.392578125 0.08333333333333333
0 0.548828125 0.3888888888888889 0.55078125 0.3854166666666667 0.5546875 0.3854166666666667 0.560546875 0.375 0.5703125 0.3645833333333333 0.576171875 0.3645833333333333 0.578125 0.3611111111111111 0.599609375 0.3611111111111111 0.6015625 0.3680555555555556 0.595703125 0.3784722222222222 0.595703125 0.3819444444444444 0.591796875 0.3854166666666667 0.587890625 0.3958333333333333 0.587890625 0.40625 0.5859375 0.4097222222222222 0.58203125 0.4097222222222222 0.578125 0.4027777777777778 0.576171875 0.40625 0.5703125 0.40625 0.56640625 0.4097222222222222 0.560546875 0.4236111111111111 0.552734375 0.4166666666666667 0.546875 0.4270833333333333 0.546875 0.4340277777777778 0.54296875 0.4166666666666667 0.5390625 0.4131944444444444 0.537109375 0.40625 0.54296875 0.40625 0.546875 0.4097222222222222 0.55078125 0.4027777777777778 0.55078125 0.3923611111111111
0 0.380859375 0.2986111111111111 0.390625 0.2986111111111111 0.390625 0.3055555555555556 0.388671875 0.3090277777777778 0.384765625 0.3020833333333333 0.380859375 0.3020833333333333
0 0.62890625 0.34375 0.634765625 0.3576388888888889 0.638671875 0.3576388888888889 0.62890625 0.3784722222222222 0.630859375 0.3958333333333333 0.626953125 0.40625 0.626953125 0.4270833333333333 0.607421875 0.4444444444444444 0.603515625 0.4375 0.6015625 0.4305555555555556 0.6015625 0.4201388888888889 0.599609375 0.4166666666666667 0.6015625 0.3993055555555556 0.615234375 0.375 0.623046875 0.375 0.625 0.3715277777777778 0.626953125 0.3472222222222222
0 0.517578125 0.4027777777777778 0.517578125 0.4166666666666667 0.513671875 0.4270833333333333 0.513671875 0.4340277777777778 0.51171875 0.4305555555555556 0.51171875 0.4201388888888889 0.515625 0.40625
0 0.3515625 0.375 0.3515625 0.3784722222222222 0.359375 0.3923611111111111 0.361328125 0.40625 0.353515625 0.40625 0.349609375 0.3784722222222222
0 0.5546875 0.8090277777777778 0.556640625 0.8090277777777778 0.556640625 0.8229166666666666 0.548828125 0.8402777777777778 0.537109375 0.8541666666666666 0.53125 0.8541666666666666 0.529296875 0.8506944444444444 0.529296875 0.8333333333333334 0.53125 0.8298611111111112 0.541015625 0.8229166666666666 0.548828125 0.8229166666666666 0.5546875 0.8125
0 0.6486979166666667 0.45185185185185184 0.0203125 0.061111111111111116
0 0.37109375 0.0798611111111111 0.375 0.08333333333333333 0.375 0.09375 0.37109375 0.09375 0.37109375 0.08333333333333333
0 0.42578125 0.06597222222222222 0.427734375 0.06944444444444445 0.4375 0.06944444444444445 0.439453125 0.0763888888888889 0.439453125 0.0798611111111111 0.43359375 0.08680555555555555 0.42578125 0.07291666666666667 0.42578125 0.06944444444444445
0 0.390625 0.034722222222222224 0.39453125 0.034722222222222224 0.40234375 0.041666666666666664 0.40234375 0.04861111111111111 0.390625 0.052083333333333336 0.388671875 0.04861111111111111 0.388671875 0.041666666666666664 0.390625 0.03819444444444445
0 0.4153645833333333 0.17083333333333334 0.0109375 0.01759259259259259
0 0.646484375 0.6909722222222222 0.6484375 0.6944444444444444 0.654296875 0.6944444444444444 0.658203125 0.7013888888888888 0.658203125 0.7951388888888888 0.640625 0.7951388888888888 0.63671875 0.7881944444444444 0.63671875 0.78125 0.6328125 0.7743055555555556 0.6328125 0.7638888888888888 0.630859375 0.7604166666666666 0.6328125 0.7569444444444444 0.6328125 0.7291666666666666 0.63671875 0.7152777777777778 0.63671875 0.7048611111111112 0.6328125 0.6944444444444444 0.634765625 0.6909722222222222 0.64453125 0.6909722222222222
0 0.603515625 0.0798611111111111 0.603515625 0.08680555555555555 0.6015625 0.09027777777777778 0.59765625 0.09027777777777778 0.59765625 0.08333333333333333 0.6015625 0.0798611111111111
0 0.376953125 0.10416666666666667 0.37890625 0.1076388888888889 0.37890625 0.11805555555555555 0.373046875 0.11805555555555555 0.37109375 0.11458333333333333 0.37109375 0.1111111111111111 0.375 0.1076388888888889
0 0.380859375 0.1527777777777778 0.3828125 0.1597222222222222 0.376953125 0.16666666666666666 0.375 0.16319444444444445 0.375 0.15625 0.37890625 0.1527777777777778