0 0.724609375 0.6468531468531469 0.765625 0.6468531468531469 0.765625 0.6608391608391608 0.76171875 0.6643356643356644 0.751953125 0.6643356643356644 0.74609375 0.6713286713286714 0.73828125 0.6713286713286714 0.73046875 0.6643356643356644 0.724609375 0.6573426573426573 0.724609375 0.6503496503496503
0 0.740234375 0.7202797202797203 0.740234375 0.7307692307692307 0.73046875 0.7342657342657343 0.724609375 0.7482517482517482 0.71875 0.7482517482517482 0.71484375 0.7552447552447552 0.7109375 0.7552447552447552 0.708984375 0.7587412587412588 0.6875 0.7587412587412588 0.6875 0.7552447552447552 0.68359375 0.7517482517482518 0.68359375 0.7377622377622378 0.689453125 0.7307692307692307 0.697265625 0.7307692307692307 0.703125 0.7237762237762237 0.7109375 0.7237762237762237 0.712890625 0.7202797202797203 0.73828125 0.7202797202797203
0 0.607421875 0.42657342657342656 0.611328125 0.42657342657342656 0.611328125 0.43006993006993005 0.615234375 0.43356643356643354 0.615234375 0.458041958041958 0.611328125 0.46503496503496505 0.611328125 0.47202797202797203 0.609375 0.4755244755244755 0.60546875 0.479020979020979 0.587890625 0.479020979020979 0.5859375 0.4825174825174825 0.58203125 0.4825174825174825 0.580078125 0.479020979020979 0.5703125 0.479020979020979 0.56640625 0.46853146853146854 0.572265625 0.44755244755244755 0.587890625 0.4370629370629371 0.60546875 0.43356643356643354 0.607421875 0.43006993006993005
0 0.689453125 0 0.708984375 0 0.708984375 0.05944055944055944 0.705078125 0.06293706293706294 0.693359375 0.05944055944055944 0.693359375 0.045454545454545456 0.689453125 0.04195804195804196 0.689453125 0.0034965034965034965
0 0.181640625 0 0.205078125 0 0.20703125 0.006993006993006993 0.228515625 0.006993006993006993 0.23046875 0.01048951048951049 0.23046875 0.03146853146853147 0.228515625 0.03496503496503497 0.201171875 0.038461538461538464 0.19921875 0.03496503496503497 0.193359375 0.03496503496503497 0.19140625 0.03146853146853147 0.19140625 0.017482517482517484 0.181640625 0.0034965034965034965
0 0.716796875 0.5174825174825175 0.73046875 0.5174825174825175 0.73046875 0.5209790209790209 0.734375 0.5244755244755245 0.734375 0.548951048951049 0.73046875 0.5559440559440559 0.72265625 0.5629370629370629 0.716796875 0.5629370629370629 0.71484375 0.5699300699300699 0.7109375 0.5699300699300699 0.708984375 0.5734265734265734 0.705078125 0.5734265734265734 0.701171875 0.5664335664335665 0.697265625 0.5664335664335665 0.6953125 0.5629370629370629 0.689453125 0.5629370629370629 0.689453125 0.548951048951049 0.701171875 0.534965034965035 0.705078125 0.5244755244755245 0.71484375 0.5244755244755245 0.716796875 0.5209790209790209
0 0.111328125 0.3146853146853147 0.130859375 0.3146853146853147 0.130859375 0.3181818181818182 0.13671875 0.32517482517482516 0.150390625 0.32167832167832167 0.1484375 0.32867132867132864 0.1484375 0.33916083916083917 0.14453125 0.34615384615384615 0.140625 0.34615384615384615 0.13671875 0.3531468531468531 0.134765625 0.36363636363636365 0.12890625 0.3706293706293706 0.125 0.3706293706293706 0.12109375 0.3776223776223776 0.111328125 0.3776223776223776 0.103515625 0.3881118881118881 0.080078125 0.3916083916083916 0.078125 0.3951048951048951 0.068359375 0.3951048951048951 0.05859375 0.3881118881118881 0.05859375 0.36713286713286714 0.060546875 0.36013986013986016 0.0625 0.36013986013986016 0.0703125 0.34615384615384615 0.0703125 0.34265734265734266 0.076171875 0.34265734265734266 0.078125 0.33916083916083917 0.08984375 0.33916083916083917 0.111328125 0.3181818181818182
0 0.689453125 0.6853146853146853 0.703125 0.6853146853146853 0.703125 0.7027972027972028 0.701171875 0.7062937062937062 0.689453125 0.7062937062937062 0.685546875 0.7027972027972028 0.685546875 0.6923076923076923 0.689453125 0.6888111888111889
0 0.701171875 0.6818181818181818 0.703125 0.6853146853146853 0.703125 0.7062937062937062 0.69140625 0.7062937062937062 0.681640625 0.6853146853146853 0.677734375 0.6853146853146853 0.677734375 0.6783216783216783 0.6796875 0.6748251748251748 0.689453125 0.6678321678321678 0.69140625 0.6713286713286714 0.6953125 0.6713286713286714 0.69921875 0.6818181818181818
0 0.830078125 0.6573426573426573 0.833984375 0.6608391608391608 0.833984375 0.6818181818181818 0.82421875 0.6818181818181818 0.822265625 0.6853146853146853 0.8203125 0.6818181818181818 0.814453125 0.6818181818181818 0.8125 0.6713286713286714 0.8203125 0.6608391608391608 0.828125 0.6573426573426573
0 0.404296875 0.23076923076923078 0.412109375 0.23076923076923078 0.4140625 0.22727272727272727 0.421875 0.23076923076923078 0.421875 0.24825174825174826 0.41796875 0.24825174825174826 0.416015625 0.2517482517482518 0.412109375 0.24825174825174826 0.404296875 0.24825174825174826 0.404296875 0.23426573426573427