0 0.689453125 0.33797909407665505 0.69140625 0.33797909407665505 0.69140625 0.3554006968641115 0.685546875 0.3588850174216028 0.68359375 0.3623693379790941 0.68359375 0.3693379790940767 0.673828125 0.3797909407665505 0.669921875 0.3902439024390244 0.662109375 0.39372822299651566 0.65625 0.40418118466898956 0.650390625 0.40418118466898956 0.646484375 0.397212543554007 0.63671875 0.397212543554007 0.634765625 0.40069686411149824 0.630859375 0.397212543554007 0.630859375 0.3867595818815331 0.640625 0.3623693379790941 0.650390625 0.3554006968641115 0.65625 0.3554006968641115 0.658203125 0.3519163763066202 0.669921875 0.3519163763066202 0.671875 0.34843205574912894 0.67578125 0.34843205574912894 0.677734375 0.3519163763066202 0.6796875 0.34843205574912894 0.685546875 0.34843205574912894 0.689453125 0.34146341463414637
0 0.5703125 0.10104529616724739 0.611328125 0.10104529616724739 0.61328125 0.10801393728222997 0.6171875 0.10801393728222997 0.619140625 0.10104529616724739 0.630859375 0.10104529616724739 0.6328125 0.10801393728222997 0.63671875 0.10801393728222997 0.638671875 0.11149825783972125 0.6484375 0.11149825783972125 0.65234375 0.10801393728222997 0.65234375 0.11498257839721254 0.646484375 0.1254355400696864 0.646484375 0.1289198606271777 0.642578125 0.13240418118466898 0.62890625 0.13240418118466898 0.626953125 0.13588850174216027 0.587890625 0.13588850174216027 0.5859375 0.13240418118466898 0.57421875 0.13240418118466898 0.572265625 0.1254355400696864 0.56640625 0.11498257839721254 0.564453125 0.11498257839721254 0.564453125 0.11149825783972125 0.5703125 0.10452961672473868
0 0.625 0.47038327526132406 0.6328125 0.4634146341463415 0.6328125 0.47735191637630664 0.634765625 0.4808362369337979 0.6328125 0.5261324041811847 0.62890625 0.5296167247386759 0.615234375 0.5296167247386759 0.611328125 0.5261324041811847 0.609375 0.519163763066202 0.609375 0.4843205574912892 0.611328125 0.4808362369337979 0.619140625 0.4808362369337979 0.625 0.4738675958188153
0 0.53515625 0.09059233449477352 0.5390625 0.09059233449477352 0.5390625 0.0975609756097561 0.541015625 0.10104529616724739 0.55078125 0.10452961672473868 0.556640625 0.11149825783972125 0.556640625 0.11846689895470383 0.55859375 0.12195121951219512 0.55859375 0.13588850174216027 0.548828125 0.13588850174216027 0.541015625 0.1289198606271777 0.537109375 0.11846689895470383 0.533203125 0.11846689895470383 0.533203125 0.10801393728222997 0.5390625 0.10104529616724739 0.5390625 0.0975609756097561 0.53515625 0.09407665505226481
0 0.533203125 0.5609756097560976 0.541015625 0.5609756097560976 0.54296875 0.5644599303135889 0.546875 0.5609756097560976 0.556640625 0.5609756097560976 0.560546875 0.5644599303135889 0.5625 0.5679442508710801 0.5625 0.5923344947735192 0.55078125 0.5923344947735192 0.54296875 0.5853658536585366 0.541015625 0.5714285714285714 0.53515625 0.5644599303135889
0 0.53125 0.6167247386759582 0.541015625 0.6167247386759582 0.54296875 0.6236933797909407 0.546875 0.6236933797909407 0.546875 0.6341463414634146 0.521484375 0.6341463414634146 0.525390625 0.6306620209059234 0.525390625 0.6236933797909407 0.529296875 0.6236933797909407 0.53125 0.6202090592334495
0 0.5625 0.33797909407665505 0.56640625 0.34494773519163763 0.56640625 0.36585365853658536 0.560546875 0.37282229965156793 0.556640625 0.37282229965156793 0.5546875 0.37630662020905925 0.5546875 0.3832752613240418 0.546875 0.3832752613240418 0.53125 0.37282229965156793 0.521484375 0.37282229965156793 0.521484375 0.3588850174216028 0.517578125 0.3554006968641115 0.529296875 0.3554006968641115 0.533203125 0.34843205574912894 0.541015625 0.34494773519163763 0.546875 0.33797909407665505 0.560546875 0.33797909407665505
0 0.587890625 0.7177700348432056 0.595703125 0.7177700348432056 0.595703125 0.7212543554006968 0.6015625 0.7282229965156795 0.619140625 0.7282229965156795 0.623046875 0.7317073170731707 0.619140625 0.7421602787456446 0.626953125 0.7526132404181185 0.626953125 0.759581881533101 0.62890625 0.7630662020905923 0.62890625 0.7735191637630662 0.619140625 0.7839721254355401 0.603515625 0.7839721254355401 0.599609375 0.7804878048780488 0.59765625 0.7839721254355401 0.591796875 0.7839721254355401 0.587890625 0.7909407665505227 0.576171875 0.7909407665505227 0.576171875 0.7874564459930313 0.580078125 0.7839721254355401 0.580078125 0.7735191637630662 0.58203125 0.7700348432055749 0.58203125 0.7491289198606271 0.583984375 0.7456445993031359 0.583984375 0.7282229965156795 0.5859375 0.7282229965156795 0.587890625 0.7212543554006968
0 0.546875 0.4146341463414634 0.5703125 0.4146341463414634 0.5703125 0.43205574912891986 0.541015625 0.43205574912891986 0.541015625 0.42857142857142855 0.54296875 0.42857142857142855 0.546875 0.4181184668989547
0 0.435546875 0.06620209059233449 0.44140625 0.06620209059233449 0.443359375 0.06968641114982578 0.45703125 0.06620209059233449 0.45703125 0.08362369337979095 0.439453125 0.08362369337979095 0.439453125 0.08013937282229965 0.435546875 0.07665505226480836 0.435546875 0.06968641114982578
0 0.6171875 0.3867595818815331 0.634765625 0.3867595818815331 0.63671875 0.39372822299651566 0.63671875 0.4181184668989547 0.62890625 0.4250871080139373 0.623046875 0.4250871080139373 0.62109375 0.42857142857142855 0.623046875 0.43205574912891986 0.62109375 0.42857142857142855 0.61328125 0.43205574912891986 0.609375 0.43902439024390244 0.60546875 0.4564459930313589 0.599609375 0.4564459930313589 0.595703125 0.4425087108013937 0.587890625 0.44947735191637633 0.583984375 0.45993031358885017 0.576171875 0.45993031358885017 0.576171875 0.4529616724738676 0.568359375 0.42857142857142855 0.568359375 0.4250871080139373 0.5859375 0.42857142857142855 0.587890625 0.4250871080139373 0.587890625 0.41114982578397213 0.58984375 0.41114982578397213 0.595703125 0.40069686411149824 0.603515625 0.40069686411149824 0.609375 0.39372822299651566 0.615234375 0.39372822299651566 0.6171875 0.3902439024390244
0 0.654296875 0.8989547038327527 0.65625 0.8989547038327527 0.65625 0.9442508710801394 0.64453125 0.9442508710801394 0.638671875 0.9372822299651568 0.638671875 0.9163763066202091 0.64453125 0.9094076655052264 0.650390625 0.9094076655052264 0.654296875 0.9024390243902439
0 0.36328125 0.1986062717770035 0.373046875 0.1986062717770035 0.373046875 0.2229965156794425 0.37109375 0.2264808362369338 0.36328125 0.2229965156794425 0.36328125 0.21951219512195122 0.359375 0.21602787456445993 0.359375 0.20557491289198607 0.36328125 0.20209059233449478
0 0.53515625 0.45993031358885017 0.537109375 0.45993031358885017 0.5390625 0.46689895470383275 0.5390625 0.49825783972125437 0.525390625 0.49825783972125437 0.525390625 0.49477351916376305 0.529296875 0.49477351916376305 0.53125 0.4912891986062718 0.53125 0.47735191637630664 0.53515625 0.4738675958188153 0.53515625 0.4634146341463415
0 0.5625 0.29965156794425085 0.564453125 0.29965156794425085 0.564453125 0.3240418118466899 0.560546875 0.3240418118466899 0.55859375 0.32752613240418116 0.552734375 0.3240418118466899 0.552734375 0.3170731707317073 0.556640625 0.313588850174216 0.556640625 0.30662020905923343 0.560546875 0.30662020905923343 0.5625 0.30313588850174217
0 0.51171875 0.7073170731707317 0.513671875 0.7142857142857143 0.525390625 0.7142857142857143 0.525390625 0.7282229965156795 0.521484375 0.7317073170731707 0.521484375 0.7386759581881533 0.51953125 0.7421602787456446 0.515625 0.7421602787456446 0.513671875 0.7456445993031359 0.484375 0.7456445993031359 0.482421875 0.7491289198606271 0.4765625 0.7456445993031359 0.478515625 0.7421602787456446 0.478515625 0.735191637630662 0.482421875 0.7317073170731707 0.48828125 0.7177700348432056 0.494140625 0.7177700348432056 0.49609375 0.7142857142857143 0.509765625 0.7142857142857143 0.51171875 0.710801393728223
0 0.3828125 0.06968641114982578 0.384765625 0.06968641114982578 0.38671875 0.07665505226480836 0.392578125 0.07665505226480836 0.39453125 0.08013937282229965 0.39453125 0.10104529616724739 0.388671875 0.10104529616724739 0.38671875 0.10452961672473868 0.384765625 0.10104529616724739 0.373046875 0.10104529616724739 0.373046875 0.08710801393728224 0.375 0.08710801393728224 0.376953125 0.08013937282229965 0.3828125 0.07317073170731707
0 0.36328125 0.4425087108013937 0.365234375 0.4425087108013937 0.365234375 0.4808362369337979 0.359375 0.4808362369337979 0.3515625 0.4738675958188153 0.3515625 0.47038327526132406 0.353515625 0.47038327526132406 0.35546875 0.4634146341463415 0.359375 0.45993031358885017 0.359375 0.4529616724738676 0.361328125 0.4529616724738676 0.36328125 0.445993031358885
0 0.572265625 0.9442508710801394 0.572265625 0.9686411149825784 0.5703125 0.9721254355400697 0.55859375 0.9825783972125436 0.544921875 0.9825783972125436 0.54296875 0.9790940766550522 0.54296875 0.9547038327526133 0.544921875 0.9512195121951219 0.548828125 0.9512195121951219 0.55078125 0.9477351916376306 0.552734375 0.9512195121951219 0.5625 0.9512195121951219 0.56640625 0.9547038327526133 0.572265625 0.9477351916376306
0 0.697265625 0.4634146341463415 0.701171875 0.4634146341463415 0.701171875 0.5296167247386759 0.69921875 0.5331010452961672 0.701171875 0.5296167247386759 0.69921875 0.5261324041811847 0.69140625 0.5261324041811847 0.6796875 0.5156794425087108 0.67578125 0.5156794425087108 0.67578125 0.5087108013937283 0.671875 0.5052264808362369 0.671875 0.5017421602787456 0.6796875 0.49477351916376305 0.681640625 0.4808362369337979 0.68359375 0.4808362369337979 0.6875 0.47038327526132406 0.6953125 0.47038327526132406 0.697265625 0.46689895470383275
0 0.4140625 0.17073170731707318 0.4140625 0.18118466898954705 0.41015625 0.18466898954703834 0.40625 0.18118466898954705 0.40625 0.17421602787456447 0.412109375 0.17073170731707318
0 0.380859375 0.017421602787456445 0.3828125 0.017421602787456445 0.384765625 0.024390243902439025 0.392578125 0.024390243902439025 0.392578125 0.041811846689895474 0.37109375 0.041811846689895474 0.37109375 0.027874564459930314 0.380859375 0.020905923344947737
0 0.3671875 0.10452961672473868 0.37109375 0.10104529616724739 0.380859375 0.10104529616724739 0.380859375 0.11846689895470383 0.37109375 0.11846689895470383 0.3671875 0.11498257839721254 0.3671875 0.10801393728222997
0 0.626953125 0.07665505226480836 0.626953125 0.08710801393728224 0.619140625 0.08710801393728224 0.619140625 0.08013937282229965 0.625 0.07665505226480836