0 0.6640625 0.44947735191637633 0.671875 0.4529616724738676 0.673828125 0.45993031358885017 0.673828125 0.519163763066202 0.662109375 0.5226480836236934 0.66015625 0.519163763066202 0.66015625 0.4912891986062718 0.666015625 0.47038327526132406 0.666015625 0.45993031358885017 0.6640625 0.4529616724738676
0 0.51953125 0.25435540069686413 0.521484375 0.25435540069686413 0.521484375 0.27177700348432055 0.5234375 0.27526132404181186 0.5234375 0.2787456445993031 0.51953125 0.2787456445993031 0.51953125 0.2578397212543554
0 0.53515625 0.20209059233449478 0.541015625 0.20209059233449478 0.541015625 0.22996515679442509 0.5390625 0.23344947735191637 0.541015625 0.2264808362369338 0.541015625 0.21254355400696864 0.5390625 0.20905923344947736 0.53515625 0.20905923344947736 0.53515625 0.20557491289198607
0 0.658203125 0.6724738675958188 0.6640625 0.6724738675958188 0.6640625 0.6794425087108014 0.66015625 0.686411149825784 0.6640625 0.6968641114982579 0.6640625 0.7386759581881533 0.66015625 0.7456445993031359 0.658203125 0.7456445993031359 0.65234375 0.735191637630662 0.65234375 0.7212543554006968 0.650390625 0.7177700348432056 0.654296875 0.710801393728223 0.654296875 0.6898954703832753 0.650390625 0.6829268292682927 0.646484375 0.6829268292682927 0.646484375 0.6794425087108014 0.650390625 0.6794425087108014 0.65234375 0.6829268292682927 0.658203125 0.6759581881533101
0 0.53125 0.519163763066202 0.537109375 0.519163763066202 0.541015625 0.5331010452961672 0.541015625 0.5470383275261324 0.5390625 0.5505226480836237 0.5390625 0.5435540069686411 0.53515625 0.5400696864111498 0.53515625 0.5331010452961672 0.53125 0.5226480836236934
0 0.49513729977116705 -0.0122469482295346 0.02850579233409611 0.0306173705738365
0 0.69140625 0.9616724738675958 0.697265625 0.9616724738675958 0.697265625 0.9651567944250871 0.701171875 0.9686411149825784 0.701171875 0.975609756097561 0.693359375 0.9790940766550522 0.69140625 0.975609756097561 0.69140625 0.9651567944250871
0 0.6015625 0.6167247386759582 0.603515625 0.6167247386759582 0.6015625 0.6202090592334495 0.6015625 0.627177700348432 0.599609375 0.6306620209059234 0.595703125 0.627177700348432 0.599609375 0.627177700348432 0.6015625 0.6202090592334495
0 0.37109375 0.9477351916376306 0.369140625 0.9616724738675958 0.357421875 0.9721254355400697 0.35546875 0.9686411149825784 0.35546875 0.9616724738675958 0.369140625 0.9477351916376306
0 0.685546875 0.9303135888501742 0.6953125 0.9303135888501742 0.6953125 0.9477351916376306 0.697265625 0.9512195121951219 0.6953125 0.9581881533101045 0.69140625 0.9581881533101045 0.685546875 0.9512195121951219 0.685546875 0.9337979094076655
0 0.505859375 0.2787456445993031 0.5078125 0.31010452961672474 0.505859375 0.30662020905923343 0.5078125 0.30313588850174217 0.505859375 0.29965156794425085 0.505859375 0.2926829268292683 0.50390625 0.289198606271777 0.5 0.289198606271777 0.5 0.2857142857142857 0.50390625 0.2857142857142857 0.505859375 0.28222996515679444
0 0.55859375 0.003484320557491289 0.564453125 0.003484320557491289 0.572265625 0.010452961672473868 0.576171875 0.006968641114982578 0.5703125 0.013937282229965157 0.572265625 0.024390243902439025 0.568359375 0.03832752613240418 0.5546875 0.059233449477351915 0.546875 0.06620209059233449 0.541015625 0.06620209059233449 0.5390625 0.0627177700348432 0.537109375 0.05574912891986063 0.537109375 0.027874564459930314 0.533203125 0.024390243902439025 0.541015625 0.024390243902439025 0.544921875 0.017421602787456445 0.548828125 0.017421602787456445 0.55859375 0.006968641114982578
0 0.646484375 0.21602787456445993 0.65234375 0.21602787456445993 0.662109375 0.2229965156794425 0.666015625 0.23344947735191637 0.677734375 0.2508710801393728 0.677734375 0.2613240418118467 0.6796875 0.26480836236933797 0.6796875 0.31010452961672474 0.677734375 0.313588850174216 0.677734375 0.3310104529616725 0.6796875 0.3344947735191638 0.6796875 0.3519163763066202 0.681640625 0.3554006968641115 0.681640625 0.3623693379790941 0.6796875 0.3623693379790941 0.681640625 0.3588850174216028 0.67578125 0.3519163763066202 0.662109375 0.3554006968641115 0.6640625 0.34843205574912894 0.669921875 0.34146341463414637 0.669921875 0.32752613240418116 0.66015625 0.31010452961672474 0.66015625 0.30662020905923343 0.65625 0.30313588850174217 0.65234375 0.289198606271777 0.65234375 0.28222996515679444 0.646484375 0.27526132404181186 0.646484375 0.26480836236933797 0.6484375 0.2613240418118467 0.646484375 0.2578397212543554 0.646484375 0.24390243902439024 0.642578125 0.24041811846689895 0.642578125 0.23344947735191637 0.646484375 0.22996515679442509 0.646484375 0.21951219512195122
0 0.513671875 0.2787456445993031 0.51953125 0.2787456445993031 0.521484375 0.28222996515679444 0.521484375 0.30662020905923343 0.51953125 0.30662020905923343 0.51953125 0.2961672473867596 0.517578125 0.2926829268292683 0.513671875 0.2926829268292683 0.513671875 0.28222996515679444
0 0.3984375 0.5087108013937283 0.408203125 0.5087108013937283 0.41015625 0.5156794425087108 0.412109375 0.5121951219512195 0.408203125 0.5261324041811847 0.400390625 0.5261324041811847 0.3984375 0.5296167247386759 0.396484375 0.5296167247386759 0.396484375 0.5156794425087108 0.3984375 0.5121951219512195
0 0.544921875 0.21602787456445993 0.546875 0.21602787456445993 0.546875 0.22996515679442509 0.548828125 0.23344947735191637 0.548828125 0.24738675958188153 0.546875 0.25435540069686413 0.544921875 0.25435540069686413 0.544921875 0.21951219512195122
0 0.619140625 0.6306620209059234 0.619140625 0.6445993031358885 0.6171875 0.6515679442508711 0.615234375 0.6515679442508711 0.619140625 0.6341463414634146
0 0.67578125 0.42160278745644597 0.6796875 0.4250871080139373 0.689453125 0.4250871080139373 0.69140625 0.42857142857142855 0.6875 0.4425087108013937 0.6875 0.44947735191637633 0.689453125 0.4529616724738676 0.689453125 0.5052264808362369 0.6875 0.5121951219512195 0.681640625 0.5121951219512195 0.6796875 0.5156794425087108 0.677734375 0.5121951219512195 0.671875 0.5121951219512195 0.671875 0.5087108013937283 0.67578125 0.5052264808362369 0.67578125 0.49477351916376305 0.671875 0.4912891986062718 0.671875 0.4634146341463415 0.67578125 0.45993031358885017 0.67578125 0.44947735191637633 0.681640625 0.4425087108013937 0.677734375 0.43902439024390244 0.67578125 0.4250871080139373
0 0.69140625 0.041811846689895474 0.693359375 0.04529616724738676 0.69140625 0.07665505226480836 0.685546875 0.09059233449477352 0.677734375 0.0975609756097561 0.68359375 0.0627177700348432 0.6875 0.059233449477351915 0.69140625 0.04529616724738676
0 0.494140625 0.2264808362369338 0.5 0.2264808362369338 0.5 0.2613240418118467 0.494140625 0.2613240418118467 0.494140625 0.22996515679442509
0 0.595703125 0.3902439024390244 0.62109375 0.3902439024390244 0.62109375 0.39372822299651566 0.609375 0.39372822299651566 0.607421875 0.397212543554007 0.595703125 0.397212543554007 0.595703125 0.39372822299651566
0 0.53515625 0.27526132404181186 0.537109375 0.27526132404181186 0.537109375 0.28222996515679444 0.541015625 0.2961672473867596 0.541015625 0.3240418118466899 0.541015625 0.3205574912891986 0.53515625 0.313588850174216 0.53125 0.2961672473867596 0.53515625 0.2857142857142857 0.53515625 0.2787456445993031
0 0.681640625 0.519163763066202 0.68359375 0.5226480836236934 0.68359375 0.5609756097560976 0.673828125 0.578397212543554 0.66796875 0.578397212543554 0.666015625 0.5749128919860628 0.666015625 0.5644599303135889 0.662109375 0.5609756097560976 0.666015625 0.5574912891986062 0.666015625 0.5470383275261324 0.669921875 0.5296167247386759 0.673828125 0.5226480836236934 0.6796875 0.519163763066202
0 0.5390625 0.34843205574912894 0.541015625 0.34843205574912894 0.54296875 0.3554006968641115 0.54296875 0.36585365853658536 0.541015625 0.37282229965156793 0.5390625 0.37282229965156793 0.5390625 0.3519163763066202
0 0.47265625 0 0.478515625 0 0.478515625 0.03832752613240418 0.4765625 0.041811846689895474 0.47265625 0.024390243902439025 0.47265625 0.003484320557491289
0 0.365234375 0.3832752613240418 0.365234375 0.4076655052264808 0.359375 0.40418118466898956 0.359375 0.397212543554007 0.36328125 0.397212543554007 0.365234375 0.39372822299651566 0.365234375 0.3867595818815331
0 0.578125 0.21951219512195122 0.583984375 0.21951219512195122 0.583984375 0.2508710801393728 0.58203125 0.25435540069686413 0.58203125 0.2682926829268293 0.580078125 0.27177700348432055 0.57421875 0.2682926829268293 0.57421875 0.24390243902439024 0.578125 0.24041811846689895 0.578125 0.2229965156794425
0 0.51171875 0.9651567944250871 0.513671875 0.9651567944250871 0.515625 0.9721254355400697 0.515625 0.9965156794425087 0.509765625 0.9965156794425087 0.509765625 0.9721254355400697 0.51171875 0.9686411149825784
0 0.521484375 0.1951219512195122 0.5234375 0.1951219512195122 0.521484375 0.21951219512195122 0.51953125 0.2229965156794425 0.515625 0.21951219512195122 0.515625 0.21254355400696864 0.51953125 0.21254355400696864 0.521484375 0.20905923344947736 0.521484375 0.1986062717770035
0 0.603515625 0.6585365853658537 0.626953125 0.6585365853658537 0.62890625 0.662020905923345 0.626953125 0.6655052264808362 0.609375 0.6655052264808362 0.607421875 0.6689895470383276 0.599609375 0.6655052264808362 0.603515625 0.662020905923345
0 0.53125 0.1986062717770035 0.533203125 0.1986062717770035 0.53125 0.20209059233449478 0.53125 0.21951219512195122 0.529296875 0.2229965156794425 0.525390625 0.21951219512195122 0.525390625 0.20209059233449478 0.529296875 0.20209059233449478
0 0.5234375 0.5818815331010453 0.52734375 0.5923344947735192 0.52734375 0.6132404181184669 0.529296875 0.6167247386759582 0.529296875 0.6236933797909407 0.52734375 0.6236933797909407 0.525390625 0.6097560975609756 0.521484375 0.6062717770034843 0.521484375 0.5923344947735192 0.517578125 0.5853658536585366 0.521484375 0.5818815331010453
0 0.525390625 0.5435540069686411 0.52734375 0.5435540069686411 0.52734375 0.554006968641115 0.529296875 0.5574912891986062 0.529296875 0.578397212543554 0.52734375 0.5818815331010453 0.525390625 0.578397212543554 0.529296875 0.5749128919860628 0.525390625 0.5714285714285714 0.525390625 0.5609756097560976 0.521484375 0.5574912891986062 0.521484375 0.5505226480836237 0.525390625 0.5470383275261324