0 0.4765625 0.08710801393728224 0.48828125 0.08710801393728224 0.490234375 0.09407665505226481 0.494140625 0.09407665505226481 0.49609375 0.0975609756097561 0.49609375 0.11846689895470383 0.494140625 0.12195121951219512 0.474609375 0.11846689895470383 0.474609375 0.09407665505226481 0.4765625 0.09059233449477352
0 0.521484375 0.0975609756097561 0.529296875 0.0975609756097561 0.53125 0.10452961672473868 0.53515625 0.10452961672473868 0.537109375 0.10801393728222997 0.537109375 0.1289198606271777 0.52734375 0.1289198606271777 0.521484375 0.12195121951219512 0.521484375 0.11498257839721254 0.51953125 0.11149825783972125 0.521484375 0.10104529616724739
0 0.41796875 0.03484320557491289 0.421875 0.03832752613240418 0.423828125 0.04529616724738676 0.419921875 0.04878048780487805 0.40625 0.04878048780487805 0.40234375 0.04529616724738676 0.40234375 0.03832752613240418 0.40625 0.03484320557491289 0.416015625 0.03484320557491289
0 0.572265625 0.6724738675958188 0.580078125 0.6724738675958188 0.580078125 0.6759581881533101 0.5859375 0.6829268292682927 0.6015625 0.6829268292682927 0.6015625 0.6968641114982579 0.60546875 0.7038327526132404 0.607421875 0.6968641114982579 0.609375 0.6968641114982579 0.607421875 0.7003484320557491 0.607421875 0.710801393728223 0.609375 0.7142857142857143 0.609375 0.7247386759581882 0.607421875 0.7282229965156795 0.603515625 0.7317073170731707 0.580078125 0.7317073170731707 0.572265625 0.7386759581881533 0.564453125 0.7386759581881533 0.564453125 0.7247386759581882 0.568359375 0.7212543554006968 0.568359375 0.7038327526132404 0.5703125 0.7003484320557491 0.5703125 0.6829268292682927 0.572265625 0.6759581881533101
0 0.416015625 0.07665505226480836 0.419921875 0.07665505226480836 0.421875 0.08362369337979095 0.42578125 0.08362369337979095 0.427734375 0.08710801393728224 0.427734375 0.09407665505226481 0.4140625 0.0975609756097561 0.41015625 0.09407665505226481 0.41015625 0.08710801393728224 0.416015625 0.08013937282229965
0 0.556640625 0.10104529616724739 0.560546875 0.10104529616724739 0.56640625 0.11498257839721254 0.5703125 0.11498257839721254 0.572265625 0.11846689895470383 0.580078125 0.11846689895470383 0.58203125 0.12195121951219512 0.611328125 0.12195121951219512 0.61328125 0.1254355400696864 0.619140625 0.1254355400696864 0.626953125 0.11149825783972125 0.62890625 0.0975609756097561 0.6328125 0.09407665505226481 0.630859375 0.11846689895470383 0.626953125 0.1289198606271777 0.625 0.1289198606271777 0.6171875 0.14634146341463414 0.60546875 0.14634146341463414 0.603515625 0.14982578397212543 0.583984375 0.14982578397212543 0.58203125 0.14634146341463414 0.572265625 0.14634146341463414 0.572265625 0.14285714285714285 0.568359375 0.13937282229965156 0.56640625 0.1289198606271777 0.560546875 0.12195121951219512 0.55859375 0.11498257839721254 0.556640625 0.11498257839721254 0.556640625 0.10452961672473868
0 0.564453125 0.39372822299651566 0.56640625 0.39372822299651566 0.568359375 0.40069686411149824 0.583984375 0.40069686411149824 0.5859375 0.39372822299651566 0.6015625 0.39372822299651566 0.6015625 0.41114982578397213 0.59765625 0.42160278745644597 0.59765625 0.42857142857142855 0.59375 0.4355400696864111 0.59375 0.4529616724738676 0.5859375 0.4529616724738676 0.583984375 0.44947735191637633 0.58203125 0.4529616724738676 0.576171875 0.4529616724738676 0.572265625 0.45993031358885017 0.572265625 0.4738675958188153 0.568359375 0.4738675958188153 0.56640625 0.45993031358885017 0.55859375 0.445993031358885 0.556640625 0.445993031358885 0.556640625 0.43205574912891986 0.560546875 0.42857142857142855 0.560546875 0.42160278745644597 0.5625 0.4181184668989547 0.5625 0.4146341463414634 0.556640625 0.4076655052264808 0.556640625 0.40069686411149824 0.5625 0.40069686411149824 0.564453125 0.397212543554007
0 0.54296875 0.289198606271777 0.546875 0.289198606271777 0.546875 0.30662020905923343 0.537109375 0.30662020905923343 0.537109375 0.2961672473867596 0.541015625 0.2961672473867596 0.54296875 0.2926829268292683
0 0.626953125 0.8432055749128919 0.630859375 0.8432055749128919 0.630859375 0.8815331010452961 0.62109375 0.8815331010452961 0.6171875 0.8780487804878049 0.6171875 0.8710801393728222 0.61328125 0.867595818815331 0.61328125 0.8606271777003485 0.615234375 0.8606271777003485 0.6171875 0.8536585365853658 0.62109375 0.8536585365853658 0.626953125 0.8466898954703833
0 0.359375 0.25435540069686413 0.365234375 0.25435540069686413 0.3671875 0.2578397212543554 0.375 0.2508710801393728 0.390625 0.2613240418118467 0.390625 0.27177700348432055 0.3671875 0.27526132404181186 0.365234375 0.2787456445993031 0.361328125 0.2787456445993031 0.359375 0.27526132404181186 0.353515625 0.27526132404181186 0.353515625 0.2682926829268293 0.359375 0.2578397212543554
0 0.50390625 0.017421602787456445 0.513671875 0.017421602787456445 0.515625 0.024390243902439025 0.5234375 0.027874564459930314 0.5234375 0.04878048780487805 0.51953125 0.05226480836236934 0.51171875 0.05226480836236934 0.509765625 0.05574912891986063 0.486328125 0.05574912891986063 0.486328125 0.04878048780487805 0.482421875 0.04529616724738676 0.482421875 0.03832752613240418 0.50390625 0.020905923344947737
0 0.388671875 0.07317073170731707 0.3984375 0.07317073170731707 0.3984375 0.09059233449477352 0.384765625 0.09059233449477352 0.384765625 0.08362369337979095 0.38671875 0.08362369337979095 0.388671875 0.07665505226480836
0 0.58203125 0.8257839721254355 0.58203125 0.8501742160278746 0.576171875 0.867595818815331 0.568359375 0.8745644599303136 0.548828125 0.8780487804878049 0.548828125 0.8710801393728222 0.552734375 0.867595818815331 0.552734375 0.8606271777003485 0.556640625 0.8536585365853658 0.564453125 0.8466898954703833 0.576171875 0.8466898954703833 0.580078125 0.8397212543554007 0.58203125 0.8292682926829268
0 0.671875 0.4425087108013937 0.677734375 0.4425087108013937 0.677734375 0.5017421602787456 0.67578125 0.49825783972125437 0.666015625 0.49477351916376305 0.65625 0.4843205574912892 0.65625 0.47038327526132406 0.658203125 0.4634146341463415 0.66015625 0.4634146341463415 0.666015625 0.44947735191637633 0.669921875 0.44947735191637633 0.671875 0.445993031358885
0 0.52734375 0.49477351916376305 0.53125 0.49477351916376305 0.53125 0.5017421602787456 0.5390625 0.5087108013937283 0.541015625 0.5156794425087108 0.541015625 0.5400696864111498 0.5234375 0.5365853658536586 0.53125 0.5296167247386759 0.53125 0.5121951219512195 0.52734375 0.5087108013937283 0.52734375 0.49825783972125437
0 0.62890625 0.06968641114982578 0.634765625 0.06968641114982578 0.634765625 0.08710801393728224 0.625 0.08710801393728224 0.62890625 0.08362369337979095 0.62890625 0.07317073170731707
0 0.34765625 0.06968641114982578 0.353515625 0.06968641114982578 0.353515625 0.11498257839721254 0.33984375 0.11498257839721254 0.33984375 0.08013937282229965 0.34765625 0.07317073170731707
0 0.37109375 0.10104529616724739 0.376953125 0.10104529616724739 0.376953125 0.11846689895470383 0.36328125 0.11846689895470383 0.36328125 0.11149825783972125 0.37109375 0.10452961672473868
0 0.390625 0.14634146341463414 0.400390625 0.14634146341463414 0.400390625 0.16376306620209058 0.390625 0.16376306620209058 0.38671875 0.1602787456445993 0.390625 0.14982578397212543
0 0.43359375 0.0627177700348432 0.4375 0.0627177700348432 0.4375 0.07317073170731707 0.427734375 0.06968641114982578 0.431640625 0.06968641114982578 0.43359375 0.06620209059233449
0 0.525390625 0.3310104529616725 0.52734375 0.3310104529616725 0.53125 0.34146341463414637 0.5390625 0.34146341463414637 0.5390625 0.3693379790940767 0.53125 0.3693379790940767 0.529296875 0.36585365853658536 0.525390625 0.36585365853658536 0.525390625 0.3344947735191638
0 0.525390625 0.4076655052264808 0.52734375 0.4076655052264808 0.52734375 0.43902439024390244 0.521484375 0.43902439024390244 0.517578125 0.4355400696864111 0.517578125 0.42160278745644597 0.51953125 0.42160278745644597 0.521484375 0.4146341463414634 0.525390625 0.41114982578397213
0 0.427734375 0.17073170731707318 0.44140625 0.17421602787456447 0.44140625 0.18466898954703834 0.4296875 0.18466898954703834 0.427734375 0.18118466898954705 0.423828125 0.18118466898954705 0.423828125 0.17770034843205576 0.427734375 0.17421602787456447
0 0.650390625 0.7247386759581882 0.658203125 0.7247386759581882 0.66015625 0.7317073170731707 0.666015625 0.7317073170731707 0.66796875 0.735191637630662 0.673828125 0.735191637630662 0.677734375 0.7386759581881533 0.677734375 0.8397212543554007 0.65625 0.8397212543554007 0.65234375 0.8327526132404182 0.6484375 0.8153310104529616 0.6484375 0.7874564459930313 0.650390625 0.7839721254355401 0.650390625 0.7630662020905923 0.65234375 0.759581881533101 0.65234375 0.7456445993031359 0.6484375 0.735191637630662 0.650390625 0.7282229965156795
0 0.560546875 0.11846689895470383 0.56640625 0.11846689895470383 0.56640625 0.13588850174216027 0.5625 0.13588850174216027 0.560546875 0.13937282229965156 0.55859375 0.13588850174216027 0.552734375 0.13588850174216027 0.5546875 0.13588850174216027 0.556640625 0.13240418118466898 0.556640625 0.1254355400696864 0.560546875 0.12195121951219512