0 0.2734375 0.1597222222222222 0.275390625 0.16319444444444445 0.283203125 0.16319444444444445 0.28515625 0.16666666666666666 0.298828125 0.1701388888888889 0.30078125 0.1736111111111111 0.30078125 0.1875 0.26171875 0.1875 0.259765625 0.1840277777777778 0.248046875 0.18055555555555555 0.2421875 0.1701388888888889 0.24609375 0.16319444444444445 0.271484375 0.1597222222222222
0 0.9765625 0.5034722222222222 0.9765625 0.4965277777777778 0.978515625 0.4930555555555556 0.98828125 0.4861111111111111 0.998046875 0.4861111111111111 0.998046875 0.5034722222222222 0.978515625 0.5034722222222222
0 0.232421875 0.5555555555555556 0.234375 0.5590277777777778 0.248046875 0.5590277777777778 0.25 0.5625 0.25390625 0.5625 0.2578125 0.5798611111111112 0.255859375 0.5868055555555556 0.2421875 0.6006944444444444 0.236328125 0.6006944444444444 0.23046875 0.6076388888888888 0.224609375 0.6076388888888888 0.220703125 0.6111111111111112 0.2109375 0.6284722222222222 0.2109375 0.6319444444444444 0.20703125 0.6319444444444444 0.19921875 0.6423611111111112 0.189453125 0.6493055555555556 0.171875 0.6493055555555556 0.15625 0.6319444444444444 0.138671875 0.6354166666666666 0.134765625 0.6284722222222222 0.134765625 0.6111111111111112 0.138671875 0.6006944444444444 0.150390625 0.5798611111111112 0.16015625 0.5694444444444444 0.166015625 0.5694444444444444 0.17578125 0.5625 0.18359375 0.5625 0.193359375 0.5555555555555556 0.23046875 0.5555555555555556
0 0.130859375 0.34375 0.13671875 0.3333333333333333 0.142578125 0.3333333333333333 0.14453125 0.3298611111111111 0.15625 0.3263888888888889 0.1640625 0.3194444444444444 0.1875 0.3159722222222222 0.189453125 0.3125 0.197265625 0.3125 0.201171875 0.3090277777777778 0.203125 0.3125 0.203125 0.3194444444444444 0.1953125 0.3229166666666667 0.1796875 0.3402777777777778 0.169921875 0.34375 0.166015625 0.3541666666666667 0.166015625 0.3680555555555556 0.1640625 0.3715277777777778 0.16015625 0.3715277777777778 0.15234375 0.3576388888888889 0.1328125 0.3541666666666667 0.1328125 0.3472222222222222
0 0.623046875 0.19791666666666666 0.625 0.19791666666666666 0.623046875 0.2013888888888889 0.623046875 0.20833333333333334 0.625 0.21180555555555555 0.623046875 0.2152777777777778 0.609375 0.2152777777777778 0.57421875 0.24305555555555555 0.5625 0.24305555555555555 0.560546875 0.23958333333333334 0.560546875 0.2326388888888889 0.56640625 0.2222222222222222 0.57421875 0.2152777777777778 0.580078125 0.2152777777777778 0.5859375 0.20833333333333334 0.595703125 0.20833333333333334 0.59765625 0.2048611111111111 0.615234375 0.2048611111111111 0.6171875 0.2013888888888889 0.62109375 0.2013888888888889
0 0.6484375 0.3576388888888889 0.650390625 0.3645833333333333 0.646484375 0.3645833333333333 0.64453125 0.3680555555555556 0.63671875 0.3680555555555556 0.634765625 0.3715277777777778 0.62890625 0.3715277777777778 0.619140625 0.3784722222222222 0.59765625 0.3819444444444444 0.595703125 0.3854166666666667 0.583984375 0.3854166666666667 0.58203125 0.3819444444444444 0.576171875 0.3819444444444444 0.576171875 0.3715277777777778 0.5859375 0.3645833333333333 0.603515625 0.3611111111111111 0.60546875 0.3576388888888889 0.646484375 0.3576388888888889
0 0.18359375 0.4305555555555556 0.185546875 0.4340277777777778 0.185546875 0.4444444444444444 0.18359375 0.4513888888888889 0.1796875 0.4548611111111111 0.150390625 0.4548611111111111 0.1484375 0.4479166666666667 0.150390625 0.4444444444444444 0.162109375 0.4444444444444444 0.1640625 0.4409722222222222 0.169921875 0.4409722222222222 0.181640625 0.4305555555555556
0 0.59765625 0.4652777777777778 0.6015625 0.4618055555555556 0.650390625 0.4618055555555556 0.65234375 0.4652777777777778 0.650390625 0.4722222222222222 0.626953125 0.4756944444444444 0.62109375 0.4826388888888889 0.61328125 0.4826388888888889 0.611328125 0.4861111111111111 0.599609375 0.4861111111111111 0.59765625 0.4826388888888889 0.59375 0.4826388888888889 0.591796875 0.4756944444444444 0.59765625 0.46875
0 0.603515625 0.6527777777777778 0.6015625 0.6597222222222222 0.58203125 0.6631944444444444 0.576171875 0.6701388888888888 0.568359375 0.6701388888888888 0.56640625 0.6736111111111112 0.529296875 0.6736111111111112 0.521484375 0.6631944444444444 0.521484375 0.6597222222222222 0.52734375 0.6527777777777778 0.53125 0.6527777777777778 0.533203125 0.6493055555555556 0.546875 0.6493055555555556 0.548828125 0.6458333333333334 0.578125 0.6458333333333334 0.580078125 0.6493055555555556 0.599609375 0.6493055555555556 0.6015625 0.6527777777777778
0 0.107421875 0.22569444444444445 0.109375 0.22916666666666666 0.126953125 0.22916666666666666 0.1328125 0.2361111111111111 0.142578125 0.2361111111111111 0.14453125 0.23958333333333334 0.140625 0.24305555555555555 0.125 0.2465277777777778 0.119140625 0.2534722222222222 0.095703125 0.2534722222222222 0.09375 0.25 0.087890625 0.25 0.08203125 0.24305555555555555 0.08203125 0.2361111111111111 0.0859375 0.22916666666666666 0.10546875 0.22569444444444445
0 0.208984375 0.6770833333333334 0.220703125 0.6770833333333334 0.224609375 0.6805555555555556 0.232421875 0.6736111111111112 0.240234375 0.6597222222222222 0.2421875 0.6493055555555556 0.248046875 0.6388888888888888 0.255859375 0.6319444444444444 0.26171875 0.6215277777777778 0.2734375 0.6111111111111112 0.2890625 0.6076388888888888 0.29296875 0.6006944444444444 0.306640625 0.6006944444444444 0.30859375 0.6041666666666666 0.31640625 0.6041666666666666 0.318359375 0.6076388888888888 0.318359375 0.6284722222222222 0.310546875 0.6493055555555556 0.310546875 0.6597222222222222 0.31640625 0.6736111111111112 0.314453125 0.6840277777777778 0.296875 0.6909722222222222 0.291015625 0.7048611111111112 0.283203125 0.7118055555555556 0.271484375 0.7118055555555556 0.26953125 0.7152777777777778 0.25390625 0.7152777777777778 0.251953125 0.7118055555555556 0.248046875 0.7152777777777778 0.228515625 0.7152777777777778 0.224609375 0.7256944444444444 0.216796875 0.7361111111111112 0.216796875 0.7395833333333334 0.21484375 0.7361111111111112 0.216796875 0.7291666666666666 0.216796875 0.7083333333333334 0.212890625 0.7013888888888888 0.208984375 0.6875 0.208984375 0.6805555555555556
0 0.49609375 0.3472222222222222 0.498046875 0.3506944444444444 0.498046875 0.3576388888888889 0.486328125 0.3715277777777778 0.482421875 0.3715277777777778 0.478515625 0.3784722222222222 0.47265625 0.3784722222222222 0.470703125 0.3819444444444444 0.466796875 0.3819444444444444 0.466796875 0.3611111111111111 0.46875 0.3541666666666667 0.47265625 0.3506944444444444 0.482421875 0.3506944444444444 0.484375 0.3472222222222222 0.494140625 0.3472222222222222
0 0.185546875 0.3715277777777778 0.1875 0.3715277777777778 0.181640625 0.3819444444444444 0.16796875 0.3958333333333333 0.13671875 0.3958333333333333 0.140625 0.3888888888888889 0.154296875 0.3819444444444444 0.16015625 0.375 0.18359375 0.3715277777777778
0 0.59765625 0.3958333333333333 0.599609375 0.3993055555555556 0.619140625 0.4027777777777778 0.623046875 0.4097222222222222 0.619140625 0.4131944444444444 0.595703125 0.4131944444444444 0.59375 0.4166666666666667 0.568359375 0.4166666666666667 0.56640625 0.4131944444444444 0.556640625 0.4131944444444444 0.552734375 0.4097222222222222 0.552734375 0.4027777777777778 0.5625 0.3958333333333333 0.595703125 0.3958333333333333
0 0.9921875 0.3958333333333333 0.994140625 0.3993055555555556 0.998046875 0.3993055555555556 0.998046875 0.4305555555555556 0.984375 0.4236111111111111 0.978515625 0.4131944444444444 0.97265625 0.4097222222222222 0.96875 0.3993055555555556 0.974609375 0.3923611111111111 0.984375 0.3923611111111111 0.986328125 0.3958333333333333 0.990234375 0.3958333333333333
0 0.298828125 0.1909722222222222 0.30078125 0.19444444444444445 0.30078125 0.2013888888888889 0.291015625 0.21180555555555555 0.26953125 0.21180555555555555 0.267578125 0.20833333333333334 0.259765625 0.20833333333333334 0.255859375 0.2048611111111111 0.255859375 0.2013888888888889 0.267578125 0.1909722222222222 0.279296875 0.1909722222222222 0.28125 0.1875 0.296875 0.1909722222222222
0 0.154296875 0.24305555555555555 0.15625 0.2465277777777778 0.181640625 0.2465277777777778 0.18359375 0.25 0.19921875 0.25 0.19921875 0.2569444444444444 0.197265625 0.2604166666666667 0.1875 0.2604166666666667 0.185546875 0.2638888888888889 0.166015625 0.2673611111111111 0.1640625 0.2708333333333333 0.130859375 0.2708333333333333 0.12890625 0.2673611111111111 0.123046875 0.2673611111111111 0.1171875 0.2604166666666667 0.1171875 0.2569444444444444 0.12890625 0.2465277777777778 0.15234375 0.24305555555555555
0 0.6015625 0.2916666666666667 0.611328125 0.2916666666666667 0.615234375 0.2986111111111111 0.62109375 0.3020833333333333 0.638671875 0.3472222222222222 0.638671875 0.3541666666666667 0.634765625 0.3541666666666667 0.625 0.3402777777777778 0.619140625 0.3368055555555556 0.603515625 0.3090277777777778 0.6015625 0.2951388888888889
0 0.7934895833333333 0.3819444444444444 0.0984375 0.04351851851851852
0 0.30078125 0.2916666666666667 0.306640625 0.3020833333333333 0.306640625 0.3090277777777778 0.30078125 0.3159722222222222 0.2734375 0.3159722222222222 0.26953125 0.3090277777777778 0.271484375 0.3020833333333333 0.283203125 0.2986111111111111 0.28515625 0.2951388888888889 0.291015625 0.2951388888888889 0.29296875 0.2916666666666667 0.298828125 0.2916666666666667
0 0.30078125 0.3298611111111111 0.30078125 0.3333333333333333 0.2890625 0.3368055555555556 0.2734375 0.3541666666666667 0.263671875 0.3576388888888889 0.259765625 0.3645833333333333 0.244140625 0.3715277777777778 0.2421875 0.375 0.23828125 0.375 0.240234375 0.3680555555555556 0.240234375 0.3506944444444444 0.2421875 0.3472222222222222 0.24609375 0.3472222222222222 0.25390625 0.3402777777777778 0.259765625 0.3402777777777778 0.267578125 0.3333333333333333 0.2734375 0.3333333333333333 0.275390625 0.3298611111111111 0.28515625 0.3298611111111111 0.287109375 0.3263888888888889 0.296875 0.3263888888888889 0.298828125 0.3298611111111111
0 0.134765625 0.3541666666666667 0.130859375 0.3645833333333333 0.126953125 0.3611111111111111 0.099609375 0.3645833333333333 0.099609375 0.3576388888888889 0.103515625 0.3541666666666667 0.107421875 0.3541666666666667 0.115234375 0.3472222222222222 0.12109375 0.3472222222222222 0.12890625 0.3402777777777778 0.130859375 0.3402777777777778 0.130859375 0.3506944444444444 0.1328125 0.3541666666666667
0 0.2872395833333333 0.28101851851851856 0.027604166666666666 0.030555555555555558
0 0.142578125 0.3715277777777778 0.14453125 0.3715277777777778 0.140625 0.3784722222222222 0.10546875 0.40625 0.09375 0.40625 0.091796875 0.4097222222222222 0.08203125 0.4097222222222222 0.078125 0.40625 0.076171875 0.4027777777777778 0.078125 0.3958333333333333 0.083984375 0.3888888888888889 0.087890625 0.3888888888888889 0.1015625 0.3784722222222222 0.107421875 0.3784722222222222 0.109375 0.375 0.1171875 0.375 0.119140625 0.3715277777777778 0.13671875 0.3715277777777778 0.140625 0.3680555555555556
0 0.208984375 0.3576388888888889 0.21484375 0.3645833333333333 0.197265625 0.3923611111111111 0.19140625 0.3958333333333333 0.185546875 0.40625 0.173828125 0.4097222222222222 0.171875 0.4131944444444444 0.166015625 0.40625 0.17578125 0.3888888888888889 0.1875 0.375 0.1953125 0.3680555555555556 0.19921875 0.3680555555555556 0.203125 0.3611111111111111 0.20703125 0.3611111111111111
0 0.900390625 0.4270833333333333 0.90234375 0.4305555555555556 0.91015625 0.4305555555555556 0.92578125 0.4444444444444444 0.931640625 0.4444444444444444 0.935546875 0.4479166666666667 0.9375 0.4513888888888889 0.9375 0.4618055555555556 0.931640625 0.4618055555555556 0.9296875 0.4583333333333333 0.91796875 0.4583333333333333 0.916015625 0.4548611111111111 0.8984375 0.4548611111111111 0.896484375 0.4513888888888889 0.890625 0.4513888888888889 0.87890625 0.4409722222222222 0.875 0.4409722222222222 0.87109375 0.4340277777777778 0.873046875 0.4270833333333333 0.876953125 0.4270833333333333 0.87890625 0.4236111111111111 0.8984375 0.4270833333333333
0 0.30546875 0.3657407407407407 0.0203125 0.025925925925925925
0 0.1171875 0.3194444444444444 0.1171875 0.3125 0.12890625 0.2986111111111111 0.1328125 0.2986111111111111 0.14453125 0.2881944444444444 0.16015625 0.2847222222222222 0.162109375 0.28125 0.169921875 0.28125 0.171875 0.2777777777777778 0.177734375 0.2777777777777778 0.177734375 0.2847222222222222 0.173828125 0.2916666666666667 0.166015625 0.2951388888888889 0.146484375 0.3159722222222222 0.140625 0.3159722222222222 0.130859375 0.3229166666666667 0.12109375 0.3229166666666667 0.119140625 0.3194444444444444
0 0.068359375 0.4270833333333333 0.0703125 0.4305555555555556 0.07421875 0.4305555555555556 0.076171875 0.4340277777777778 0.07421875 0.4375 0.06640625 0.4375 0.05859375 0.4444444444444444 0.0546875 0.4548611111111111 0.046875 0.4548611111111111 0.037109375 0.4652777777777778 0.03125 0.4652777777777778 0.021484375 0.4722222222222222 0.015625 0.4652777777777778 0.015625 0.4513888888888889 0.01953125 0.4444444444444444 0.03125 0.4409722222222222 0.033203125 0.4375 0.0390625 0.4375 0.041015625 0.4340277777777778 0.048828125 0.4340277777777778 0.05078125 0.4305555555555556 0.06640625 0.4270833333333333
0 0.83203125 0.4965277777777778 0.833984375 0.5 0.84765625 0.5 0.849609375 0.5034722222222222 0.859375 0.5034722222222222 0.861328125 0.5069444444444444 0.869140625 0.5069444444444444 0.87109375 0.5104166666666666 0.880859375 0.5104166666666666 0.8828125 0.5138888888888888 0.888671875 0.5138888888888888 0.89453125 0.5208333333333334 0.919921875 0.5277777777777778 0.916015625 0.5416666666666666 0.916015625 0.5486111111111112 0.90625 0.5381944444444444 0.87109375 0.5381944444444444 0.869140625 0.5416666666666666 0.865234375 0.5416666666666666 0.85546875 0.5347222222222222 0.845703125 0.5347222222222222 0.84375 0.53125 0.83203125 0.53125 0.830078125 0.5277777777777778 0.8125 0.5243055555555556 0.806640625 0.5138888888888888 0.806640625 0.5069444444444444 0.80859375 0.5034722222222222 0.8125 0.5 0.830078125 0.4965277777777778
0 0.380859375 0.3784722222222222 0.38671875 0.3854166666666667 0.38671875 0.3993055555555556 0.384765625 0.4027777777777778 0.373046875 0.4027777777777778 0.37109375 0.3819444444444444 0.373046875 0.3784722222222222 0.37890625 0.3784722222222222
0 0.01953125 0.3333333333333333 0.0234375 0.3298611111111111 0.044921875 0.3298611111111111 0.05078125 0.3368055555555556 0.05078125 0.3402777777777778 0.04296875 0.3506944444444444 0.021484375 0.3506944444444444 0.017578125 0.34375 0.01953125 0.3368055555555556
0 0.228515625 0.3402777777777778 0.240234375 0.3506944444444444 0.240234375 0.375 0.236328125 0.3715277777777778 0.2265625 0.3715277777777778 0.21484375 0.3576388888888889 0.2109375 0.3576388888888889 0.20703125 0.3506944444444444 0.20703125 0.34375 0.208984375 0.3402777777777778 0.2265625 0.3402777777777778
0 0.525390625 0.2708333333333333 0.533203125 0.2708333333333333 0.541015625 0.2777777777777778 0.548828125 0.2916666666666667 0.55078125 0.2916666666666667 0.552734375 0.2986111111111111 0.552734375 0.3194444444444444 0.55078125 0.3229166666666667 0.544921875 0.3125 0.53125 0.3090277777777778 0.52734375 0.3020833333333333 0.52734375 0.2777777777777778 0.525390625 0.2743055555555556
0 0.58984375 0.1909722222222222 0.591796875 0.1909722222222222 0.58203125 0.2048611111111111 0.578125 0.2048611111111111 0.572265625 0.2152777777777778 0.568359375 0.2152777777777778 0.564453125 0.2222222222222222 0.55078125 0.2326388888888889 0.546875 0.2326388888888889 0.53125 0.2152777777777778 0.537109375 0.20833333333333334 0.544921875 0.20833333333333334 0.546875 0.2048611111111111 0.55859375 0.2013888888888889 0.56640625 0.19444444444444445 0.576171875 0.19444444444444445 0.58203125 0.1875 0.587890625 0.1875
0 0.455078125 0.2743055555555556 0.45703125 0.2777777777777778 0.45703125 0.2881944444444444 0.443359375 0.2916666666666667 0.435546875 0.2986111111111111 0.4296875 0.2986111111111111 0.427734375 0.2951388888888889 0.42578125 0.2881944444444444 0.427734375 0.28125 0.431640625 0.28125 0.43359375 0.2777777777777778 0.44921875 0.2777777777777778 0.453125 0.2743055555555556
0 0.056640625 0.2916666666666667 0.060546875 0.2986111111111111 0.05859375 0.3055555555555556 0.044921875 0.3090277777777778 0.02734375 0.3263888888888889 0.0234375 0.3263888888888889 0.0078125 0.3402777777777778 0 0.3402777777777778 0 0.3159722222222222 0.013671875 0.3055555555555556 0.03125 0.3020833333333333 0.041015625 0.2951388888888889 0.0546875 0.2916666666666667
0 0.623046875 0.2604166666666667 0.625 0.2638888888888889 0.630859375 0.2638888888888889 0.6328125 0.2673611111111111 0.638671875 0.2673611111111111 0.642578125 0.2708333333333333 0.642578125 0.2777777777777778 0.638671875 0.2777777777777778 0.63671875 0.28125 0.6328125 0.2777777777777778 0.62890625 0.28125 0.623046875 0.28125 0.62109375 0.2777777777777778 0.59765625 0.2777777777777778 0.595703125 0.2743055555555556 0.587890625 0.2743055555555556 0.578125 0.2673611111111111 0.576171875 0.2638888888888889 0.578125 0.2569444444444444 0.611328125 0.2569444444444444 0.61328125 0.2604166666666667 0.62109375 0.2604166666666667
0 0.865234375 0.34375 0.8671875 0.3472222222222222 0.880859375 0.3472222222222222 0.8828125 0.3506944444444444 0.89453125 0.3541666666666667 0.896484375 0.3576388888888889 0.90234375 0.3576388888888889 0.904296875 0.3611111111111111 0.9140625 0.3611111111111111 0.912109375 0.3680555555555556 0.876953125 0.3680555555555556 0.875 0.3715277777777778 0.853515625 0.3715277777777778 0.8515625 0.3680555555555556 0.830078125 0.3645833333333333 0.82421875 0.3576388888888889 0.82421875 0.3506944444444444 0.826171875 0.3472222222222222 0.83203125 0.3472222222222222 0.833984375 0.34375 0.86328125 0.34375