0 0.51171875 0.9512195121951219 0.521484375 0.9512195121951219 0.5234375 0.9581881533101045 0.5234375 0.9790940766550522 0.513671875 0.9895470383275261 0.505859375 0.9930313588850174 0.501953125 0.9895470383275261 0.501953125 0.9825783972125436 0.505859375 0.9790940766550522 0.505859375 0.9651567944250871 0.5078125 0.9651567944250871 0.51171875 0.9547038327526133
0 0.568359375 0.37630662020905925 0.5703125 0.37630662020905925 0.572265625 0.3693379790940767 0.578125 0.3623693379790941 0.591796875 0.3623693379790941 0.59765625 0.37282229965156793 0.59765625 0.3832752613240418 0.59375 0.3902439024390244 0.59375 0.397212543554007 0.591796875 0.40069686411149824 0.587890625 0.40418118466898956 0.572265625 0.40418118466898956 0.5703125 0.397212543554007 0.564453125 0.397212543554007 0.560546875 0.40418118466898956 0.560546875 0.4146341463414634 0.55859375 0.41114982578397213 0.5546875 0.41114982578397213 0.552734375 0.4076655052264808 0.552734375 0.40069686411149824 0.548828125 0.397212543554007 0.548828125 0.39372822299651566 0.55859375 0.39372822299651566 0.56640625 0.3867595818815331 0.568359375 0.3797909407665505
0 0.28125 0.7630662020905923 0.302734375 0.7630662020905923 0.302734375 0.7735191637630662 0.29296875 0.7804878048780488 0.28515625 0.7735191637630662 0.28125 0.7735191637630662 0.28125 0.7665505226480837
0 0.498046875 0.156794425087108 0.52734375 0.156794425087108 0.529296875 0.16376306620209058 0.533203125 0.16376306620209058 0.53515625 0.1672473867595819 0.53515625 0.17421602787456447 0.533203125 0.17770034843205576 0.529296875 0.18118466898954705 0.51953125 0.18118466898954705 0.513671875 0.17421602787456447 0.505859375 0.17421602787456447 0.50390625 0.17073170731707318 0.498046875 0.17073170731707318 0.494140625 0.1672473867595819 0.494140625 0.16376306620209058 0.498046875 0.1602787456445993
0 0.28125 0 0.310546875 0 0.30859375 0.020905923344947737 0.291015625 0.041811846689895474 0.28515625 0.041811846689895474 0.28515625 0.03832752613240418 0.28125 0.03484320557491289 0.28125 0.003484320557491289
0 0.525390625 0.6236933797909407 0.53125 0.6236933797909407 0.53125 0.6341463414634146 0.533203125 0.6411149825783972 0.53125 0.6445993031358885 0.52734375 0.6445993031358885 0.521484375 0.662020905923345 0.513671875 0.662020905923345 0.50390625 0.6689895470383276 0.4921875 0.6585365853658537 0.4921875 0.6411149825783972 0.49609375 0.6376306620209059 0.517578125 0.6376306620209059 0.521484375 0.6411149825783972 0.525390625 0.6341463414634146 0.525390625 0.627177700348432
0 0.5546875 0.7421602787456446 0.556640625 0.7456445993031359 0.572265625 0.7456445993031359 0.576171875 0.7491289198606271 0.57421875 0.7560975609756098 0.576171875 0.7630662020905923 0.5859375 0.7560975609756098 0.58203125 0.7700348432055749 0.587890625 0.7804878048780488 0.587890625 0.7839721254355401 0.583984375 0.7909407665505227 0.580078125 0.7909407665505227 0.578125 0.794425087108014 0.568359375 0.794425087108014 0.56640625 0.7979094076655052 0.55859375 0.7979094076655052 0.5546875 0.794425087108014 0.552734375 0.7979094076655052 0.548828125 0.7979094076655052 0.544921875 0.8048780487804879 0.53515625 0.8048780487804879 0.53515625 0.7979094076655052 0.537109375 0.794425087108014 0.537109375 0.7700348432055749 0.5390625 0.7665505226480837 0.5390625 0.7421602787456446 0.541015625 0.7386759581881533 0.552734375 0.7421602787456446
0 0.6171875 0.9198606271777003 0.6171875 0.9581881533101045 0.609375 0.9581881533101045 0.607421875 0.9616724738675958 0.595703125 0.9512195121951219 0.595703125 0.9477351916376306 0.591796875 0.9442508710801394 0.591796875 0.9372822299651568 0.59375 0.9372822299651568 0.595703125 0.9303135888501742 0.599609375 0.926829268292683 0.603515625 0.926829268292683 0.609375 0.9198606271777003 0.615234375 0.9198606271777003
0 0.431640625 0.156794425087108 0.439453125 0.156794425087108 0.44140625 0.16376306620209058 0.447265625 0.16376306620209058 0.44921875 0.1672473867595819 0.43359375 0.17421602787456447 0.427734375 0.1672473867595819 0.427734375 0.16376306620209058 0.431640625 0.1602787456445993
0 0.642578125 0.4843205574912892 0.646484375 0.4843205574912892 0.646484375 0.5296167247386759 0.638671875 0.5331010452961672 0.630859375 0.5261324041811847 0.625 0.5261324041811847 0.625 0.5156794425087108 0.626953125 0.5156794425087108 0.62890625 0.5087108013937283 0.630859375 0.5087108013937283 0.6328125 0.5017421602787456 0.642578125 0.4878048780487805
0 0.443359375 0.6236933797909407 0.453125 0.6236933797909407 0.453125 0.6306620209059234 0.45703125 0.6341463414634146 0.44921875 0.6411149825783972 0.443359375 0.6341463414634146 0.443359375 0.627177700348432
0 0.64453125 0.7874564459930313 0.646484375 0.7909407665505227 0.646484375 0.9094076655052264 0.64453125 0.9059233449477352 0.638671875 0.9059233449477352 0.634765625 0.9024390243902439 0.6328125 0.89198606271777 0.62890625 0.8885017421602788 0.626953125 0.8815331010452961 0.625 0.8815331010452961 0.625 0.8397212543554007 0.62890625 0.8362369337979094 0.62890625 0.8013937282229965 0.625 0.7979094076655052 0.625 0.7909407665505227 0.62890625 0.7874564459930313 0.642578125 0.7874564459930313
0 0.349609375 0.519163763066202 0.3515625 0.5226480836236934 0.365234375 0.5226480836236934 0.365234375 0.5365853658536586 0.353515625 0.5365853658536586 0.3515625 0.5400696864111498 0.33984375 0.5400696864111498 0.337890625 0.5365853658536586 0.333984375 0.5365853658536586 0.33203125 0.5296167247386759 0.333984375 0.5226480836236934 0.34375 0.5226480836236934 0.34765625 0.519163763066202
0 0.345703125 0.49477351916376305 0.353515625 0.5052264808362369 0.353515625 0.5156794425087108 0.349609375 0.519163763066202 0.345703125 0.519163763066202 0.337890625 0.5261324041811847 0.3125 0.5261324041811847 0.310546875 0.5226480836236934 0.296875 0.5226480836236934 0.29296875 0.5331010452961672 0.287109375 0.5400696864111498 0.287109375 0.5435540069686411 0.283203125 0.5400696864111498 0.287109375 0.5296167247386759 0.287109375 0.519163763066202 0.28125 0.5121951219512195 0.28125 0.5017421602787456 0.28515625 0.5052264808362369 0.291015625 0.5052264808362369 0.29296875 0.5087108013937283 0.30078125 0.5087108013937283 0.30859375 0.49825783972125437 0.3125 0.49477351916376305 0.318359375 0.49477351916376305 0.3203125 0.4912891986062718 0.337890625 0.4912891986062718 0.33984375 0.49477351916376305 0.34375 0.49477351916376305
0 0.3046875 0.3797909407665505 0.3046875 0.3832752613240418 0.318359375 0.40418118466898956 0.333984375 0.4076655052264808 0.333984375 0.42160278745644597 0.318359375 0.42160278745644597 0.310546875 0.42857142857142855 0.306640625 0.4250871080139373 0.29296875 0.4250871080139373 0.291015625 0.42857142857142855 0.287109375 0.42857142857142855 0.28125 0.42160278745644597 0.28125 0.397212543554007 0.287109375 0.39372822299651566 0.296875 0.3797909407665505 0.302734375 0.3797909407665505
0 0.310546875 0.0975609756097561 0.3203125 0.0975609756097561 0.3203125 0.10104529616724739 0.326171875 0.10801393728222997 0.3203125 0.11498257839721254 0.310546875 0.11498257839721254 0.3046875 0.10801393728222997 0.30078125 0.10801393728222997 0.30078125 0.10452961672473868 0.30859375 0.10452961672473868 0.310546875 0.10104529616724739
0 0.462890625 0.43902439024390244 0.462890625 0.46689895470383275 0.458984375 0.47038327526132406 0.453125 0.47038327526132406 0.4375 0.4564459930313589 0.4375 0.44947735191637633 0.44921875 0.4355400696864111 0.4609375 0.43902439024390244
0 0.490234375 0.3554006968641115 0.4921875 0.3554006968641115 0.4921875 0.37282229965156793 0.48828125 0.37282229965156793 0.486328125 0.3797909407665505 0.48046875 0.37282229965156793 0.474609375 0.37282229965156793 0.474609375 0.3693379790940767 0.478515625 0.3693379790940767 0.48046875 0.3623693379790941 0.48828125 0.3623693379790941 0.490234375 0.3588850174216028
0 0.453125 0.17421602787456447 0.455078125 0.17421602787456447 0.458984375 0.18466898954703834 0.451171875 0.1916376306620209 0.447265625 0.1916376306620209 0.44140625 0.18466898954703834 0.4453125 0.18118466898954705 0.451171875 0.18118466898954705 0.453125 0.17770034843205576
0 0.45703125 0.5052264808362369 0.4609375 0.5087108013937283 0.458984375 0.5156794425087108 0.44921875 0.5156794425087108 0.44921875 0.5087108013937283 0.455078125 0.5052264808362369
0 0.337890625 0.2508710801393728 0.337890625 0.25435540069686413 0.333984375 0.2578397212543554 0.328125 0.2578397212543554 0.326171875 0.2613240418118467 0.314453125 0.2578397212543554 0.31640625 0.25435540069686413 0.3203125 0.25435540069686413 0.322265625 0.2508710801393728 0.3359375 0.2508710801393728
0 0.63671875 0.5714285714285714 0.642578125 0.5714285714285714 0.646484375 0.5679442508710801 0.646484375 0.5853658536585366 0.642578125 0.5888501742160279 0.62890625 0.5853658536585366 0.62890625 0.5818815331010453 0.63671875 0.5749128919860628
0 0.537109375 0.11149825783972125 0.541015625 0.11149825783972125 0.552734375 0.12195121951219512 0.61328125 0.12195121951219512 0.615234375 0.1254355400696864 0.625 0.1254355400696864 0.6328125 0.11149825783972125 0.6328125 0.1254355400696864 0.630859375 0.1289198606271777 0.626953125 0.13240418118466898 0.6171875 0.13240418118466898 0.615234375 0.13588850174216027 0.60546875 0.13588850174216027 0.599609375 0.14285714285714285 0.59765625 0.156794425087108 0.59375 0.16376306620209058 0.58203125 0.16376306620209058 0.580078125 0.1672473867595819 0.5625 0.1672473867595819 0.560546875 0.16376306620209058 0.5546875 0.16376306620209058 0.55078125 0.15331010452961671 0.546875 0.14982578397212543 0.544921875 0.14285714285714285 0.544921875 0.13240418118466898 0.541015625 0.12195121951219512 0.537109375 0.11846689895470383 0.537109375 0.11498257839721254
0 0.458984375 0.11846689895470383 0.46484375 0.11846689895470383 0.46484375 0.12195121951219512 0.46875 0.1254355400696864 0.46484375 0.13588850174216027 0.458984375 0.13588850174216027 0.455078125 0.1289198606271777 0.451171875 0.1289198606271777 0.458984375 0.12195121951219512
0 0.484375 0.49477351916376305 0.49609375 0.5087108013937283 0.50390625 0.5087108013937283 0.50390625 0.5261324041811847 0.498046875 0.5261324041811847 0.49609375 0.5226480836236934 0.478515625 0.5226480836236934 0.4765625 0.519163763066202 0.47265625 0.519163763066202 0.470703125 0.5156794425087108 0.470703125 0.5017421602787456 0.4765625 0.49477351916376305 0.482421875 0.49477351916376305
0 0.599609375 0.7770034843205574 0.6015625 0.7804878048780488 0.6171875 0.7804878048780488 0.619140625 0.7839721254355401 0.626953125 0.7839721254355401 0.62890625 0.7874564459930313 0.64453125 0.7874564459930313 0.64453125 0.9059233449477352 0.642578125 0.9094076655052264 0.640625 0.9094076655052264 0.64453125 0.9059233449477352 0.640625 0.89198606271777 0.63671875 0.8885017421602788 0.634765625 0.8815331010452961 0.634765625 0.8606271777003485 0.626953125 0.8466898954703833 0.62109375 0.8466898954703833 0.6171875 0.8397212543554007 0.611328125 0.8397212543554007 0.607421875 0.8327526132404182 0.6015625 0.8327526132404182 0.59375 0.818815331010453 0.587890625 0.818815331010453 0.58203125 0.8083623693379791 0.578125 0.8083623693379791 0.572265625 0.7979094076655052 0.578125 0.7804878048780488 0.59765625 0.7770034843205574
0 0.443359375 0.5714285714285714 0.447265625 0.5679442508710801 0.45703125 0.5679442508710801 0.458984375 0.5714285714285714 0.458984375 0.5853658536585366 0.443359375 0.5853658536585366 0.443359375 0.5749128919860628
0 0.28125 0.5574912891986062 0.291015625 0.5574912891986062 0.302734375 0.5679442508710801 0.310546875 0.5679442508710801 0.314453125 0.5644599303135889 0.314453125 0.578397212543554 0.30859375 0.5818815331010453 0.3046875 0.5888501742160279 0.291015625 0.5923344947735192 0.28125 0.5853658536585366 0.28125 0.5609756097560976
0 0.486328125 0.15331010452961671 0.490234375 0.15331010452961671 0.490234375 0.16376306620209058 0.48828125 0.1672473867595819 0.46875 0.16376306620209058 0.47265625 0.16376306620209058 0.474609375 0.1602787456445993 0.484375 0.1602787456445993 0.486328125 0.156794425087108
0 0.3984375 0.7874564459930313 0.400390625 0.7909407665505227 0.408203125 0.7909407665505227 0.41015625 0.794425087108014 0.41015625 0.8048780487804879 0.40625 0.8048780487804879 0.404296875 0.8083623693379791 0.392578125 0.8083623693379791 0.3828125 0.8153310104529616 0.36328125 0.8118466898954704 0.361328125 0.8083623693379791 0.361328125 0.8013937282229965 0.365234375 0.7909407665505227 0.369140625 0.7909407665505227 0.373046875 0.7839721254355401 0.39453125 0.7839721254355401 0.396484375 0.7874564459930313
0 0.646484375 0.34494773519163763 0.646484375 0.397212543554007 0.640625 0.40418118466898956 0.63671875 0.40418118466898956 0.63671875 0.39372822299651566 0.634765625 0.3902439024390244 0.626953125 0.3902439024390244 0.62109375 0.397212543554007 0.619140625 0.4076655052264808 0.609375 0.40418118466898956 0.609375 0.39372822299651566 0.60546875 0.3902439024390244 0.60546875 0.37630662020905925 0.619140625 0.37630662020905925 0.626953125 0.36585365853658536 0.626953125 0.3588850174216028 0.630859375 0.3519163763066202 0.64453125 0.34494773519163763