0 0.494140625 0.289198606271777 0.494140625 0.2961672473867596 0.49609375 0.29965156794425085 0.49609375 0.3240418118466899 0.494140625 0.3240418118466899 0.49609375 0.3205574912891986 0.494140625 0.3170731707317073 0.4921875 0.2926829268292683
0 0.515625 0.21602787456445993 0.517578125 0.21602787456445993 0.517578125 0.24738675958188153 0.51171875 0.24041811846689895 0.51171875 0.2229965156794425 0.515625 0.21951219512195122
0 0.517578125 0.36585365853658536 0.51953125 0.36585365853658536 0.51953125 0.37630662020905925 0.521484375 0.3797909407665505 0.521484375 0.39372822299651566 0.517578125 0.397212543554007 0.517578125 0.3693379790940767
0 0.501953125 0.5226480836236934 0.505859375 0.5331010452961672 0.51171875 0.5400696864111498 0.51171875 0.5470383275261324 0.513671875 0.5505226480836237 0.513671875 0.5644599303135889 0.51171875 0.5609756097560976 0.51171875 0.554006968641115 0.5078125 0.5505226480836237 0.501953125 0.5261324041811847
0 0.5625 0.24041811846689895 0.564453125 0.24390243902439024 0.5625 0.2857142857142857 0.55859375 0.289198606271777 0.560546875 0.28222996515679444 0.556640625 0.2787456445993031 0.556640625 0.2682926829268293 0.560546875 0.26480836236933797 0.560546875 0.2508710801393728 0.5625 0.24390243902439024
0 0.5956316410861865 0.7324395591738005 0.009036950265643447 0.01790290798843222
0 0.64453125 0.4808362369337979 0.654296875 0.4808362369337979 0.65625 0.4843205574912892 0.654296875 0.5017421602787456 0.65625 0.5052264808362369 0.65625 0.519163763066202 0.658203125 0.5226480836236934 0.65625 0.5365853658536586 0.650390625 0.5505226480836237 0.646484375 0.5505226480836237 0.64453125 0.554006968641115 0.638671875 0.5505226480836237 0.638671875 0.5087108013937283 0.642578125 0.5052264808362369 0.64453125 0.4843205574912892
0 0.48046875 0.2961672473867596 0.486328125 0.2961672473867596 0.486328125 0.3240418118466899 0.484375 0.3240418118466899 0.484375 0.31010452961672474 0.48046875 0.30662020905923343 0.48046875 0.29965156794425085
0 0.556640625 0.003484320557491289 0.5546875 0.020905923344947737 0.55078125 0.027874564459930314 0.55078125 0.05226480836236934 0.544921875 0.0627177700348432 0.544921875 0.06620209059233449 0.54296875 0.06620209059233449 0.537109375 0.07665505226480836 0.53125 0.07665505226480836 0.529296875 0.08013937282229965 0.51953125 0.08013937282229965 0.517578125 0.07665505226480836 0.517578125 0.04529616724738676 0.5234375 0.04529616724738676 0.52734375 0.03832752613240418 0.53125 0.03832752613240418 0.53515625 0.0313588850174216 0.5390625 0.0313588850174216 0.541015625 0.027874564459930314 0.5390625 0.017421602787456445 0.53515625 0.013937282229965157 0.5390625 0.010452961672473868 0.546875 0.017421602787456445 0.55078125 0.017421602787456445 0.556640625 0.006968641114982578
0 0.634765625 0.28222996515679444 0.642578125 0.2787456445993031 0.64453125 0.28222996515679444 0.654296875 0.2857142857142857 0.654296875 0.289198606271777 0.666015625 0.313588850174216 0.66796875 0.3205574912891986 0.66796875 0.3832752613240418 0.666015625 0.3867595818815331 0.666015625 0.39372822299651566 0.669921875 0.40418118466898956 0.66796875 0.4076655052264808 0.6484375 0.41114982578397213 0.65234375 0.41114982578397213 0.662109375 0.397212543554007 0.66015625 0.3902439024390244 0.6484375 0.37282229965156793 0.64453125 0.3519163763066202 0.63671875 0.34146341463414637 0.634765625 0.2857142857142857
0 0.638671875 0.7038327526132404 0.642578125 0.7073170731707317 0.640625 0.7317073170731707 0.64453125 0.735191637630662 0.64453125 0.7560975609756098 0.646484375 0.759581881533101 0.646484375 0.7700348432055749 0.64453125 0.7735191637630662 0.64453125 0.7839721254355401 0.642578125 0.7909407665505227 0.638671875 0.7909407665505227 0.63671875 0.7770034843205574 0.6328125 0.7700348432055749 0.634765625 0.7665505226480837 0.634765625 0.7421602787456446 0.63671875 0.7386759581881533 0.63671875 0.7317073170731707 0.6328125 0.7177700348432056 0.63671875 0.7142857142857143 0.638671875 0.7073170731707317
0 0.494140625 0.5609756097560976 0.498046875 0.5609756097560976 0.5 0.5679442508710801 0.5 0.5818815331010453 0.501953125 0.5853658536585366 0.5 0.5993031358885017 0.498046875 0.5993031358885017 0.5 0.5958188153310104 0.5 0.5888501742160279 0.49609375 0.5818815331010453 0.49609375 0.5714285714285714 0.494140625 0.5644599303135889
0 0.6015625 0.662020905923345 0.6015625 0.6794425087108014 0.599609375 0.686411149825784 0.59375 0.6829268292682927 0.595703125 0.6829268292682927 0.59765625 0.6759581881533101 0.6015625 0.6724738675958188 0.6015625 0.6655052264808362
0 0.58203125 0.7073170731707317 0.609375 0.7073170731707317 0.611328125 0.710801393728223 0.609375 0.7142857142857143 0.580078125 0.7142857142857143 0.58203125 0.710801393728223
0 0.662109375 0.43902439024390244 0.669921875 0.445993031358885 0.66796875 0.4529616724738676 0.66796875 0.46689895470383275 0.669921875 0.47038327526132406 0.669921875 0.5121951219512195 0.666015625 0.5261324041811847 0.662109375 0.5261324041811847 0.66015625 0.519163763066202 0.66015625 0.4878048780487805 0.658203125 0.4843205574912892 0.658203125 0.47735191637630664 0.6640625 0.4634146341463415 0.6640625 0.44947735191637633 0.662109375 0.4425087108013937
0 0.48828125 0.6097560975609756 0.4921875 0.6097560975609756 0.4921875 0.6132404181184669 0.498046875 0.6202090592334495 0.498046875 0.6376306620209059 0.49609375 0.6376306620209059 0.4921875 0.6202090592334495 0.48828125 0.6167247386759582 0.48828125 0.6132404181184669
0 0.4765625 0.24041811846689895 0.48046875 0.24041811846689895 0.48046875 0.2682926829268293 0.478515625 0.27177700348432055 0.4765625 0.27177700348432055 0.4765625 0.24390243902439024
0 0.3203125 0.6132404181184669 0.322265625 0.6132404181184669 0.32421875 0.6202090592334495 0.3203125 0.627177700348432 0.314453125 0.627177700348432 0.31640625 0.6202090592334495 0.3203125 0.6167247386759582
0 0.6640625 0.5400696864111498 0.666015625 0.5400696864111498 0.666015625 0.554006968641115 0.669921875 0.5714285714285714 0.66796875 0.5749128919860628 0.666015625 0.5923344947735192 0.66015625 0.6027874564459931 0.65234375 0.6062717770034843 0.65234375 0.5749128919860628 0.6640625 0.5505226480836237 0.6640625 0.5435540069686411
0 0.451171875 0.027874564459930314 0.455078125 0.027874564459930314 0.455078125 0.08710801393728224 0.45703125 0.09059233449477352 0.451171875 0.07665505226480836 0.451171875 0.0627177700348432 0.44921875 0.059233449477351915 0.44921875 0.041811846689895474 0.451171875 0.03832752613240418 0.451171875 0.0313588850174216
0 0.505859375 0.20209059233449478 0.505859375 0.2264808362369338 0.501953125 0.23344947735191637 0.498046875 0.22996515679442509 0.498046875 0.2229965156794425 0.501953125 0.21951219512195122 0.50390625 0.20557491289198607
0 0.505859375 0.29965156794425085 0.51171875 0.2926829268292683 0.515625 0.2961672473867596 0.515625 0.3310104529616725 0.517578125 0.3344947735191638 0.517578125 0.33797909407665505 0.515625 0.33797909407665505 0.515625 0.3344947735191638 0.51171875 0.3310104529616725 0.509765625 0.31010452961672474 0.505859375 0.30662020905923343 0.505859375 0.30313588850174217
0 0.65625 0.09407665505226481 0.662109375 0.09407665505226481 0.669921875 0.10104529616724739 0.669921875 0.11149825783972125 0.66796875 0.11498257839721254 0.6640625 0.11498257839721254 0.65625 0.10801393728222997 0.65625 0.0975609756097561
0 0.578125 0.42857142857142855 0.603515625 0.42857142857142855 0.603515625 0.4355400696864111 0.578125 0.4355400696864111 0.576171875 0.43902439024390244 0.578125 0.43205574912891986
0 0.52734375 0.2264808362369338 0.52734375 0.2613240418118467 0.525390625 0.2682926829268293 0.5234375 0.2682926829268293 0.5234375 0.2508710801393728 0.52734375 0.24738675958188153 0.52734375 0.22996515679442509
0 0.494140625 0.26480836236933797 0.5 0.26480836236933797 0.5 0.2787456445993031 0.501953125 0.28222996515679444 0.501953125 0.30313588850174217 0.5 0.30313588850174217 0.498046875 0.29965156794425085 0.498046875 0.27177700348432055 0.494140625 0.2682926829268293
0 0.310546875 0.2682926829268293 0.318359375 0.2682926829268293 0.3203125 0.27526132404181186 0.333984375 0.2787456445993031 0.33984375 0.289198606271777 0.33984375 0.2961672473867596 0.341796875 0.29965156794425085 0.33984375 0.3344947735191638 0.3359375 0.3344947735191638 0.333984375 0.33797909407665505 0.314453125 0.33797909407665505 0.310546875 0.3344947735191638 0.310546875 0.27177700348432055
0 0.583984375 0.6411149825783972 0.583984375 0.6550522648083623 0.580078125 0.662020905923345 0.583984375 0.6445993031358885