0 0.6364583333333333 0.911111111111111 0.009375 0.02962962962962963
0 0.64453125 0.375 0.646484375 0.375 0.64453125 0.3923611111111111 0.640625 0.3923611111111111 0.640625 0.3854166666666667 0.64453125 0.3784722222222222
0 0.498046875 0.0798611111111111 0.5078125 0.0798611111111111 0.5078125 0.08333333333333333 0.50390625 0.08680555555555555 0.50390625 0.09375 0.5078125 0.10416666666666667 0.5078125 0.11458333333333333 0.501953125 0.1388888888888889 0.4921875 0.15625 0.486328125 0.15625 0.482421875 0.1423611111111111 0.482421875 0.12152777777777778 0.48046875 0.11805555555555555 0.48046875 0.1111111111111111 0.486328125 0.1111111111111111 0.490234375 0.09722222222222222 0.49609375 0.09027777777777778 0.498046875 0.08333333333333333
0 0.494140625 0.3680555555555556 0.498046875 0.3819444444444444 0.501953125 0.3854166666666667 0.501953125 0.3923611111111111 0.50390625 0.3958333333333333 0.498046875 0.3888888888888889 0.494140625 0.3784722222222222 0.494140625 0.3715277777777778
0 0.603515625 0.6944444444444444 0.609375 0.7083333333333334 0.60546875 0.71875 0.59375 0.71875 0.59375 0.7048611111111112 0.591796875 0.7013888888888888 0.595703125 0.7013888888888888 0.6015625 0.6944444444444444
0 0.623046875 0.5486111111111112 0.630859375 0.5486111111111112 0.6328125 0.5520833333333334 0.630859375 0.5520833333333334 0.62890625 0.5590277777777778 0.634765625 0.5729166666666666 0.634765625 0.6041666666666666 0.6328125 0.6076388888888888 0.6328125 0.6145833333333334 0.630859375 0.6180555555555556 0.625 0.6180555555555556 0.625 0.6111111111111112 0.623046875 0.6076388888888888 0.623046875 0.5763888888888888 0.62109375 0.5729166666666666 0.623046875 0.5659722222222222 0.623046875 0.5520833333333334
0 0.568359375 0.15625 0.572265625 0.15625 0.576171875 0.16319444444444445 0.58203125 0.16666666666666666 0.587890625 0.17708333333333334 0.591796875 0.1909722222222222 0.591796875 0.19791666666666666 0.595703125 0.21180555555555555 0.595703125 0.2326388888888889 0.591796875 0.24305555555555555 0.591796875 0.2743055555555556 0.59765625 0.2881944444444444 0.59765625 0.2916666666666667 0.595703125 0.2916666666666667 0.58984375 0.28125 0.58203125 0.28125 0.58203125 0.2743055555555556 0.5859375 0.2673611111111111 0.5859375 0.2569444444444444 0.578125 0.23958333333333334 0.57421875 0.2152777777777778 0.5703125 0.20833333333333334 0.56640625 0.20833333333333334 0.568359375 0.2048611111111111 0.568359375 0.1840277777777778 0.56640625 0.18055555555555555 0.56640625 0.16319444444444445 0.568359375 0.1597222222222222
0 0.478515625 0.3055555555555556 0.48046875 0.3055555555555556 0.48046875 0.3125 0.482421875 0.3159722222222222 0.482421875 0.3229166666666667 0.48046875 0.3263888888888889 0.478515625 0.3229166666666667 0.478515625 0.3090277777777778
0 0.609375 0.5208333333333334 0.6171875 0.5208333333333334 0.615234375 0.5277777777777778 0.615234375 0.5381944444444444 0.619140625 0.5486111111111112 0.619140625 0.5694444444444444 0.61328125 0.5798611111111112 0.609375 0.5798611111111112 0.607421875 0.5729166666666666 0.609375 0.5243055555555556
0 0.45703125 0.3819444444444444 0.458984375 0.3819444444444444 0.462890625 0.3923611111111111 0.462890625 0.3993055555555556 0.45703125 0.3854166666666667
0 0.470703125 0.3645833333333333 0.474609375 0.3645833333333333 0.474609375 0.3854166666666667 0.470703125 0.3784722222222222 0.470703125 0.3680555555555556
0 0.451171875 0.3541666666666667 0.451171875 0.3506944444444444 0.455078125 0.3472222222222222 0.462890625 0.3611111111111111 0.462890625 0.3645833333333333 0.458984375 0.3645833333333333 0.458984375 0.3611111111111111 0.453125 0.3541666666666667
0 0.498046875 0.3263888888888889 0.501953125 0.3263888888888889 0.501953125 0.3576388888888889 0.498046875 0.3576388888888889 0.5 0.3541666666666667 0.498046875 0.3472222222222222 0.498046875 0.3298611111111111
0 0.56640625 0.65625 0.576171875 0.6631944444444444 0.568359375 0.6701388888888888 0.568359375 0.6805555555555556 0.564453125 0.6805555555555556 0.560546875 0.6701388888888888 0.556640625 0.6701388888888888 0.55078125 0.6840277777777778 0.552734375 0.6597222222222222 0.560546875 0.6597222222222222 0.564453125 0.65625
0 0.509765625 0.6423611111111112 0.513671875 0.6388888888888888 0.513671875 0.6458333333333334 0.521484375 0.6631944444444444 0.521484375 0.6840277777777778 0.51953125 0.6840277777777778 0.51953125 0.6770833333333334 0.515625 0.6666666666666666 0.515625 0.6527777777777778 0.51171875 0.6458333333333334
0 0.623046875 0 0.626953125 0 0.626953125 0.03125 0.62890625 0.034722222222222224 0.62890625 0.041666666666666664 0.625 0.03125 0.625 0.024305555555555556 0.623046875 0.020833333333333332 0.623046875 0.003472222222222222
0 0.4765625 0.3715277777777778 0.48046875 0.3680555555555556 0.482421875 0.3888888888888889 0.48046875 0.3888888888888889 0.478515625 0.375
0 0.462890625 0.2986111111111111 0.46484375 0.2986111111111111 0.46484375 0.3125 0.466796875 0.3159722222222222 0.466796875 0.3333333333333333 0.46484375 0.3298611111111111 0.462890625 0.3020833333333333
0 0.61328125 0.5868055555555556 0.6171875 0.59375 0.6171875 0.6319444444444444 0.61328125 0.6458333333333334 0.609375 0.6527777777777778 0.603515625 0.6527777777777778 0.6015625 0.6493055555555556 0.6015625 0.6215277777777778 0.60546875 0.6145833333333334 0.609375 0.5902777777777778 0.611328125 0.5902777777777778
0 0.48828125 0.3055555555555556 0.490234375 0.3055555555555556 0.4921875 0.3125 0.4921875 0.3298611111111111 0.490234375 0.3298611111111111 0.490234375 0.3159722222222222 0.48828125 0.3090277777777778
0 0.568359375 0.65625 0.576171875 0.6631944444444444 0.560546875 0.6631944444444444 0.55859375 0.6666666666666666 0.552734375 0.6666666666666666 0.552734375 0.6597222222222222 0.56640625 0.65625
0 0.4296875 0 0.435546875 0 0.435546875 0.013888888888888888 0.431640625 0.024305555555555556 0.431640625 0.03819444444444445 0.427734375 0.020833333333333332 0.4296875 0.017361111111111112 0.4296875 0.003472222222222222
0 0.6484375 0.5486111111111112 0.654296875 0.5486111111111112 0.658203125 0.5590277777777778 0.658203125 0.6006944444444444 0.65625 0.6006944444444444 0.65234375 0.5902777777777778 0.65234375 0.5625 0.6484375 0.5520833333333334
0 0.6484375 0.9166666666666666 0.650390625 0.9166666666666666 0.65234375 0.9409722222222222 0.654296875 0.9444444444444444 0.654296875 0.9618055555555556 0.65234375 0.9652777777777778 0.65234375 0.9722222222222222 0.6484375 0.96875 0.6484375 0.9479166666666666 0.646484375 0.9444444444444444 0.6484375 0.9201388888888888
0 0.65234375 0.13541666666666666 0.65625 0.13541666666666666 0.658203125 0.1423611111111111 0.658203125 0.16319444444444445 0.65625 0.16319444444444445 0.65234375 0.1388888888888889
0 0.564453125 0.4131944444444444 0.56640625 0.4201388888888889 0.544921875 0.4201388888888889 0.546875 0.4131944444444444 0.552734375 0.4131944444444444 0.5546875 0.4166666666666667 0.556640625 0.4131944444444444 0.5625 0.4131944444444444
0 0.529296875 0.3298611111111111 0.533203125 0.3298611111111111 0.533203125 0.375 0.529296875 0.3645833333333333 0.529296875 0.3333333333333333
0 0.501953125 0.6597222222222222 0.50390625 0.6597222222222222 0.509765625 0.6840277777777778 0.509765625 0.7361111111111112 0.505859375 0.7256944444444444 0.50390625 0.6631944444444444
0 0.501953125 0.4097222222222222 0.501953125 0.4166666666666667 0.5078125 0.4305555555555556 0.5078125 0.4409722222222222 0.505859375 0.4409722222222222 0.505859375 0.4340277777777778 0.5 0.4131944444444444