0 0.73828125 0.818815331010453 0.740234375 0.818815331010453 0.740234375 0.8292682926829268 0.755859375 0.8641114982578397 0.755859375 0.8780487804878049 0.75390625 0.8850174216027874 0.748046875 0.8850174216027874 0.74609375 0.8885017421602788 0.736328125 0.89198606271777 0.73046875 0.8850174216027874 0.724609375 0.8850174216027874 0.705078125 0.8606271777003485 0.7109375 0.8606271777003485 0.71484375 0.8571428571428571 0.720703125 0.8397212543554007 0.73828125 0.8222996515679443
0 0.458984375 0 0.50390625 0 0.50390625 0.006968641114982578 0.5 0.006968641114982578 0.498046875 0.010452961672473868 0.498046875 0.017421602787456445 0.494140625 0.020905923344947737 0.494140625 0.027874564459930314 0.462890625 0.027874564459930314 0.4609375 0.0313588850174216 0.4609375 0.03832752613240418 0.45703125 0.03832752613240418 0.44921875 0.04529616724738676 0.44140625 0.04529616724738676 0.451171875 0.03832752613240418 0.451171875 0.0313588850174216 0.455078125 0.027874564459930314 0.455078125 0.010452961672473868 0.45703125 0.010452961672473868 0.458984375 0.003484320557491289
0 0.69921875 0.89198606271777 0.701171875 0.8954703832752613 0.712890625 0.8989547038327527 0.71875 0.9059233449477352 0.7265625 0.9059233449477352 0.73046875 0.9094076655052264 0.732421875 0.9163763066202091 0.73046875 0.9233449477351916 0.720703125 0.9303135888501742 0.712890625 0.9442508710801394 0.703125 0.9442508710801394 0.701171875 0.9477351916376306 0.697265625 0.9477351916376306 0.6953125 0.9442508710801394 0.685546875 0.9442508710801394 0.6796875 0.9372822299651568 0.67578125 0.926829268292683 0.673828125 0.926829268292683 0.673828125 0.9198606271777003 0.6796875 0.9128919860627178 0.6796875 0.9059233449477352 0.68359375 0.8989547038327527 0.697265625 0.89198606271777
0 0.40103567318757194 -0.04619030244223205 0.07560099611622555 0.0985393118767617
0 0.353515625 0 0.357421875 0 0.36328125 0.006968641114982578 0.3671875 0.013937282229965157 0.373046875 0.041811846689895474 0.375 0.04529616724738676 0.376953125 0.041811846689895474 0.373046875 0.05226480836236934 0.373046875 0.06620209059233449 0.369140625 0.07665505226480836 0.359375 0.08013937282229965 0.357421875 0.07665505226480836 0.353515625 0.07665505226480836 0.353515625 0.07317073170731707 0.34765625 0.06620209059233449 0.341796875 0.07317073170731707 0.337890625 0.07317073170731707 0.33984375 0.0313588850174216 0.345703125 0.0313588850174216 0.349609375 0.024390243902439025 0.349609375 0.017421602787456445 0.353515625 0.003484320557491289
0 0.974609375 0.027874564459930314 0.98828125 0.027874564459930314 0.990234375 0.03484320557491289 0.998046875 0.03832752613240418 0.998046875 0.07665505226480836 0.99609375 0.07665505226480836 0.99609375 0.06620209059233449 0.994140625 0.0627177700348432 0.990234375 0.0627177700348432 0.982421875 0.05574912891986063 0.958984375 0.05226480836236934 0.95703125 0.04878048780487805 0.947265625 0.04529616724738676 0.951171875 0.04529616724738676 0.953125 0.03832752613240418 0.962890625 0.03832752613240418 0.96484375 0.03484320557491289 0.97265625 0.03484320557491289 0.974609375 0.0313588850174216
0 0.8342922899884925 -0.025148053551881894 0.06984725618527042 0.05850771642682727
0 0.783203125 0.7630662020905923 0.78515625 0.7630662020905923 0.787109375 0.7700348432055749 0.791015625 0.794425087108014 0.80859375 0.8327526132404182 0.80859375 0.8397212543554007 0.810546875 0.8432055749128919 0.810546875 0.8641114982578397 0.8125 0.867595818815331 0.8125 0.8780487804878049 0.810546875 0.8815331010452961 0.796875 0.8815331010452961 0.794921875 0.8780487804878049 0.7890625 0.8780487804878049 0.78515625 0.8710801393728222 0.779296875 0.867595818815331 0.763671875 0.8362369337979094 0.759765625 0.8048780487804879 0.751953125 0.7909407665505227 0.75 0.7909407665505227 0.75 0.7874564459930313 0.755859375 0.7804878048780488 0.76171875 0.7874564459930313 0.77734375 0.7874564459930313 0.78125 0.7909407665505227 0.78515625 0.7839721254355401 0.783203125 0.7665505226480837
0 0.42578125 0 0.45703125 0 0.455078125 0.024390243902439025 0.451171875 0.027874564459930314 0.447265625 0.010452961672473868 0.439453125 0.010452961672473868 0.435546875 0.027874564459930314 0.427734375 0.024390243902439025 0.42578125 0.003484320557491289
0 0.020138089758342925 -0.04362417452877471 0.07560099611622555 0.10367156770367637
0 0.462890625 0.9442508710801394 0.470703125 0.9477351916376306 0.47265625 0.9547038327526133 0.470703125 0.9616724738675958 0.470703125 0.9895470383275261 0.47265625 0.9965156794425087 0.443359375 0.9965156794425087 0.44140625 0.9895470383275261 0.44140625 0.9721254355400697 0.439453125 0.9686411149825784 0.439453125 0.9616724738675958 0.435546875 0.9581881533101045 0.435546875 0.9477351916376306 0.4375 0.9477351916376306 0.4375 0.9581881533101045 0.44140625 0.9616724738675958 0.44140625 0.9721254355400697 0.4453125 0.9790940766550522 0.44921875 0.9790940766550522 0.4609375 0.9651567944250871 0.4609375 0.9547038327526133 0.462890625 0.9477351916376306