0 0.623046875 0.5381944444444444 0.630859375 0.5381944444444444 0.62890625 0.5486111111111112 0.634765625 0.5625 0.634765625 0.59375 0.626953125 0.6111111111111112 0.625 0.6076388888888888 0.623046875 0.5798611111111112 0.62109375 0.5763888888888888 0.62109375 0.5625 0.625 0.5486111111111112 0.623046875 0.5416666666666666
0 0.60546875 0.6979166666666666 0.607421875 0.7013888888888888 0.607421875 0.7152777777777778 0.60546875 0.71875 0.595703125 0.71875 0.595703125 0.7048611111111112 0.59375 0.7013888888888888 0.599609375 0.7013888888888888 0.603515625 0.6979166666666666
0 0.4296875 0 0.4375 0 0.435546875 0.017361111111111112 0.431640625 0.03125 0.43359375 0.04513888888888889 0.4296875 0.034722222222222224 0.4296875 0.003472222222222222
0 0.6375 0.9120370370370371 0.010416666666666666 0.03148148148148148
0 0.56640625 0.6736111111111112 0.568359375 0.6770833333333334 0.56640625 0.6840277777777778 0.56640625 0.7013888888888888 0.5625 0.7048611111111112 0.564453125 0.6770833333333334
0 0.654296875 0.13541666666666666 0.658203125 0.1423611111111111 0.658203125 0.1701388888888889 0.654296875 0.1597222222222222 0.65234375 0.1388888888888889
0 0.57421875 0.16319444444444445 0.580078125 0.1736111111111111 0.583984375 0.1736111111111111 0.591796875 0.1875 0.591796875 0.19444444444444445 0.595703125 0.20833333333333334 0.595703125 0.2534722222222222 0.59375 0.2569444444444444 0.59375 0.2743055555555556 0.599609375 0.3020833333333333 0.58984375 0.2881944444444444 0.58203125 0.2916666666666667 0.58203125 0.2881944444444444 0.58984375 0.2743055555555556 0.58984375 0.2673611111111111 0.578125 0.24305555555555555 0.576171875 0.2222222222222222 0.572265625 0.2152777777777778 0.568359375 0.21875 0.568359375 0.21180555555555555 0.5703125 0.20833333333333334 0.568359375 0.16666666666666666 0.572265625 0.16319444444444445
0 0.478515625 0.3020833333333333 0.48046875 0.3020833333333333 0.482421875 0.3090277777777778 0.482421875 0.3194444444444444 0.48046875 0.3229166666666667 0.478515625 0.3159722222222222 0.478515625 0.3055555555555556
0 0.6484375 0.96875 0.6484375 0.9548611111111112 0.646484375 0.9513888888888888 0.646484375 0.9131944444444444 0.6484375 0.9097222222222222 0.650390625 0.9097222222222222 0.65234375 0.9166666666666666 0.65234375 0.9305555555555556 0.654296875 0.9340277777777778 0.654296875 0.9618055555555556 0.65234375 0.96875 0.650390625 0.96875
0 0.615234375 0.5138888888888888 0.6171875 0.5173611111111112 0.615234375 0.5243055555555556 0.615234375 0.5347222222222222 0.619140625 0.5486111111111112 0.619140625 0.5659722222222222 0.6171875 0.5729166666666666 0.61328125 0.5798611111111112 0.609375 0.5763888888888888 0.607421875 0.5694444444444444 0.607421875 0.5416666666666666 0.611328125 0.5277777777777778 0.611328125 0.5173611111111112 0.61328125 0.5173611111111112
0 0.451171875 0.34375 0.455078125 0.34375 0.4609375 0.3541666666666667 0.4609375 0.3611111111111111 0.458984375 0.3611111111111111 0.451171875 0.3472222222222222
0 0.498046875 0.0798611111111111 0.5 0.08333333333333333 0.51171875 0.08333333333333333 0.505859375 0.09027777777777778 0.5078125 0.09722222222222222 0.5078125 0.11805555555555555 0.501953125 0.1388888888888889 0.49609375 0.14930555555555555 0.48828125 0.1527777777777778 0.484375 0.14583333333333334 0.484375 0.12152777777777778 0.482421875 0.11805555555555555 0.482421875 0.1076388888888889 0.484375 0.1111111111111111 0.490234375 0.10069444444444445 0.490234375 0.09722222222222222 0.498046875 0.08680555555555555 0.498046875 0.08333333333333333
0 0.498046875 0.3194444444444444 0.501953125 0.3263888888888889 0.501953125 0.3541666666666667 0.5 0.3541666666666667 0.5 0.3472222222222222 0.498046875 0.34375 0.498046875 0.3229166666666667
0 0.55078125 0.6770833333333334 0.55078125 0.6631944444444444 0.552734375 0.6597222222222222 0.55859375 0.6597222222222222 0.560546875 0.65625 0.57421875 0.65625 0.578125 0.6597222222222222 0.578125 0.6631944444444444 0.556640625 0.6666666666666666 0.55078125 0.6805555555555556
0 0.51171875 0.6284722222222222 0.51171875 0.6354166666666666 0.517578125 0.6458333333333334 0.517578125 0.6527777777777778 0.51953125 0.65625 0.51953125 0.6736111111111112 0.515625 0.6701388888888888 0.515625 0.6631944444444444 0.513671875 0.6597222222222222 0.513671875 0.6423611111111112 0.5078125 0.6319444444444444 0.509765625 0.6319444444444444
0 0.625 0 0.626953125 0 0.626953125 0.010416666666666666 0.62890625 0.013888888888888888 0.62890625 0.04513888888888889 0.630859375 0.04861111111111111 0.630859375 0.052083333333333336 0.626953125 0.04861111111111111 0.626953125 0.034722222222222224 0.625 0.03125 0.625 0.003472222222222222
0 0.474609375 0.6631944444444444 0.478515625 0.6631944444444444 0.48046875 0.6666666666666666 0.478515625 0.6736111111111112 0.478515625 0.6979166666666666 0.48046875 0.7013888888888888 0.48046875 0.7083333333333334 0.4765625 0.7048611111111112 0.47265625 0.6909722222222222 0.47265625 0.6701388888888888 0.474609375 0.6666666666666666
0 0.4765625 0.3645833333333333 0.48046875 0.3680555555555556 0.48046875 0.375 0.482421875 0.3784722222222222 0.482421875 0.3854166666666667 0.48046875 0.3854166666666667 0.4765625 0.3680555555555556
0 0.462890625 0.2951388888888889 0.46484375 0.2951388888888889 0.46484375 0.3020833333333333 0.466796875 0.3055555555555556 0.466796875 0.3298611111111111 0.46484375 0.3263888888888889 0.46484375 0.3090277777777778 0.462890625 0.3055555555555556 0.462890625 0.2986111111111111
0 0.640625 0.6319444444444444 0.640625 0.6006944444444444 0.64453125 0.5902777777777778 0.646484375 0.5902777777777778 0.650390625 0.6041666666666666 0.650390625 0.625 0.6484375 0.6319444444444444 0.642578125 0.6319444444444444
0 0.490234375 0.2986111111111111 0.4921875 0.3055555555555556 0.4921875 0.3263888888888889 0.490234375 0.3229166666666667 0.490234375 0.3020833333333333
0 0.494140625 0.3645833333333333 0.501953125 0.3854166666666667 0.501953125 0.3923611111111111 0.494140625 0.3784722222222222 0.494140625 0.3680555555555556
0 0.470703125 0.3576388888888889 0.474609375 0.3611111111111111 0.474609375 0.3784722222222222 0.47265625 0.3784722222222222 0.470703125 0.3611111111111111
0 0.529296875 0.3194444444444444 0.533203125 0.3194444444444444 0.53515625 0.3229166666666667 0.533203125 0.3263888888888889 0.533203125 0.3715277777777778 0.53125 0.3715277777777778 0.529296875 0.3645833333333333 0.529296875 0.3229166666666667
0 0.505859375 0.6944444444444444 0.509765625 0.7118055555555556 0.509765625 0.7256944444444444 0.505859375 0.7222222222222222 0.50390625 0.6979166666666666
0 0.6544270833333333 0.5629629629629629 0.0078125 0.0574074074074074
0 0.611328125 0.5833333333333334 0.615234375 0.5833333333333334 0.6171875 0.5902777777777778 0.619140625 0.6215277777777778 0.615234375 0.6354166666666666 0.607421875 0.6493055555555556 0.60546875 0.6493055555555556 0.6015625 0.6388888888888888 0.6015625 0.6215277777777778 0.607421875 0.6076388888888888 0.607421875 0.6006944444444444 0.611328125 0.5868055555555556
0 0.544921875 0.4201388888888889 0.546875 0.4131944444444444 0.564453125 0.4131944444444444 0.56640625 0.4166666666666667 0.56640625 0.4201388888888889 0.546875 0.4201388888888889
0 0.498046875 0.6458333333333334 0.50390625 0.6423611111111112 0.50390625 0.6527777777777778 0.5078125 0.6666666666666666 0.5078125 0.6944444444444444 0.505859375 0.6944444444444444 0.501953125 0.6805555555555556 0.501953125 0.6527777777777778 0.5 0.6493055555555556
0 0.45703125 0.375 0.462890625 0.3888888888888889 0.462890625 0.3958333333333333 0.458984375 0.3888888888888889 0.45703125 0.3784722222222222
0 0.5 0.4097222222222222 0.501953125 0.4097222222222222 0.5078125 0.4305555555555556 0.5078125 0.4375 0.50390625 0.4340277777777778 0.50390625 0.4270833333333333 0.5 0.4131944444444444