0 0.599609375 0 0.609375 0 0.609375 0.003472222222222222 0.6171875 0.013888888888888888 0.62109375 0.024305555555555556 0.626953125 0.024305555555555556 0.62890625 0.027777777777777776 0.654296875 0.027777777777777776 0.65625 0.03125 0.66796875 0.03125 0.671875 0.020833333333333332 0.671875 0.041666666666666664 0.66796875 0.052083333333333336 0.65234375 0.052083333333333336 0.650390625 0.05555555555555555 0.62109375 0.05555555555555555 0.619140625 0.04861111111111111 0.61328125 0.04513888888888889 0.61328125 0.03819444444444445 0.609375 0.03125 0.603515625 0.03125 0.599609375 0.003472222222222222
0 0.626953125 0.3263888888888889 0.634765625 0.3263888888888889 0.63671875 0.3333333333333333 0.650390625 0.3368055555555556 0.65625 0.34375 0.640625 0.3472222222222222 0.638671875 0.34375 0.626953125 0.34375 0.625 0.3402777777777778 0.619140625 0.3402777777777778 0.615234375 0.3368055555555556 0.619140625 0.3333333333333333 0.625 0.3333333333333333 0.626953125 0.3298611111111111
0 0.626953125 0.020833333333333332 0.62890625 0.020833333333333332 0.62890625 0.03819444444444445 0.623046875 0.03819444444444445 0.62109375 0.041666666666666664 0.615234375 0.03819444444444445 0.619140625 0.03819444444444445 0.62109375 0.03125 0.625 0.03125 0.626953125 0.024305555555555556
0 0.55078125 0 0.580078125 0 0.580078125 0.024305555555555556 0.576171875 0.024305555555555556 0.57421875 0.027777777777777776 0.5703125 0.027777777777777776 0.5703125 0.024305555555555556 0.56640625 0.020833333333333332 0.56640625 0.017361111111111112 0.5625 0.013888888888888888 0.560546875 0.006944444444444444 0.55859375 0.006944444444444444 0.556640625 0 0.552734375 0
0 0.57421875 0.24305555555555555 0.580078125 0.24305555555555555 0.58203125 0.25 0.587890625 0.25 0.591796875 0.2534722222222222 0.591796875 0.2743055555555556 0.583984375 0.2743055555555556 0.58203125 0.2777777777777778 0.580078125 0.2743055555555556 0.5625 0.2743055555555556 0.5625 0.2534722222222222 0.56640625 0.25 0.572265625 0.25 0.57421875 0.2465277777777778
0 0.68359375 0.7847222222222222 0.68359375 0.8159722222222222 0.6796875 0.8159722222222222 0.671875 0.8229166666666666 0.66015625 0.8125 0.66015625 0.8020833333333334 0.666015625 0.7986111111111112 0.66796875 0.7916666666666666 0.673828125 0.7916666666666666 0.681640625 0.7847222222222222
0 0.4375 0.052083333333333336 0.439453125 0.052083333333333336 0.44140625 0.04513888888888889 0.455078125 0.04513888888888889 0.45703125 0.052083333333333336 0.466796875 0.052083333333333336 0.466796875 0.0625 0.4375 0.0625 0.4375 0.05555555555555555
0 0.47627314814814814 -0.00771604938271605 0.033781828703703706 0.016075102880658436
0 0.5859375 0.3958333333333333 0.595703125 0.3958333333333333 0.59765625 0.3923611111111111 0.59765625 0.375 0.599609375 0.3715277777777778 0.60546875 0.3645833333333333 0.609375 0.3645833333333333 0.619140625 0.34375 0.626953125 0.3402777777777778 0.62890625 0.3333333333333333 0.634765625 0.3333333333333333 0.634765625 0.3819444444444444 0.6328125 0.3888888888888889 0.626953125 0.3958333333333333 0.61328125 0.4027777777777778 0.609375 0.4166666666666667 0.60546875 0.4166666666666667 0.60546875 0.4131944444444444 0.599609375 0.40625 0.595703125 0.4131944444444444 0.595703125 0.4201388888888889 0.587890625 0.4201388888888889 0.5859375 0.3993055555555556
0 0.474609375 0.0763888888888889 0.478515625 0.07291666666666667 0.4921875 0.07291666666666667 0.494140625 0.0763888888888889 0.5 0.0763888888888889 0.50390625 0.0798611111111111 0.50390625 0.08333333333333333 0.4921875 0.08333333333333333 0.48828125 0.09027777777777778 0.484375 0.09027777777777778 0.48046875 0.08333333333333333 0.474609375 0.08333333333333333 0.474609375 0.0798611111111111
0 0.58203125 0.40625 0.587890625 0.4097222222222222 0.587890625 0.4131944444444444 0.591796875 0.4166666666666667 0.591796875 0.4479166666666667 0.578125 0.4513888888888889 0.580078125 0.4479166666666667 0.576171875 0.4444444444444444 0.57421875 0.4375 0.572265625 0.4375 0.576171875 0.4340277777777778 0.576171875 0.4201388888888889 0.578125 0.4201388888888889 0.58203125 0.4097222222222222
0 0.568359375 0.2222222222222222 0.568359375 0.19791666666666666 0.591796875 0.19791666666666666 0.591796875 0.2222222222222222 0.5703125 0.2222222222222222
0 0.646484375 0.6111111111111112 0.6484375 0.6145833333333334 0.65234375 0.6145833333333334 0.65234375 0.6284722222222222 0.654296875 0.6319444444444444 0.66015625 0.6319444444444444 0.662109375 0.625 0.658203125 0.6354166666666666 0.658203125 0.6423611111111112 0.662109375 0.6493055555555556 0.662109375 0.65625 0.65234375 0.6631944444444444 0.623046875 0.6631944444444444 0.6171875 0.6701388888888888 0.60546875 0.6666666666666666 0.607421875 0.625 0.611328125 0.6215277777777778 0.611328125 0.6111111111111112 0.615234375 0.6076388888888888 0.6171875 0.6006944444444444 0.62109375 0.6006944444444444 0.625 0.6111111111111112 0.64453125 0.6111111111111112
0 0.611328125 0.7638888888888888 0.6171875 0.7638888888888888 0.626953125 0.7534722222222222 0.640625 0.7534722222222222 0.640625 0.7777777777777778 0.638671875 0.7777777777777778 0.63671875 0.7847222222222222 0.62109375 0.7847222222222222 0.619140625 0.7881944444444444 0.615234375 0.7881944444444444 0.61328125 0.7847222222222222 0.603515625 0.7847222222222222 0.607421875 0.78125 0.607421875 0.7708333333333334 0.611328125 0.7673611111111112
0 0.55859375 0.3055555555555556 0.564453125 0.3090277777777778 0.564453125 0.3263888888888889 0.568359375 0.3298611111111111 0.568359375 0.3333333333333333 0.560546875 0.3402777777777778 0.5546875 0.3368055555555556 0.5546875 0.3125 0.55859375 0.3090277777777778
0 0.435546875 0.11458333333333333 0.439453125 0.11805555555555555 0.44140625 0.125 0.443359375 0.125 0.43359375 0.125 0.431640625 0.1284722222222222 0.40625 0.125 0.40625 0.11805555555555555 0.412109375 0.11458333333333333 0.4140625 0.1076388888888889 0.427734375 0.1076388888888889 0.4296875 0.11458333333333333 0.43359375 0.11458333333333333
0 0.380859375 0.1423611111111111 0.388671875 0.1423611111111111 0.390625 0.14930555555555555 0.4140625 0.1597222222222222 0.41796875 0.16319444444444445 0.42578125 0.18055555555555555 0.42578125 0.19444444444444445 0.400390625 0.19444444444444445 0.3984375 0.19791666666666666 0.369140625 0.19444444444444445 0.369140625 0.15625 0.376953125 0.1527777777777778 0.380859375 0.14583333333333334
0 0.69140625 0.8680555555555556 0.6953125 0.8680555555555556 0.6953125 0.8715277777777778 0.703125 0.8819444444444444 0.734375 0.8819444444444444 0.734375 0.9131944444444444 0.73046875 0.9131944444444444 0.728515625 0.9166666666666666 0.72265625 0.90625 0.712890625 0.8958333333333334 0.708984375 0.8958333333333334 0.701171875 0.8888888888888888 0.689453125 0.8923611111111112 0.69140625 0.8715277777777778
0 0.734375 0.1076388888888889 0.734375 0.16319444444444445 0.712890625 0.16666666666666666 0.7109375 0.1701388888888889 0.697265625 0.1736111111111111 0.68359375 0.1840277777777778 0.67578125 0.1840277777777778 0.673828125 0.1875 0.666015625 0.1875 0.6640625 0.1909722222222222 0.66015625 0.1875 0.650390625 0.1875 0.650390625 0.1840277777777778 0.65625 0.17708333333333334 0.66015625 0.17708333333333334 0.666015625 0.1701388888888889 0.669921875 0.1701388888888889 0.67578125 0.16319444444444445 0.6796875 0.16319444444444445 0.6875 0.15625 0.6953125 0.1284722222222222 0.69921875 0.1284722222222222 0.70703125 0.12152777777777778 0.72265625 0.11805555555555555 0.732421875 0.1111111111111111