0 0.74609375 0.7665505226480837 0.7421875 0.7770034843205574 0.7421875 0.7839721254355401 0.73828125 0.7909407665505227 0.728515625 0.7979094076655052 0.693359375 0.7979094076655052 0.689453125 0.794425087108014 0.689453125 0.7770034843205574 0.70703125 0.7735191637630662 0.71484375 0.7665505226480837 0.744140625 0.7665505226480837
0 0.609375 0.4738675958188153 0.619140625 0.4738675958188153 0.62109375 0.4808362369337979 0.634765625 0.4808362369337979 0.63671875 0.4738675958188153 0.640625 0.4738675958188153 0.640625 0.5121951219512195 0.6328125 0.519163763066202 0.62890625 0.519163763066202 0.623046875 0.5261324041811847 0.587890625 0.5261324041811847 0.583984375 0.519163763066202 0.583984375 0.5017421602787456 0.58984375 0.4912891986062718 0.59375 0.4912891986062718 0.609375 0.47735191637630664
0 0.7578125 0.6829268292682927 0.771484375 0.6829268292682927 0.7734375 0.6898954703832753 0.779296875 0.6898954703832753 0.783203125 0.6933797909407665 0.783203125 0.7073170731707317 0.787109375 0.7142857142857143 0.787109375 0.7282229965156795 0.783203125 0.7282229965156795 0.78125 0.7317073170731707 0.7734375 0.7282229965156795 0.767578125 0.7212543554006968 0.765625 0.7142857142857143 0.759765625 0.7142857142857143 0.75 0.7038327526132404 0.751953125 0.6898954703832753 0.755859375 0.6898954703832753 0.7578125 0.686411149825784
0 0.16796875 0.3797909407665505 0.169921875 0.3832752613240418 0.169921875 0.39372822299651566 0.166015625 0.39372822299651566 0.1640625 0.397212543554007 0.162109375 0.4181184668989547 0.154296875 0.42160278745644597 0.142578125 0.4355400696864111 0.13671875 0.4355400696864111 0.12890625 0.445993031358885 0.1171875 0.44947735191637633 0.115234375 0.4529616724738676 0.083984375 0.4529616724738676 0.08203125 0.44947735191637633 0.08203125 0.42857142857142855 0.08984375 0.4146341463414634 0.09375 0.40418118466898956 0.09375 0.397212543554007 0.09765625 0.397212543554007 0.10546875 0.3797909407665505 0.115234375 0.3797909407665505 0.1171875 0.37630662020905925 0.134765625 0.37630662020905925 0.13671875 0.37282229965156793 0.140625 0.37630662020905925 0.15234375 0.37630662020905925 0.154296875 0.3797909407665505 0.166015625 0.3797909407665505
0 0.267578125 0.05226480836236934 0.267578125 0.07665505226480836 0.26171875 0.08362369337979095 0.251953125 0.08362369337979095 0.25 0.08710801393728224 0.22265625 0.08362369337979095 0.21875 0.08013937282229965 0.21875 0.059233449477351915 0.234375 0.059233449477351915 0.236328125 0.05574912891986063 0.24609375 0.05574912891986063 0.248046875 0.05226480836236934 0.265625 0.05226480836236934
0 0.72265625 0.5679442508710801 0.73828125 0.5679442508710801 0.73828125 0.5714285714285714 0.740234375 0.5749128919860628 0.744140625 0.5749128919860628 0.748046875 0.5853658536585366 0.748046875 0.6097560975609756 0.744140625 0.6097560975609756 0.7421875 0.6132404181184669 0.7109375 0.6132404181184669 0.703125 0.6062717770034843 0.705078125 0.5888501742160279 0.70703125 0.5853658536585366 0.716796875 0.5818815331010453 0.71875 0.5749128919860628 0.72265625 0.5714285714285714
0 0.72265625 0.7212543554006968 0.740234375 0.7212543554006968 0.7421875 0.7282229965156795 0.7421875 0.7456445993031359 0.7265625 0.7491289198606271 0.724609375 0.7456445993031359 0.716796875 0.7456445993031359 0.716796875 0.7317073170731707 0.72265625 0.7247386759581882
0 0.85546875 0.686411149825784 0.86328125 0.686411149825784 0.86328125 0.6898954703832753 0.869140625 0.6968641114982579 0.869140625 0.710801393728223 0.861328125 0.710801393728223 0.859375 0.7142857142857143 0.84375 0.710801393728223 0.84375 0.7038327526132404 0.84765625 0.7038327526132404 0.849609375 0.7003484320557491 0.849609375 0.6933797909407665 0.853515625 0.6933797909407665 0.85546875 0.6898954703832753
0 0.728515625 0.06620209059233449 0.732421875 0.06620209059233449 0.734375 0.07317073170731707 0.740234375 0.07665505226480836 0.7421875 0.09407665505226481 0.748046875 0.10104529616724739 0.748046875 0.1254355400696864 0.744140625 0.1289198606271777 0.734375 0.1289198606271777 0.732421875 0.1254355400696864 0.728515625 0.1254355400696864 0.728515625 0.11498257839721254 0.7265625 0.11149825783972125 0.7265625 0.08362369337979095 0.72265625 0.08013937282229965 0.72265625 0.07665505226480836 0.728515625 0.06968641114982578
0 0.4296875 0.26480836236933797 0.4453125 0.26480836236933797 0.44921875 0.2682926829268293 0.44921875 0.27526132404181186 0.451171875 0.2787456445993031 0.451171875 0.289198606271777 0.447265625 0.2926829268292683 0.4296875 0.289198606271777 0.4296875 0.2682926829268293
0 0.759765625 0.6829268292682927 0.77734375 0.6829268292682927 0.77734375 0.7073170731707317 0.767578125 0.7073170731707317 0.765625 0.710801393728223 0.76171875 0.7073170731707317 0.748046875 0.7073170731707317 0.748046875 0.7003484320557491 0.751953125 0.6968641114982579 0.751953125 0.6898954703832753 0.7578125 0.6898954703832753 0.759765625 0.686411149825784
0 0.642578125 0.6689895470383276 0.650390625 0.6689895470383276 0.650390625 0.7142857142857143 0.642578125 0.7212543554006968 0.640625 0.7282229965156795 0.625 0.7282229965156795 0.62109375 0.7212543554006968 0.61328125 0.7177700348432056 0.61328125 0.710801393728223 0.615234375 0.710801393728223 0.619140625 0.7003484320557491 0.62890625 0.6898954703832753 0.62890625 0.6794425087108014 0.640625 0.6759581881533101 0.642578125 0.6724738675958188