0 0.53422283203125 0.06930570034843206 0.51594046875 0.08246014285714286 0.51594046875 0.09373537979094076 0.540316953125 0.10125220209059234 0.54641107421875 0.09185617073170732 0.54641107421875 0.08058093728222997 0.54519225 0.07494331707317073 0.53544165625 0.07118490592334495 0.53422283203125 0.06930570034843206
0 0.5207410234375 0.4644491707317073 0.51357230859375 0.4747874459930313 0.5123775234375 0.48857181533101046 0.515961880859375 0.49546399651567946 0.524325380859375 0.5006331358885018 0.541052380859375 0.4971870452961672 0.543441953125 0.4868487665505226 0.525520166015625 0.4644491707317073 0.5207410234375 0.4644491707317073
0 0.524731541015625 0.06199140069686411 0.510240994140625 0.05447457839721254 0.504667705078125 0.05447457839721254 0.497979759765625 0.06011219512195121 0.4957504453125 0.07514584320557491 0.49909441796875 0.08266266898954704 0.513584966796875 0.08642108013937282 0.528075513671875 0.07890425783972126 0.529190171875 0.06950822648083624 0.524731541015625 0.06199140069686411
0 0.530220798828125 0.04429037979094077 0.538584298828125 0.051462006968641116 0.5565060859375 0.051462006968641116 0.5565060859375 0.024568400696864112 0.5481425859375 0.01739677351916376 0.537389513671875 0.01739677351916376 0.52544165625 0.024568400696864112 0.530220798828125 0.04429037979094077
0 0.3838091875 0 0.3815930390625 0.0006510696864111498 0.376391775390625 0.009819365853658536 0.39199556640625 0.02815595818815331 0.41176037109375 0.02815595818815331 0.412800623046875 0.013486682926829268 0.40344924609375 0 0.3838091875 0
0 0.508814578125 0.36601973867595816 0.526638986328125 0.37668733101045293 0.53427801953125 0.3705915644599303 0.53809753515625 0.3477324355400697 0.518999955078125 0.3309690731707317 0.517726783203125 0.3309690731707317 0.51008775 0.3431606097560975 0.508814578125 0.36601973867595816
0 0.56897639453125 0.41484556794425087 0.549881560546875 0.38817482926829266 0.54554182421875 0.38817482926829266 0.54120208984375 0.38817482926829266 0.529918779296875 0.4089187386759582 0.52123930859375 0.41484556794425087 0.522975203125 0.4207724006968641 0.5195034140625 0.43707118466898953 0.56897639453125 0.43707118466898953 0.56897639453125 0.41484556794425087
0 0.55097609765625 0.07195595470383274 0.56116965625 0.08112425087108013 0.574761064453125 0.08112425087108013 0.583822001953125 0.06462131707317073 0.580424150390625 0.04995204181184669 0.575893681640625 0.04811838327526133 0.567965359375 0.04811838327526133 0.55324133203125 0.06278765853658536 0.55097609765625 0.07195595470383274
0 0.568197001953125 0.061833860627177696 0.57069962890625 0.06792962717770035 0.5998969375 0.09383664111498258 0.61824953125 0.09231270034843206 0.622420576171875 0.08621693031358885 0.61824953125 0.06792962717770035 0.608239025390625 0.05726203484320558 0.584046970703125 0.05421414982578397 0.573202255859375 0.04811838327526133 0.568197001953125 0.061833860627177696
0 0.439734640625 0.7264927491289199 0.456140111328125 0.7294561637630662 0.48320913671875 0.7190842090592335 0.48977132421875 0.7116756724738676 0.49059159765625 0.7013037177700349 0.48813077734375 0.6938951777003485 0.47664694921875 0.6938951777003485 0.461061751953125 0.6805598083623693 0.460241478515625 0.6805598083623693 0.44465628125 0.6864866376306621 0.436453546875 0.7027854250871081 0.4339927265625 0.7190842090592335 0.439734640625 0.7264927491289199
0 0.69791081640625 0.03538572473867596 0.71701015625 0.01791632055749129 0.71921392578125 0.012541121951219512 0.71774474609375 0.00044691986062717765 0.713337205078125 0.00044691986062717765 0.70084917578125 0.020603923344947733 0.67146557421875 0.015228721254355402 0.660446724609375 0.019260121951219514 0.646489515625 0.01791632055749129 0.6450203359375 0.024635324041811846 0.642816564453125 0.020603923344947733 0.637674435546875 0.0219477212543554 0.642816564453125 0.023291522648083623 0.64869328515625 0.036729526132404176 0.649427875 0.05285512543554007 0.660446724609375 0.0447923275261324 0.66558885546875 0.051511327526132404 0.66705803515625 0.0649493275261324 0.66999639453125 0.06629312891986062 0.675873115234375 0.043448526132404186 0.69791081640625 0.03538572473867596
0 0.444273306640625 0.43329650522648083 0.438498123046875 0.4278975993031359 0.439220021484375 0.4170997944250871 0.442829509765625 0.40900143902439023 0.4334448359375 0.3928047282229965 0.418284978515625 0.38605609756097564 0.413953591796875 0.38605609756097564 0.400237529296875 0.390105275261324 0.382911978515625 0.4063019860627178 0.357645548828125 0.39415445296167245 0.356201751953125 0.40495226132404183 0.371361609375 0.419799243902439 0.37280540625 0.4278975993031359 0.3706397109375 0.448143487804878 0.375692998046875 0.4454440383275261 0.382190080078125 0.43329650522648083 0.38940905859375 0.4292473275261324 0.406012712890625 0.43329650522648083 0.41611928515625 0.45084294076655046 0.437054326171875 0.448143487804878 0.44138571484375 0.44274458536585365 0.43994191796875 0.43734568292682924 0.444273306640625 0.43329650522648083