0 0.505859375 0.04529616724738676 0.505859375 0.04878048780487805 0.509765625 0.05574912891986063 0.513671875 0.05574912891986063 0.51953125 0.06968641114982578 0.51953125 0.07665505226480836 0.517578125 0.08013937282229965 0.509765625 0.07665505226480836 0.5078125 0.06968641114982578 0.50390625 0.06620209059233449 0.505859375 0.059233449477351915 0.505859375 0.04878048780487805
0 0.328125 0.017421602787456445 0.333984375 0.017421602787456445 0.333984375 0.041811846689895474 0.3359375 0.04529616724738676 0.333984375 0.05226480836236934 0.333984375 0.06620209059233449 0.33203125 0.06968641114982578 0.32421875 0.06620209059233449 0.32421875 0.024390243902439025 0.328125 0.020905923344947737
0 0.509765625 0.2926829268292683 0.51171875 0.2926829268292683 0.513671875 0.29965156794425085 0.51953125 0.29965156794425085 0.521484375 0.30313588850174217 0.525390625 0.2926829268292683 0.52734375 0.2926829268292683 0.52734375 0.3170731707317073 0.5234375 0.3170731707317073 0.521484375 0.3205574912891986 0.521484375 0.32752613240418116 0.517578125 0.32752613240418116 0.509765625 0.3205574912891986 0.509765625 0.2961672473867596
0 0.55859375 0.6376306620209059 0.5703125 0.6515679442508711 0.583984375 0.6515679442508711 0.583984375 0.6585365853658537 0.58203125 0.662020905923345 0.5859375 0.6689895470383276 0.591796875 0.662020905923345 0.587890625 0.6724738675958188 0.59375 0.6794425087108014 0.591796875 0.6829268292682927 0.591796875 0.6898954703832753 0.58203125 0.6968641114982579 0.5703125 0.6968641114982579 0.568359375 0.6933797909407665 0.564453125 0.6933797909407665 0.556640625 0.7003484320557491 0.55078125 0.7003484320557491 0.5546875 0.6829268292682927 0.5546875 0.6585365853658537 0.55859375 0.6411149825783972
0 0.61328125 0.8083623693379791 0.615234375 0.8118466898954704 0.615234375 0.818815331010453 0.61328125 0.8222996515679443 0.615234375 0.8432055749128919 0.61328125 0.8466898954703833 0.607421875 0.8466898954703833 0.603515625 0.8432055749128919 0.599609375 0.8327526132404182 0.6015625 0.8327526132404182 0.60546875 0.8222996515679443 0.61328125 0.818815331010453 0.615234375 0.8118466898954704
0 0.625 0.09407665505226481 0.6328125 0.09407665505226481 0.634765625 0.0975609756097561 0.634765625 0.11498257839721254 0.626953125 0.11498257839721254 0.625 0.11846689895470383 0.62109375 0.11149825783972125 0.625 0.0975609756097561
0 0.546875 0.04529616724738676 0.548828125 0.04529616724738676 0.548828125 0.05574912891986063 0.556640625 0.06968641114982578 0.560546875 0.06968641114982578 0.56640625 0.07665505226480836 0.595703125 0.07665505226480836 0.59765625 0.08013937282229965 0.6015625 0.08013937282229965 0.609375 0.07317073170731707 0.609375 0.08013937282229965 0.6015625 0.09059233449477352 0.595703125 0.09059233449477352 0.59375 0.09407665505226481 0.5703125 0.09407665505226481 0.568359375 0.09059233449477352 0.5625 0.09059233449477352 0.556640625 0.08013937282229965 0.548828125 0.07317073170731707 0.546875 0.05574912891986063 0.544921875 0.05226480836236934 0.546875 0.04878048780487805
0 0.34765625 0.1986062717770035 0.349609375 0.1986062717770035 0.3515625 0.20557491289198607 0.357421875 0.20557491289198607 0.369140625 0.21602787456445993 0.369140625 0.21951219512195122 0.33984375 0.21951219512195122 0.337890625 0.21602787456445993 0.337890625 0.20905923344947736 0.341796875 0.20905923344947736 0.34765625 0.20209059233449478
0 0.357421875 0.1602787456445993 0.36328125 0.1602787456445993 0.3671875 0.16376306620209058 0.365234375 0.17073170731707318 0.357421875 0.17073170731707318 0.357421875 0.16376306620209058
0 0.505859375 0.6132404181184669 0.521484375 0.6132404181184669 0.5234375 0.6202090592334495 0.52734375 0.6202090592334495 0.52734375 0.6306620209059234 0.525390625 0.6341463414634146 0.51953125 0.6341463414634146 0.517578125 0.6376306620209059 0.505859375 0.6376306620209059 0.50390625 0.6411149825783972 0.4921875 0.6411149825783972 0.490234375 0.6376306620209059 0.4921875 0.6306620209059234 0.49609375 0.6236933797909407 0.505859375 0.6167247386759582
0 0.4375 0.017421602787456445 0.44140625 0.017421602787456445 0.44140625 0.020905923344947737 0.453125 0.03832752613240418 0.462890625 0.03832752613240418 0.46484375 0.041811846689895474 0.47265625 0.03832752613240418 0.478515625 0.04529616724738676 0.478515625 0.05226480836236934 0.48046875 0.05574912891986063 0.48046875 0.0627177700348432 0.4765625 0.07317073170731707 0.466796875 0.07317073170731707 0.462890625 0.06620209059233449 0.45703125 0.06620209059233449 0.451171875 0.07317073170731707 0.447265625 0.07317073170731707 0.443359375 0.06968641114982578 0.443359375 0.059233449477351915 0.4375 0.041811846689895474 0.4375 0.0313588850174216 0.43359375 0.027874564459930314 0.43359375 0.024390243902439025 0.4375 0.020905923344947737
0 0.564453125 0.3588850174216028 0.56640625 0.3623693379790941 0.578125 0.3623693379790941 0.578125 0.37282229965156793 0.576171875 0.3797909407665505 0.580078125 0.3902439024390244 0.572265625 0.397212543554007 0.5703125 0.40418118466898956 0.5703125 0.4146341463414634 0.564453125 0.4146341463414634 0.556640625 0.42160278745644597 0.55078125 0.445993031358885 0.548828125 0.445993031358885 0.548828125 0.4250871080139373 0.54296875 0.41114982578397213 0.546875 0.41114982578397213 0.55078125 0.40418118466898956 0.55078125 0.39372822299651566 0.548828125 0.3867595818815331 0.552734375 0.37282229965156793 0.548828125 0.3623693379790941 0.552734375 0.3588850174216028 0.5625 0.3588850174216028
0 0.46875 0 0.494140625 0 0.486328125 0.006968641114982578 0.482421875 0.006968641114982578 0.48046875 0.003484320557491289 0.46875 0.003484320557491289
0 0.384765625 0.027874564459930314 0.388671875 0.0313588850174216 0.388671875 0.041811846689895474 0.384765625 0.04529616724738676 0.37890625 0.04529616724738676 0.375 0.041811846689895474 0.375 0.0313588850174216 0.376953125 0.027874564459930314 0.3828125 0.027874564459930314
0 0.423828125 0.12195121951219512 0.42578125 0.1254355400696864 0.42578125 0.13240418118466898 0.41796875 0.13937282229965156 0.408203125 0.1289198606271777 0.41015625 0.1289198606271777 0.4140625 0.11846689895470383 0.419921875 0.11846689895470383 0.421875 0.12195121951219512
0 0.400390625 0.0313588850174216 0.40234375 0.0313588850174216 0.404296875 0.03832752613240418 0.408203125 0.03832752613240418 0.4140625 0.04529616724738676 0.416015625 0.041811846689895474 0.4140625 0.04878048780487805 0.3984375 0.04878048780487805 0.396484375 0.041811846689895474 0.400390625 0.03484320557491289
0 0.568359375 0.794425087108014 0.568359375 0.8083623693379791 0.56640625 0.8153310104529616 0.55859375 0.8257839721254355 0.55859375 0.8292682926829268 0.546875 0.8327526132404182 0.541015625 0.8397212543554007 0.5390625 0.8362369337979094 0.5390625 0.8222996515679443 0.541015625 0.8222996515679443 0.548828125 0.8048780487804879 0.552734375 0.8048780487804879 0.5546875 0.8013937282229965 0.564453125 0.8013937282229965 0.56640625 0.7979094076655052
0 0.513671875 0.45993031358885017 0.517578125 0.45993031358885017 0.5234375 0.4738675958188153 0.5234375 0.49825783972125437 0.517578125 0.4912891986062718 0.51171875 0.4912891986062718 0.509765625 0.4878048780487805 0.51171875 0.4878048780487805 0.515625 0.47735191637630664 0.513671875 0.4634146341463415
0 0.6171875 0.024390243902439025 0.62109375 0.024390243902439025 0.623046875 0.0313588850174216 0.623046875 0.03832752613240418 0.62109375 0.041811846689895474 0.6171875 0.041811846689895474 0.615234375 0.03832752613240418 0.6171875 0.027874564459930314
0 0.375 0.10104529616724739 0.3828125 0.10104529616724739 0.384765625 0.10801393728222997 0.388671875 0.10801393728222997 0.38671875 0.11498257839721254 0.375 0.11498257839721254 0.375 0.10452961672473868
0 0.349609375 0.05574912891986063 0.35546875 0.05574912891986063 0.35546875 0.06620209059233449 0.353515625 0.06968641114982578 0.34765625 0.06968641114982578 0.345703125 0.06620209059233449 0.345703125 0.0627177700348432 0.349609375 0.059233449477351915
0 0.416015625 0.006968641114982578 0.41796875 0.006968641114982578 0.41796875 0.024390243902439025 0.416015625 0.024390243902439025 0.416015625 0.010452961672473868
0 0.634765625 0.6898954703832753 0.65625 0.6933797909407665 0.6640625 0.7003484320557491 0.666015625 0.7073170731707317 0.666015625 0.8013937282229965 0.6640625 0.8048780487804879 0.646484375 0.8048780487804879 0.64453125 0.8013937282229965 0.640625 0.8013937282229965 0.63671875 0.794425087108014 0.634765625 0.7804878048780488 0.630859375 0.7770034843205574 0.630859375 0.7491289198606271 0.634765625 0.7456445993031359 0.634765625 0.7282229965156795 0.63671875 0.7247386759581882 0.634765625 0.6933797909407665
0 0.5078125 0.3588850174216028 0.5078125 0.3902439024390244 0.50390625 0.3902439024390244 0.501953125 0.3867595818815331 0.501953125 0.37282229965156793 0.50390625 0.36585365853658536 0.5078125 0.3623693379790941
0 0.4008426966292135 -0.0070156207180049335 0.024692766853932586 0.020044630622871238
0 0.546875 0.07665505226480836 0.5546875 0.07665505226480836 0.556640625 0.08013937282229965 0.556640625 0.09059233449477352 0.546875 0.09059233449477352 0.546875 0.08013937282229965
0 0.6640625 0.40418118466898956 0.666015625 0.40418118466898956 0.666015625 0.4843205574912892 0.6640625 0.4634146341463415 0.66015625 0.4564459930313589 0.654296875 0.4564459930313589 0.642578125 0.4425087108013937 0.642578125 0.4355400696864111 0.6484375 0.4181184668989547 0.654296875 0.41114982578397213 0.662109375 0.41114982578397213 0.6640625 0.4076655052264808
0 0.529296875 0.24390243902439024 0.529296875 0.2613240418118467 0.52734375 0.2682926829268293 0.525390625 0.2682926829268293 0.52734375 0.26480836236933797 0.525390625 0.2613240418118467 0.521484375 0.2613240418118467 0.521484375 0.2578397212543554 0.525390625 0.2578397212543554 0.52734375 0.25435540069686413 0.52734375 0.24738675958188153