0 0.65625 0.6236933797909407 0.666015625 0.6236933797909407 0.666015625 0.627177700348432 0.669921875 0.6306620209059234 0.669921875 0.6376306620209059 0.673828125 0.6411149825783972 0.673828125 0.686411149825784 0.669921875 0.6898954703832753 0.662109375 0.6898954703832753 0.66015625 0.6933797909407665 0.6484375 0.6898954703832753 0.64453125 0.686411149825784 0.64453125 0.6655052264808362 0.6484375 0.662020905923345 0.6484375 0.6550522648083623 0.650390625 0.6550522648083623 0.65234375 0.6515679442508711 0.65234375 0.6445993031358885 0.65625 0.6411149825783972 0.65625 0.627177700348432
0 0.525390625 0.8327526132404182 0.52734375 0.8362369337979094 0.52734375 0.8571428571428571 0.521484375 0.8571428571428571 0.521484375 0.8501742160278746 0.51953125 0.8466898954703833 0.515625 0.8466898954703833 0.515625 0.8362369337979094 0.5234375 0.8327526132404182
0 0.578125 0.0975609756097561 0.587890625 0.0975609756097561 0.58984375 0.10452961672473868 0.595703125 0.10452961672473868 0.599609375 0.10801393728222997 0.607421875 0.11846689895470383 0.611328125 0.11846689895470383 0.615234375 0.1254355400696864 0.619140625 0.1254355400696864 0.62109375 0.13240418118466898 0.62109375 0.17770034843205576 0.6171875 0.18118466898954705 0.609375 0.18118466898954705 0.609375 0.17770034843205576 0.611328125 0.17770034843205576 0.6171875 0.1672473867595819 0.6171875 0.1602787456445993 0.60546875 0.14285714285714285 0.6015625 0.14285714285714285 0.591796875 0.13240418118466898 0.583984375 0.13240418118466898 0.58203125 0.1289198606271777 0.58203125 0.12195121951219512 0.578125 0.11846689895470383 0.576171875 0.11149825783972125 0.576171875 0.10452961672473868 0.578125 0.10104529616724739
0 0.541015625 0.5017421602787456 0.55859375 0.5052264808362369 0.55859375 0.519163763066202 0.552734375 0.519163763066202 0.552734375 0.5121951219512195 0.55078125 0.5087108013937283 0.546875 0.5087108013937283 0.546875 0.5052264808362369 0.54296875 0.5017421602787456
0 0.6015625 0.8118466898954704 0.607421875 0.8118466898954704 0.611328125 0.8083623693379791 0.61328125 0.8118466898954704 0.6171875 0.8118466898954704 0.6171875 0.818815331010453 0.619140625 0.8222996515679443 0.623046875 0.8222996515679443 0.623046875 0.8292682926829268 0.615234375 0.8327526132404182 0.61328125 0.8292682926829268 0.607421875 0.8292682926829268 0.60546875 0.8222996515679443 0.6015625 0.8222996515679443 0.6015625 0.8153310104529616
0 0.51171875 0.36585365853658536 0.5234375 0.36585365853658536 0.5234375 0.37282229965156793 0.51953125 0.37630662020905925 0.515625 0.3693379790940767 0.51171875 0.3693379790940767
0 0.50390625 0.4425087108013937 0.51953125 0.4425087108013937 0.521484375 0.44947735191637633 0.525390625 0.44947735191637633 0.525390625 0.4529616724738676 0.517578125 0.4564459930313589 0.515625 0.4529616724738676 0.50390625 0.44947735191637633 0.50390625 0.445993031358885
0 0.529296875 0.44947735191637633 0.533203125 0.44947735191637633 0.53515625 0.445993031358885 0.544921875 0.445993031358885 0.546875 0.44947735191637633 0.55078125 0.44947735191637633 0.55078125 0.45993031358885017 0.541015625 0.45993031358885017 0.5390625 0.4564459930313589 0.53515625 0.4564459930313589 0.53515625 0.4529616724738676 0.53125 0.44947735191637633
0 0.521484375 0.09059233449477352 0.52734375 0.09059233449477352 0.529296875 0.09407665505226481 0.54296875 0.09407665505226481 0.54296875 0.10104529616724739 0.5390625 0.10104529616724739 0.53515625 0.10801393728222997 0.537109375 0.1289198606271777 0.541015625 0.13240418118466898 0.541015625 0.15331010452961671 0.537109375 0.156794425087108 0.537109375 0.1672473867595819 0.533203125 0.18118466898954705 0.521484375 0.1951219512195122 0.51171875 0.1986062717770035 0.50390625 0.1916376306620209 0.50390625 0.16376306620209058 0.501953125 0.156794425087108 0.498046875 0.15331010452961671 0.498046875 0.14982578397212543 0.505859375 0.14982578397212543 0.51171875 0.13588850174216027 0.51171875 0.12195121951219512 0.51953125 0.11498257839721254 0.525390625 0.10452961672473868 0.521484375 0.09407665505226481
0 0.7109375 0.0627177700348432 0.71484375 0.0627177700348432 0.71484375 0.07317073170731707 0.712890625 0.07665505226480836 0.708984375 0.07665505226480836 0.7109375 0.07317073170731707 0.7109375 0.06620209059233449
0 0.490234375 0.4146341463414634 0.49609375 0.4146341463414634 0.498046875 0.41114982578397213 0.50390625 0.4146341463414634 0.505859375 0.4181184668989547 0.505859375 0.42857142857142855 0.50390625 0.43205574912891986 0.5 0.43205574912891986 0.501953125 0.42857142857142855 0.4921875 0.4146341463414634
0 0.51953125 0.3797909407665505 0.52734375 0.3797909407665505 0.5234375 0.3902439024390244 0.521484375 0.3902439024390244 0.51953125 0.3832752613240418
0 0.521484375 0.8397212543554007 0.533203125 0.8432055749128919 0.533203125 0.8571428571428571 0.53125 0.8606271777003485 0.52734375 0.8606271777003485 0.52734375 0.8501742160278746 0.525390625 0.8466898954703833 0.521484375 0.8466898954703833 0.521484375 0.8432055749128919
0 0.494140625 0.4634146341463415 0.498046875 0.4634146341463415 0.5 0.47038327526132406 0.50390625 0.47038327526132406 0.505859375 0.4738675958188153 0.505859375 0.4808362369337979 0.5 0.4878048780487805 0.494140625 0.4808362369337979 0.494140625 0.46689895470383275
0 0.5078125 0.8013937282229965 0.517578125 0.8013937282229965 0.51953125 0.8048780487804879 0.51953125 0.8222996515679443 0.5078125 0.8222996515679443 0.5078125 0.8048780487804879
0 0.525390625 0.39372822299651566 0.529296875 0.39372822299651566 0.537109375 0.40069686411149824 0.537109375 0.43902439024390244 0.537109375 0.43205574912891986 0.53515625 0.42857142857142855 0.53125 0.42857142857142855 0.53125 0.4181184668989547 0.529296875 0.4146341463414634 0.525390625 0.4146341463414634 0.525390625 0.397212543554007
0 0.48828125 0.3902439024390244 0.498046875 0.3902439024390244 0.5 0.397212543554007 0.509765625 0.40069686411149824 0.509765625 0.4076655052264808 0.50390625 0.4146341463414634 0.498046875 0.40069686411149824 0.494140625 0.40069686411149824 0.4921875 0.39372822299651566 0.48828125 0.39372822299651566
0 0.51171875 0.7979094076655052 0.529296875 0.8013937282229965 0.529296875 0.8153310104529616 0.525390625 0.8153310104529616 0.5234375 0.818815331010453 0.521484375 0.818815331010453 0.51953125 0.8118466898954704 0.51171875 0.8118466898954704 0.51171875 0.8013937282229965
0 0.5703125 0.8257839721254355 0.572265625 0.8292682926829268 0.572265625 0.8362369337979094 0.580078125 0.8432055749128919 0.58203125 0.8501742160278746 0.58203125 0.8815331010452961 0.578125 0.8815331010452961 0.576171875 0.8850174216027874 0.578125 0.8815331010452961 0.57421875 0.8780487804878049 0.572265625 0.8710801393728222 0.5703125 0.8710801393728222 0.5703125 0.8397212543554007 0.568359375 0.8362369337979094 0.560546875 0.8362369337979094 0.564453125 0.8362369337979094 0.56640625 0.8292682926829268 0.568359375 0.8292682926829268
0 0.35546875 0.289198606271777 0.36328125 0.289198606271777 0.36328125 0.3205574912891986 0.35546875 0.3205574912891986 0.35546875 0.2926829268292683
0 0.4921875 0.4355400696864111 0.509765625 0.4355400696864111 0.509765625 0.445993031358885 0.501953125 0.445993031358885 0.5 0.43902439024390244 0.4921875 0.43902439024390244
0 0.654296875 0.7282229965156795 0.6640625 0.7282229965156795 0.6640625 0.7804878048780488 0.658203125 0.7804878048780488 0.65625 0.7839721254355401 0.6484375 0.7804878048780488 0.6484375 0.7630662020905923 0.646484375 0.759581881533101 0.642578125 0.759581881533101 0.642578125 0.7456445993031359 0.646484375 0.7456445993031359 0.6484375 0.7421602787456446 0.6484375 0.735191637630662 0.65234375 0.735191637630662 0.654296875 0.7317073170731707
0 0.5859375 0.41114982578397213 0.5859375 0.4634146341463415 0.580078125 0.4634146341463415 0.578125 0.46689895470383275 0.576171875 0.46689895470383275 0.576171875 0.4564459930313589 0.57421875 0.4529616724738676 0.5703125 0.4529616724738676 0.5703125 0.42160278745644597 0.568359375 0.4181184668989547 0.564453125 0.4181184668989547 0.564453125 0.4146341463414634 0.568359375 0.4146341463414634 0.5703125 0.41114982578397213 0.583984375 0.41114982578397213
0 0.6796875 0.7491289198606271 0.708984375 0.7526132404181185 0.708984375 0.8327526132404182 0.705078125 0.8362369337979094 0.703125 0.8432055749128919 0.69921875 0.8466898954703833 0.69921875 0.8501742160278746 0.689453125 0.8466898954703833 0.689453125 0.8432055749128919 0.685546875 0.8397212543554007 0.685546875 0.8362369337979094 0.681640625 0.8327526132404182 0.6796875 0.8257839721254355 0.6796875 0.794425087108014 0.67578125 0.7909407665505227 0.673828125 0.7839721254355401 0.671875 0.7839721254355401 0.671875 0.7804878048780488 0.67578125 0.7770034843205574 0.67578125 0.7560975609756098 0.6796875 0.7526132404181185
0 0.521484375 0.7874564459930313 0.537109375 0.7874564459930313 0.537109375 0.794425087108014 0.5390625 0.7979094076655052 0.5390625 0.8118466898954704 0.533203125 0.8118466898954704 0.53125 0.8083623693379791 0.52734375 0.8083623693379791 0.52734375 0.8013937282229965 0.525390625 0.7979094076655052 0.521484375 0.7979094076655052 0.521484375 0.7909407665505227
0 0.5 0.8083623693379791 0.517578125 0.8083623693379791 0.517578125 0.8292682926829268 0.5 0.8292682926829268 0.5 0.8118466898954704
0 0.58203125 0.44947735191637633 0.611328125 0.44947735191637633 0.611328125 0.4529616724738676 0.607421875 0.4564459930313589 0.583984375 0.4564459930313589 0.58203125 0.4529616724738676
0 0.62890625 0.6968641114982579 0.634765625 0.6968641114982579 0.63671875 0.7038327526132404 0.646484375 0.710801393728223 0.646484375 0.7142857142857143 0.650390625 0.7177700348432056 0.650390625 0.7700348432055749 0.646484375 0.7700348432055749 0.64453125 0.7735191637630662 0.62890625 0.7700348432055749 0.6328125 0.7665505226480837 0.6328125 0.7560975609756098 0.62890625 0.7526132404181185 0.62890625 0.7491289198606271 0.625 0.7456445993031359 0.623046875 0.7386759581881533 0.62109375 0.7386759581881533 0.62109375 0.7317073170731707 0.625 0.7282229965156795 0.625 0.7038327526132404 0.62890625 0.7003484320557491
0 0.5390625 0.8571428571428571 0.548828125 0.8571428571428571 0.548828125 0.8745644599303136 0.552734375 0.8780487804878049 0.5546875 0.8850174216027874 0.560546875 0.8885017421602788 0.5625 0.8954703832752613 0.564453125 0.8954703832752613 0.564453125 0.9233449477351916 0.560546875 0.926829268292683 0.5546875 0.9233449477351916 0.5546875 0.9198606271777003 0.55078125 0.9163763066202091 0.55078125 0.9128919860627178 0.546875 0.9094076655052264 0.544921875 0.9024390243902439 0.54296875 0.9024390243902439 0.54296875 0.8745644599303136 0.53515625 0.867595818815331 0.53515625 0.8641114982578397 0.5390625 0.8606271777003485
0 0.677734375 0.0313588850174216 0.681640625 0.0313588850174216 0.681640625 0.07665505226480836 0.673828125 0.07665505226480836 0.669921875 0.08362369337979095 0.666015625 0.07665505226480836 0.66015625 0.07665505226480836 0.66015625 0.06968641114982578 0.6640625 0.06968641114982578 0.666015625 0.06620209059233449 0.666015625 0.05574912891986063 0.669921875 0.05574912891986063 0.671875 0.05226480836236934 0.671875 0.04529616724738676 0.67578125 0.04529616724738676 0.677734375 0.041811846689895474 0.677734375 0.03484320557491289
0 0.59765625 0.7874564459930313 0.59765625 0.8048780487804879 0.59375 0.8048780487804879 0.591796875 0.8083623693379791 0.58984375 0.8083623693379791 0.58984375 0.8013937282229965 0.587890625 0.7979094076655052 0.580078125 0.7979094076655052 0.580078125 0.7909407665505227 0.595703125 0.7874564459930313
0 0.6953125 0.08362369337979095 0.69921875 0.08362369337979095 0.701171875 0.08013937282229965 0.7109375 0.08013937282229965 0.712890625 0.08362369337979095 0.716796875 0.08362369337979095 0.716796875 0.11498257839721254 0.712890625 0.11846689895470383 0.708984375 0.11846689895470383 0.7109375 0.11846689895470383 0.712890625 0.11149825783972125 0.7109375 0.10801393728222997 0.70703125 0.10801393728222997 0.70703125 0.10104529616724739 0.705078125 0.0975609756097561 0.701171875 0.0975609756097561 0.701171875 0.08710801393728224 0.697265625 0.08362369337979095