0 0.70703125 0.6993006993006993 0.70703125 0.7167832167832168 0.703125 0.7202797202797203 0.68359375 0.7202797202797203 0.681640625 0.7132867132867133 0.677734375 0.7097902097902098 0.6796875 0.7097902097902098 0.681640625 0.7027972027972028 0.685546875 0.6993006993006993 0.69140625 0.6993006993006993 0.693359375 0.6958041958041958 0.703125 0.6958041958041958 0.705078125 0.6993006993006993
0 0.564453125 0.6923076923076923 0.568359375 0.6923076923076923 0.568359375 0.7342657342657343 0.56640625 0.7377622377622378 0.55859375 0.7377622377622378 0.55078125 0.7447552447552448 0.541015625 0.7377622377622378 0.53515625 0.7377622377622378 0.53515625 0.7237762237762237 0.546875 0.7097902097902098 0.564453125 0.6958041958041958
0 0.546875 0.46853146853146854 0.546875 0.4965034965034965 0.5234375 0.5209790209790209 0.515625 0.5209790209790209 0.513671875 0.5244755244755245 0.505859375 0.5244755244755245 0.50390625 0.527972027972028 0.49609375 0.527972027972028 0.490234375 0.5209790209790209 0.490234375 0.5034965034965035 0.5 0.4825174825174825 0.50390625 0.4825174825174825 0.5078125 0.4755244755244755 0.51953125 0.47202797202797203 0.521484375 0.46853146853146854 0.52734375 0.46853146853146854 0.529296875 0.46503496503496505 0.54296875 0.46503496503496505 0.544921875 0.46853146853146854
0 0.625 0.7902097902097902 0.638671875 0.7902097902097902 0.640625 0.7972027972027972 0.646484375 0.7972027972027972 0.654296875 0.8041958041958042 0.654296875 0.8146853146853147 0.650390625 0.8216783216783217 0.615234375 0.8251748251748252 0.61328125 0.8216783216783217 0.60546875 0.8216783216783217 0.60546875 0.8111888111888111 0.607421875 0.8111888111888111 0.609375 0.8041958041958042 0.625 0.7937062937062938
0 0.724609375 0.7202797202797203 0.7265625 0.7237762237762237 0.7265625 0.7517482517482518 0.716796875 0.7482517482517482 0.716796875 0.7447552447552448 0.712890625 0.7412587412587412 0.7109375 0.7342657342657343 0.708984375 0.7342657342657343 0.708984375 0.7237762237762237 0.712890625 0.7202797202797203 0.72265625 0.7202797202797203
0 0.666015625 0.024475524475524476 0.671875 0.024475524475524476 0.67578125 0.027972027972027972 0.677734375 0.04195804195804196 0.681640625 0.045454545454545456 0.685546875 0.055944055944055944 0.685546875 0.08391608391608392 0.681640625 0.08741258741258741 0.671875 0.08391608391608392 0.66796875 0.07692307692307693 0.66796875 0.05244755244755245 0.6640625 0.03496503496503497 0.666015625 0.027972027972027972
0 0.09765625 0 0.146484375 0 0.146484375 0.006993006993006993 0.142578125 0.017482517482517484 0.134765625 0.02097902097902098 0.1328125 0.027972027972027972 0.12109375 0.027972027972027972 0.119140625 0.03146853146853147 0.103515625 0.03146853146853147 0.1015625 0.027972027972027972 0.09765625 0.027972027972027972 0.09765625 0.0034965034965034965
0 0.76171875 0.6818181818181818 0.763671875 0.6888111888111889 0.7734375 0.6923076923076923 0.775390625 0.6993006993006993 0.775390625 0.7062937062937062 0.771484375 0.7062937062937062 0.76953125 0.7097902097902098 0.765625 0.7097902097902098 0.763671875 0.7062937062937062 0.75390625 0.7062937062937062 0.75 0.7027972027972028 0.75 0.6993006993006993 0.751953125 0.6993006993006993 0.755859375 0.6888111888111889 0.759765625 0.6888111888111889 0.76171875 0.6853146853146853
0 0.650390625 0.7412587412587412 0.654296875 0.7377622377622378 0.67578125 0.7377622377622378 0.67578125 0.7622377622377622 0.6640625 0.7622377622377622 0.658203125 0.7552447552447552 0.650390625 0.7517482517482518 0.650390625 0.7447552447552448
0 0.791015625 0.7132867132867133 0.79296875 0.7132867132867133 0.796875 0.7027972027972028 0.802734375 0.7027972027972028 0.8046875 0.6993006993006993 0.814453125 0.6993006993006993 0.81640625 0.7027972027972028 0.81640625 0.7202797202797203 0.8125 0.7202797202797203 0.810546875 0.7237762237762237 0.796875 0.7237762237762237 0.794921875 0.7202797202797203 0.791015625 0.7202797202797203 0.791015625 0.7167832167832168
0 0.33203125 0.21678321678321677 0.3359375 0.21678321678321677 0.3359375 0.2202797202797203 0.341796875 0.23076923076923078 0.34375 0.23076923076923078 0.34765625 0.24475524475524477 0.34765625 0.25524475524475526 0.345703125 0.25874125874125875 0.34375 0.25524475524475526 0.333984375 0.2517482517482518 0.330078125 0.24125874125874125 0.326171875 0.23776223776223776 0.326171875 0.23076923076923078 0.328125 0.23076923076923078 0.33203125 0.2202797202797203
0 0 0.36713286713286714 0.015625 0.36713286713286714 0.01953125 0.3706293706293706 0.01953125 0.3916083916083916 0.017578125 0.3916083916083916 0.015625 0.3986013986013986 0.0078125 0.3986013986013986 0.005859375 0.40559440559440557 0 0.40559440559440557 0 0.3706293706293706
0 0.654296875 0.5734265734265734 0.65625 0.5769230769230769 0.65625 0.6083916083916084 0.654296875 0.6118881118881119 0.638671875 0.6048951048951049 0.634765625 0.5979020979020979 0.634765625 0.5909090909090909 0.640625 0.5769230769230769 0.6484375 0.5769230769230769 0.65234375 0.5734265734265734