0 0.548828125 0.08362369337979095 0.56640625 0.08013937282229965 0.56640625 0.09059233449477352 0.5625 0.09059233449477352 0.560546875 0.09407665505226481 0.556640625 0.09059233449477352 0.548828125 0.09059233449477352 0.548828125 0.08710801393728224
0 0.404296875 0.4076655052264808 0.40625 0.4146341463414634 0.412109375 0.42160278745644597 0.416015625 0.42160278745644597 0.423828125 0.43205574912891986 0.435546875 0.42160278745644597 0.4453125 0.42160278745644597 0.447265625 0.4250871080139373 0.453125 0.4250871080139373 0.4609375 0.4355400696864111 0.4609375 0.4529616724738676 0.447265625 0.4564459930313589 0.44140625 0.44947735191637633 0.435546875 0.44947735191637633 0.431640625 0.4425087108013937 0.42578125 0.4425087108013937 0.419921875 0.4529616724738676 0.416015625 0.4529616724738676 0.41796875 0.445993031358885 0.41796875 0.4355400696864111 0.412109375 0.42857142857142855 0.41015625 0.42160278745644597 0.404296875 0.4146341463414634 0.404296875 0.41114982578397213
0 0.615234375 0.03832752613240418 0.62109375 0.03484320557491289 0.6328125 0.04529616724738676 0.638671875 0.04529616724738676 0.65234375 0.05574912891986063 0.658203125 0.05574912891986063 0.66015625 0.059233449477351915 0.6640625 0.059233449477351915 0.666015625 0.05574912891986063 0.681640625 0.05574912891986063 0.68359375 0.059233449477351915 0.689453125 0.059233449477351915 0.69921875 0.041811846689895474 0.69921875 0.05574912891986063 0.69140625 0.07317073170731707 0.685546875 0.08013937282229965 0.677734375 0.08362369337979095 0.671875 0.09407665505226481 0.671875 0.10452961672473868 0.669921875 0.10801393728222997 0.66015625 0.10801393728222997 0.658203125 0.11149825783972125 0.634765625 0.11149825783972125 0.625 0.10452961672473868 0.623046875 0.10104529616724739 0.623046875 0.08362369337979095 0.62109375 0.08013937282229965 0.619140625 0.0627177700348432 0.615234375 0.04878048780487805 0.611328125 0.04529616724738676 0.615234375 0.041811846689895474
0 0.365234375 0.7177700348432056 0.3828125 0.7177700348432056 0.3828125 0.735191637630662 0.3671875 0.735191637630662 0.365234375 0.7317073170731707 0.365234375 0.7212543554006968
0 0.55078125 0.10801393728222997 0.560546875 0.10801393728222997 0.560546875 0.1254355400696864 0.54296875 0.1254355400696864 0.54296875 0.11846689895470383 0.55078125 0.11149825783972125
0 0.599609375 0.9372822299651568 0.61328125 0.9372822299651568 0.615234375 0.9442508710801394 0.62109375 0.9442508710801394 0.625 0.9547038327526133 0.6328125 0.9651567944250871 0.6328125 0.9721254355400697 0.63671875 0.975609756097561 0.640625 0.9895470383275261 0.650390625 0.9895470383275261 0.650390625 0.9965156794425087 0.599609375 0.9965156794425087 0.591796875 0.9790940766550522 0.5859375 0.975609756097561 0.5859375 0.9651567944250871 0.587890625 0.9651567944250871 0.599609375 0.9407665505226481
0 0.552734375 0.5679442508710801 0.556640625 0.5644599303135889 0.57421875 0.5644599303135889 0.57421875 0.5958188153310104 0.5703125 0.6027874564459931 0.5703125 0.5958188153310104 0.560546875 0.5853658536585366 0.556640625 0.5853658536585366 0.556640625 0.578397212543554 0.552734375 0.5749128919860628 0.552734375 0.5714285714285714
0 0.595703125 0.8745644599303136 0.595703125 0.9024390243902439 0.59375 0.9059233449477352 0.59375 0.9128919860627178 0.58203125 0.9128919860627178 0.578125 0.9094076655052264 0.578125 0.8954703832752613 0.58203125 0.89198606271777 0.58984375 0.89198606271777 0.591796875 0.8850174216027874 0.595703125 0.8815331010452961 0.595703125 0.8780487804878049
0 0.681640625 0.8536585365853658 0.681640625 0.89198606271777 0.677734375 0.8954703832752613 0.671875 0.8954703832752613 0.669921875 0.89198606271777 0.666015625 0.89198606271777 0.6640625 0.8850174216027874 0.6640625 0.8745644599303136 0.666015625 0.8710801393728222 0.681640625 0.8571428571428571
0 0.458984375 0.10452961672473868 0.47265625 0.10452961672473868 0.47265625 0.12195121951219512 0.455078125 0.12195121951219512 0.455078125 0.11149825783972125 0.458984375 0.10801393728222997
0 0.615234375 0.6759581881533101 0.62109375 0.6759581881533101 0.62109375 0.6794425087108014 0.626953125 0.686411149825784 0.646484375 0.686411149825784 0.646484375 0.7038327526132404 0.6484375 0.7073170731707317 0.65234375 0.7003484320557491 0.650390625 0.710801393728223 0.654296875 0.7177700348432056 0.654296875 0.7282229965156795 0.646484375 0.735191637630662 0.638671875 0.735191637630662 0.63671875 0.7386759581881533 0.62890625 0.7386759581881533 0.625 0.735191637630662 0.619140625 0.7421602787456446 0.60546875 0.7421602787456446 0.60546875 0.7386759581881533 0.609375 0.735191637630662 0.609375 0.7212543554006968 0.611328125 0.7177700348432056 0.611328125 0.686411149825784 0.615234375 0.6794425087108014
0 0.712890625 0.4250871080139373 0.712890625 0.47038327526132406 0.7109375 0.4738675958188153 0.6953125 0.4634146341463415 0.697265625 0.44947735191637633 0.69921875 0.44947735191637633 0.703125 0.43902439024390244 0.70703125 0.4355400696864111 0.70703125 0.43205574912891986 0.7109375 0.43205574912891986 0.712890625 0.42857142857142855
0 0.36328125 0.49477351916376305 0.369140625 0.49477351916376305 0.37109375 0.5017421602787456 0.37109375 0.5261324041811847 0.361328125 0.5261324041811847 0.357421875 0.5226480836236934 0.357421875 0.5121951219512195 0.361328125 0.5087108013937283 0.361328125 0.5017421602787456 0.36328125 0.49825783972125437
0 0.51171875 0.5644599303135889 0.51953125 0.5644599303135889 0.51953125 0.5749128919860628 0.515625 0.578397212543554 0.505859375 0.5749128919860628 0.505859375 0.5714285714285714 0.509765625 0.5714285714285714 0.51171875 0.5679442508710801
0 0.669921875 0.49825783972125437 0.673828125 0.49825783972125437 0.6796875 0.4912891986062718 0.701171875 0.4912891986062718 0.703125 0.49477351916376305 0.7109375 0.49477351916376305 0.7109375 0.519163763066202 0.6875 0.519163763066202 0.685546875 0.5156794425087108 0.6796875 0.5156794425087108 0.669921875 0.5087108013937283 0.669921875 0.5017421602787456
0 0.4296875 0.7212543554006968 0.443359375 0.7212543554006968 0.4453125 0.7282229965156795 0.44921875 0.7282229965156795 0.45703125 0.735191637630662 0.45703125 0.7526132404181185 0.421875 0.7526132404181185 0.419921875 0.7491289198606271 0.416015625 0.7491289198606271 0.416015625 0.7386759581881533 0.41796875 0.7386759581881533 0.423828125 0.7282229965156795 0.427734375 0.7282229965156795 0.4296875 0.7247386759581882
0 0.388671875 0.1672473867595819 0.396484375 0.1672473867595819 0.396484375 0.17421602787456447 0.388671875 0.17421602787456447 0.388671875 0.17073170731707318
0 0.650390625 0.7142857142857143 0.693359375 0.7142857142857143 0.6953125 0.7212543554006968 0.705078125 0.7212543554006968 0.70703125 0.7247386759581882 0.7109375 0.7247386759581882 0.7109375 0.8397212543554007 0.70703125 0.8257839721254355 0.705078125 0.8083623693379791 0.689453125 0.7839721254355401 0.6875 0.7839721254355401 0.685546875 0.7770034843205574 0.681640625 0.7770034843205574 0.673828125 0.7665505226480837 0.666015625 0.7630662020905923 0.6640625 0.7560975609756098 0.658203125 0.7526132404181185 0.654296875 0.7456445993031359 0.650390625 0.7456445993031359 0.642578125 0.735191637630662 0.642578125 0.7317073170731707 0.64453125 0.7317073170731707 0.650390625 0.7212543554006968 0.650390625 0.7177700348432056
0 0.4921875 0.5087108013937283 0.505859375 0.5087108013937283 0.5078125 0.5156794425087108 0.513671875 0.5156794425087108 0.515625 0.519163763066202 0.515625 0.5261324041811847 0.490234375 0.5261324041811847 0.4921875 0.5121951219512195
0 0.369140625 0.4529616724738676 0.384765625 0.4529616724738676 0.38671875 0.45993031358885017 0.39453125 0.4634146341463415 0.39453125 0.47735191637630664 0.380859375 0.47735191637630664 0.37890625 0.4738675958188153 0.375 0.4738675958188153 0.373046875 0.47038327526132406 0.373046875 0.4634146341463415 0.369140625 0.45993031358885017 0.369140625 0.4564459930313589
0 0.37109375 0.4181184668989547 0.37109375 0.43205574912891986 0.365234375 0.43205574912891986 0.36328125 0.42857142857142855 0.36328125 0.42160278745644597 0.369140625 0.4181184668989547
0 0.40234375 0.06620209059233449 0.40625 0.0627177700348432 0.419921875 0.0627177700348432 0.419921875 0.07317073170731707 0.41796875 0.07665505226480836 0.41015625 0.07665505226480836 0.40234375 0.06968641114982578
0 0.697265625 0.2787456445993031 0.708984375 0.2787456445993031 0.708984375 0.28222996515679444 0.712890625 0.2857142857142857 0.712890625 0.30662020905923343 0.70703125 0.313588850174216 0.703125 0.313588850174216 0.701171875 0.3170731707317073 0.671875 0.3170731707317073 0.66796875 0.3205574912891986 0.666015625 0.313588850174216 0.66015625 0.30662020905923343 0.6640625 0.30313588850174217 0.666015625 0.30662020905923343 0.673828125 0.30662020905923343 0.681640625 0.2926829268292683 0.685546875 0.2926829268292683 0.697265625 0.28222996515679444
0 0.6171875 0.6759581881533101 0.619140625 0.6759581881533101 0.623046875 0.686411149825784 0.640625 0.686411149825784 0.642578125 0.6898954703832753 0.642578125 0.6968641114982579 0.640625 0.7003484320557491 0.64453125 0.7073170731707317 0.650390625 0.7038327526132404 0.6484375 0.7038327526132404 0.646484375 0.710801393728223 0.65234375 0.7177700348432056 0.681640625 0.7177700348432056 0.68359375 0.7212543554006968 0.69140625 0.7212543554006968 0.693359375 0.7247386759581882 0.705078125 0.7247386759581882 0.70703125 0.7282229965156795 0.712890625 0.7282229965156795 0.712890625 0.8432055749128919 0.70703125 0.8257839721254355 0.705078125 0.8083623693379791 0.701171875 0.8048780487804879 0.6953125 0.7909407665505227 0.66796875 0.7665505226480837 0.666015625 0.759581881533101 0.66015625 0.7560975609756098 0.650390625 0.7421602787456446 0.646484375 0.7421602787456446 0.64453125 0.7386759581881533 0.626953125 0.7386759581881533 0.623046875 0.735191637630662 0.615234375 0.7456445993031359 0.60546875 0.7456445993031359 0.60546875 0.7386759581881533 0.607421875 0.7386759581881533 0.611328125 0.7282229965156795 0.611328125 0.6898954703832753 0.61328125 0.6829268292682927 0.6171875 0.6794425087108014
0 0.498046875 0.3344947735191638 0.50390625 0.3344947735191638 0.505859375 0.34146341463414637 0.513671875 0.34843205574912894 0.515625 0.3554006968641115 0.515625 0.36585365853658536 0.517578125 0.3693379790940767 0.517578125 0.3867595818815331 0.509765625 0.3867595818815331 0.498046875 0.37282229965156793 0.498046875 0.3588850174216028 0.49609375 0.3554006968641115 0.49609375 0.34494773519163763 0.498046875 0.33797909407665505
0 0.36328125 0.3170731707317073 0.3671875 0.3170731707317073 0.3671875 0.3205574912891986 0.3828125 0.34494773519163763 0.38671875 0.34843205574912894 0.3984375 0.34843205574912894 0.40234375 0.3519163763066202 0.40234375 0.36585365853658536 0.39453125 0.36585365853658536 0.390625 0.3693379790940767 0.388671875 0.37630662020905925 0.3828125 0.37630662020905925 0.380859375 0.3797909407665505 0.376953125 0.3797909407665505 0.375 0.37630662020905925 0.353515625 0.37630662020905925 0.353515625 0.3344947735191638 0.35546875 0.3344947735191638 0.359375 0.3240418118466899 0.36328125 0.3205574912891986
0 0.55078125 0.3170731707317073 0.5625 0.313588850174216 0.564453125 0.30662020905923343 0.56640625 0.30662020905923343 0.568359375 0.313588850174216 0.568359375 0.3310104529616725 0.56640625 0.3344947735191638 0.552734375 0.3310104529616725 0.55078125 0.32752613240418116 0.55078125 0.3205574912891986