0 0.517578125 0.1423611111111111 0.517578125 0.1388888888888889 0.5234375 0.13194444444444445 0.529296875 0.1388888888888889 0.529296875 0.14583333333333334 0.521484375 0.14583333333333334 0.51953125 0.1423611111111111
0 0.388671875 0.4270833333333333 0.39453125 0.4305555555555556 0.400390625 0.4409722222222222 0.40625 0.4409722222222222 0.408203125 0.4375 0.423828125 0.4375 0.427734375 0.4409722222222222 0.435546875 0.4548611111111111 0.435546875 0.4618055555555556 0.431640625 0.4652777777777778 0.421875 0.4652777777777778 0.416015625 0.4583333333333333 0.412109375 0.4583333333333333 0.408203125 0.4513888888888889 0.404296875 0.4513888888888889 0.40234375 0.4583333333333333 0.396484375 0.4652777777777778 0.3984375 0.4479166666666667 0.396484375 0.4409722222222222 0.390625 0.4340277777777778 0.390625 0.4305555555555556
0 0.580078125 0.09375 0.609375 0.11458333333333333 0.61328125 0.11458333333333333 0.615234375 0.1111111111111111 0.62890625 0.1111111111111111 0.630859375 0.11458333333333333 0.634765625 0.11458333333333333 0.64453125 0.09722222222222222 0.64453125 0.09375 0.64453125 0.10416666666666667 0.638671875 0.12152777777777778 0.634765625 0.1284722222222222 0.625 0.13541666666666666 0.62109375 0.14583333333333334 0.62109375 0.1527777777777778 0.61328125 0.16319444444444445 0.58984375 0.16319444444444445 0.58203125 0.1527777777777778 0.58203125 0.1388888888888889 0.580078125 0.13541666666666666 0.578125 0.11805555555555555 0.57421875 0.1076388888888889 0.57421875 0.09722222222222222 0.578125 0.09375
0 0.353515625 0.7013888888888888 0.365234375 0.7013888888888888 0.365234375 0.7118055555555556 0.36328125 0.7152777777777778 0.35546875 0.7118055555555556 0.353515625 0.7048611111111112
0 0.509765625 0.1736111111111111 0.513671875 0.16666666666666666 0.51953125 0.16319444444444445 0.5234375 0.1701388888888889 0.51953125 0.17708333333333334 0.51171875 0.17708333333333334
0 0.572265625 0.8958333333333334 0.580078125 0.9027777777777778 0.5859375 0.9131944444444444 0.587890625 0.9236111111111112 0.591796875 0.9305555555555556 0.59375 0.9270833333333334 0.599609375 0.9270833333333334 0.6015625 0.9305555555555556 0.595703125 0.9409722222222222 0.595703125 0.9548611111111112 0.59375 0.9548611111111112 0.587890625 0.9444444444444444 0.583984375 0.9479166666666666 0.57421875 0.9444444444444444 0.568359375 0.9513888888888888 0.564453125 0.9409722222222222 0.55078125 0.9201388888888888 0.55078125 0.9131944444444444 0.5546875 0.9027777777777778 0.560546875 0.8958333333333334 0.5703125 0.8958333333333334
0 0.533203125 0.5625 0.53515625 0.5659722222222222 0.53515625 0.59375 0.53125 0.59375 0.521484375 0.5729166666666666 0.521484375 0.5625 0.5234375 0.5590277777777778 0.529296875 0.5590277777777778 0.53125 0.5625
0 0.34375 0 0.376953125 0 0.376953125 0.006944444444444444 0.373046875 0.006944444444444444 0.37109375 0.010416666666666666 0.373046875 0.017361111111111112 0.369140625 0.017361111111111112 0.36328125 0.010416666666666666 0.35546875 0.017361111111111112 0.349609375 0.017361111111111112 0.345703125 0.024305555555555556 0.34375 0.024305555555555556 0.34375 0.003472222222222222
0 0.552734375 0.8368055555555556 0.552734375 0.8541666666666666 0.55078125 0.8576388888888888 0.55078125 0.8645833333333334 0.546875 0.8715277777777778 0.544921875 0.8715277777777778 0.54296875 0.8645833333333334 0.54296875 0.8576388888888888 0.546875 0.8541666666666666 0.552734375 0.8402777777777778
0 0.62890625 0.8194444444444444 0.62890625 0.84375 0.630859375 0.8472222222222222 0.62890625 0.8541666666666666 0.623046875 0.8541666666666666 0.6171875 0.84375 0.6171875 0.8333333333333334 0.625 0.8194444444444444 0.626953125 0.8194444444444444
0 0.443359375 0.16319444444444445 0.4453125 0.1701388888888889 0.44140625 0.1736111111111111 0.4375 0.1736111111111111 0.435546875 0.1701388888888889 0.435546875 0.16319444444444445 0.4375 0.1597222222222222 0.44140625 0.16319444444444445
0 0.595703125 0.6666666666666666 0.595703125 0.6805555555555556 0.59765625 0.6840277777777778 0.603515625 0.6805555555555556 0.599609375 0.6909722222222222 0.60546875 0.6979166666666666 0.595703125 0.7118055555555556 0.580078125 0.7118055555555556 0.57421875 0.71875 0.568359375 0.71875 0.568359375 0.7083333333333334 0.5703125 0.7048611111111112 0.5703125 0.6701388888888888 0.57421875 0.6631944444444444 0.580078125 0.6631944444444444 0.58203125 0.6666666666666666 0.59375 0.6666666666666666
0 0.6513020833333333 0.4615740740740741 0.0140625 0.045370370370370366
0 0.349609375 0.5034722222222222 0.353515625 0.5034722222222222 0.35546875 0.5104166666666666 0.353515625 0.53125 0.349609375 0.53125 0.345703125 0.5208333333333334 0.349609375 0.5069444444444444
0 0.484375 0.5625 0.486328125 0.5659722222222222 0.486328125 0.5729166666666666 0.48046875 0.5729166666666666 0.48046875 0.5659722222222222 0.482421875 0.5659722222222222
0 0.654296875 0.5 0.658203125 0.5104166666666666 0.65625 0.5138888888888888 0.65625 0.5243055555555556 0.650390625 0.5243055555555556 0.6484375 0.5208333333333334 0.63671875 0.5243055555555556 0.62109375 0.5069444444444444 0.62890625 0.4965277777777778 0.646484375 0.4965277777777778 0.6484375 0.5 0.65234375 0.5
0 0.419921875 0.7048611111111112 0.42578125 0.7118055555555556 0.4296875 0.7118055555555556 0.431640625 0.7083333333333334 0.431640625 0.7256944444444444 0.42578125 0.7256944444444444 0.423828125 0.7291666666666666 0.40625 0.7291666666666666 0.400390625 0.7222222222222222 0.400390625 0.7152777777777778 0.404296875 0.7083333333333334 0.408203125 0.7048611111111112 0.41796875 0.7048611111111112
0 0.373046875 0.20833333333333334 0.37890625 0.2152777777777778 0.37890625 0.21875 0.373046875 0.21875 0.373046875 0.21180555555555555
0 0.6328125 0.6979166666666666 0.634765625 0.7013888888888888 0.658203125 0.7048611111111112 0.658203125 0.8055555555555556 0.65625 0.8090277777777778 0.65234375 0.8020833333333334 0.646484375 0.78125 0.646484375 0.7743055555555556 0.640625 0.7673611111111112 0.640625 0.7638888888888888 0.634765625 0.7534722222222222 0.625 0.7465277777777778 0.61328125 0.7291666666666666 0.607421875 0.7256944444444444 0.599609375 0.7152777777777778 0.599609375 0.7083333333333334 0.6015625 0.7083333333333334 0.607421875 0.6979166666666666 0.61328125 0.6979166666666666 0.615234375 0.6944444444444444 0.619140625 0.6979166666666666 0.630859375 0.6979166666666666
0 0.474609375 0.5138888888888888 0.482421875 0.5208333333333334 0.482421875 0.5243055555555556 0.4765625 0.5243055555555556 0.47265625 0.53125 0.466796875 0.53125 0.46484375 0.5277777777777778 0.46484375 0.5173611111111112 0.466796875 0.5138888888888888 0.47265625 0.5138888888888888
0 0.359375 0.46875 0.369140625 0.46875 0.376953125 0.4756944444444444 0.376953125 0.4826388888888889 0.375 0.4861111111111111 0.37109375 0.4861111111111111 0.361328125 0.4791666666666667 0.359375 0.4722222222222222
0 0.35546875 0.4305555555555556 0.35546875 0.4375 0.357421875 0.4409722222222222 0.35546875 0.4479166666666667 0.3515625 0.4479166666666667 0.349609375 0.4444444444444444 0.349609375 0.4340277777777778 0.353515625 0.4305555555555556
0 0.38671875 0.11805555555555555 0.396484375 0.11805555555555555 0.3984375 0.12152777777777778 0.3984375 0.13194444444444445 0.390625 0.13194444444444445 0.38671875 0.12152777777777778
0 0.654296875 0.3159722222222222 0.658203125 0.3263888888888889 0.650390625 0.3368055555555556 0.642578125 0.34375 0.630859375 0.34375 0.62890625 0.3402777777777778 0.625 0.3402777777777778 0.62109375 0.3472222222222222 0.619140625 0.3472222222222222 0.6171875 0.3298611111111111 0.619140625 0.3333333333333333 0.623046875 0.3333333333333333 0.640625 0.3125 0.650390625 0.3125 0.65234375 0.3159722222222222
0 0.578125 0.6631944444444444 0.580078125 0.6666666666666666 0.595703125 0.6666666666666666 0.595703125 0.6805555555555556 0.599609375 0.6875 0.6015625 0.6805555555555556 0.599609375 0.6875 0.60546875 0.6979166666666666 0.6171875 0.6944444444444444 0.619140625 0.6979166666666666 0.6328125 0.6979166666666666 0.634765625 0.7013888888888888 0.658203125 0.7048611111111112 0.658203125 0.8090277777777778 0.65234375 0.8020833333333334 0.6484375 0.7916666666666666 0.646484375 0.7743055555555556 0.642578125 0.7708333333333334 0.634765625 0.7534722222222222 0.625 0.7465277777777778 0.59765625 0.7118055555555556 0.580078125 0.7118055555555556 0.57421875 0.71875 0.568359375 0.71875 0.568359375 0.7083333333333334 0.5703125 0.7048611111111112 0.5703125 0.6701388888888888 0.576171875 0.6631944444444444
0 0.470703125 0.3611111111111111 0.478515625 0.3715277777777778 0.482421875 0.3854166666666667 0.482421875 0.3923611111111111 0.486328125 0.3993055555555556 0.484375 0.40625 0.478515625 0.40625 0.4765625 0.3993055555555556 0.47265625 0.3958333333333333 0.46875 0.3784722222222222 0.470703125 0.3645833333333333
0 0.34375 0.3576388888888889 0.345703125 0.3576388888888889 0.34765625 0.3506944444444444 0.353515625 0.34375 0.365234375 0.3680555555555556 0.369140625 0.3680555555555556 0.37109375 0.3715277777777778 0.3828125 0.3715277777777778 0.3828125 0.3784722222222222 0.37890625 0.3854166666666667 0.373046875 0.3854166666666667 0.369140625 0.3993055555555556 0.361328125 0.3993055555555556 0.359375 0.3958333333333333 0.34375 0.3958333333333333 0.341796875 0.3888888888888889 0.341796875 0.3645833333333333 0.34375 0.3611111111111111
0 0.52421875 0.350462962962963 0.0140625 0.02314814814814815