0 0.490234375 0.0798611111111111 0.494140625 0.0798611111111111 0.49609375 0.08333333333333333 0.50390625 0.08333333333333333 0.505859375 0.0798611111111111 0.5 0.09722222222222222 0.5 0.1076388888888889 0.50390625 0.12152777777777778 0.501953125 0.14583333333333334 0.494140625 0.16666666666666666 0.48828125 0.1736111111111111 0.482421875 0.1736111111111111 0.48046875 0.1701388888888889 0.48046875 0.16319444444444445 0.478515625 0.1597222222222222 0.478515625 0.1388888888888889 0.4765625 0.13194444444444445 0.482421875 0.13194444444444445 0.48828125 0.1076388888888889 0.494140625 0.10069444444444445 0.494140625 0.09027777777777778 0.490234375 0.08333333333333333
0 0.48046875 0.7222222222222222 0.482421875 0.7222222222222222 0.48828125 0.7361111111111112 0.48828125 0.7465277777777778 0.484375 0.7465277777777778 0.48046875 0.7395833333333334 0.48046875 0.7256944444444444
0 0.55859375 0.125 0.5625 0.13194444444444445 0.56640625 0.13194444444444445 0.578125 0.1527777777777778 0.583984375 0.1736111111111111 0.583984375 0.2013888888888889 0.58203125 0.2048611111111111 0.58203125 0.2152777777777778 0.583984375 0.21875 0.583984375 0.23958333333333334 0.578125 0.22569444444444445 0.572265625 0.22569444444444445 0.5703125 0.2222222222222222 0.578125 0.20833333333333334 0.578125 0.2013888888888889 0.568359375 0.17708333333333334 0.560546875 0.16319444444444445 0.556640625 0.16319444444444445 0.556640625 0.1527777777777778 0.552734375 0.1388888888888889 0.552734375 0.1284722222222222 0.556640625 0.125
0 0.49609375 0.3541666666666667 0.498046875 0.3541666666666667 0.498046875 0.3611111111111111 0.5 0.3645833333333333 0.498046875 0.3888888888888889 0.49609375 0.3854166666666667 0.49609375 0.3715277777777778 0.494140625 0.3680555555555556 0.49609375 0.3576388888888889
0 0.609375 0.6180555555555556 0.611328125 0.6215277777777778 0.611328125 0.6388888888888888 0.61328125 0.6423611111111112 0.61328125 0.6666666666666666 0.611328125 0.6736111111111112 0.607421875 0.6770833333333334 0.6015625 0.6701388888888888 0.59765625 0.6701388888888888 0.59765625 0.65625 0.60546875 0.6319444444444444 0.60546875 0.6215277777777778 0.607421875 0.6215277777777778
0 0.5703125 0.9444444444444444 0.572265625 0.9444444444444444 0.580078125 0.96875 0.580078125 0.9965277777777778 0.57421875 0.9965277777777778 0.572265625 0.9930555555555556 0.572265625 0.9861111111111112 0.5703125 0.9826388888888888 0.5703125 0.9479166666666666
0 0.505859375 0.4375 0.509765625 0.4375 0.513671875 0.4513888888888889 0.513671875 0.4583333333333333 0.5078125 0.4479166666666667 0.5078125 0.4409722222222222
0 0.564453125 0.7291666666666666 0.564453125 0.7118055555555556 0.5625 0.7083333333333334 0.5625 0.6909722222222222 0.564453125 0.6875 0.5625 0.6840277777777778 0.5625 0.6770833333333334 0.564453125 0.6736111111111112 0.56640625 0.6736111111111112 0.56640625 0.6875 0.564453125 0.6909722222222222 0.56640625 0.7291666666666666
0 0.462890625 0.3402777777777778 0.46484375 0.3402777777777778 0.470703125 0.3506944444444444 0.470703125 0.3576388888888889 0.46875 0.3576388888888889 0.462890625 0.34375
0 0.3442708333333333 0.9518518518518518 0.005208333333333333 0.014814814814814815
0 0.4765625 0.3298611111111111 0.484375 0.3333333333333333 0.484375 0.3402777777777778 0.482421875 0.3402777777777778 0.478515625 0.3298611111111111
0 0.4778645833333333 0.39814814814814814 0.015104166666666667 0.016666666666666666
0 0.544921875 0.4166666666666667 0.564453125 0.4166666666666667 0.564453125 0.4201388888888889 0.560546875 0.4236111111111111 0.55859375 0.4201388888888889 0.544921875 0.4236111111111111 0.544921875 0.4201388888888889
0 0.46380208333333334 0.41759259259259257 0.008854166666666666 0.016666666666666666
0 0.6127604166666667 0.575462962962963 0.015104166666666667 0.06388888888888888
0 0.525390625 0.6944444444444444 0.52734375 0.6944444444444444 0.529296875 0.7118055555555556 0.533203125 0.7222222222222222 0.533203125 0.7465277777777778 0.529296875 0.7465277777777778 0.52734375 0.7048611111111112 0.525390625 0.6979166666666666
0 0.6328125 0.6527777777777778 0.016666666666666666 0.08148148148148147
0 0.4609375 0.3715277777777778 0.466796875 0.375 0.466796875 0.3819444444444444 0.46875 0.3854166666666667 0.466796875 0.3854166666666667 0.462890625 0.375
0 0.5078125 0.7152777777777778 0.51171875 0.7152777777777778 0.51171875 0.7326388888888888 0.513671875 0.7361111111111112 0.513671875 0.7569444444444444 0.51171875 0.7604166666666666 0.51171875 0.7673611111111112 0.509765625 0.7638888888888888 0.5078125 0.7569444444444444 0.5078125 0.71875
0 0.53125 0.3541666666666667 0.537109375 0.3541666666666667 0.537109375 0.3958333333333333 0.53515625 0.4027777777777778 0.533203125 0.4027777777777778 0.533203125 0.3888888888888889 0.53125 0.3854166666666667 0.53125 0.375 0.533203125 0.3715277777777778 0.53125 0.3576388888888889
0 0.513671875 0.7569444444444444 0.517578125 0.7604166666666666 0.517578125 0.7743055555555556 0.51953125 0.7777777777777778 0.51953125 0.7881944444444444 0.515625 0.7916666666666666 0.513671875 0.7847222222222222 0.513671875 0.7708333333333334 0.51171875 0.7673611111111112 0.513671875 0.7604166666666666
0 0.48828125 0.6909722222222222 0.490234375 0.6944444444444444 0.490234375 0.7083333333333334 0.48828125 0.7048611111111112 0.48828125 0.6944444444444444
0 0.498046875 0.3923611111111111 0.505859375 0.4097222222222222 0.505859375 0.4131944444444444 0.50390625 0.4131944444444444 0.5 0.40625 0.498046875 0.3958333333333333
0 0.591796875 0.6736111111111112 0.59765625 0.6736111111111112 0.6015625 0.6805555555555556 0.6015625 0.6875 0.603515625 0.6909722222222222 0.603515625 0.7048611111111112 0.6015625 0.7083333333333334 0.6015625 0.7152777777777778 0.603515625 0.71875 0.599609375 0.7152777777777778 0.59765625 0.71875 0.59375 0.71875 0.591796875 0.7256944444444444 0.58984375 0.7256944444444444 0.59375 0.7152777777777778 0.58984375 0.7013888888888888 0.58984375 0.6805555555555556 0.591796875 0.6770833333333334
0 0.65234375 0.1111111111111111 0.654296875 0.1111111111111111 0.658203125 0.12152777777777778 0.658203125 0.14930555555555555 0.65625 0.14930555555555555 0.654296875 0.1423611111111111 0.654296875 0.13194444444444445 0.65234375 0.1284722222222222 0.65234375 0.11458333333333333
0 0.486328125 0.3402777777777778 0.490234375 0.34375 0.490234375 0.3541666666666667 0.48828125 0.3576388888888889 0.48828125 0.3472222222222222 0.486328125 0.34375
0 0.57421875 0.65625 0.578125 0.6631944444444444 0.55859375 0.6631944444444444 0.556640625 0.6666666666666666 0.55078125 0.6631944444444444 0.55078125 0.6597222222222222 0.572265625 0.65625
0 0.48046875 0.6944444444444444 0.484375 0.7152777777777778 0.48046875 0.7118055555555556 0.478515625 0.6979166666666666
0 0.47161458333333334 0.3935185185185185 0.005729166666666666 0.012962962962962963
0 0.55078125 0.6944444444444444 0.55078125 0.7083333333333334 0.546875 0.7083333333333334 0.548828125 0.6979166666666666