0 0.490234375 0.0798611111111111 0.494140625 0.08333333333333333 0.505859375 0.08333333333333333 0.505859375 0.08680555555555555 0.498046875 0.10069444444444445 0.501953125 0.1111111111111111 0.501953125 0.12152777777777778 0.50390625 0.125 0.501953125 0.13194444444444445 0.501953125 0.14583333333333334 0.490234375 0.1736111111111111 0.48046875 0.1736111111111111 0.478515625 0.1423611111111111 0.4765625 0.1388888888888889 0.4765625 0.13194444444444445 0.482421875 0.13194444444444445 0.486328125 0.11458333333333333 0.494140625 0.10069444444444445 0.494140625 0.09375 0.490234375 0.08333333333333333
0 0.552734375 0.12152777777777778 0.556640625 0.12152777777777778 0.56640625 0.13194444444444445 0.578125 0.1527777777777778 0.583984375 0.17708333333333334 0.583984375 0.1875 0.58203125 0.1909722222222222 0.58203125 0.21875 0.583984375 0.2222222222222222 0.583984375 0.2326388888888889 0.580078125 0.2222222222222222 0.572265625 0.21875 0.57421875 0.20833333333333334 0.578125 0.2013888888888889 0.57421875 0.1875 0.5625 0.16666666666666666 0.5625 0.16319444444444445 0.560546875 0.1597222222222222 0.5546875 0.1597222222222222 0.556640625 0.1527777777777778 0.552734375 0.1423611111111111 0.552734375 0.125
0 0.49635416666666665 0.37083333333333335 0.007291666666666667 0.03796296296296296
0 0.607421875 0.6215277777777778 0.611328125 0.6215277777777778 0.611328125 0.6388888888888888 0.61328125 0.6423611111111112 0.61328125 0.6701388888888888 0.609375 0.6805555555555556 0.60546875 0.6736111111111112 0.6015625 0.6597222222222222 0.6015625 0.6423611111111112 0.60546875 0.6354166666666666 0.607421875 0.625
0 0.572265625 0.9513888888888888 0.57421875 0.9548611111111112 0.57421875 0.9618055555555556 0.580078125 0.9756944444444444 0.580078125 0.9965277777777778 0.576171875 0.9965277777777778 0.5703125 0.9826388888888888 0.5703125 0.9548611111111112
0 0.462890625 0.34375 0.466796875 0.34375 0.470703125 0.3541666666666667 0.470703125 0.3611111111111111 0.46875 0.3611111111111111 0.46484375 0.3472222222222222
0 0.5078125 0.4409722222222222 0.513671875 0.4513888888888889 0.515625 0.4618055555555556 0.513671875 0.4618055555555556 0.505859375 0.4444444444444444
0 0.63671875 0.9409722222222222 0.63671875 0.9270833333333334 0.6328125 0.9201388888888888 0.6328125 0.9027777777777778 0.634765625 0.8993055555555556 0.63671875 0.8993055555555556 0.638671875 0.90625 0.638671875 0.9236111111111112 0.646484375 0.9375 0.64453125 0.9409722222222222 0.638671875 0.9409722222222222
0 0.55078125 0.6597222222222222 0.5625 0.6597222222222222 0.564453125 0.65625 0.57421875 0.65625 0.578125 0.6597222222222222 0.578125 0.6631944444444444 0.55078125 0.6631944444444444
0 0.64453125 0.3402777777777778 0.646484375 0.3402777777777778 0.646484375 0.3680555555555556 0.64453125 0.375 0.640625 0.375 0.640625 0.3576388888888889 0.64453125 0.34375
0 0.458984375 0.3715277777777778 0.466796875 0.375 0.466796875 0.3854166666666667 0.4609375 0.375
0 0.47812499999999997 0.4 0.015625 0.016666666666666666
0 0.4640625 0.4199074074074074 0.008333333333333333 0.01574074074074074
0 0.6135416666666667 0.575925925925926 0.015625 0.06481481481481483
0 0.474609375 0.7013888888888888 0.4765625 0.7048611111111112 0.48046875 0.7048611111111112 0.48046875 0.7118055555555556 0.484375 0.71875 0.484375 0.7291666666666666 0.48828125 0.7395833333333334 0.48828125 0.7465277777777778 0.484375 0.7465277777777778 0.48046875 0.7395833333333334 0.48046875 0.7326388888888888 0.474609375 0.71875 0.474609375 0.7048611111111112
0 0.47109375 0.39537037037037037 0.0067708333333333336 0.014814814814814815
0 0.48046875 0.7013888888888888 0.484375 0.7118055555555556 0.484375 0.71875 0.48046875 0.7152777777777778 0.48046875 0.7048611111111112
0 0.525390625 0.6979166666666666 0.529296875 0.6979166666666666 0.529296875 0.7118055555555556 0.533203125 0.7222222222222222 0.533203125 0.75 0.529296875 0.75 0.529296875 0.7395833333333334 0.52734375 0.7361111111111112 0.52734375 0.7048611111111112 0.525390625 0.7013888888888888
0 0.630859375 0.6180555555555556 0.634765625 0.625 0.634765625 0.6319444444444444 0.640625 0.6493055555555556 0.640625 0.6631944444444444 0.642578125 0.6666666666666666 0.642578125 0.6770833333333334 0.640625 0.6840277777777778 0.63671875 0.6875 0.6328125 0.6979166666666666 0.62890625 0.6875 0.62890625 0.6631944444444444 0.626953125 0.6597222222222222 0.626953125 0.6423611111111112 0.62890625 0.6388888888888888 0.62890625 0.6284722222222222 0.626953125 0.6215277777777778 0.62890625 0.6215277777777778
0 0.474609375 0.7013888888888888 0.4765625 0.7048611111111112 0.4765625 0.7222222222222222 0.474609375 0.7222222222222222 0.474609375 0.7048611111111112
0 0.53125 0.3541666666666667 0.53515625 0.3541666666666667 0.537109375 0.3576388888888889 0.53515625 0.3645833333333333 0.537109375 0.3715277777777778 0.537109375 0.3993055555555556 0.53515625 0.40625 0.533203125 0.4027777777777778 0.533203125 0.3854166666666667 0.53125 0.3819444444444444 0.533203125 0.3784722222222222 0.53125 0.3576388888888889
0 0.515625 0.7569444444444444 0.517578125 0.7638888888888888 0.517578125 0.7777777777777778 0.51953125 0.78125 0.517578125 0.7881944444444444 0.517578125 0.7986111111111112 0.513671875 0.7847222222222222 0.513671875 0.7604166666666666
0 0.48151041666666666 0.3351851851851852 0.009895833333333333 0.012962962962962963
0 0.48828125 0.6944444444444444 0.4921875 0.7048611111111112 0.4921875 0.7118055555555556 0.490234375 0.7118055555555556 0.48828125 0.6979166666666666
0 0.646484375 0.9409722222222222 0.650390625 0.9409722222222222 0.650390625 0.9513888888888888 0.65234375 0.9548611111111112 0.65234375 0.9895833333333334 0.650390625 0.9930555555555556 0.6484375 0.9895833333333334 0.6484375 0.9756944444444444 0.646484375 0.9722222222222222 0.646484375 0.9444444444444444
0 0.498046875 0.3958333333333333 0.501953125 0.3993055555555556 0.505859375 0.4097222222222222 0.505859375 0.4166666666666667 0.498046875 0.4027777777777778 0.498046875 0.3993055555555556
0 0.595703125 0.6666666666666666 0.599609375 0.6736111111111112 0.603515625 0.6909722222222222 0.603515625 0.7013888888888888 0.599609375 0.7083333333333334 0.603515625 0.71875 0.6015625 0.7152777777777778 0.59765625 0.7152777777777778 0.58984375 0.7222222222222222 0.59375 0.7152777777777778 0.59375 0.7083333333333334 0.587890625 0.6909722222222222 0.587890625 0.6840277777777778 0.591796875 0.6770833333333334 0.591796875 0.6701388888888888 0.59375 0.6701388888888888
0 0.65234375 0.1111111111111111 0.654296875 0.1111111111111111 0.658203125 0.12152777777777778 0.658203125 0.14930555555555555 0.654296875 0.1423611111111111 0.65234375 0.11458333333333333
0 0.544921875 0.4166666666666667 0.5625 0.4166666666666667 0.5625 0.4201388888888889 0.55078125 0.4201388888888889 0.548828125 0.4236111111111111 0.544921875 0.4236111111111111 0.544921875 0.4201388888888889
0 0.486328125 0.3402777777777778 0.48828125 0.3402777777777778 0.490234375 0.3472222222222222 0.490234375 0.3576388888888889 0.48828125 0.3576388888888889 0.48828125 0.3472222222222222 0.486328125 0.34375
0 0.5078125 0.71875 0.51171875 0.71875 0.51171875 0.7395833333333334 0.513671875 0.7430555555555556 0.513671875 0.7708333333333334 0.509765625 0.7673611111111112 0.5078125 0.7604166666666666 0.5078125 0.7395833333333334 0.509765625 0.7361111111111112 0.5078125 0.7222222222222222
0 0.55078125 0.6944444444444444 0.55078125 0.7118055555555556 0.548828125 0.7152777777777778 0.548828125 0.6979166666666666