0 0.33203125 0.42160278745644597 0.333984375 0.4250871080139373 0.34375 0.4250871080139373 0.3515625 0.4355400696864111 0.3515625 0.445993031358885 0.349609375 0.44947735191637633 0.345703125 0.4529616724738676 0.3359375 0.4529616724738676 0.333984375 0.4564459930313589 0.3125 0.4564459930313589 0.310546875 0.4529616724738676 0.30078125 0.4529616724738676 0.291015625 0.445993031358885 0.291015625 0.4425087108013937 0.294921875 0.43902439024390244 0.30078125 0.43902439024390244 0.30859375 0.42857142857142855 0.326171875 0.4250871080139373 0.330078125 0.42160278745644597
0 0.505859375 0.8606271777003485 0.509765625 0.8571428571428571 0.515625 0.8571428571428571 0.517578125 0.8606271777003485 0.517578125 0.8780487804878049 0.50390625 0.8989547038327527 0.49609375 0.8954703832752613 0.49609375 0.8815331010452961 0.498046875 0.8815331010452961 0.505859375 0.8641114982578397
0 0.578125 0.30662020905923343 0.583984375 0.313588850174216 0.583984375 0.3205574912891986 0.578125 0.32752613240418116 0.578125 0.3344947735191638 0.572265625 0.34146341463414637 0.5546875 0.34146341463414637 0.552734375 0.33797909407665505 0.548828125 0.33797909407665505 0.546875 0.34146341463414637 0.546875 0.3519163763066202 0.54296875 0.34843205574912894 0.54296875 0.34494773519163763 0.5390625 0.34146341463414637 0.53515625 0.3310104529616725 0.5390625 0.3344947735191638 0.544921875 0.3344947735191638 0.548828125 0.3240418118466899 0.55078125 0.3240418118466899 0.55859375 0.31010452961672474 0.564453125 0.31010452961672474 0.572265625 0.30313588850174217 0.576171875 0.30662020905923343
0 0.287109375 0.6759581881533101 0.30859375 0.6759581881533101 0.30859375 0.686411149825784 0.3046875 0.6898954703832753 0.29296875 0.6898954703832753 0.291015625 0.686411149825784 0.287109375 0.686411149825784 0.287109375 0.6794425087108014
0 0.49609375 0.10452961672473868 0.51953125 0.10452961672473868 0.521484375 0.11149825783972125 0.529296875 0.11498257839721254 0.529296875 0.12195121951219512 0.52734375 0.1254355400696864 0.5234375 0.1289198606271777 0.515625 0.1289198606271777 0.513671875 0.1254355400696864 0.498046875 0.11846689895470383 0.4921875 0.11149825783972125 0.49609375 0.10801393728222997
0 0.44140625 0.5505226480836237 0.44921875 0.5470383275261324 0.451171875 0.5505226480836237 0.455078125 0.5505226480836237 0.455078125 0.554006968641115 0.458984375 0.5574912891986062 0.458984375 0.5609756097560976 0.44921875 0.5644599303135889 0.447265625 0.5609756097560976 0.44140625 0.5609756097560976 0.44140625 0.554006968641115
0 0.453125 0.37630662020905925 0.466796875 0.37630662020905925 0.470703125 0.3797909407665505 0.47265625 0.3867595818815331 0.474609375 0.3867595818815331 0.474609375 0.40418118466898956 0.466796875 0.4076655052264808 0.46484375 0.40418118466898956 0.44921875 0.397212543554007 0.44921875 0.3832752613240418 0.453125 0.3797909407665505
0 0.537109375 0.6550522648083623 0.541015625 0.6550522648083623 0.54296875 0.662020905923345 0.546875 0.662020905923345 0.548828125 0.6655052264808362 0.56640625 0.6655052264808362 0.568359375 0.6689895470383276 0.56640625 0.6759581881533101 0.568359375 0.6829268292682927 0.57421875 0.6829268292682927 0.578125 0.6794425087108014 0.57421875 0.686411149825784 0.578125 0.6968641114982579 0.578125 0.7038327526132404 0.57421875 0.710801393728223 0.568359375 0.710801393728223 0.56640625 0.7142857142857143 0.54296875 0.7142857142857143 0.541015625 0.7177700348432056 0.533203125 0.7177700348432056 0.53125 0.7142857142857143 0.53125 0.7003484320557491 0.533203125 0.6968641114982579 0.533203125 0.6655052264808362 0.53515625 0.6655052264808362 0.537109375 0.6585365853658537
0 0.447265625 0.4355400696864111 0.451171875 0.43205574912891986 0.46484375 0.43205574912891986 0.46484375 0.43902439024390244 0.4609375 0.4425087108013937 0.451171875 0.4425087108013937 0.447265625 0.43902439024390244
0 0.501953125 0.5505226480836237 0.521484375 0.5505226480836237 0.521484375 0.5818815331010453 0.513671875 0.5818815331010453 0.509765625 0.5888501742160279 0.4921875 0.5818815331010453 0.4921875 0.5574912891986062 0.5 0.5574912891986062 0.501953125 0.554006968641115
0 0.599609375 0.8257839721254355 0.607421875 0.8292682926829268 0.607421875 0.8606271777003485 0.595703125 0.8641114982578397 0.59375 0.8606271777003485 0.58984375 0.8606271777003485 0.58984375 0.8571428571428571 0.5859375 0.8536585365853658 0.5859375 0.8466898954703833 0.587890625 0.8466898954703833 0.58984375 0.8397212543554007 0.59765625 0.8362369337979094 0.599609375 0.8292682926829268
0 0.431640625 0.10801393728222997 0.435546875 0.10801393728222997 0.4375 0.10452961672473868 0.453125 0.10801393728222997 0.453125 0.11498257839721254 0.44921875 0.11498257839721254 0.447265625 0.11846689895470383 0.4375 0.11846689895470383 0.435546875 0.11498257839721254 0.431640625 0.11498257839721254 0.431640625 0.11149825783972125
0 0.486328125 0.42857142857142855 0.49609375 0.42857142857142855 0.49609375 0.43205574912891986 0.50390625 0.4425087108013937 0.513671875 0.4425087108013937 0.513671875 0.4529616724738676 0.509765625 0.4529616724738676 0.5078125 0.4564459930313589 0.4921875 0.4529616724738676 0.490234375 0.44947735191637633 0.484375 0.44947735191637633 0.484375 0.4355400696864111 0.486328125 0.43205574912891986
0 0.302734375 0.4808362369337979 0.3046875 0.4843205574912892 0.326171875 0.4878048780487805 0.326171875 0.49825783972125437 0.3203125 0.49825783972125437 0.310546875 0.5121951219512195 0.298828125 0.5087108013937283 0.29296875 0.5017421602787456 0.2890625 0.5017421602787456 0.2890625 0.4843205574912892 0.30078125 0.4808362369337979
0 0.357421875 0.445993031358885 0.359375 0.44947735191637633 0.373046875 0.44947735191637633 0.373046875 0.4634146341463415 0.369140625 0.4634146341463415 0.3671875 0.46689895470383275 0.3515625 0.46689895470383275 0.34375 0.45993031358885017 0.34375 0.44947735191637633 0.35546875 0.445993031358885
0 0.44140625 0.1289198606271777 0.453125 0.1289198606271777 0.44921875 0.13937282229965156 0.443359375 0.13937282229965156 0.44140625 0.13240418118466898
0 0.5703125 0.9512195121951219 0.580078125 0.9512195121951219 0.583984375 0.9616724738675958 0.58984375 0.9616724738675958 0.58984375 0.9651567944250871 0.59765625 0.9721254355400697 0.6015625 0.9825783972125436 0.60546875 0.9825783972125436 0.60546875 0.9895470383275261 0.607421875 0.9930313588850174 0.607421875 0.9965156794425087 0.5625 0.9965156794425087 0.5625 0.9930313588850174 0.556640625 0.9860627177700348 0.556640625 0.9825783972125436 0.5625 0.975609756097561 0.564453125 0.9616724738675958 0.5703125 0.9547038327526133
0 0.310546875 0.04878048780487805 0.326171875 0.04878048780487805 0.326171875 0.059233449477351915 0.322265625 0.0627177700348432 0.310546875 0.0627177700348432 0.30859375 0.059233449477351915 0.3046875 0.059233449477351915 0.3046875 0.05574912891986063 0.30859375 0.05574912891986063 0.310546875 0.05226480836236934
0 0.615234375 0.7038327526132404 0.63671875 0.7038327526132404 0.63671875 0.8153310104529616 0.6328125 0.818815331010453 0.625 0.8118466898954704 0.62109375 0.7979094076655052 0.615234375 0.794425087108014 0.615234375 0.7491289198606271 0.619140625 0.7456445993031359 0.619140625 0.7247386759581882 0.615234375 0.7212543554006968 0.615234375 0.7073170731707317
0 0.328125 0.1672473867595819 0.341796875 0.1672473867595819 0.341796875 0.17770034843205576 0.337890625 0.18118466898954705 0.328125 0.17770034843205576 0.328125 0.17073170731707318
0 0.52734375 0.059233449477351915 0.533203125 0.05574912891986063 0.537109375 0.0627177700348432 0.546875 0.06968641114982578 0.59765625 0.06968641114982578 0.599609375 0.07317073170731707 0.61328125 0.07317073170731707 0.619140625 0.0627177700348432 0.619140625 0.07665505226480836 0.611328125 0.08362369337979095 0.60546875 0.08362369337979095 0.603515625 0.08710801393728224 0.595703125 0.08710801393728224 0.591796875 0.09059233449477352 0.58984375 0.09407665505226481 0.58984375 0.10104529616724739 0.583984375 0.11149825783972125 0.56640625 0.11498257839721254 0.564453125 0.11846689895470383 0.556640625 0.11846689895470383 0.55078125 0.11149825783972125 0.546875 0.11149825783972125 0.5390625 0.09407665505226481 0.5390625 0.07665505226480836 0.529296875 0.059233449477351915
0 0.451171875 0.06968641114982578 0.462890625 0.06968641114982578 0.462890625 0.08013937282229965 0.458984375 0.08362369337979095 0.4453125 0.08013937282229965 0.4453125 0.07665505226480836 0.44921875 0.07665505226480836 0.451171875 0.07317073170731707
0 0.4453125 0.49825783972125437 0.44921875 0.49477351916376305 0.458984375 0.49477351916376305 0.4609375 0.49825783972125437 0.4609375 0.5087108013937283 0.455078125 0.5087108013937283 0.453125 0.5121951219512195 0.447265625 0.5121951219512195 0.4453125 0.5087108013937283 0.4453125 0.5017421602787456
0 0.484375 0.10104529616724739 0.484375 0.11149825783972125 0.48046875 0.11498257839721254 0.470703125 0.11498257839721254 0.46875 0.11149825783972125 0.462890625 0.11149825783972125 0.462890625 0.10801393728222997 0.474609375 0.10452961672473868 0.4765625 0.10104529616724739 0.482421875 0.10104529616724739
0 0.4765625 0.2961672473867596 0.4921875 0.2961672473867596 0.4921875 0.30662020905923343 0.48828125 0.30662020905923343 0.486328125 0.31010452961672474 0.470703125 0.30662020905923343 0.474609375 0.30662020905923343 0.4765625 0.29965156794425085
0 0.3828125 0.6968641114982579 0.400390625 0.6968641114982579 0.40234375 0.7038327526132404 0.40625 0.7038327526132404 0.40625 0.7212543554006968 0.375 0.7247386759581882 0.373046875 0.7212543554006968 0.365234375 0.7212543554006968 0.365234375 0.7177700348432056 0.3828125 0.7003484320557491
0 0.609375 0.30313588850174217 0.615234375 0.2961672473867596 0.625 0.2926829268292683 0.62890625 0.2857142857142857 0.63671875 0.28222996515679444 0.63671875 0.3310104529616725 0.62890625 0.3344947735191638 0.625 0.34146341463414637 0.6171875 0.33797909407665505 0.615234375 0.3310104529616725 0.609375 0.3310104529616725 0.60546875 0.33797909407665505 0.607421875 0.34494773519163763 0.60546875 0.34146341463414637 0.599609375 0.34146341463414637 0.599609375 0.3205574912891986 0.603515625 0.3205574912891986 0.609375 0.31010452961672474 0.609375 0.30662020905923343