0 0.1875 0.4375 0.1953125 0.4305555555555556 0.201171875 0.4305555555555556 0.212890625 0.4201388888888889 0.21875 0.4201388888888889 0.220703125 0.4236111111111111 0.232421875 0.4236111111111111 0.228515625 0.4340277777777778 0.212890625 0.4444444444444444 0.189453125 0.4479166666666667 0.1875 0.4409722222222222
0 0.4609375 0.1423611111111111 0.462890625 0.14583333333333334 0.474609375 0.14583333333333334 0.4765625 0.14930555555555555 0.490234375 0.1527777777777778 0.494140625 0.16319444444444445 0.4921875 0.1736111111111111 0.48828125 0.18055555555555555 0.478515625 0.18055555555555555 0.4765625 0.17708333333333334 0.4609375 0.1701388888888889 0.451171875 0.1597222222222222 0.451171875 0.14930555555555555 0.453125 0.14583333333333334 0.458984375 0.14583333333333334
0 0.740234375 0.375 0.75 0.3819444444444444 0.763671875 0.3819444444444444 0.765625 0.3854166666666667 0.763671875 0.3923611111111111 0.751953125 0.3923611111111111 0.74609375 0.3854166666666667 0.73046875 0.3854166666666667 0.724609375 0.3923611111111111 0.701171875 0.3888888888888889 0.6953125 0.3819444444444444 0.697265625 0.375 0.708984375 0.375 0.7109375 0.3715277777777778 0.73828125 0.375
0 0.203125 0.4201388888888889 0.205078125 0.4236111111111111 0.21484375 0.4201388888888889 0.21484375 0.4236111111111111 0.2109375 0.4236111111111111 0.205078125 0.4305555555555556 0.193359375 0.4340277777777778 0.185546875 0.4409722222222222 0.171875 0.4409722222222222 0.169921875 0.4444444444444444 0.1484375 0.4444444444444444 0.14453125 0.4409722222222222 0.1484375 0.4305555555555556 0.15234375 0.4305555555555556 0.154296875 0.4270833333333333 0.1640625 0.4270833333333333 0.166015625 0.4236111111111111 0.177734375 0.4236111111111111 0.1796875 0.4201388888888889 0.201171875 0.4201388888888889
0 0.571875 0.19490740740740742 0.06354166666666666 0.03240740740740741
0 0.69921875 0.4027777777777778 0.701171875 0.40625 0.70703125 0.40625 0.7109375 0.4097222222222222 0.708984375 0.4131944444444444 0.705078125 0.4166666666666667 0.6875 0.4201388888888889 0.681640625 0.4270833333333333 0.646484375 0.4270833333333333 0.64453125 0.4201388888888889 0.6484375 0.4131944444444444 0.65234375 0.4131944444444444 0.66015625 0.40625 0.666015625 0.40625 0.66796875 0.4027777777777778 0.697265625 0.4027777777777778
0 0.560546875 0.6354166666666666 0.5625 0.6388888888888888 0.56640625 0.6388888888888888 0.57421875 0.6493055555555556 0.578125 0.6493055555555556 0.5859375 0.65625 0.6171875 0.6631944444444444 0.615234375 0.6701388888888888 0.611328125 0.6736111111111112 0.607421875 0.6736111111111112 0.60546875 0.6770833333333334 0.59375 0.6770833333333334 0.591796875 0.6805555555555556 0.57421875 0.6770833333333334 0.5546875 0.6597222222222222 0.544921875 0.6423611111111112 0.544921875 0.6354166666666666 0.546875 0.6319444444444444 0.556640625 0.6319444444444444 0.55859375 0.6354166666666666
0 0.134765625 0.2638888888888889 0.142578125 0.2708333333333333 0.150390625 0.2708333333333333 0.150390625 0.28125 0.12890625 0.28125 0.119140625 0.2916666666666667 0.10546875 0.2916666666666667 0.09765625 0.2847222222222222 0.072265625 0.28125 0.068359375 0.2708333333333333 0.078125 0.2604166666666667 0.123046875 0.2604166666666667 0.125 0.2638888888888889 0.1328125 0.2638888888888889
0 0.2890625 0.19444444444444445 0.291015625 0.19791666666666666 0.302734375 0.19791666666666666 0.31640625 0.20833333333333334 0.31640625 0.2152777777777778 0.30078125 0.2152777777777778 0.298828125 0.21875 0.28125 0.21875 0.271484375 0.21180555555555555 0.271484375 0.2013888888888889 0.275390625 0.2013888888888889 0.28125 0.19444444444444445 0.287109375 0.19444444444444445
0 0.35546875 0.3263888888888889 0.353515625 0.34375 0.349609375 0.3506944444444444 0.34375 0.3506944444444444 0.341796875 0.3541666666666667 0.3203125 0.3541666666666667 0.3203125 0.34375 0.33984375 0.3298611111111111 0.353515625 0.3263888888888889
0 0.998046875 0.3472222222222222 0.998046875 0.3715277777777778 0.97265625 0.3680555555555556 0.970703125 0.3645833333333333 0.970703125 0.3611111111111111 0.9765625 0.3541666666666667 0.982421875 0.3541666666666667 0.990234375 0.3472222222222222 0.99609375 0.3472222222222222
0 0.275390625 0.21875 0.27734375 0.2222222222222222 0.28515625 0.2222222222222222 0.287109375 0.22569444444444445 0.296875 0.22569444444444445 0.298828125 0.2326388888888889 0.294921875 0.2361111111111111 0.2890625 0.2361111111111111 0.287109375 0.23958333333333334 0.27734375 0.23958333333333334 0.275390625 0.24305555555555555 0.248046875 0.24305555555555555 0.24609375 0.23958333333333334 0.2421875 0.23958333333333334 0.23828125 0.2326388888888889 0.240234375 0.22916666666666666 0.244140625 0.22916666666666666 0.24609375 0.22569444444444445 0.255859375 0.22569444444444445 0.2578125 0.2222222222222222 0.2734375 0.2222222222222222
0 0.611328125 0.25 0.61328125 0.2534722222222222 0.623046875 0.2534722222222222 0.630859375 0.2604166666666667 0.64453125 0.2638888888888889 0.634765625 0.2708333333333333 0.6015625 0.2708333333333333 0.599609375 0.2673611111111111 0.595703125 0.2673611111111111 0.59375 0.2638888888888889 0.59375 0.2534722222222222 0.595703125 0.25 0.609375 0.25
0 0.177734375 0.3229166666666667 0.177734375 0.3298611111111111 0.17578125 0.3333333333333333 0.158203125 0.3402777777777778 0.1484375 0.3506944444444444 0.13671875 0.3506944444444444 0.134765625 0.3541666666666667 0.125 0.3541666666666667 0.123046875 0.3576388888888889 0.099609375 0.3576388888888889 0.09765625 0.3541666666666667 0.09765625 0.3472222222222222 0.103515625 0.3402777777777778 0.107421875 0.3402777777777778 0.115234375 0.3333333333333333 0.123046875 0.3333333333333333 0.125 0.3298611111111111 0.13671875 0.3298611111111111 0.138671875 0.3263888888888889 0.1640625 0.3263888888888889 0.166015625 0.3229166666666667 0.17578125 0.3229166666666667
0 0.1875 0.3506944444444444 0.189453125 0.3541666666666667 0.201171875 0.3541666666666667 0.203125 0.3576388888888889 0.201171875 0.3645833333333333 0.19140625 0.3645833333333333 0.18359375 0.3715277777777778 0.17578125 0.3715277777777778 0.166015625 0.3784722222222222 0.154296875 0.3784722222222222 0.15234375 0.3819444444444444 0.1328125 0.3819444444444444 0.130859375 0.3784722222222222 0.125 0.3784722222222222 0.12109375 0.3715277777777778 0.125 0.3611111111111111 0.130859375 0.3611111111111111 0.1328125 0.3576388888888889 0.1484375 0.3576388888888889 0.150390625 0.3541666666666667 0.173828125 0.3541666666666667 0.17578125 0.3506944444444444 0.185546875 0.3506944444444444
0 0.48046875 0.25 0.49609375 0.25 0.501953125 0.2569444444444444 0.494140625 0.2638888888888889 0.484375 0.2638888888888889 0.48046875 0.2604166666666667 0.48046875 0.2534722222222222
0 0.595703125 0.1423611111111111 0.599609375 0.14930555555555555 0.599609375 0.16319444444444445 0.595703125 0.1701388888888889 0.58984375 0.1701388888888889 0.587890625 0.1736111111111111 0.552734375 0.1736111111111111 0.548828125 0.16666666666666666 0.548828125 0.1597222222222222 0.552734375 0.1527777777777778 0.556640625 0.1527777777777778 0.55859375 0.14930555555555555 0.59375 0.1423611111111111
0 0.6096354166666667 0.38703703703703707 0.06927083333333334 0.025925925925925925
0 0.203125 0.3298611111111111 0.20703125 0.3333333333333333 0.2109375 0.34375 0.205078125 0.3506944444444444 0.177734375 0.3506944444444444 0.1796875 0.34375 0.185546875 0.34375 0.197265625 0.3333333333333333 0.201171875 0.3333333333333333
0 0.591796875 0.1076388888888889 0.595703125 0.1111111111111111 0.59765625 0.11805555555555555 0.59765625 0.13194444444444445 0.595703125 0.13541666666666666 0.58203125 0.1388888888888889 0.580078125 0.1423611111111111 0.5625 0.13541666666666666 0.5625 0.125 0.578125 0.1111111111111111 0.5859375 0.1111111111111111 0.58984375 0.1076388888888889
0 0.251953125 0.3576388888888889 0.25390625 0.3611111111111111 0.2734375 0.3611111111111111 0.275390625 0.3576388888888889 0.279296875 0.3680555555555556 0.263671875 0.3715277777777778 0.255859375 0.3784722222222222 0.244140625 0.3819444444444444 0.2421875 0.3854166666666667 0.234375 0.3854166666666667 0.232421875 0.3888888888888889 0.224609375 0.3888888888888889 0.22265625 0.3923611111111111 0.189453125 0.3923611111111111 0.185546875 0.3888888888888889 0.18359375 0.3819444444444444 0.1875 0.375 0.19921875 0.3715277777777778 0.201171875 0.3680555555555556 0.208984375 0.3680555555555556 0.2109375 0.3645833333333333 0.220703125 0.3645833333333333 0.22265625 0.3611111111111111 0.25 0.3611111111111111
0 0.328125 0.3715277777777778 0.328125 0.3819444444444444 0.314453125 0.3958333333333333 0.30078125 0.3958333333333333 0.298828125 0.3923611111111111 0.298828125 0.3854166666666667 0.306640625 0.375 0.322265625 0.375 0.326171875 0.3715277777777778
0 0.51171875 0.3020833333333333 0.517578125 0.3159722222222222 0.517578125 0.3194444444444444 0.51171875 0.3263888888888889 0.501953125 0.3263888888888889 0.498046875 0.3194444444444444 0.501953125 0.3090277777777778 0.509765625 0.3020833333333333
0 0.32526041666666666 0.3162037037037037 0.050520833333333334 0.03425925925925926
0 0.13671875 0.4236111111111111 0.138671875 0.4270833333333333 0.146484375 0.4270833333333333 0.146484375 0.4305555555555556 0.140625 0.4375 0.134765625 0.4375 0.126953125 0.4444444444444444 0.119140625 0.4444444444444444 0.1171875 0.4479166666666667 0.10546875 0.4479166666666667 0.103515625 0.4513888888888889 0.07421875 0.4513888888888889 0.072265625 0.4444444444444444 0.076171875 0.4375 0.080078125 0.4375 0.0859375 0.4305555555555556 0.107421875 0.4270833333333333 0.109375 0.4236111111111111 0.134765625 0.4236111111111111
0 0.876953125 0.4270833333333333 0.87890625 0.4305555555555556 0.888671875 0.4305555555555556 0.890625 0.4340277777777778 0.900390625 0.4340277777777778 0.90234375 0.4375 0.90625 0.4375 0.912109375 0.4444444444444444 0.91015625 0.4479166666666667 0.904296875 0.4479166666666667 0.90234375 0.4444444444444444 0.884765625 0.4444444444444444 0.8828125 0.4479166666666667 0.837890625 0.4479166666666667 0.8359375 0.4444444444444444 0.830078125 0.4444444444444444 0.82421875 0.4375 0.828125 0.4305555555555556 0.8359375 0.4305555555555556 0.837890625 0.4270833333333333 0.875 0.4270833333333333
0 0.9888020833333333 0.4532407407407407 0.022395833333333334 0.036111111111111115
0 0.2890625 0.2951388888888889 0.291015625 0.3020833333333333 0.28515625 0.3090277777777778 0.28125 0.3090277777777778 0.279296875 0.3125 0.275390625 0.3090277777777778 0.265625 0.3159722222222222 0.224609375 0.3159722222222222 0.2265625 0.3125 0.23046875 0.3125 0.236328125 0.3055555555555556 0.2421875 0.3055555555555556 0.244140625 0.3020833333333333 0.25390625 0.3020833333333333 0.255859375 0.2986111111111111 0.279296875 0.2986111111111111 0.28125 0.2951388888888889 0.287109375 0.2951388888888889
0 0.841796875 0.5104166666666666 0.84375 0.5138888888888888 0.87109375 0.5138888888888888 0.87890625 0.5208333333333334 0.89453125 0.5208333333333334 0.8984375 0.53125 0.896484375 0.5347222222222222 0.876953125 0.5347222222222222 0.875 0.5381944444444444 0.865234375 0.5381944444444444 0.857421875 0.5451388888888888 0.830078125 0.5416666666666666 0.828125 0.5381944444444444 0.822265625 0.5381944444444444 0.8203125 0.5347222222222222 0.8125 0.5347222222222222 0.80859375 0.53125 0.80859375 0.5208333333333334 0.814453125 0.5138888888888888 0.830078125 0.5138888888888888 0.83203125 0.5104166666666666 0.837890625 0.5104166666666666 0.83984375 0.5138888888888888
0 0.43359375 0.3888888888888889 0.435546875 0.3923611111111111 0.435546875 0.4027777777777778 0.427734375 0.4131944444444444 0.419921875 0.4131944444444444 0.41796875 0.4097222222222222 0.41796875 0.3993055555555556 0.419921875 0.3958333333333333 0.431640625 0.3923611111111111
0 0.2734375 0.1875 0.28125 0.19444444444444445 0.2734375 0.19791666666666666 0.26953125 0.2048611111111111 0.263671875 0.2048611111111111 0.255859375 0.21180555555555555 0.24609375 0.21180555555555555 0.244140625 0.2152777777777778 0.232421875 0.2152777777777778 0.23046875 0.21875 0.212890625 0.21875 0.208984375 0.2152777777777778 0.208984375 0.20833333333333334 0.220703125 0.19791666666666666 0.224609375 0.19791666666666666 0.2265625 0.19444444444444445 0.236328125 0.19444444444444445 0.23828125 0.1909722222222222 0.251953125 0.1909722222222222 0.25390625 0.1875 0.271484375 0.1875
0 0.228515625 0.3159722222222222 0.23046875 0.3194444444444444 0.248046875 0.3194444444444444 0.25 0.3159722222222222 0.26953125 0.3159722222222222 0.271484375 0.3125 0.28125 0.3125 0.283203125 0.3194444444444444 0.271484375 0.3229166666666667 0.26953125 0.3263888888888889 0.263671875 0.3263888888888889 0.25390625 0.3368055555555556 0.236328125 0.3402777777777778 0.234375 0.34375 0.212890625 0.34375 0.205078125 0.3333333333333333 0.205078125 0.3298611111111111 0.2109375 0.3229166666666667 0.21484375 0.3229166666666667 0.216796875 0.3194444444444444 0.2265625 0.3194444444444444
0 0.095703125 0.3541666666666667 0.099609375 0.3611111111111111 0.09765625 0.3645833333333333 0.09375 0.3680555555555556 0.078125 0.3715277777777778 0.072265625 0.3784722222222222 0.060546875 0.3784722222222222 0.0546875 0.3680555555555556 0.0546875 0.3611111111111111 0.056640625 0.3576388888888889 0.060546875 0.3541666666666667 0.09375 0.3541666666666667
0 0.537109375 0.4131944444444444 0.5546875 0.4097222222222222 0.556640625 0.4131944444444444 0.560546875 0.4131944444444444 0.5625 0.4201388888888889 0.560546875 0.4270833333333333 0.541015625 0.4270833333333333 0.537109375 0.4236111111111111 0.537109375 0.4166666666666667
0 0.650390625 0.1909722222222222 0.65625 0.2013888888888889 0.662109375 0.2048611111111111 0.662109375 0.21180555555555555 0.65625 0.22569444444444445 0.65234375 0.22916666666666666 0.642578125 0.22916666666666666 0.640625 0.2326388888888889 0.638671875 0.22916666666666666 0.630859375 0.22916666666666666 0.623046875 0.21875 0.619140625 0.21875 0.6171875 0.2152777777777778 0.609375 0.2152777777777778 0.60546875 0.21180555555555555 0.603515625 0.2048611111111111 0.607421875 0.19444444444444445 0.619140625 0.19444444444444445 0.6328125 0.18055555555555555 0.642578125 0.18055555555555555 0.6484375 0.1909722222222222
0 0.75 0.3854166666666667 0.751953125 0.3888888888888889 0.76171875 0.3888888888888889 0.765625 0.3854166666666667 0.767578125 0.3993055555555556 0.76171875 0.4131944444444444 0.7578125 0.4166666666666667 0.75 0.4166666666666667 0.748046875 0.4201388888888889 0.734375 0.4201388888888889 0.724609375 0.40625 0.724609375 0.3958333333333333 0.7265625 0.3923611111111111 0.734375 0.3854166666666667 0.748046875 0.3854166666666667
0 0.578125 0.3472222222222222 0.58203125 0.3472222222222222 0.595703125 0.3194444444444444 0.603515625 0.3125 0.603515625 0.3229166666666667 0.591796875 0.3576388888888889 0.578125 0.3611111111111111 0.576171875 0.3576388888888889 0.578125 0.3506944444444444
0 0.359375 0.5729166666666666 0.361328125 0.5763888888888888 0.361328125 0.5833333333333334 0.3515625 0.6111111111111112 0.353515625 0.6180555555555556 0.353515625 0.6388888888888888 0.35546875 0.6423611111111112 0.35546875 0.65625 0.353515625 0.6597222222222222 0.345703125 0.6631944444444444 0.330078125 0.6840277777777778 0.318359375 0.6840277777777778 0.306640625 0.6701388888888888 0.287109375 0.6736111111111112 0.283203125 0.6805555555555556 0.283203125 0.6909722222222222 0.279296875 0.7013888888888888 0.275390625 0.6979166666666666 0.275390625 0.6770833333333334 0.2734375 0.6736111111111112 0.2734375 0.6631944444444444 0.259765625 0.6354166666666666 0.259765625 0.6284722222222222 0.26953125 0.6284722222222222 0.28515625 0.6388888888888888 0.30078125 0.6388888888888888 0.30859375 0.6284722222222222 0.3125 0.6145833333333334 0.322265625 0.5972222222222222 0.330078125 0.59375 0.345703125 0.5763888888888888 0.357421875 0.5729166666666666
0 0.33984375 0.4097222222222222 0.33984375 0.40625 0.34765625 0.3958333333333333 0.361328125 0.3958333333333333 0.365234375 0.4027777777777778 0.365234375 0.4131944444444444 0.361328125 0.4166666666666667 0.349609375 0.4166666666666667 0.341796875 0.4097222222222222
0 0.73828125 0.3333333333333333 0.751953125 0.3298611111111111 0.75390625 0.3263888888888889 0.791015625 0.3263888888888889 0.79296875 0.3298611111111111 0.814453125 0.3333333333333333 0.81640625 0.3368055555555556 0.82421875 0.3368055555555556 0.826171875 0.3402777777777778 0.826171875 0.34375 0.8046875 0.34375 0.7890625 0.3541666666666667 0.771484375 0.3541666666666667 0.76953125 0.3506944444444444 0.748046875 0.3506944444444444 0.73828125 0.34375 0.736328125 0.3402777777777778 0.73828125 0.3368055555555556