0 0.630859375 0.8194444444444444 0.630859375 0.8506944444444444 0.62890625 0.8541666666666666 0.623046875 0.8541666666666666 0.619140625 0.84375 0.619140625 0.8298611111111112 0.62890625 0.8194444444444444
0 0.65625 0.5 0.658203125 0.5034722222222222 0.658203125 0.5277777777777778 0.6484375 0.5277777777777778 0.646484375 0.5243055555555556 0.640625 0.5243055555555556 0.634765625 0.5173611111111112 0.634765625 0.5138888888888888 0.640625 0.5034722222222222 0.64453125 0.5 0.654296875 0.5
0 0.50390625 0.1284722222222222 0.5078125 0.125 0.513671875 0.125 0.517578125 0.13194444444444445 0.515625 0.13541666666666666 0.5078125 0.13541666666666666 0.50390625 0.13194444444444445
0 0.361328125 0.4375 0.373046875 0.4513888888888889 0.37890625 0.4513888888888889 0.38671875 0.4409722222222222 0.390625 0.4409722222222222 0.392578125 0.4375 0.408203125 0.4375 0.419921875 0.4548611111111111 0.41015625 0.46875 0.404296875 0.46875 0.40234375 0.4652777777777778 0.3828125 0.4652777777777778 0.380859375 0.4618055555555556 0.376953125 0.4618055555555556 0.373046875 0.46875 0.373046875 0.4756944444444444 0.37109375 0.4756944444444444 0.37109375 0.4583333333333333 0.361328125 0.4409722222222222
0 0.5390625 0.14930555555555555 0.541015625 0.1527777777777778 0.556640625 0.1527777777777778 0.564453125 0.1597222222222222 0.56640625 0.16319444444444445 0.56640625 0.1701388888888889 0.546875 0.1701388888888889 0.54296875 0.16319444444444445 0.533203125 0.16319444444444445 0.529296875 0.1597222222222222 0.529296875 0.15625 0.537109375 0.14930555555555555
0 0.548828125 0.8402777777777778 0.552734375 0.8472222222222222 0.552734375 0.8611111111111112 0.546875 0.8680555555555556 0.541015625 0.8680555555555556 0.5390625 0.8645833333333334 0.544921875 0.84375 0.546875 0.84375
0 0.35625 0.6976851851851852 0.014583333333333334 0.01759259259259259
0 0.58203125 0.9097222222222222 0.60546875 0.9479166666666666 0.61328125 0.9548611111111112 0.607421875 0.9618055555555556 0.607421875 0.9756944444444444 0.60546875 0.9756944444444444 0.599609375 0.9652777777777778 0.595703125 0.96875 0.591796875 0.9652777777777778 0.578125 0.9652777777777778 0.57421875 0.9548611111111112 0.5703125 0.9513888888888888 0.5703125 0.9479166666666666 0.564453125 0.9375 0.5625 0.9375 0.5625 0.9270833333333334 0.564453125 0.9270833333333334 0.5703125 0.9166666666666666 0.57421875 0.9166666666666666 0.580078125 0.9097222222222222
0 0.390625 0 0.400390625 0 0.400390625 0.003472222222222222 0.392578125 0.003472222222222222
0 0.478515625 0.4236111111111111 0.48046875 0.4236111111111111 0.482421875 0.4340277777777778 0.48828125 0.4479166666666667 0.48828125 0.4548611111111111 0.486328125 0.4548611111111111 0.478515625 0.4409722222222222 0.478515625 0.4270833333333333
0 0.603515625 0.6944444444444444 0.60546875 0.6979166666666666 0.59765625 0.7083333333333334 0.59375 0.7083333333333334 0.591796875 0.7118055555555556 0.583984375 0.7118055555555556 0.58203125 0.7083333333333334 0.572265625 0.71875 0.56640625 0.71875 0.568359375 0.7118055555555556 0.5703125 0.6666666666666666 0.572265625 0.6631944444444444 0.578125 0.6631944444444444 0.580078125 0.6666666666666666 0.595703125 0.6666666666666666 0.595703125 0.6805555555555556 0.6015625 0.6944444444444444
0 0.521484375 0.5763888888888888 0.5234375 0.5729166666666666 0.53125 0.5798611111111112 0.5390625 0.5763888888888888 0.544921875 0.59375 0.5390625 0.59375 0.53515625 0.6006944444444444 0.53125 0.6006944444444444 0.5234375 0.5798611111111112
0 0.6484375 0.3159722222222222 0.65625 0.3159722222222222 0.658203125 0.3194444444444444 0.658203125 0.3576388888888889 0.654296875 0.3506944444444444 0.654296875 0.3402777777777778 0.6484375 0.3194444444444444
0 0.46484375 0.15625 0.46875 0.16319444444444445 0.466796875 0.16666666666666666 0.455078125 0.16666666666666666 0.455078125 0.1597222222222222 0.45703125 0.15625 0.462890625 0.15625
0 0.6510416666666666 0.4601851851851852 0.014583333333333334 0.0462962962962963
0 0.51953125 0.3333333333333333 0.5234375 0.3472222222222222 0.521484375 0.3541666666666667 0.515625 0.3541666666666667 0.513671875 0.3506944444444444 0.513671875 0.3368055555555556 0.517578125 0.3333333333333333
0 0.501953125 0.16319444444444445 0.505859375 0.16666666666666666 0.5078125 0.1736111111111111 0.505859375 0.17708333333333334 0.498046875 0.17708333333333334 0.49609375 0.1701388888888889 0.5 0.16666666666666666
0 0.380859375 0.4652777777777778 0.388671875 0.4722222222222222 0.396484375 0.4722222222222222 0.396484375 0.4791666666666667 0.390625 0.4791666666666667 0.380859375 0.4861111111111111 0.37109375 0.4791666666666667 0.37109375 0.4756944444444444 0.376953125 0.4652777777777778 0.37890625 0.4652777777777778
0 0.39453125 0.22916666666666666 0.396484375 0.2326388888888889 0.396484375 0.23958333333333334 0.376953125 0.23958333333333334 0.376953125 0.2361111111111111 0.3828125 0.22916666666666666 0.38671875 0.22916666666666666 0.388671875 0.22569444444444445 0.392578125 0.22916666666666666
0 0.375 0.1076388888888889 0.38671875 0.1076388888888889 0.388671875 0.11458333333333333 0.38671875 0.12152777777777778 0.380859375 0.12152777777777778 0.376953125 0.11805555555555555 0.375 0.1111111111111111
0 0.62890625 0.6979166666666666 0.630859375 0.7013888888888888 0.64453125 0.7013888888888888 0.646484375 0.7048611111111112 0.65625 0.7048611111111112 0.658203125 0.7083333333333334 0.658203125 0.8090277777777778 0.65234375 0.8090277777777778 0.646484375 0.7881944444444444 0.64453125 0.7673611111111112 0.638671875 0.7569444444444444 0.6328125 0.7534722222222222 0.62890625 0.7465277777777778 0.625 0.7465277777777778 0.6171875 0.7326388888888888 0.611328125 0.7291666666666666 0.599609375 0.7118055555555556 0.6015625 0.7013888888888888 0.60546875 0.6979166666666666 0.626953125 0.6979166666666666
0 0.484375 0.5104166666666666 0.48828125 0.5138888888888888 0.490234375 0.5208333333333334 0.486328125 0.5277777777777778 0.482421875 0.5277777777777778 0.48046875 0.53125 0.474609375 0.5243055555555556 0.474609375 0.5138888888888888 0.4765625 0.5104166666666666 0.482421875 0.5104166666666666
0 0.373046875 0 0.376953125 0.003472222222222222 0.37890625 0.010416666666666666 0.3671875 0.006944444444444444 0.3671875 0.003472222222222222 0.37109375 0.003472222222222222
0 0.34375 0.5034722222222222 0.345703125 0.5034722222222222 0.3515625 0.5173611111111112 0.3515625 0.5277777777777778 0.349609375 0.53125 0.34375 0.53125 0.34375 0.5069444444444444
0 0.609375 0.3263888888888889 0.615234375 0.3194444444444444 0.62890625 0.3194444444444444 0.634765625 0.3298611111111111 0.623046875 0.3506944444444444 0.60546875 0.3506944444444444 0.6015625 0.3402777777777778 0.609375 0.3298611111111111
0 0.474609375 0.3784722222222222 0.478515625 0.3854166666666667 0.478515625 0.40625 0.474609375 0.40625 0.474609375 0.3958333333333333 0.47265625 0.3923611111111111 0.47265625 0.3854166666666667 0.474609375 0.3819444444444444
0 0.37890625 0.20833333333333334 0.3828125 0.20833333333333334 0.3828125 0.21875 0.37890625 0.21875 0.37890625 0.21180555555555555
0 0.59765625 0.1111111111111111 0.607421875 0.1111111111111111 0.609375 0.11458333333333333 0.611328125 0.1111111111111111 0.62890625 0.1111111111111111 0.630859375 0.11458333333333333 0.638671875 0.11458333333333333 0.646484375 0.10416666666666667 0.650390625 0.10416666666666667 0.64453125 0.11458333333333333 0.638671875 0.11805555555555555 0.630859375 0.1284722222222222 0.6171875 0.1284722222222222 0.60546875 0.11458333333333333 0.599609375 0.11458333333333333
0 0.357421875 0.3472222222222222 0.3671875 0.3645833333333333 0.384765625 0.3715277777777778 0.384765625 0.3784722222222222 0.380859375 0.3854166666666667 0.37109375 0.3854166666666667 0.369140625 0.3888888888888889 0.365234375 0.3888888888888889 0.36328125 0.3854166666666667 0.34375 0.3854166666666667 0.341796875 0.3784722222222222 0.341796875 0.3645833333333333 0.35546875 0.3472222222222222
0 0.42578125 0.7013888888888888 0.435546875 0.7118055555555556 0.439453125 0.7048611111111112 0.439453125 0.7222222222222222 0.431640625 0.7222222222222222 0.423828125 0.7291666666666666 0.41796875 0.7291666666666666 0.408203125 0.7222222222222222 0.408203125 0.7152777777777778 0.4140625 0.7048611111111112 0.41796875 0.7013888888888888 0.423828125 0.7013888888888888