0 0.384765625 0.4409722222222222 0.392578125 0.4479166666666667 0.396484375 0.4583333333333333 0.380859375 0.4722222222222222 0.35546875 0.46875 0.345703125 0.4618055555555556 0.34375 0.4548611111111111 0.35546875 0.4548611111111111 0.36328125 0.4444444444444444 0.3671875 0.4444444444444444 0.369140625 0.4409722222222222 0.3828125 0.4409722222222222
0 0.54296875 0.8402777777777778 0.546875 0.8472222222222222 0.546875 0.8611111111111112 0.54296875 0.8680555555555556 0.541015625 0.8784722222222222 0.537109375 0.8784722222222222 0.53515625 0.875 0.5390625 0.8576388888888888 0.5390625 0.8472222222222222 0.541015625 0.84375
0 0.57421875 0.3576388888888889 0.58203125 0.3576388888888889 0.595703125 0.3298611111111111 0.60546875 0.3298611111111111 0.609375 0.34375 0.60546875 0.3506944444444444 0.603515625 0.3645833333333333 0.591796875 0.3645833333333333 0.587890625 0.3611111111111111 0.58203125 0.3715277777777778 0.578125 0.3715277777777778 0.578125 0.3645833333333333 0.576171875 0.3611111111111111
0 0.341796875 0.6805555555555556 0.34375 0.6770833333333334 0.353515625 0.6770833333333334 0.35546875 0.6805555555555556 0.35546875 0.6875 0.3515625 0.6909722222222222 0.345703125 0.6909722222222222 0.34375 0.6840277777777778
0 0.546875 0.14583333333333334 0.556640625 0.1527777777777778 0.560546875 0.16666666666666666 0.546875 0.16666666666666666 0.53515625 0.15625 0.533203125 0.14930555555555555 0.53515625 0.14583333333333334 0.544921875 0.14583333333333334
0 0.34375 0 0.36328125 0 0.35546875 0.020833333333333332 0.34765625 0.020833333333333332 0.34375 0.010416666666666666 0.34375 0.003472222222222222
0 0.5411458333333333 0.5782407407407407 0.025 0.036111111111111115
0 0.5703125 0.65625 0.57421875 0.65625 0.580078125 0.6631944444444444 0.591796875 0.6631944444444444 0.59375 0.6666666666666666 0.591796875 0.6736111111111112 0.595703125 0.6805555555555556 0.6015625 0.6736111111111112 0.59765625 0.6840277777777778 0.60546875 0.6944444444444444 0.595703125 0.7048611111111112 0.578125 0.7048611111111112 0.572265625 0.7152777777777778 0.56640625 0.7152777777777778 0.56640625 0.7048611111111112 0.568359375 0.7013888888888888 0.568359375 0.6666666666666666 0.5703125 0.6597222222222222
0 0.51953125 0.05555555555555555 0.517578125 0.04513888888888889 0.521484375 0.03819444444444445 0.54296875 0.03819444444444445 0.55078125 0.04513888888888889 0.55078125 0.05555555555555555 0.54296875 0.0625 0.5390625 0.0625 0.537109375 0.059027777777777776 0.5234375 0.059027777777777776 0.521484375 0.05555555555555555
0 0.62421875 0.8328703703703704 0.015104166666666667 0.03981481481481482
0 0.4765625 0.14583333333333334 0.484375 0.1527777777777778 0.484375 0.15625 0.482421875 0.1597222222222222 0.474609375 0.1597222222222222 0.474609375 0.14930555555555555
0 0.65078125 0.45601851851851855 0.015104166666666667 0.04722222222222222
0 0.484375 0.5555555555555556 0.486328125 0.5555555555555556 0.490234375 0.5659722222222222 0.490234375 0.5694444444444444 0.484375 0.5694444444444444 0.482421875 0.5659722222222222 0.484375 0.5590277777777778
0 0.513671875 0.3368055555555556 0.513671875 0.3263888888888889 0.515625 0.3229166666666667 0.521484375 0.3229166666666667 0.5234375 0.3263888888888889 0.5234375 0.3368055555555556 0.515625 0.3368055555555556
0 0.607421875 0.9270833333333334 0.611328125 0.9305555555555556 0.611328125 0.9340277777777778 0.6171875 0.9444444444444444 0.619140625 0.9444444444444444 0.630859375 0.96875 0.634765625 0.96875 0.63671875 0.9722222222222222 0.634765625 0.9756944444444444 0.634765625 0.9895833333333334 0.630859375 0.9895833333333334 0.626953125 0.9791666666666666 0.607421875 0.9791666666666666 0.591796875 0.9513888888888888 0.587890625 0.9479166666666666 0.591796875 0.9340277777777778 0.599609375 0.9270833333333334 0.60546875 0.9270833333333334
0 0.3671875 0.09375 0.37109375 0.09722222222222222 0.373046875 0.10416666666666667 0.3671875 0.1111111111111111 0.357421875 0.10416666666666667 0.357421875 0.09722222222222222 0.365234375 0.09375
0 0.484375 0.16319444444444445 0.48828125 0.16319444444444445 0.490234375 0.16666666666666666 0.490234375 0.1736111111111111 0.48828125 0.17708333333333334 0.484375 0.17708333333333334 0.482421875 0.1736111111111111 0.484375 0.16666666666666666
0 0.64453125 0.7013888888888888 0.65625 0.7013888888888888 0.658203125 0.7048611111111112 0.658203125 0.8090277777777778 0.650390625 0.8020833333333334 0.64453125 0.78125 0.64453125 0.7534722222222222 0.646484375 0.75 0.646484375 0.71875 0.64453125 0.7152777777777778 0.64453125 0.7048611111111112
0 0.49244791666666665 0.45601851851851855 0.0109375 0.012037037037037037
0 0.494140625 0.5138888888888888 0.494140625 0.5208333333333334 0.490234375 0.5208333333333334 0.48828125 0.5243055555555556 0.484375 0.5243055555555556 0.484375 0.5104166666666666 0.48828125 0.5069444444444444 0.4921875 0.5138888888888888
0 0.65390625 0.5138888888888888 0.008854166666666666 0.025925925925925925
0 0.568359375 0.10069444444444445 0.580078125 0.11458333333333333 0.625 0.11458333333333333 0.626953125 0.11805555555555555 0.6328125 0.11805555555555555 0.640625 0.10416666666666667 0.640625 0.10069444444444445 0.64453125 0.10069444444444445 0.64453125 0.11458333333333333 0.62890625 0.1284722222222222 0.625 0.1284722222222222 0.623046875 0.125 0.619140625 0.1284722222222222 0.615234375 0.13541666666666666 0.615234375 0.1423611111111111 0.60546875 0.15625 0.59375 0.15625 0.591796875 0.1597222222222222 0.58984375 0.15625 0.583984375 0.15625 0.576171875 0.1423611111111111 0.57421875 0.12152777777777778 0.5703125 0.1111111111111111 0.56640625 0.1076388888888889 0.56640625 0.10416666666666667
0 0.49609375 0.11458333333333333 0.498046875 0.11805555555555555 0.498046875 0.1284722222222222 0.494140625 0.1284722222222222 0.490234375 0.12152777777777778 0.490234375 0.11805555555555555 0.494140625 0.11458333333333333
0 0.525390625 0.4444444444444444 0.533203125 0.4583333333333333 0.533203125 0.46875 0.521484375 0.46875 0.513671875 0.4618055555555556 0.515625 0.4479166666666667 0.517578125 0.4444444444444444 0.5234375 0.4444444444444444
0 0.361328125 0.5034722222222222 0.36328125 0.5069444444444444 0.369140625 0.5 0.369140625 0.5104166666666666 0.3671875 0.5138888888888888 0.357421875 0.5138888888888888 0.353515625 0.5208333333333334 0.349609375 0.5173611111111112 0.34375 0.5173611111111112 0.341796875 0.5138888888888888 0.341796875 0.5034722222222222 0.345703125 0.4965277777777778 0.3515625 0.4965277777777778 0.359375 0.5034722222222222
0 0.341796875 0.4583333333333333 0.345703125 0.4583333333333333 0.34765625 0.4618055555555556 0.34765625 0.4756944444444444 0.34375 0.4826388888888889 0.341796875 0.4826388888888889 0.341796875 0.4618055555555556
0 0.404296875 0.4652777777777778 0.40625 0.46875 0.41015625 0.46875 0.4140625 0.4756944444444444 0.404296875 0.4826388888888889 0.396484375 0.4826388888888889 0.388671875 0.4722222222222222 0.388671875 0.46875 0.392578125 0.4652777777777778 0.40234375 0.4652777777777778
0 0.501953125 0.40625 0.501953125 0.4131944444444444 0.498046875 0.4236111111111111 0.48828125 0.4097222222222222 0.48828125 0.3993055555555556 0.490234375 0.3958333333333333 0.49609375 0.3958333333333333 0.5 0.40625
0 0.380859375 0.2048611111111111 0.384765625 0.2048611111111111 0.384765625 0.21875 0.380859375 0.2152777777777778 0.380859375 0.20833333333333334
0 0.5078125 0.14930555555555555 0.51171875 0.14583333333333334 0.517578125 0.14583333333333334 0.517578125 0.15625 0.509765625 0.15625 0.5078125 0.1527777777777778
0 0.359375 0.34375 0.3671875 0.3611111111111111 0.37109375 0.3645833333333333 0.376953125 0.3645833333333333 0.384765625 0.3715277777777778 0.3828125 0.3784722222222222 0.37890625 0.3819444444444444 0.373046875 0.3819444444444444 0.37109375 0.3854166666666667 0.3671875 0.3854166666666667 0.365234375 0.3819444444444444 0.341796875 0.3819444444444444 0.341796875 0.3576388888888889 0.34765625 0.3541666666666667 0.3515625 0.34375 0.357421875 0.34375
0 0.439453125 0.6979166666666666 0.443359375 0.7013888888888888 0.443359375 0.7118055555555556 0.4375 0.71875 0.4296875 0.71875 0.427734375 0.7222222222222222 0.416015625 0.71875 0.4140625 0.7118055555555556 0.42578125 0.6944444444444444 0.435546875 0.6944444444444444 0.4375 0.6979166666666666
0 0.640625 0.3194444444444444 0.654296875 0.3055555555555556 0.658203125 0.3055555555555556 0.658203125 0.3506944444444444 0.654296875 0.3506944444444444 0.6484375 0.3611111111111111 0.646484375 0.3611111111111111 0.642578125 0.3506944444444444 0.634765625 0.3576388888888889 0.634765625 0.3715277777777778 0.630859375 0.3611111111111111 0.630859375 0.3472222222222222 0.62890625 0.3402777777777778 0.634765625 0.3402777777777778 0.640625 0.3229166666666667