0 0.560546875 0.3797909407665505 0.564453125 0.3797909407665505 0.56640625 0.3867595818815331 0.5703125 0.3867595818815331 0.5703125 0.3902439024390244 0.57421875 0.39372822299651566 0.57421875 0.43205574912891986 0.560546875 0.43205574912891986 0.560546875 0.42160278745644597 0.55859375 0.4181184668989547 0.552734375 0.4181184668989547 0.552734375 0.3902439024390244 0.55859375 0.3902439024390244 0.560546875 0.3832752613240418
0 0.49609375 0 0.501953125 0 0.50390625 0.006968641114982578 0.513671875 0.006968641114982578 0.517578125 0.010452961672473868 0.517578125 0.03832752613240418 0.484375 0.03832752613240418 0.484375 0.027874564459930314 0.486328125 0.027874564459930314 0.48828125 0.020905923344947737 0.4921875 0.017421602787456445 0.4921875 0.006968641114982578 0.49609375 0.003484320557491289
0 0.55078125 0.6097560975609756 0.55859375 0.6167247386759582 0.576171875 0.6167247386759582 0.580078125 0.6236933797909407 0.580078125 0.6306620209059234 0.5859375 0.6376306620209059 0.587890625 0.6655052264808362 0.583984375 0.6724738675958188 0.578125 0.6724738675958188 0.576171875 0.6759581881533101 0.564453125 0.6759581881533101 0.5625 0.6724738675958188 0.556640625 0.6724738675958188 0.5546875 0.6759581881533101 0.53515625 0.6759581881533101 0.537109375 0.6724738675958188 0.537109375 0.6550522648083623 0.541015625 0.6515679442508711 0.541015625 0.6132404181184669 0.54296875 0.6097560975609756 0.548828125 0.6097560975609756
0 0.48828125 0.445993031358885 0.48828125 0.44947735191637633 0.494140625 0.4564459930313589 0.517578125 0.4529616724738676 0.51953125 0.4564459930313589 0.5234375 0.4564459930313589 0.5234375 0.45993031358885017 0.529296875 0.46689895470383275 0.529296875 0.4912891986062718 0.51171875 0.4912891986062718 0.501953125 0.4843205574912892 0.501953125 0.47735191637630664 0.5 0.4738675958188153 0.494140625 0.4738675958188153 0.494140625 0.47038327526132406 0.490234375 0.46689895470383275 0.48828125 0.45993031358885017 0.48828125 0.44947735191637633
0 0.4765625 0.5121951219512195 0.482421875 0.5121951219512195 0.484375 0.5052264808362369 0.486328125 0.5052264808362369 0.48828125 0.5121951219512195 0.49609375 0.5121951219512195 0.49609375 0.5296167247386759 0.47265625 0.5296167247386759 0.47265625 0.519163763066202 0.4765625 0.5156794425087108
0 0.4921875 0.3693379790940767 0.498046875 0.3693379790940767 0.498046875 0.39372822299651566 0.48046875 0.39372822299651566 0.48046875 0.37630662020905925 0.490234375 0.37630662020905925 0.4921875 0.37282229965156793
0 0.611328125 0.7874564459930313 0.6171875 0.7874564459930313 0.6171875 0.8327526132404182 0.599609375 0.8327526132404182 0.591796875 0.8257839721254355 0.591796875 0.8048780487804879 0.611328125 0.7909407665505227
0 0.591796875 0.26480836236933797 0.591796875 0.30313588850174217 0.58203125 0.30313588850174217 0.578125 0.3170731707317073 0.57421875 0.3170731707317073 0.572265625 0.3240418118466899 0.5703125 0.3240418118466899 0.564453125 0.3344947735191638 0.564453125 0.33797909407665505 0.5390625 0.33797909407665505 0.5390625 0.31010452961672474 0.541015625 0.31010452961672474 0.544921875 0.29965156794425085 0.552734375 0.2926829268292683 0.5546875 0.2857142857142857 0.578125 0.28222996515679444 0.583984375 0.27526132404181186 0.587890625 0.26480836236933797 0.58984375 0.26480836236933797
0 0.318359375 0.36585365853658536 0.32421875 0.3623693379790941 0.328125 0.3693379790940767 0.337890625 0.3693379790940767 0.33984375 0.37630662020905925 0.3515625 0.37630662020905925 0.3515625 0.39372822299651566 0.328125 0.39372822299651566 0.32421875 0.3797909407665505 0.318359375 0.3797909407665505 0.318359375 0.3693379790940767
0 0.31640625 0 0.322265625 0 0.32421875 0.006968641114982578 0.330078125 0.006968641114982578 0.330078125 0.010452961672473868 0.333984375 0.013937282229965157 0.333984375 0.020905923344947737 0.3046875 0.020905923344947737 0.3046875 0.013937282229965157 0.306640625 0.013937282229965157 0.30859375 0.006968641114982578 0.314453125 0.006968641114982578 0.31640625 0.003484320557491289
0 0.376953125 0 0.376953125 0.017421602787456445 0.357421875 0.017421602787456445 0.35546875 0.013937282229965157 0.3515625 0.013937282229965157 0.3515625 0.010452961672473868 0.35546875 0.010452961672473868 0.357421875 0.003484320557491289 0.361328125 0 0.375 0
0 0.332939787485242 -0.01158423458075026 0.029792650531286893 0.03362143083397438
0 0.5390625 0.6027874564459931 0.544921875 0.6027874564459931 0.546875 0.6097560975609756 0.55859375 0.6132404181184669 0.560546875 0.6167247386759582 0.568359375 0.6132404181184669 0.576171875 0.6306620209059234 0.576171875 0.6411149825783972 0.58203125 0.6480836236933798 0.607421875 0.6480836236933798 0.609375 0.6550522648083623 0.630859375 0.6585365853658537 0.6328125 0.662020905923345 0.6484375 0.662020905923345 0.658203125 0.6689895470383276 0.658203125 0.7874564459930313 0.640625 0.7839721254355401 0.638671875 0.7700348432055749 0.634765625 0.759581881533101 0.634765625 0.735191637630662 0.62890625 0.7247386759581882 0.625 0.7247386759581882 0.6171875 0.7142857142857143 0.611328125 0.7142857142857143 0.60546875 0.7038327526132404 0.603515625 0.7038327526132404 0.59765625 0.6898954703832753 0.58984375 0.686411149825784 0.58203125 0.6724738675958188 0.578125 0.6724738675958188 0.576171875 0.6689895470383276 0.55859375 0.6689895470383276 0.556640625 0.6655052264808362 0.552734375 0.6655052264808362 0.55078125 0.6689895470383276 0.546875 0.6689895470383276 0.54296875 0.6759581881533101 0.53515625 0.6759581881533101 0.53515625 0.6689895470383276 0.537109375 0.6655052264808362 0.537109375 0.6480836236933798 0.5390625 0.6445993031358885 0.5390625 0.6062717770034843
0 0.529296875 0 0.611328125 0 0.611328125 0.006968641114982578 0.607421875 0.017421602787456445 0.603515625 0.017421602787456445 0.6015625 0.020905923344947737 0.6015625 0.027874564459930314 0.599609375 0.027874564459930314 0.59765625 0.03484320557491289 0.59375 0.03484320557491289 0.591796875 0.041811846689895474 0.5859375 0.04878048780487805 0.54296875 0.04878048780487805 0.5390625 0.041811846689895474 0.537109375 0.0313588850174216 0.533203125 0.027874564459930314 0.533203125 0.010452961672473868 0.53125 0.003484320557491289
0 0.517578125 0.21254355400696864 0.517578125 0.2264808362369338 0.51953125 0.22996515679442509 0.5234375 0.23344947735191637 0.53125 0.23344947735191637 0.53125 0.24041811846689895 0.533203125 0.24390243902439024 0.533203125 0.2682926829268293 0.505859375 0.27177700348432055 0.50390625 0.2682926829268293 0.49609375 0.2682926829268293 0.494140625 0.2613240418118467 0.490234375 0.2613240418118467 0.48828125 0.26480836236933797 0.482421875 0.26480836236933797 0.48046875 0.2613240418118467 0.482421875 0.2578397212543554 0.48046875 0.23344947735191637 0.486328125 0.23344947735191637 0.490234375 0.24390243902439024 0.494140625 0.24390243902439024 0.49609375 0.24041811846689895 0.5 0.24041811846689895 0.501953125 0.23344947735191637 0.509765625 0.23344947735191637 0.517578125 0.21602787456445993
0 0.37890625 0.06968641114982578 0.3828125 0.07317073170731707 0.3828125 0.08710801393728224 0.357421875 0.08710801393728224 0.357421875 0.08362369337979095 0.365234375 0.08013937282229965 0.3671875 0.07317073170731707 0.37109375 0.06968641114982578 0.376953125 0.06968641114982578
0 0.49609375 0.8432055749128919 0.51953125 0.8432055749128919 0.51953125 0.8745644599303136 0.49609375 0.8745644599303136 0.49609375 0.867595818815331 0.494140625 0.8641114982578397 0.490234375 0.8641114982578397 0.490234375 0.8606271777003485 0.494140625 0.8606271777003485 0.49609375 0.8571428571428571 0.49609375 0.8466898954703833
0 0.65625 0.3588850174216028 0.65625 0.4181184668989547 0.640625 0.4146341463414634 0.630859375 0.4076655052264808 0.630859375 0.40418118466898956 0.626953125 0.40069686411149824 0.626953125 0.397212543554007 0.630859375 0.39372822299651566 0.630859375 0.3867595818815331 0.6328125 0.3867595818815331 0.634765625 0.3797909407665505 0.640625 0.37282229965156793 0.640625 0.36585365853658536 0.654296875 0.3588850174216028
0 0.51953125 0.3170731707317073 0.51953125 0.3310104529616725 0.515625 0.3310104529616725 0.509765625 0.33797909407665505 0.505859375 0.33797909407665505 0.498046875 0.34494773519163763 0.486328125 0.34494773519163763 0.486328125 0.34146341463414637 0.490234375 0.33797909407665505 0.4921875 0.32752613240418116 0.5 0.3205574912891986 0.517578125 0.3170731707317073
0 0.5661157024793388 -0.00789834175960245 0.025070100354191265 0.028355869660906086