0 0.6640625 0.5714285714285714 0.662109375 0.578397212543554 0.662109375 0.6062717770034843 0.6640625 0.6097560975609756 0.6640625 0.6411149825783972 0.662109375 0.6445993031358885 0.662109375 0.6515679442508711 0.66015625 0.6550522648083623 0.654296875 0.6550522648083623 0.65234375 0.6515679442508711 0.65234375 0.6341463414634146 0.6484375 0.6306620209059234 0.6484375 0.6236933797909407 0.65234375 0.6202090592334495 0.65234375 0.6062717770034843 0.654296875 0.6027874564459931 0.654296875 0.5923344947735192 0.65234375 0.5853658536585366 0.6484375 0.5818815331010453 0.6484375 0.578397212543554 0.662109375 0.578397212543554 0.6640625 0.5749128919860628
0 0.484375 0.34843205574912894 0.490234375 0.34843205574912894 0.490234375 0.3693379790940767 0.484375 0.36585365853658536 0.484375 0.3519163763066202
0 0.578125 0.10104529616724739 0.583984375 0.0975609756097561 0.587890625 0.10452961672473868 0.603515625 0.11498257839721254 0.611328125 0.13588850174216027 0.611328125 0.20209059233449478 0.609375 0.20557491289198607 0.611328125 0.21254355400696864 0.609375 0.21602787456445993 0.609375 0.2264808362369338 0.607421875 0.2264808362369338 0.603515625 0.21602787456445993 0.59375 0.21602787456445993 0.595703125 0.20905923344947736 0.599609375 0.20905923344947736 0.60546875 0.1986062717770035 0.60546875 0.18815331010452963 0.603515625 0.18118466898954705 0.59765625 0.17073170731707318 0.595703125 0.17073170731707318 0.591796875 0.14982578397212543 0.5859375 0.13937282229965156 0.583984375 0.14285714285714285 0.583984375 0.1289198606271777 0.58203125 0.12195121951219512 0.578125 0.11846689895470383 0.578125 0.10452961672473868
0 0.595703125 0.9686411149825784 0.599609375 0.9721254355400697 0.603515625 0.9895470383275261 0.603515625 0.9965156794425087 0.595703125 0.9965156794425087 0.59765625 0.9721254355400697
0 0.515625 0.313588850174216 0.517578125 0.313588850174216 0.517578125 0.3310104529616725 0.51953125 0.3344947735191638 0.517578125 0.34146341463414637 0.517578125 0.3519163763066202 0.51171875 0.34494773519163763 0.515625 0.34146341463414637 0.515625 0.3170731707317073
0 0.5234375 0.40418118466898956 0.529296875 0.41114982578397213 0.529296875 0.42160278745644597 0.53125 0.4250871080139373 0.53125 0.43902439024390244 0.53125 0.43205574912891986 0.529296875 0.4250871080139373 0.525390625 0.42160278745644597 0.5234375 0.4076655052264808
0 0.5859375 0.6689895470383276 0.58984375 0.6689895470383276 0.58984375 0.686411149825784 0.587890625 0.6898954703832753 0.587890625 0.7212543554006968 0.5859375 0.7142857142857143 0.58203125 0.710801393728223 0.58203125 0.7038327526132404 0.5859375 0.7003484320557491 0.5859375 0.686411149825784 0.58203125 0.6829268292682927 0.5859375 0.6794425087108014 0.58203125 0.6759581881533101 0.5859375 0.6724738675958188
0 0.658203125 0.9128919860627178 0.662109375 0.9094076655052264 0.66015625 0.9059233449477352 0.6640625 0.9094076655052264 0.666015625 0.9163763066202091 0.666015625 0.9337979094076655 0.6640625 0.9337979094076655 0.662109375 0.926829268292683 0.658203125 0.9233449477351916 0.658203125 0.9163763066202091
0 0.587890625 0.6968641114982579 0.587890625 0.7212543554006968 0.587890625 0.7142857142857143 0.583984375 0.710801393728223 0.583984375 0.7038327526132404 0.587890625 0.7003484320557491
0 0.3524861878453039 0.9609794598340616 0.006373014502762431 0.013798679423258322
0 0.568359375 0.39372822299651566 0.587890625 0.39372822299651566 0.587890625 0.40069686411149824 0.564453125 0.40069686411149824 0.568359375 0.397212543554007
0 0.638671875 0.5226480836236934 0.64453125 0.5226480836236934 0.642578125 0.5261324041811847 0.64453125 0.5714285714285714 0.642578125 0.5749128919860628 0.642578125 0.5818815331010453 0.638671875 0.5853658536585366 0.6328125 0.5853658536585366 0.6328125 0.554006968641115 0.638671875 0.5261324041811847
0 0.498046875 0.3588850174216028 0.5 0.3623693379790941 0.5 0.37630662020905925 0.494140625 0.37282229965156793 0.494140625 0.3623693379790941 0.49609375 0.3623693379790941
0 0.51171875 0.0313588850174216 0.513671875 0.03832752613240418 0.517578125 0.03832752613240418 0.51953125 0.041811846689895474 0.5234375 0.041811846689895474 0.525390625 0.03484320557491289 0.52734375 0.03484320557491289 0.5234375 0.041811846689895474 0.5234375 0.04878048780487805 0.521484375 0.05226480836236934 0.521484375 0.0627177700348432 0.5234375 0.06620209059233449 0.5234375 0.10452961672473868 0.515625 0.1254355400696864 0.509765625 0.1254355400696864 0.50390625 0.13240418118466898 0.5 0.1289198606271777 0.5 0.10104529616724739 0.498046875 0.0975609756097561 0.498046875 0.09059233449477352 0.50390625 0.08362369337979095 0.5078125 0.06620209059233449 0.515625 0.05226480836236934 0.51171875 0.03484320557491289
0 0.48046875 0.2926829268292683 0.484375 0.31010452961672474 0.484375 0.3240418118466899 0.482421875 0.3240418118466899 0.48046875 0.2961672473867596
0 0.49609375 0.6829268292682927 0.5 0.6968641114982579 0.5 0.7142857142857143 0.501953125 0.7177700348432056 0.501953125 0.7317073170731707 0.49609375 0.7282229965156795 0.49609375 0.7212543554006968 0.490234375 0.7038327526132404 0.490234375 0.6933797909407665 0.49609375 0.686411149825784
0 0.4997237569060774 0.3075134271468998 0.006925500690607735 0.01182743950564999
0 0.541015625 0.6689895470383276 0.544921875 0.6655052264808362 0.544921875 0.6724738675958188 0.546875 0.6759581881533101 0.546875 0.6898954703832753 0.55078125 0.7073170731707317 0.548828125 0.7177700348432056 0.544921875 0.7003484320557491 0.544921875 0.6829268292682927 0.54296875 0.6794425087108014 0.54296875 0.6724738675958188
0 0.4726519337016575 0.3410245057462414 0.009135445441988951 0.01182743950564999
0 0.501953125 0.6759581881533101 0.50390625 0.6759581881533101 0.50390625 0.6829268292682927 0.505859375 0.686411149825784 0.505859375 0.6968641114982579 0.50390625 0.6968641114982579 0.505859375 0.6933797909407665 0.501953125 0.686411149825784 0.501953125 0.6794425087108014
0 0.619140625 0.6759581881533101 0.625 0.6759581881533101 0.630859375 0.6968641114982579 0.630859375 0.710801393728223 0.62890625 0.7142857142857143 0.625 0.7142857142857143 0.623046875 0.7177700348432056 0.61328125 0.7177700348432056 0.611328125 0.710801393728223 0.615234375 0.7073170731707317 0.615234375 0.6933797909407665 0.619140625 0.6794425087108014
0 0.5078125 0.2961672473867596 0.5078125 0.3240418118466899 0.505859375 0.3240418118466899 0.50390625 0.3170731707317073 0.50390625 0.30662020905923343 0.505859375 0.30662020905923343 0.5078125 0.29965156794425085
0 0.4765625 0.37630662020905925 0.478515625 0.37630662020905925 0.48046875 0.3832752613240418 0.48046875 0.3902439024390244 0.478515625 0.3902439024390244 0.48046875 0.3867595818815331 0.4765625 0.3797909407665505
0 0.552734375 0.3205574912891986 0.5546875 0.3205574912891986 0.5546875 0.3310104529616725 0.556640625 0.3344947735191638 0.556640625 0.36585365853658536 0.552734375 0.3693379790940767 0.552734375 0.34843205574912894 0.548828125 0.34494773519163763 0.552734375 0.34146341463414637 0.552734375 0.3240418118466899
0 0.67578125 0.9442508710801394 0.677734375 0.9442508710801394 0.6796875 0.9860627177700348 0.681640625 0.9895470383275261 0.681640625 0.9965156794425087 0.677734375 0.9965156794425087 0.677734375 0.9895470383275261 0.67578125 0.9860627177700348 0.67578125 0.9477351916376306
0 0.517578125 0.36585365853658536 0.51953125 0.36585365853658536 0.5234375 0.37630662020905925 0.5234375 0.3867595818815331 0.521484375 0.3867595818815331 0.521484375 0.3797909407665505 0.517578125 0.3693379790940767
0 0.634765625 0.5993031358885017 0.638671875 0.6027874564459931 0.638671875 0.6202090592334495 0.640625 0.6236933797909407 0.640625 0.6445993031358885 0.638671875 0.6480836236933798 0.638671875 0.6585365853658537 0.630859375 0.6655052264808362 0.625 0.6655052264808362 0.625 0.6306620209059234 0.62890625 0.627177700348432 0.630859375 0.6097560975609756 0.6328125 0.6097560975609756 0.634765625 0.6027874564459931
0 0.677734375 0.08013937282229965 0.68359375 0.08013937282229965 0.685546875 0.08710801393728224 0.685546875 0.11846689895470383 0.681640625 0.10801393728222997 0.677734375 0.10452961672473868 0.677734375 0.08362369337979095
0 0.576171875 0.6515679442508711 0.6015625 0.6515679442508711 0.603515625 0.6550522648083623 0.603515625 0.6585365853658537 0.572265625 0.6585365853658537 0.576171875 0.6550522648083623
0 0.5234375 0.686411149825784 0.53125 0.686411149825784 0.529296875 0.6898954703832753 0.529296875 0.6968641114982579 0.533203125 0.7038327526132404 0.533203125 0.7456445993031359 0.53515625 0.7491289198606271 0.53515625 0.7665505226480837 0.533203125 0.7665505226480837 0.53125 0.7456445993031359 0.52734375 0.7421602787456446 0.52734375 0.735191637630662 0.525390625 0.7317073170731707 0.525390625 0.7073170731707317 0.52734375 0.7038327526132404 0.52734375 0.6968641114982579 0.5234375 0.6898954703832753
0 0.47983425414364644 0.3489094654166747 0.01024041781767956 0.013798679423258322
0 0.572265625 0.6759581881533101 0.57421875 0.6759581881533101 0.57421875 0.6933797909407665 0.568359375 0.6933797909407665 0.568359375 0.6829268292682927 0.572265625 0.6794425087108014