0 0.998046875 0.5121951219512195 0.998046875 0.5365853658536586 0.990234375 0.5365853658536586 0.986328125 0.5435540069686411 0.982421875 0.5435540069686411 0.982421875 0.5365853658536586 0.98828125 0.5331010452961672 0.990234375 0.5261324041811847 0.9921875 0.5261324041811847 0.994140625 0.519163763066202 0.998046875 0.5156794425087108
0 0.291015625 0.31010452961672474 0.294921875 0.313588850174216 0.294921875 0.3205574912891986 0.291015625 0.3205574912891986 0.2890625 0.3170731707317073 0.275390625 0.3205574912891986 0.265625 0.3310104529616725 0.26171875 0.3310104529616725 0.25 0.34494773519163763 0.2421875 0.34843205574912894 0.23828125 0.3554006968641115 0.23828125 0.3693379790940767 0.240234375 0.37282229965156793 0.2421875 0.39372822299651566 0.240234375 0.39372822299651566 0.234375 0.3832752613240418 0.228515625 0.3832752613240418 0.2265625 0.3797909407665505 0.21875 0.3588850174216028 0.21484375 0.3554006968641115 0.21484375 0.34146341463414637 0.224609375 0.3310104529616725 0.234375 0.32752613240418116 0.240234375 0.3205574912891986 0.25390625 0.3170731707317073 0.26171875 0.31010452961672474 0.275390625 0.31010452961672474 0.27734375 0.30662020905923343 0.287109375 0.30662020905923343 0.2890625 0.31010452961672474
0 0.705078125 0.3205574912891986 0.712890625 0.3310104529616725 0.716796875 0.3310104529616725 0.720703125 0.33797909407665505 0.720703125 0.3832752613240418 0.71875 0.3867595818815331 0.7109375 0.3867595818815331 0.705078125 0.37282229965156793 0.69921875 0.3693379790940767 0.697265625 0.3554006968641115 0.6875 0.34146341463414637 0.6875 0.3344947735191638 0.69140625 0.3310104529616725 0.693359375 0.3240418118466899 0.697265625 0.3205574912891986 0.703125 0.3205574912891986
0 0.642578125 0.23344947735191637 0.67578125 0.23344947735191637 0.677734375 0.24041811846689895 0.69140625 0.24041811846689895 0.693359375 0.24390243902439024 0.70703125 0.24738675958188153 0.70703125 0.26480836236933797 0.6484375 0.2682926829268293 0.630859375 0.2508710801393728 0.630859375 0.24390243902439024 0.6328125 0.24041811846689895 0.640625 0.24041811846689895 0.642578125 0.23693379790940766
0 0.650390625 0.7003484320557491 0.67578125 0.7003484320557491 0.677734375 0.7073170731707317 0.693359375 0.7073170731707317 0.6953125 0.710801393728223 0.703125 0.710801393728223 0.708984375 0.7177700348432056 0.71875 0.7212543554006968 0.73828125 0.7386759581881533 0.734375 0.7386759581881533 0.732421875 0.7421602787456446 0.712890625 0.7421602787456446 0.7109375 0.7386759581881533 0.693359375 0.7386759581881533 0.69140625 0.735191637630662 0.671875 0.735191637630662 0.669921875 0.7317073170731707 0.66015625 0.7317073170731707 0.658203125 0.7282229965156795 0.65234375 0.7282229965156795 0.642578125 0.7177700348432056 0.642578125 0.710801393728223 0.650390625 0.7038327526132404
0 0.642578125 0.32752613240418116 0.6484375 0.3344947735191638 0.6484375 0.3588850174216028 0.646484375 0.36585365853658536 0.63671875 0.37282229965156793 0.599609375 0.37282229965156793 0.59765625 0.3693379790940767 0.578125 0.36585365853658536 0.572265625 0.3588850174216028 0.572265625 0.34843205574912894 0.580078125 0.34146341463414637 0.62109375 0.34146341463414637 0.626953125 0.3344947735191638 0.640625 0.3310104529616725
0 0.0859375 0.289198606271777 0.087890625 0.2961672473867596 0.107421875 0.2961672473867596 0.109375 0.29965156794425085 0.12109375 0.29965156794425085 0.125 0.30662020905923343 0.125 0.313588850174216 0.095703125 0.313588850174216 0.09375 0.3170731707317073 0.0859375 0.3170731707317073 0.083984375 0.3205574912891986 0.078125 0.3205574912891986 0.076171875 0.3170731707317073 0.0546875 0.3205574912891986 0.052734375 0.3170731707317073 0.03515625 0.3170731707317073 0.033203125 0.313588850174216 0.029296875 0.313588850174216 0.029296875 0.31010452961672474 0.0390625 0.29965156794425085 0.046875 0.29965156794425085 0.048828125 0.2961672473867596 0.083984375 0.2961672473867596 0.0859375 0.2926829268292683
0 0.724609375 0.4634146341463415 0.759765625 0.4634146341463415 0.76171875 0.47038327526132406 0.771484375 0.47038327526132406 0.771484375 0.4843205574912892 0.767578125 0.4878048780487805 0.748046875 0.4878048780487805 0.74609375 0.4912891986062718 0.703125 0.4912891986062718 0.701171875 0.4878048780487805 0.69140625 0.4878048780487805 0.69140625 0.4808362369337979 0.693359375 0.47735191637630664 0.70703125 0.4738675958188153 0.708984375 0.47038327526132406 0.72265625 0.47038327526132406 0.724609375 0.46689895470383275
0 0.89453125 0.3832752613240418 0.908203125 0.3832752613240418 0.908203125 0.42160278745644597 0.90234375 0.42160278745644597 0.900390625 0.4250871080139373 0.896484375 0.4250871080139373 0.896484375 0.42160278745644597 0.900390625 0.4181184668989547 0.900390625 0.41114982578397213 0.896484375 0.4076655052264808 0.892578125 0.397212543554007 0.88671875 0.39372822299651566 0.89453125 0.3867595818815331
0 0.501953125 0.39372822299651566 0.51953125 0.39372822299651566 0.521484375 0.40069686411149824 0.52734375 0.40069686411149824 0.52734375 0.41114982578397213 0.517578125 0.4181184668989547 0.509765625 0.4181184668989547 0.501953125 0.4076655052264808 0.501953125 0.397212543554007
0 0.1484375 0.2682926829268293 0.150390625 0.2682926829268293 0.158203125 0.25435540069686413 0.162109375 0.25435540069686413 0.16796875 0.24390243902439024 0.177734375 0.24041811846689895 0.197265625 0.2229965156794425 0.203125 0.2229965156794425 0.212890625 0.21602787456445993 0.228515625 0.21602787456445993 0.23046875 0.21254355400696864 0.271484375 0.21254355400696864 0.271484375 0.2264808362369338 0.255859375 0.2264808362369338 0.25390625 0.22996515679442509 0.24609375 0.22996515679442509 0.236328125 0.24041811846689895 0.224609375 0.24390243902439024 0.22265625 0.24738675958188153 0.19921875 0.2508710801393728 0.19140625 0.2613240418118467 0.169921875 0.2787456445993031 0.154296875 0.2787456445993031 0.15234375 0.27526132404181186 0.1484375 0.27526132404181186 0.1484375 0.27177700348432055
0 0.4921875 0.25435540069686413 0.5 0.25435540069686413 0.5 0.2787456445993031 0.494140625 0.2787456445993031 0.4921875 0.28222996515679444 0.470703125 0.28222996515679444 0.466796875 0.2787456445993031 0.470703125 0.2682926829268293 0.478515625 0.2682926829268293 0.4921875 0.2578397212543554
0 0.720703125 0.3519163763066202 0.77734375 0.3519163763066202 0.77734375 0.3554006968641115 0.783203125 0.3623693379790941 0.78125 0.3693379790940767 0.775390625 0.3693379790940767 0.7734375 0.37282229965156793 0.767578125 0.3693379790940767 0.763671875 0.37630662020905925 0.728515625 0.3797909407665505 0.7265625 0.37630662020905925 0.720703125 0.37630662020905925 0.71875 0.37282229965156793 0.71875 0.36585365853658536 0.71484375 0.3623693379790941 0.720703125 0.3554006968641115
0 0.587890625 0.0975609756097561 0.59765625 0.08710801393728224 0.603515625 0.08710801393728224 0.60546875 0.08362369337979095 0.615234375 0.08362369337979095 0.6171875 0.08013937282229965 0.630859375 0.08013937282229965 0.6328125 0.08362369337979095 0.6328125 0.10801393728222997 0.626953125 0.10801393728222997 0.625 0.11149825783972125 0.603515625 0.11498257839721254 0.6015625 0.11149825783972125 0.591796875 0.10801393728222997 0.591796875 0.10452961672473868 0.587890625 0.10104529616724739
0 0.162109375 0.36585365853658536 0.173828125 0.3832752613240418 0.177734375 0.3832752613240418 0.1796875 0.3867595818815331 0.1796875 0.397212543554007 0.173828125 0.397212543554007 0.169921875 0.40418118466898956 0.169921875 0.4146341463414634 0.1640625 0.42160278745644597 0.162109375 0.42160278745644597 0.1640625 0.4181184668989547 0.158203125 0.4076655052264808 0.146484375 0.4076655052264808 0.140625 0.397212543554007 0.138671875 0.397212543554007 0.138671875 0.3902439024390244 0.140625 0.3902439024390244 0.154296875 0.3693379790940767 0.16015625 0.3693379790940767
0 0.48828125 0.2961672473867596 0.5 0.2961672473867596 0.501953125 0.30313588850174217 0.501953125 0.3205574912891986 0.494140625 0.3205574912891986 0.4921875 0.3240418118466899 0.4765625 0.3240418118466899 0.474609375 0.3205574912891986 0.46875 0.3205574912891986 0.46484375 0.313588850174216 0.466796875 0.30662020905923343 0.47265625 0.30662020905923343 0.474609375 0.30313588850174217 0.486328125 0.30313588850174217 0.48828125 0.29965156794425085
0 0.05078125 0.2926829268292683 0.107421875 0.2926829268292683 0.109375 0.29965156794425085 0.12109375 0.29965156794425085 0.123046875 0.30313588850174217 0.123046875 0.3170731707317073 0.119140625 0.313588850174216 0.109375 0.313588850174216 0.1015625 0.3205574912891986 0.091796875 0.3205574912891986 0.08984375 0.3240418118466899 0.09375 0.3344947735191638 0.10546875 0.34146341463414637 0.111328125 0.3519163763066202 0.107421875 0.3588850174216028 0.095703125 0.3588850174216028 0.08984375 0.3519163763066202 0.08203125 0.34843205574912894 0.078125 0.34146341463414637 0.07421875 0.34146341463414637 0.068359375 0.3310104529616725 0.05078125 0.3310104529616725 0.041015625 0.3240418118466899 0.033203125 0.3240418118466899 0.03125 0.3205574912891986 0.03125 0.31010452961672474 0.03515625 0.30313588850174217 0.048828125 0.29965156794425085 0.05078125 0.2961672473867596
0 0.572265625 0.14285714285714285 0.576171875 0.14285714285714285 0.580078125 0.15331010452961671 0.580078125 0.1602787456445993 0.572265625 0.1602787456445993 0.564453125 0.17073170731707318 0.556640625 0.17770034843205576 0.552734375 0.17770034843205576 0.54296875 0.18815331010452963 0.529296875 0.18815331010452963 0.52734375 0.1916376306620209 0.51953125 0.1916376306620209 0.517578125 0.1951219512195122 0.5078125 0.1951219512195122 0.501953125 0.18815331010452963 0.49609375 0.18815331010452963 0.498046875 0.17770034843205576 0.51171875 0.1672473867595819 0.51953125 0.1672473867595819 0.529296875 0.1602787456445993 0.5390625 0.1602787456445993 0.548828125 0.15331010452961671 0.560546875 0.15331010452961671 0.5625 0.14982578397212543 0.5703125 0.14982578397212543 0.572265625 0.14634146341463414
0 0.435546875 0.3902439024390244 0.46484375 0.3902439024390244 0.46875 0.39372822299651566 0.46875 0.40418118466898956 0.46484375 0.40418118466898956 0.462890625 0.4076655052264808 0.451171875 0.4076655052264808 0.439453125 0.397212543554007 0.435546875 0.397212543554007 0.435546875 0.39372822299651566
0 0.30859375 0.5052264808362369 0.310546875 0.5087108013937283 0.318359375 0.5087108013937283 0.3203125 0.5052264808362369 0.326171875 0.5052264808362369 0.328125 0.5017421602787456 0.3359375 0.5017421602787456 0.33984375 0.49825783972125437 0.33984375 0.5226480836236934 0.337890625 0.5261324041811847 0.337890625 0.5365853658536586 0.333984375 0.5435540069686411 0.33203125 0.5609756097560976 0.322265625 0.5749128919860628 0.322265625 0.5853658536585366 0.31640625 0.6027874564459931 0.310546875 0.6027874564459931 0.298828125 0.6132404181184669 0.287109375 0.6167247386759582 0.283203125 0.6236933797909407 0.27734375 0.6236933797909407 0.2734375 0.6306620209059234 0.26171875 0.6411149825783972 0.2578125 0.6411149825783972 0.251953125 0.6480836236933798 0.248046875 0.6480836236933798 0.2421875 0.6550522648083623 0.228515625 0.662020905923345 0.21875 0.6724738675958188 0.208984375 0.6759581881533101 0.193359375 0.6933797909407665 0.177734375 0.6968641114982579 0.169921875 0.7038327526132404 0.16015625 0.7038327526132404 0.15625 0.6968641114982579 0.15234375 0.6968641114982579 0.14453125 0.6759581881533101 0.14453125 0.6655052264808362 0.142578125 0.6585365853658537 0.150390625 0.6376306620209059 0.177734375 0.5923344947735192 0.1875 0.5818815331010453 0.19140625 0.5818815331010453 0.1953125 0.5749128919860628 0.216796875 0.554006968641115 0.2265625 0.5505226480836237 0.23828125 0.5400696864111498 0.244140625 0.5400696864111498 0.25 0.5331010452961672 0.25390625 0.5331010452961672 0.2734375 0.519163763066202 0.279296875 0.519163763066202 0.287109375 0.5121951219512195 0.29296875 0.5121951219512195 0.294921875 0.5087108013937283 0.302734375 0.5087108013937283 0.306640625 0.5052264808362369
0 0.103515625 0.42160278745644597 0.134765625 0.42160278745644597 0.134765625 0.445993031358885 0.130859375 0.445993031358885 0.12109375 0.45993031358885017 0.109375 0.45993031358885017 0.103515625 0.46689895470383275 0.091796875 0.46689895470383275 0.08984375 0.4634146341463415 0.08203125 0.4634146341463415 0.080078125 0.45993031358885017 0.046875 0.45993031358885017 0.046875 0.44947735191637633 0.0546875 0.445993031358885 0.060546875 0.43902439024390244 0.072265625 0.4355400696864111 0.07421875 0.43205574912891986 0.1015625 0.42857142857142855 0.103515625 0.4250871080139373
0 0.6953125 0.3832752613240418 0.697265625 0.3867595818815331 0.71484375 0.3902439024390244 0.724609375 0.40418118466898956 0.728515625 0.39372822299651566 0.7421875 0.397212543554007 0.755859375 0.4076655052264808 0.76171875 0.4076655052264808 0.763671875 0.4146341463414634 0.76171875 0.4181184668989547 0.73046875 0.4146341463414634 0.728515625 0.41114982578397213 0.716796875 0.4146341463414634 0.71484375 0.41114982578397213 0.701171875 0.41114982578397213 0.69921875 0.4076655052264808 0.681640625 0.40418118466898956 0.6796875 0.40069686411149824 0.67578125 0.40069686411149824 0.671875 0.39372822299651566 0.671875 0.3867595818815331 0.693359375 0.3867595818815331
0 0.2734375 0.6411149825783972 0.287109375 0.6585365853658537 0.298828125 0.6585365853658537 0.30078125 0.6550522648083623 0.310546875 0.6550522648083623 0.3125 0.6585365853658537 0.3125 0.710801393728223 0.310546875 0.7073170731707317 0.30859375 0.710801393728223 0.30859375 0.7177700348432056 0.3125 0.7247386759581882 0.3125 0.7317073170731707 0.310546875 0.735191637630662 0.291015625 0.735191637630662 0.28125 0.7421602787456446 0.27734375 0.7491289198606271 0.265625 0.759581881533101 0.255859375 0.759581881533101 0.25 0.7665505226480837 0.228515625 0.7665505226480837 0.22265625 0.759581881533101 0.212890625 0.7560975609756098 0.203125 0.7700348432055749 0.1953125 0.7909407665505227 0.19140625 0.7874564459930313 0.19140625 0.7630662020905923 0.181640625 0.7317073170731707 0.181640625 0.710801393728223 0.185546875 0.7073170731707317 0.203125 0.7073170731707317 0.205078125 0.710801393728223 0.212890625 0.710801393728223 0.21875 0.7038327526132404 0.22265625 0.6933797909407665 0.234375 0.6794425087108014 0.25 0.6515679442508711 0.255859375 0.6515679442508711 0.271484375 0.6411149825783972
0 0.19140625 0.2857142857142857 0.197265625 0.28222996515679444 0.201171875 0.27526132404181186 0.208984375 0.27526132404181186 0.212890625 0.27177700348432055 0.212890625 0.31010452961672474 0.201171875 0.313588850174216 0.197265625 0.30662020905923343 0.19140625 0.30313588850174217 0.19140625 0.289198606271777
0 0.056640625 0.3902439024390244 0.06640625 0.3902439024390244 0.0703125 0.40069686411149824 0.0703125 0.4146341463414634 0.060546875 0.4181184668989547 0.052734375 0.42857142857142855 0.048828125 0.42857142857142855 0.041015625 0.4355400696864111 0.0390625 0.4425087108013937 0.033203125 0.44947735191637633 0.015625 0.44947735191637633 0.013671875 0.4529616724738676 0 0.44947735191637633 0 0.42857142857142855 0.001953125 0.4250871080139373 0.005859375 0.42160278745644597 0.01171875 0.42160278745644597 0.021484375 0.41114982578397213 0.02734375 0.41114982578397213 0.03515625 0.40418118466898956 0.05078125 0.40069686411149824 0.056640625 0.39372822299651566
0 0.943359375 0.5574912891986062 0.9453125 0.5609756097560976 0.953125 0.5609756097560976 0.958984375 0.5679442508710801 0.962890625 0.5679442508710801 0.974609375 0.5818815331010453 0.986328125 0.5853658536585366 0.986328125 0.5958188153310104 0.982421875 0.5958188153310104 0.98046875 0.5993031358885017 0.96875 0.5993031358885017 0.966796875 0.5958188153310104 0.958984375 0.5958188153310104 0.95703125 0.5923344947735192 0.9453125 0.5923344947735192 0.92578125 0.578397212543554 0.923828125 0.5714285714285714 0.91796875 0.5644599303135889 0.91796875 0.5609756097560976 0.921875 0.5609756097560976 0.923828125 0.5574912891986062 0.94140625 0.5574912891986062
0 0.1328125 0.1986062717770035 0.134765625 0.20209059233449478 0.15234375 0.20557491289198607 0.158203125 0.21254355400696864 0.171875 0.21951219512195122 0.173828125 0.2229965156794425 0.171875 0.23693379790940766 0.1640625 0.22996515679442509 0.123046875 0.22996515679442509 0.107421875 0.21951219512195122 0.1015625 0.20905923344947736 0.10546875 0.1986062717770035 0.130859375 0.1986062717770035
0 0.744140625 0.18466898954703834 0.74609375 0.18815331010452963 0.75390625 0.18815331010452963 0.767578125 0.1986062717770035 0.775390625 0.1986062717770035 0.783203125 0.20905923344947736 0.794921875 0.21254355400696864 0.802734375 0.2264808362369338 0.80859375 0.23344947735191637 0.8125 0.23344947735191637 0.81640625 0.24041811846689895 0.81640625 0.2508710801393728 0.8125 0.25435540069686413 0.80859375 0.25435540069686413 0.806640625 0.24738675958188153 0.802734375 0.24738675958188153 0.796875 0.24041811846689895 0.787109375 0.24041811846689895 0.78515625 0.23693379790940766 0.765625 0.23344947735191637 0.763671875 0.22996515679442509 0.759765625 0.22996515679442509 0.74609375 0.21254355400696864 0.740234375 0.21254355400696864 0.736328125 0.20557491289198607 0.728515625 0.20557491289198607 0.728515625 0.1951219512195122 0.732421875 0.18815331010452963 0.73828125 0.18815331010452963 0.7421875 0.18466898954703834
0 0.62890625 0.12195121951219512 0.62890625 0.14634146341463414 0.626953125 0.14982578397212543 0.615234375 0.14982578397212543 0.61328125 0.15331010452961671 0.58203125 0.15331010452961671 0.580078125 0.14982578397212543 0.576171875 0.14982578397212543 0.572265625 0.13937282229965156 0.576171875 0.13240418118466898 0.58203125 0.13240418118466898 0.587890625 0.1254355400696864 0.595703125 0.1254355400696864 0.59765625 0.12195121951219512 0.626953125 0.12195121951219512
0 0.603515625 0.2961672473867596 0.65234375 0.2961672473867596 0.654296875 0.30313588850174217 0.66796875 0.30313588850174217 0.669921875 0.30662020905923343 0.685546875 0.313588850174216 0.681640625 0.3170731707317073 0.623046875 0.3170731707317073 0.62109375 0.313588850174216 0.603515625 0.313588850174216 0.6015625 0.31010452961672474 0.6015625 0.30313588850174217 0.603515625 0.29965156794425085
0 0.9921875 0.5749128919860628 0.998046875 0.5749128919860628 0.998046875 0.5853658536585366 0.9921875 0.5853658536585366 0.9921875 0.578397212543554
0 0.060546875 0.3205574912891986 0.08203125 0.3205574912891986 0.083984375 0.3240418118466899 0.09375 0.32752613240418116 0.099609375 0.3344947735191638 0.103515625 0.3344947735191638 0.109375 0.34146341463414637 0.109375 0.3554006968641115 0.107421875 0.3588850174216028 0.095703125 0.3588850174216028 0.09375 0.3519163763066202 0.08984375 0.3519163763066202 0.07421875 0.33797909407665505 0.068359375 0.32752613240418116 0.0625 0.32752613240418116 0.060546875 0.3240418118466899
0 0.1640625 0.34146341463414637 0.166015625 0.34494773519163763 0.189453125 0.34494773519163763 0.189453125 0.36585365853658536 0.1875 0.3623693379790941 0.17578125 0.3623693379790941 0.166015625 0.3693379790940767 0.15234375 0.3693379790940767 0.150390625 0.37282229965156793 0.123046875 0.37282229965156793 0.12109375 0.3693379790940767 0.11328125 0.3693379790940767 0.11328125 0.3588850174216028 0.12109375 0.3519163763066202 0.126953125 0.3519163763066202 0.12890625 0.34494773519163763 0.134765625 0.34494773519163763 0.13671875 0.34146341463414637 0.162109375 0.34146341463414637
0 0.03125 0.3240418118466899 0.044921875 0.3240418118466899 0.046875 0.3310104529616725 0.05859375 0.3344947735191638 0.0625 0.33797909407665505 0.064453125 0.34494773519163763 0.064453125 0.3588850174216028 0.044921875 0.3588850174216028 0.04296875 0.3623693379790941 0.0234375 0.36585365853658536 0.013671875 0.37282229965156793 0 0.37282229965156793 0 0.33797909407665505 0.015625 0.3344947735191638 0.017578125 0.3310104529616725 0.029296875 0.3310104529616725 0.03125 0.32752613240418116
0 0.998046875 0.735191637630662 0.998046875 0.7456445993031359 0.982421875 0.7421602787456446 0.98046875 0.7386759581881533 0.97265625 0.7386759581881533 0.99609375 0.735191637630662
0 0.642578125 0.16376306620209058 0.642578125 0.18815331010452963 0.63671875 0.1986062717770035 0.62890625 0.1986062717770035 0.626953125 0.20209059233449478 0.595703125 0.20209059233449478 0.59375 0.1986062717770035 0.59375 0.1916376306620209 0.609375 0.17770034843205576 0.615234375 0.1672473867595819 0.62109375 0.1672473867595819 0.62890625 0.1602787456445993 0.638671875 0.1602787456445993 0.640625 0.16376306620209058
0 0.724609375 0.24390243902439024 0.73046875 0.24390243902439024 0.73046875 0.24738675958188153 0.73828125 0.2578397212543554 0.75 0.2613240418118467 0.755859375 0.2682926829268293 0.771484375 0.27526132404181186 0.771484375 0.28222996515679444 0.76953125 0.2857142857142857 0.763671875 0.2857142857142857 0.76171875 0.289198606271777 0.748046875 0.2857142857142857 0.74609375 0.28222996515679444 0.720703125 0.28222996515679444 0.71875 0.2787456445993031 0.712890625 0.2787456445993031 0.7109375 0.27526132404181186 0.7109375 0.26480836236933797 0.70703125 0.2613240418118467 0.70703125 0.2578397212543554 0.716796875 0.2508710801393728 0.72265625 0.2508710801393728 0.724609375 0.24738675958188153
0 0.91015625 0.37630662020905925 0.91796875 0.3693379790940767 0.9296875 0.3693379790940767 0.931640625 0.36585365853658536 0.947265625 0.36585365853658536 0.94921875 0.3623693379790941 0.974609375 0.3623693379790941 0.9765625 0.3588850174216028 0.998046875 0.3588850174216028 0.998046875 0.3902439024390244 0.986328125 0.3902439024390244 0.984375 0.39372822299651566 0.93359375 0.39372822299651566 0.931640625 0.3902439024390244 0.9140625 0.3867595818815331 0.91015625 0.3832752613240418 0.91015625 0.3797909407665505