0 0.587425400390625 0.9407233101045297 0.58850400390625 0.931059543554007 0.582032400390625 0.9056921533101046 0.575560802734375 0.8948204146341464 0.572325 0.8948204146341464 0.563696203125 0.900860268292683 0.562617603515625 0.9093160662020905 0.570167802734375 0.939515337979094 0.574482203125 0.9491791080139372 0.577718 0.9491791080139372 0.587425400390625 0.9407233101045297
0 0.073470609375 0.21661613588850173 0.070882064453125 0.22003357142857144 0.07260776171875 0.25990364111498254 0.080373392578125 0.2678776550522648 0.0881390234375 0.30091285714285715 0.0984931953125 0.3088868675958188 0.10367028515625 0.3088868675958188 0.1079845234375 0.302052 0.104533130859375 0.29407798606271773 0.10367028515625 0.28040824738675957 0.100218892578125 0.28040824738675957 0.0915904140625 0.2633210766550523 0.0786476953125 0.25079048432055745 0.0786476953125 0.23256416376306618 0.0820990859375 0.22117271428571428 0.076059154296875 0.21661613588850173 0.073470609375 0.21661613588850173
0 0.767740087890625 0.6202162195121952 0.759850671875 0.6189050104529618 0.754328080078125 0.6189050104529618 0.731448771484375 0.626772268292683 0.732237712890625 0.6385731602787457 0.74564972265625 0.6503740522648084 0.75590596484375 0.6543076829268293 0.777996328125 0.649062843205575 0.7764184453125 0.6320171114982579 0.767740087890625 0.6202162195121952
0 0.55755809375 0.4945541951219512 0.55839774609375 0.4722972369337979 0.555878783203125 0.46240525783972125 0.547482244140625 0.45251327874564456 0.544963283203125 0.45251327874564456 0.53572708984375 0.4611687595818815 0.518934013671875 0.4673512473867596 0.52229262890625 0.4809527177700349 0.528170205078125 0.4908447003484321 0.54916155078125 0.4995001846689895 0.55755809375 0.4945541951219512
0 0.254434798828125 0.5251780209059234 0.2477175703125 0.5287318118466898 0.23764172265625 0.5465007491289199 0.238481375 0.5512391358885018 0.231764146484375 0.5595313066202091 0.232603798828125 0.5642696898954704 0.226726220703125 0.5690080731707318 0.226726220703125 0.5844078257839721 0.232603798828125 0.5879616097560976 0.239321029296875 0.5844078257839721 0.254434798828125 0.5690080731707318 0.25359514453125 0.5642696898954704 0.258633068359375 0.5512391358885018 0.266189953125 0.5417623658536584 0.264510646484375 0.5299164041811847 0.256114107421875 0.5251780209059234 0.254434798828125 0.5251780209059234
0 0.424985703125 0.7410894216027875 0.419414328125 0.7208636341463415 0.401904287109375 0.7089661114982578 0.387577892578125 0.7065866027874564 0.3859860703125 0.7042071010452962 0.379618783203125 0.7161046236933798 0.405883841796875 0.7553664459930313 0.405883841796875 0.760125456445993 0.413047041015625 0.7648844668989547 0.4233938828125 0.7625049616724738 0.424985703125 0.7410894216027875
0 0.36269384375 0.8282860418118467 0.36359255078125 0.799504487804878 0.359099015625 0.7845380801393729 0.353706775390625 0.7810842926829268 0.352808068359375 0.7810842926829268 0.34471970703125 0.7856893414634146 0.334833927734375 0.8190759407665505 0.3294416875 0.8501600209059234 0.334833927734375 0.8628239024390244 0.34471970703125 0.8547650696864112 0.36269384375 0.8282860418118467
0 0.7974128671875 0.7752272473867595 0.817052529296875 0.7764687003484321 0.819318642578125 0.7578468919860627 0.81629715625 0.7491567142857143 0.801189724609375 0.7355007212543554 0.789103779296875 0.730534905923345 0.784571548828125 0.730534905923345 0.77021948828125 0.731776362369338 0.765687259765625 0.7392250836236934 0.766442630859375 0.7441909024390243 0.775507091796875 0.7590883449477351 0.7974128671875 0.7752272473867595
0 0.33525725 0.6625988850174216 0.32710045703125 0.6378702857142857 0.32383773828125 0.6319825226480836 0.30507711328125 0.6178518989547038 0.3001830390625 0.6178518989547038 0.293657603515625 0.6202070034843206 0.292841923828125 0.6366927351916376 0.303445755859375 0.6637764355400697 0.32383773828125 0.6837948257839721 0.33525725 0.6814397177700348 0.33525725 0.6625988850174216
0 0.368030279296875 0.48758822299651566 0.375161572265625 0.5026512926829269 0.3910088984375 0.5293013414634146 0.401309658203125 0.5374122229965157 0.409233322265625 0.5327774320557491 0.410818052734375 0.5258252473867596 0.400517291015625 0.4956991080139373 0.401309658203125 0.4922230139372822 0.387047068359375 0.4690490592334494 0.375161572265625 0.46093817421602784 0.373576841796875 0.46093817421602784 0.36882264453125 0.46209687108013936 0.364860814453125 0.47020775609756094 0.368030279296875 0.48758822299651566
0 0.79628698828125 0.605497574912892 0.788988708984375 0.605497574912892 0.7875290546875 0.6167675226480837 0.795557158203125 0.6267852508710802 0.809423884765625 0.6292896864111499 0.813802853515625 0.6342985505226482 0.8408064765625 0.6255330348432057 0.84883458203125 0.6180197386759582 0.84883458203125 0.604245362369338 0.84664509765625 0.6004887108013938 0.834238029296875 0.5917231951219513 0.824750267578125 0.5904709790940766 0.82402044140625 0.5904709790940766 0.813802853515625 0.5917231951219513 0.79628698828125 0.605497574912892
0 0.48113930078125 0.5863385470383276 0.472750115234375 0.5744410243902439 0.46283562109375 0.567302512195122 0.458641029296875 0.567302512195122 0.44453194140625 0.5708717665505226 0.43232948828125 0.5815795365853659 0.4315668359375 0.5899078048780487 0.442243982421875 0.5970463170731708 0.44681990234375 0.6041848292682928 0.436142755859375 0.620841362369338 0.436905408203125 0.6279798745644599 0.437668060546875 0.6244106202090592 0.451395822265625 0.6184618606271778 0.46283562109375 0.6220311149825785 0.471987462890625 0.6172721045296167 0.46741154296875 0.6125130975609756 0.476563380859375 0.6089438397212544 0.48190195703125 0.6018053275261325 0.48342726171875 0.5946668118466899 0.48113930078125 0.5863385470383276
0 0.392081208984375 0.19976634146341463 0.385497634765625 0.20093185017421603 0.37159897265625 0.21142143902439026 0.365015396484375 0.2230765331010453 0.365746904296875 0.2265730662020906 0.34892220703125 0.25221427526132406 0.354042765625 0.25804182229965156 0.35696880078125 0.2720279407665505 0.360626341796875 0.2720279407665505 0.370867462890625 0.25804182229965156 0.386229142578125 0.2487177491289199 0.402322328125 0.23123510104529618 0.40890590625 0.21841449477351915 0.409637416015625 0.21025593031358886 0.407442888671875 0.20442837979094078 0.39647026171875 0.19976634146341463 0.392081208984375 0.19976634146341463
0 0.87124882421875 0.4416957038327526 0.877760201171875 0.42327550522648083 0.87703671484375 0.4106116236933798 0.87414276953125 0.4048553135888502 0.8618435 0.39564521602787456 0.86039652734375 0.39564521602787456 0.856055609375 0.3990990034843206 0.855332125 0.4083090975609756 0.837244962890625 0.4290318153310105 0.837968451171875 0.43248560278745646 0.834351017578125 0.43363686411149827 0.825669181640625 0.44975453658536585 0.814093400390625 0.45435958536585364 0.814093400390625 0.4589646341463414 0.8191578046875 0.4670234668989547 0.8198812890625 0.4762335644599303 0.822775236328125 0.4773848257839721 0.8365214765625 0.46472094425087107 0.842309369140625 0.46817472822299655 0.84592680078125 0.46356968292682926 0.852438177734375 0.46241841811846696 0.87124882421875 0.4416957038327526
0 0.748357904296875 0.11945745644599302 0.752589154296875 0.11483509059233449 0.75329436328125 0.10674594425087107 0.769514158203125 0.08941205923344947 0.76669332421875 0.08594528222996516 0.768808951171875 0.0824785087108014 0.773745408203125 0.08594528222996516 0.7970172890625 0.07207817770034844 0.799838123046875 0.06630021602787456 0.7970172890625 0.05474429268292683 0.783618328125 0.05243310801393728 0.782913119140625 0.05127751567944251 0.7681037421875 0.05474429268292683 0.75823082421875 0.06283343902439024 0.7455370703125 0.06630021602787456 0.730022482421875 0.08941205923344947 0.727906859375 0.09403442857142857 0.729317275390625 0.09750120557491289 0.742716236328125 0.1032791637630662 0.739190193359375 0.10443475958188153 0.738484986328125 0.11136831358885017 0.73566415234375 0.11483509059233449 0.740600609375 0.12061305226480837 0.740600609375 0.12523542160278744 0.746242279296875 0.129857787456446 0.746947486328125 0.12523542160278744 0.7497683203125 0.12407982578397211 0.748357904296875 0.11945745644599302
0 0.68307248046875 0.7837423379790941 0.688663087890625 0.784893599303136 0.707531380859375 0.741145637630662 0.708929033203125 0.7135153484320558 0.707531380859375 0.7066077735191638 0.7026396015625 0.7031539895470383 0.701940775390625 0.7031539895470383 0.696350169921875 0.7066077735191638 0.691458388671875 0.7158178710801394 0.68307248046875 0.7422968989547039 0.668397140625 0.7261792299651568 0.656517103515625 0.721574181184669 0.636251158203125 0.7238767073170731 0.63345585546875 0.7330868013937283 0.635552333984375 0.741145637630662 0.64254058984375 0.748053212543554 0.6530229765625 0.751507 0.65791475390625 0.7584145714285715 0.66979479296875 0.7595658327526132 0.676783048828125 0.7503557351916376 0.683771306640625 0.748053212543554 0.685168958984375 0.7664734041811847 0.68307248046875 0.7837423379790941
0 0.08209812109375 0.480049212543554 0.090515603515625 0.5289873240418119 0.095106955078125 0.5244349442508711 0.1081157890625 0.5255730383275261 0.12265507421875 0.5153301777003485 0.13336823046875 0.4937063588850174 0.131072552734375 0.48118731010452964 0.12112462109375 0.4561492020905923 0.111941916015625 0.4413539581881533 0.104289662109375 0.43566348083623696 0.101228759765625 0.43566348083623696 0.096637408203125 0.44249205226480837 0.096637408203125 0.4720825435540069 0.08209812109375 0.480049212543554
0 0.03782421484375 0.7926685296167247 0.0392018046875 0.8114744320557491 0.043334578125 0.815000543554007 0.038513009765625 0.8197020209059234 0.042645783203125 0.82322812543554 0.051600126953125 0.8220527560975609 0.052288921875 0.8279296027874564 0.061243267578125 0.8408586585365854 0.096371845703125 0.8596645679442508 0.114969328125 0.8596645679442508 0.1197908984375 0.8514369825783972 0.118413306640625 0.8373325540069687 0.10670378125 0.8185266480836236 0.0839735234375 0.8067729581881533 0.057110494140625 0.8079483275261324 0.04195698828125 0.7926685296167247 0.03782421484375 0.7926685296167247
0 0.28819181640625 0.19141112891986065 0.28746982421875 0.19028833101045298 0.2867478359375 0.22172669337979095 0.278083955078125 0.2307090801393728 0.293967736328125 0.24193706968641115 0.296855697265625 0.25990184668989547 0.3062415703125 0.2778666236933798 0.307685548828125 0.28572621602787457 0.314183458984375 0.29470860627177703 0.325735302734375 0.30256819512195127 0.335843166015625 0.30256819512195127 0.339453115234375 0.29919979790940765 0.34234107421875 0.2913402090592334 0.340897095703125 0.28123502090592334 0.325735302734375 0.2441826655052265 0.3062415703125 0.21611270034843205 0.29902166796875 0.21049870731707315 0.28819181640625 0.19141112891986065
0 0.93637255859375 0.5971538919860627 0.93274747265625 0.6053524668989546 0.934197505859375 0.632290637630662 0.946522796875 0.652201456445993 0.971173375 0.6498590069686411 0.977698529296875 0.6358043101045296 0.977698529296875 0.6276057386759583 0.9900238203125 0.6158934912891987 0.995823955078125 0.6030100139372823 0.995823955078125 0.5936402195121951 0.9892988046875 0.5866128675958188 0.965373240234375 0.5842704181184669 0.96464822265625 0.5830991951219512 0.9472478125 0.5877840940766551 0.93637255859375 0.5971538919860627
0 0.607581509765625 0.6264651358885017 0.589922861328125 0.6367906829268293 0.575795939453125 0.6608836306620208 0.572264208984375 0.6792401567944251 0.568732478515625 0.6849765714285715 0.560256328125 0.688418425087108 0.560962673828125 0.6953021219512194 0.565200748046875 0.6975966864111498 0.57155786328125 0.709069519163763 0.592041896484375 0.6998912543554007 0.612525931640625 0.6792401567944251 0.6315972734375 0.6402325331010453 0.630890927734375 0.6310542682926829 0.62382746875 0.6241705714285715 0.618883044921875 0.6241705714285715 0.607581509765625 0.6264651358885017
0 0.406646091796875 0 0.406646091796875 0.013135108013937281 0.403821853515625 0.025599675958188153 0.422885458984375 0.010365202090592334 0.433476353515625 0.015905010452961672 0.46524903125 0.00898025087108014 0.472497849609375 0 0.406646091796875 0
0 0.83532434375 0.8727050592334494 0.832459037109375 0.8727050592334494 0.8224304609375 0.8784290836236934 0.813834541015625 0.8784290836236934 0.81025290625 0.874994668989547 0.8052386171875 0.8772842787456446 0.818848826171875 0.9219316689895469 0.83031005859375 0.942538156794425 0.84248761328125 0.9528414006968642 0.85967945703125 0.9597102299651569 0.868991705078125 0.9574206167247387 0.871857013671875 0.9505517909407665 0.871857013671875 0.9391037421602788 0.86827537890625 0.9230764738675958 0.8618284375 0.9104836202090593 0.862544763671875 0.907049205574913 0.8525161875 0.8875875226480836 0.83532434375 0.8727050592334494
0 0.135771443359375 0.7296806864111498 0.125085607421875 0.7095738815331011 0.147169669921875 0.6760625400696864 0.1493068359375 0.6637750487804878 0.142895333984375 0.6548386898954703 0.134346666015625 0.6537216480836237 0.13363427734375 0.6526046027874564 0.12294844140625 0.6548386898954703 0.109413048828125 0.6660091358885017 0.098014822265625 0.6838818536585366 0.094452876953125 0.6950523031358885 0.080917484375 0.7017545679442508 0.09017854296875 0.7129250174216027 0.094452876953125 0.7274465993031359 0.105138712890625 0.7185102404181184 0.11867410546875 0.7285636411149826 0.13007233203125 0.7553727142857143 0.12935994140625 0.7609579372822299 0.13292188671875 0.7732454285714285 0.137908611328125 0.7743624773519163 0.141470556640625 0.7609579372822299 0.14075816796875 0.7520215783972126 0.135771443359375 0.7296806864111498
0 0.4999136171875 0.09187571428571428 0.509540884765625 0.06191198257839721 0.5117625625 0.030838484320557493 0.506578650390625 0.021960341463414634 0.4999136171875 0.018631034843205576 0.49917305859375 0.018631034843205576 0.4858429921875 0.025289644599303135 0.47843740234375 0.034167783972125436 0.4651073359375 0.05858267944250871 0.457701744140625 0.08077803484320557 0.457701744140625 0.11185153658536585 0.45399894921875 0.122949212543554 0.46436677734375 0.1362664285714286 0.4651073359375 0.14403480139372823 0.47029125 0.15513248083623693 0.472512927734375 0.14847387456445993 0.47103180859375 0.13959573170731707 0.47695628125 0.13071758885017423 0.4754751640625 0.11961991289198605 0.47991851953125 0.11740037282229966 0.48806466796875 0.10297339024390244 0.4999136171875 0.09187571428571428
0 0.21495996875 0.5927763101045296 0.207991439453125 0.5883647560975609 0.203113470703125 0.5883647560975609 0.215656822265625 0.617039850174216 0.226109615234375 0.6633611567944251 0.242834083984375 0.6953449128919861 0.23795611328125 0.7185055679442508 0.2393498203125 0.7361517804878049 0.249802611328125 0.7427691080139373 0.25886169921875 0.7416662195121951 0.264436521484375 0.7295344494773519 0.266527080078125 0.7008593554006969 0.27488931640625 0.6942420278745645 0.27976728515625 0.6832131428571429 0.27907043359375 0.6655669337979094 0.27558616796875 0.6545380487804878 0.2442277890625 0.6038051916376307 0.2316844375 0.5927763101045296 0.21495996875 0.5927763101045296
0 0.28893558203125 0.8549166341463414 0.29882442578125 0.8351407770034843 0.31577673046875 0.7703198989547038 0.31577673046875 0.760431968641115 0.312951345703125 0.7527413588850174 0.3002371171875 0.7505440383275261 0.29882442578125 0.7505440383275261 0.283284814453125 0.7703198989547038 0.263507125 0.8142662578397212 0.25432462890625 0.8197595505226482 0.2557373203125 0.8241541846689896 0.2507928984375 0.8406340696864112 0.249380205078125 0.868100543554007 0.24443578515625 0.8856790836236934 0.246554822265625 0.9098495818815331 0.252911935546875 0.9186388536585367 0.26209443359375 0.9186388536585367 0.30376884765625 0.8856790836236934 0.3044751953125 0.8724951777003485 0.296705388671875 0.8670018850174216 0.289641927734375 0.8670018850174216 0.287522888671875 0.8626072473867595 0.28893558203125 0.8549166341463414
0 0 0.4337593240418119 0.00339940625 0.440216181184669 0.00339940625 0.44473834843205573 0.008690138671875 0.4424772648083624 0.011335501953125 0.4368245540069686 0.021255626953125 0.4368245540069686 0.02522367578125 0.43343293031358887 0.033821115234375 0.440216181184669 0.0748242890625 0.4424772648083624 0.091357826171875 0.43004130662020906 0.09664855859375 0.4187358919860627 0.102600630859375 0.4153442648083624 0.10326197265625 0.3995166829268293 0.088712458984375 0.38934180836236937 0.066888189453125 0.3870807282229965 0.04572526171875 0.39499451567944255 0.043079896484375 0.3995166829268293 0.042418552734375 0.38595018466898956 0.05300001953125 0.38142802090592337 0.05961343359375 0.3576866445993031 0.05961343359375 0.3520339372822299 0.0563067265625 0.3452506864111498 0.049693310546875 0.342989606271777 0.046055931640625 0.342989606271777 0.027869041015625 0.3509033972125436 0.01331952734375 0.3678615191637631 0.01331952734375 0.37238368641114983 0.006044771484375 0.38595018466898956 0.0007540390625 0.4164748048780488 0 0.41686150522648086 0 0.4337593240418119
0 0.48940996484375 0.290741574912892 0.492040634765625 0.27626335540069685 0.4953289765625 0.2706948083623693 0.522293359375 0.25733029965156795 0.547284740234375 0.23282870034843206 0.5571497578125 0.21055451567944253 0.557807427734375 0.19162146341463415 0.548600076171875 0.1760295331010453 0.52821237109375 0.1671198606271777 0.52426636328125 0.1671198606271777 0.5130860078125 0.16823356794425087 0.499932650390625 0.17714324390243902 0.469022259765625 0.21835048083623693 0.465076251953125 0.23282870034843206 0.4433732109375 0.238397243902439 0.4433732109375 0.24507949825783973 0.456526568359375 0.2517617526132404 0.458499572265625 0.25621658885017423 0.44731921875 0.2784907700348432 0.4460038828125 0.2874004459930314 0.465076251953125 0.28851415331010455 0.468364591796875 0.2929689895470383 0.47625660546875 0.29519641114982575 0.4795449453125 0.29519641114982575 0.4821756171875 0.290741574912892 0.48940996484375 0.290741574912892
0 0.433292427734375 1 0.43098591796875 0.9984808362369338 0.42832416015625 0.9930022508710802 0.430320478515625 0.9897151010452961 0.4289896015625 0.9809493658536586 0.426327845703125 0.9765664982578397 0.4289896015625 0.9688964843205574 0.424996966796875 0.9524607386759582 0.42366608984375 0.9305464076655052 0.419008015625 0.9272592543554007 0.42100433203125 0.9228763867595818 0.418342576171875 0.9195892369337978 0.417677138671875 0.9130149372822299 0.418342576171875 0.8943877595818814 0.438971185546875 0.86589912543554 0.44496013671875 0.8494633763066202 0.44496013671875 0.8330276306620209 0.4369748671875 0.8242618954703833 0.43165135546875 0.8242618954703833 0.4150153828125 0.8308361951219512 0.405699236328125 0.8264533310104529 0.39971028515625 0.8439847944250871 0.38373975 0.8593248257839722 0.36710377734375 0.8867177421602788 0.352464119140625 0.8900048919860627 0.352464119140625 0.897674905923345 0.3591185078125 0.9130149372822299 0.361114826171875 0.9316421219512194 0.373758166015625 0.9173978048780487 0.381077994140625 0.9163020905923345 0.387732384765625 0.9228763867595818 0.401706603515625 0.9239721045296168 0.40303748046875 0.9283549721254356 0.4010411640625 0.9316421219512194 0.405033798828125 0.9360249895470383 0.400375724609375 0.9404078571428572 0.40303748046875 0.9436950034843206 0.397048529296875 0.9513650209059233 0.400375724609375 0.9524607386759582 0.40303748046875 0.9612264703832754 0.400375724609375 0.9634179024390245 0.398379408203125 0.9590350348432056 0.396383091796875 0.9601307526132404 0.40303748046875 0.9678007700348432 0.402372041015625 0.9710879163763065 0.39904484765625 0.9710879163763065 0.397048529296875 0.9667050522648083 0.398379408203125 0.9721836376306621 0.396383091796875 0.9765664982578397 0.403702921875 0.9842365191637631 0.404368359375 0.9940979686411149 0.400375724609375 0.9973851149825784 0.402372041015625 0.9973851149825784 0.4031660625 1 0.433292427734375 1
0 0.5006855390625 0.8326867944250871 0.494140625 0.8421794703832753 0.5006855390625 0.8543843379790941 0.5128403828125 0.8638770174216028 0.525930212890625 0.8625209163763066 0.5249952265625 0.853028243902439 0.513775369140625 0.8353989860627178 0.501620529296875 0.8326867944250871 0.5006855390625 0.8326867944250871