0 0.427734375 0.03819444444444445 0.435546875 0.04861111111111111 0.431640625 0.05555555555555555 0.427734375 0.05555555555555555 0.423828125 0.052083333333333336 0.423828125 0.04513888888888889 0.42578125 0.041666666666666664
0 0.55078125 0.09027777777777778 0.5625 0.1111111111111111 0.5703125 0.11805555555555555 0.595703125 0.11805555555555555 0.59765625 0.1111111111111111 0.599609375 0.1111111111111111 0.599609375 0.11805555555555555 0.59375 0.1388888888888889 0.583984375 0.14583333333333334 0.556640625 0.14583333333333334 0.55078125 0.1388888888888889 0.55078125 0.1284722222222222 0.546875 0.11805555555555555 0.546875 0.10416666666666667 0.544921875 0.10069444444444445 0.544921875 0.09375 0.548828125 0.09027777777777778
0 0.5703125 0.3958333333333333 0.57421875 0.3923611111111111 0.580078125 0.3923611111111111 0.591796875 0.40625 0.58984375 0.4097222222222222 0.583984375 0.4097222222222222 0.5703125 0.3993055555555556
0 0.474609375 0.0798611111111111 0.486328125 0.10069444444444445 0.48828125 0.1076388888888889 0.486328125 0.1111111111111111 0.46875 0.1111111111111111 0.458984375 0.10416666666666667 0.451171875 0.09375 0.443359375 0.09375 0.44140625 0.09027777777777778 0.443359375 0.08333333333333333 0.47265625 0.0798611111111111
0 0.501953125 0.0798611111111111 0.50390625 0.0798611111111111 0.50390625 0.08680555555555555 0.505859375 0.09027777777777778 0.513671875 0.09375 0.51953125 0.1076388888888889 0.51953125 0.11805555555555555 0.513671875 0.11805555555555555 0.5078125 0.1076388888888889 0.5078125 0.10416666666666667 0.501953125 0.09722222222222222 0.50390625 0.09027777777777778 0.501953125 0.08333333333333333
0 0.365234375 0.059027777777777776 0.3671875 0.0625 0.365234375 0.06597222222222222 0.365234375 0.07291666666666667 0.359375 0.08680555555555555 0.34375 0.08680555555555555 0.341796875 0.0798611111111111 0.34375 0.07291666666666667 0.3515625 0.0625 0.36328125 0.059027777777777776
0 0.525390625 0.4548611111111111 0.529296875 0.4722222222222222 0.529296875 0.4895833333333333 0.5234375 0.4965277777777778 0.51953125 0.4861111111111111 0.51953125 0.4652777777777778 0.5234375 0.4583333333333333
0 0.6067708333333334 0.8157407407407408 0.014583333333333334 0.037037037037037035
0 0.36328125 0.22916666666666666 0.37109375 0.23958333333333334 0.375 0.2604166666666667 0.373046875 0.2638888888888889 0.365234375 0.2638888888888889 0.36328125 0.2604166666666667 0.357421875 0.2673611111111111 0.345703125 0.2673611111111111 0.34375 0.2638888888888889 0.341796875 0.2569444444444444 0.341796875 0.2361111111111111 0.349609375 0.22569444444444445 0.361328125 0.22916666666666666
0 0.3828125 0.20833333333333334 0.380859375 0.2013888888888889 0.3828125 0.19444444444444445 0.388671875 0.19444444444444445 0.392578125 0.2013888888888889 0.400390625 0.2048611111111111 0.400390625 0.20833333333333334 0.396484375 0.21180555555555555 0.38671875 0.21180555555555555 0.384765625 0.20833333333333334
0 0.43359375 0.0798611111111111 0.439453125 0.08680555555555555 0.439453125 0.09027777777777778 0.435546875 0.09375 0.42578125 0.09375 0.421875 0.09027777777777778 0.421875 0.0798611111111111 0.423828125 0.0763888888888889 0.4296875 0.0763888888888889 0.431640625 0.0798611111111111
0 0.41015625 0.13541666666666666 0.412109375 0.1388888888888889 0.419921875 0.1388888888888889 0.419921875 0.14583333333333334 0.416015625 0.14930555555555555 0.40625 0.14930555555555555 0.404296875 0.14583333333333334 0.40625 0.1388888888888889 0.408203125 0.1388888888888889
0 0.57421875 0.3368055555555556 0.58203125 0.3263888888888889 0.58984375 0.3229166666666667 0.607421875 0.2916666666666667 0.615234375 0.2847222222222222 0.6328125 0.2604166666666667 0.6484375 0.2465277777777778 0.658203125 0.24305555555555555 0.658203125 0.2881944444444444 0.654296875 0.2986111111111111 0.634765625 0.3020833333333333 0.62890625 0.3090277777777778 0.619140625 0.3090277777777778 0.61328125 0.3159722222222222 0.599609375 0.3229166666666667 0.595703125 0.3298611111111111 0.576171875 0.3402777777777778
0 0.435546875 0.1701388888888889 0.435546875 0.1597222222222222 0.4375 0.15625 0.453125 0.1597222222222222 0.455078125 0.16319444444444445 0.455078125 0.16666666666666666 0.451171875 0.16666666666666666 0.443359375 0.1736111111111111 0.44140625 0.1701388888888889 0.4375 0.1701388888888889
0 0.564453125 0.6388888888888888 0.5703125 0.6458333333333334 0.58203125 0.6458333333333334 0.58203125 0.6597222222222222 0.583984375 0.6631944444444444 0.587890625 0.6597222222222222 0.5859375 0.6666666666666666 0.587890625 0.6736111111111112 0.591796875 0.6770833333333334 0.583984375 0.6875 0.564453125 0.6875 0.556640625 0.6979166666666666 0.5546875 0.6979166666666666 0.552734375 0.6909722222222222 0.556640625 0.6736111111111112 0.55859375 0.6423611111111112 0.5625 0.6388888888888888
0 0.5703125 0.7638888888888888 0.5703125 0.7881944444444444 0.56640625 0.7951388888888888 0.5625 0.7951388888888888 0.560546875 0.7986111111111112 0.55859375 0.7951388888888888 0.560546875 0.7743055555555556 0.56640625 0.7638888888888888 0.568359375 0.7638888888888888
0 0.6481770833333333 0.45185185185185184 0.021354166666666667 0.06296296296296296
0 0.5625 0.1111111111111111 0.564453125 0.1111111111111111 0.56640625 0.11805555555555555 0.56640625 0.1284722222222222 0.5625 0.13194444444444445 0.560546875 0.1284722222222222 0.560546875 0.11805555555555555 0.5625 0.11458333333333333
0 0.365234375 0.10416666666666667 0.3671875 0.10069444444444445 0.373046875 0.10069444444444445 0.376953125 0.1076388888888889 0.375 0.11458333333333333 0.369140625 0.11458333333333333 0.3671875 0.1076388888888889
0 0.4296875 0.05555555555555555 0.43359375 0.052083333333333336 0.439453125 0.052083333333333336 0.4453125 0.0625 0.4453125 0.06597222222222222 0.44140625 0.06597222222222222 0.4375 0.07291666666666667 0.43359375 0.07291666666666667 0.4296875 0.059027777777777776
0 0.62890625 0.6875 0.642578125 0.6875 0.64453125 0.6909722222222222 0.654296875 0.6944444444444444 0.658203125 0.7013888888888888 0.658203125 0.7916666666666666 0.65625 0.7951388888888888 0.640625 0.7951388888888888 0.634765625 0.7847222222222222 0.6328125 0.7847222222222222 0.6328125 0.7777777777777778 0.630859375 0.7743055555555556 0.630859375 0.7291666666666666 0.6328125 0.7256944444444444 0.6328125 0.7048611111111112 0.62890625 0.6909722222222222
0 0.529296875 0.3055555555555556 0.53515625 0.3159722222222222 0.529296875 0.3298611111111111 0.529296875 0.3402777777777778 0.515625 0.3402777777777778 0.513671875 0.3368055555555556 0.515625 0.3125 0.52734375 0.3125 0.529296875 0.3090277777777778
0 0.62109375 0.06944444444444445 0.625 0.06944444444444445 0.626953125 0.07291666666666667 0.626953125 0.0798611111111111 0.623046875 0.08333333333333333 0.62109375 0.0798611111111111 0.62109375 0.07291666666666667
0 0.568359375 0.3993055555555556 0.5703125 0.40625 0.56640625 0.4201388888888889 0.56640625 0.4340277777777778 0.556640625 0.4513888888888889 0.5546875 0.4513888888888889 0.546875 0.4652777777777778 0.546875 0.46875 0.54296875 0.4652777777777778 0.5390625 0.4756944444444444 0.537109375 0.46875 0.537109375 0.4513888888888889 0.5390625 0.4479166666666667 0.5390625 0.4375 0.541015625 0.4305555555555556 0.54296875 0.4305555555555556 0.5546875 0.40625 0.560546875 0.3993055555555556 0.56640625 0.3993055555555556