0 0.461839530332681 0.7073170731707317 0.461839530332681 0.7212543554006968 0.45401174168297453 0.7247386759581882 0.4500978473581213 0.7317073170731707 0.4383561643835616 0.7317073170731707 0.436399217221135 0.735191637630662 0.41682974559686886 0.735191637630662 0.41291585127201563 0.7317073170731707 0.41291585127201563 0.7282229965156795 0.42857142857142855 0.7073170731707317 0.4598825831702544 0.710801393728223
0 0.5401174168297456 0.30662020905923343 0.547945205479452 0.30662020905923343 0.547945205479452 0.313588850174216 0.5499021526418787 0.3170731707317073 0.5616438356164384 0.313588850174216 0.5636007827788649 0.30662020905923343 0.5655577299412916 0.30662020905923343 0.5694716242661448 0.3170731707317073 0.5772994129158513 0.3205574912891986 0.5772994129158513 0.34843205574912894 0.5733855185909981 0.3519163763066202 0.5557729941291585 0.3519163763066202 0.547945205479452 0.34146341463414637 0.5401174168297456 0.34146341463414637 0.5401174168297456 0.31010452961672474
0 0.5655577299412916 0.6689895470383276 0.5694716242661448 0.6689895470383276 0.5714285714285714 0.6759581881533101 0.5753424657534246 0.6759581881533101 0.5851272015655578 0.686411149825784 0.5870841487279843 0.6829268292682927 0.598825831702544 0.6829268292682927 0.6007827788649707 0.686411149825784 0.6007827788649707 0.6933797909407665 0.598825831702544 0.6968641114982579 0.6046966731898239 0.7038327526132404 0.6066536203522505 0.710801393728223 0.6144814090019569 0.7177700348432056 0.6144814090019569 0.7212543554006968 0.5949119373776908 0.735191637630662 0.5851272015655578 0.735191637630662 0.5831702544031311 0.7317073170731707 0.5772994129158513 0.7317073170731707 0.5714285714285714 0.7386759581881533 0.5655577299412916 0.7386759581881533 0.5616438356164384 0.735191637630662 0.5616438356164384 0.7282229965156795 0.5636007827788649 0.7247386759581882 0.5636007827788649 0.6794425087108014 0.5655577299412916 0.6724738675958188
0 0.5185909980430529 0.08362369337979095 0.5303326810176126 0.08362369337979095 0.5322896281800391 0.09059233449477352 0.538160469667319 0.09059233449477352 0.547945205479452 0.0975609756097561 0.547945205479452 0.11498257839721254 0.5303326810176126 0.11498257839721254 0.5225048923679061 0.10801393728222997 0.5225048923679061 0.10104529616724739 0.5185909980430529 0.0975609756097561 0.5185909980430529 0.08710801393728224
0 0.3111545988258317 0.017421602787456445 0.3268101761252446 0.017421602787456445 0.3287671232876712 0.020905923344947737 0.33268101761252444 0.020905923344947737 0.33268101761252444 0.027874564459930314 0.324853228962818 0.027874564459930314 0.32289628180039137 0.0313588850174216 0.3111545988258317 0.027874564459930314 0.3111545988258317 0.020905923344947737
0 0.5107632093933464 0.4181184668989547 0.5107632093933464 0.42857142857142855 0.5048923679060665 0.42857142857142855 0.50293542074364 0.43205574912891986 0.4892367906066536 0.42857142857142855 0.4931506849315068 0.42857142857142855 0.50293542074364 0.4181184668989547 0.5088062622309197 0.4181184668989547
0 0.6340508806262231 0.8501742160278746 0.6418786692759295 0.8501742160278746 0.6418786692759295 0.8885017421602788 0.62426614481409 0.8885017421602788 0.6203522504892368 0.8850174216027874 0.6183953033268101 0.8780487804878049 0.6164383561643836 0.8780487804878049 0.6164383561643836 0.8710801393728222 0.6183953033268101 0.8710801393728222 0.6203522504892368 0.8641114982578397 0.6281800391389433 0.8606271777003485 0.6340508806262231 0.8536585365853658
0 0.45401174168297453 0.08362369337979095 0.46771037181996084 0.08362369337979095 0.46771037181996084 0.10104529616724739 0.4500978473581213 0.10104529616724739 0.4461839530332681 0.0975609756097561 0.4461839530332681 0.09407665505226481 0.45401174168297453 0.08710801393728224
0 0.33268101761252444 0.14982578397212543 0.33659491193737767 0.14982578397212543 0.3385518590998043 0.14285714285714285 0.34833659491193736 0.14285714285714285 0.350293542074364 0.14982578397212543 0.350293542074364 0.1602787456445993 0.34637964774951074 0.16376306620209058 0.33268101761252444 0.1602787456445993 0.33268101761252444 0.15331010452961671
0 0.5577299412915852 0.43205574912891986 0.5636007827788649 0.4250871080139373 0.5636007827788649 0.42857142857142855 0.5675146771037182 0.43205574912891986 0.5675146771037182 0.4355400696864111 0.5714285714285714 0.43902439024390244 0.5733855185909981 0.445993031358885 0.5753424657534246 0.445993031358885 0.5753424657534246 0.47735191637630664 0.5714285714285714 0.47735191637630664 0.5694716242661448 0.4808362369337979 0.5675146771037182 0.47735191637630664 0.5616438356164384 0.47735191637630664 0.5577299412915852 0.4738675958188153 0.5577299412915852 0.47038327526132406 0.5538160469667319 0.46689895470383275 0.5538160469667319 0.45993031358885017 0.5499021526418787 0.4564459930313589 0.5499021526418787 0.445993031358885 0.5518590998043053 0.445993031358885 0.5538160469667319 0.43902439024390244 0.5577299412915852 0.4355400696864111
0 0.3913894324853229 0.4564459930313589 0.40313111545988256 0.4564459930313589 0.40313111545988256 0.46689895470383275 0.39921722113502933 0.46689895470383275 0.3972602739726027 0.47038327526132406 0.38551859099804303 0.46689895470383275 0.38551859099804303 0.4634146341463415 0.38943248532289626 0.4634146341463415 0.3913894324853229 0.45993031358885017
0 0.48532289628180036 0.09407665505226481 0.49902152641878667 0.09407665505226481 0.49902152641878667 0.10452961672473868 0.49510763209393344 0.10452961672473868 0.4931506849315068 0.10801393728222997 0.4911937377690802 0.10452961672473868 0.48532289628180036 0.10452961672473868 0.48532289628180036 0.0975609756097561
0 0.6594911937377691 0.31010452961672474 0.6614481409001957 0.313588850174216 0.6673189823874756 0.313588850174216 0.6712328767123288 0.3170731707317073 0.6731898238747553 0.3205574912891986 0.6731898238747553 0.3310104529616725 0.6712328767123288 0.3310104529616725 0.6673189823874756 0.34146341463414637 0.6634050880626223 0.34146341463414637 0.6594911937377691 0.34843205574912894 0.6438356164383562 0.3588850174216028 0.62426614481409 0.3588850174216028 0.6223091976516634 0.3554006968641115 0.6164383561643836 0.3554006968641115 0.6164383561643836 0.34494773519163763 0.6125244618395304 0.34146341463414637 0.6125244618395304 0.33797909407665505 0.6164383561643836 0.3344947735191638 0.6164383561643836 0.3240418118466899 0.6223091976516634 0.3170731707317073 0.6340508806262231 0.313588850174216 0.6360078277886497 0.31010452961672474 0.6575342465753424 0.31010452961672474
0 0.31898238747553814 0.03832752613240418 0.3287671232876712 0.03832752613240418 0.33659491193737767 0.04529616724738676 0.33659491193737767 0.04878048780487805 0.3287671232876712 0.05574912891986063 0.324853228962818 0.05574912891986063 0.31898238747553814 0.04878048780487805 0.31898238747553814 0.041811846689895474
0 0.6692759295499021 0.42160278745644597 0.675146771037182 0.42160278745644597 0.675146771037182 0.4738675958188153 0.6653620352250489 0.4738675958188153 0.6634050880626223 0.47038327526132406 0.649706457925636 0.46689895470383275 0.649706457925636 0.445993031358885 0.6555772994129159 0.4425087108013937 0.6575342465753424 0.4355400696864111 0.6692759295499021 0.4250871080139373
0 0.5753424657534246 0.05574912891986063 0.5792563600782779 0.0627177700348432 0.5929549902152642 0.07317073170731707 0.6183953033268101 0.07317073170731707 0.6203522504892368 0.07665505226480836 0.6320939334637965 0.07665505226480836 0.6379647749510763 0.06620209059233449 0.6379647749510763 0.07317073170731707 0.6360078277886497 0.07317073170731707 0.6301369863013698 0.08362369337979095 0.6301369863013698 0.08710801393728224 0.6203522504892368 0.10104529616724739 0.6164383561643836 0.10452961672473868 0.6105675146771037 0.10452961672473868 0.6086105675146771 0.10801393728222997 0.5968688845401174 0.10801393728222997 0.5949119373776908 0.11149825783972125 0.5694716242661448 0.10801393728222997 0.5655577299412916 0.10104529616724739 0.5655577299412916 0.04878048780487805 0.5616438356164384 0.04529616724738676 0.5616438356164384 0.03832752613240418 0.5675146771037182 0.03484320557491289 0.5733855185909981 0.05574912891986063
0 0.4520547945205479 0.05574912891986063 0.461839530332681 0.05574912891986063 0.4637964774951076 0.05226480836236934 0.46771037181996084 0.05574912891986063 0.4735812133072407 0.05574912891986063 0.4735812133072407 0.0627177700348432 0.46966731898238745 0.0627177700348432 0.4657534246575342 0.06968641114982578 0.4598825831702544 0.0627177700348432 0.4520547945205479 0.0627177700348432 0.4520547945205479 0.059233449477351915
0 0.5048923679060665 0.4808362369337979 0.5048923679060665 0.5121951219512195 0.49510763209393344 0.5121951219512195 0.4931506849315068 0.5156794425087108 0.4892367906066536 0.5121951219512195 0.48336594911937375 0.5121951219512195 0.48336594911937375 0.49825783972125437 0.49510763209393344 0.49477351916376305 0.49706457925636005 0.4912891986062718 0.50293542074364 0.4912891986062718 0.5048923679060665 0.4843205574912892
0 0.5440313111545988 0.5261324041811847 0.5459882583170255 0.5331010452961672 0.5538160469667319 0.5400696864111498 0.5538160469667319 0.578397212543554 0.547945205479452 0.578397212543554 0.5459882583170255 0.5818815331010453 0.5322896281800391 0.578397212543554 0.5322896281800391 0.519163763066202 0.5362035225048923 0.519163763066202 0.538160469667319 0.5261324041811847 0.5420743639921722 0.5261324041811847
0 0.45596868884540115 0.1289198606271777 0.45596868884540115 0.13937282229965156 0.4520547945205479 0.13937282229965156 0.4500978473581213 0.14285714285714285 0.4344422700587084 0.13937282229965156 0.4383561643835616 0.13937282229965156 0.44031311154598823 0.13240418118466898 0.44422700587084146 0.1289198606271777 0.45401174168297453 0.1289198606271777
0 0.3111545988258317 0.4564459930313589 0.324853228962818 0.4564459930313589 0.324853228962818 0.45993031358885017 0.32093933463796476 0.4634146341463415 0.3111545988258317 0.45993031358885017
0 0.5264187866927593 0.8885017421602788 0.5401174168297456 0.8885017421602788 0.5401174168297456 0.9233449477351916 0.5362035225048923 0.926829268292683 0.5185909980430529 0.926829268292683 0.5185909980430529 0.9233449477351916 0.5146771037181996 0.9198606271777003 0.5146771037181996 0.9094076655052264 0.5185909980430529 0.9059233449477352 0.5185909980430529 0.8989547038327527 0.5264187866927593 0.89198606271777
0 0.649706457925636 0.7212543554006968 0.6614481409001957 0.7212543554006968 0.6634050880626223 0.7282229965156795 0.675146771037182 0.7282229965156795 0.675146771037182 0.8432055749128919 0.6634050880626223 0.8432055749128919 0.6594911937377691 0.8397212543554007 0.6516634050880626 0.8222996515679443 0.649706457925636 0.8222996515679443 0.649706457925636 0.7979094076655052 0.6457925636007827 0.794425087108014 0.6457925636007827 0.7909407665505227 0.649706457925636 0.7874564459930313 0.649706457925636 0.735191637630662 0.6457925636007827 0.7317073170731707 0.6457925636007827 0.7282229965156795 0.649706457925636 0.7247386759581882
0 0.5440313111545988 0.07317073170731707 0.5616438356164384 0.07317073170731707 0.5616438356164384 0.09059233449477352 0.5440313111545988 0.09059233449477352 0.5440313111545988 0.07665505226480836
0 0.33659491193737767 0.4425087108013937 0.350293542074364 0.45993031358885017 0.350293542074364 0.4878048780487805 0.33268101761252444 0.4878048780487805 0.33268101761252444 0.45993031358885017 0.33659491193737767 0.4564459930313589 0.33659491193737767 0.445993031358885
0 0.48140900195694714 0.5644599303135889 0.49510763209393344 0.5644599303135889 0.49706457925636005 0.5714285714285714 0.49706457925636005 0.5818815331010453 0.48140900195694714 0.5818815331010453 0.4794520547945205 0.578397212543554 0.4755381604696673 0.578397212543554 0.4755381604696673 0.5714285714285714 0.4794520547945205 0.5714285714285714 0.48140900195694714 0.5679442508710801