0 0.515625 0.1909722222222222 0.517578125 0.19444444444444445 0.517578125 0.21180555555555555 0.51171875 0.21875 0.513671875 0.21180555555555555 0.513671875 0.19791666666666666 0.515625 0.19444444444444445
0 0.650390625 0.3993055555555556 0.654296875 0.3993055555555556 0.658203125 0.4131944444444444 0.658203125 0.4618055555555556 0.65625 0.46875 0.650390625 0.4756944444444444 0.6484375 0.4722222222222222 0.6484375 0.4409722222222222 0.646484375 0.4375 0.646484375 0.4270833333333333 0.65234375 0.4131944444444444 0.65234375 0.4027777777777778
0 0.501953125 0.2673611111111111 0.505859375 0.2743055555555556 0.505859375 0.2951388888888889 0.50390625 0.2986111111111111 0.5 0.2708333333333333
0 0.521484375 0.2048611111111111 0.5234375 0.2048611111111111 0.525390625 0.21180555555555555 0.525390625 0.22916666666666666 0.5234375 0.22916666666666666 0.521484375 0.22569444444444445 0.521484375 0.20833333333333334
0 0.525390625 0.3333333333333333 0.52734375 0.3368055555555556 0.52734375 0.3645833333333333 0.525390625 0.3645833333333333 0.525390625 0.3576388888888889 0.5234375 0.3541666666666667 0.5234375 0.3368055555555556
0 0.5078125 0.4722222222222222 0.513671875 0.4791666666666667 0.517578125 0.4930555555555556 0.517578125 0.5069444444444444 0.515625 0.5069444444444444 0.515625 0.4965277777777778 0.5078125 0.4756944444444444
0 0.560546875 0.2604166666666667 0.560546875 0.2361111111111111 0.5625 0.2326388888888889 0.5625 0.2222222222222222 0.56640625 0.21875 0.56640625 0.24305555555555555 0.560546875 0.2638888888888889
0 0.5924479166666666 0.6606481481481481 0.0067708333333333336 0.013888888888888888
0 0.58203125 0.5798611111111112 0.583984375 0.5798611111111112 0.583984375 0.5868055555555556 0.578125 0.59375 0.58203125 0.5833333333333334
0 0.494140625 0.2743055555555556 0.49609375 0.2743055555555556 0.49609375 0.28125 0.498046875 0.2847222222222222 0.498046875 0.2986111111111111 0.49609375 0.2951388888888889 0.49609375 0.2847222222222222 0.494140625 0.2777777777777778
0 0.63671875 0.4375 0.640625 0.4375 0.64453125 0.4444444444444444 0.642578125 0.4479166666666667 0.642578125 0.4548611111111111 0.646484375 0.46875 0.646484375 0.4791666666666667 0.642578125 0.4930555555555556 0.63671875 0.5 0.6328125 0.4965277777777778 0.6328125 0.4583333333333333 0.63671875 0.4513888888888889 0.63671875 0.4409722222222222
0 0.541015625 0.020833333333333332 0.546875 0.020833333333333332 0.55078125 0.024305555555555556 0.556640625 0.017361111111111112 0.560546875 0.017361111111111112 0.55078125 0.03819444444444445 0.552734375 0.041666666666666664 0.552734375 0.059027777777777776 0.53515625 0.08680555555555555 0.52734375 0.08680555555555555 0.525390625 0.08333333333333333 0.525390625 0.052083333333333336 0.53125 0.052083333333333336 0.53515625 0.04513888888888889 0.541015625 0.041666666666666664 0.544921875 0.034722222222222224 0.54296875 0.024305555555555556
0 0.6328125 0.6354166666666666 0.62890625 0.6493055555555556 0.634765625 0.6631944444444444 0.634765625 0.6736111111111112 0.63671875 0.6770833333333334 0.63671875 0.7048611111111112 0.634765625 0.7118055555555556 0.630859375 0.7118055555555556 0.62890625 0.7083333333333334 0.62890625 0.7013888888888888 0.625 0.6909722222222222 0.62890625 0.6770833333333334 0.62890625 0.6597222222222222 0.623046875 0.6423611111111112 0.630859375 0.6354166666666666
0 0.501953125 0.5069444444444444 0.5078125 0.5208333333333334 0.5078125 0.5347222222222222 0.505859375 0.5347222222222222 0.501953125 0.5243055555555556 0.5 0.5104166666666666
0 0.37109375 0.8993055555555556 0.3671875 0.9097222222222222 0.357421875 0.9166666666666666 0.34765625 0.9340277777777778 0.341796875 0.9340277777777778 0.341796875 0.9201388888888888 0.34375 0.9166666666666666 0.345703125 0.9201388888888888 0.34765625 0.9166666666666666 0.35546875 0.9166666666666666 0.369140625 0.8993055555555556
0 0.59765625 0.5972222222222222 0.599609375 0.6006944444444444 0.59765625 0.6180555555555556 0.59375 0.6145833333333334 0.59375 0.6076388888888888 0.59765625 0.6006944444444444
0 0.498046875 0.5416666666666666 0.501953125 0.5416666666666666 0.501953125 0.5486111111111112 0.505859375 0.5625 0.505859375 0.5729166666666666 0.50390625 0.5729166666666666 0.5 0.5451388888888888
0 0.4921875 0.21875 0.4921875 0.2465277777777778 0.490234375 0.25 0.48828125 0.24305555555555555 0.48828125 0.22916666666666666 0.490234375 0.2222222222222222
0 0.34375 0.5625 0.3515625 0.5555555555555556 0.3515625 0.5694444444444444 0.34375 0.5729166666666666 0.34375 0.5659722222222222
0 0.650390625 0.4861111111111111 0.658203125 0.4861111111111111 0.65625 0.4930555555555556 0.65625 0.5 0.658203125 0.5034722222222222 0.658203125 0.5208333333333334 0.654296875 0.5347222222222222 0.6484375 0.5451388888888888 0.64453125 0.5451388888888888 0.642578125 0.5416666666666666 0.642578125 0.5138888888888888 0.650390625 0.4895833333333333
0 0.46484375 0.041666666666666664 0.466796875 0.041666666666666664 0.466796875 0.04861111111111111 0.46875 0.052083333333333336 0.46875 0.10069444444444445 0.46484375 0.10069444444444445 0.46484375 0.07291666666666667 0.462890625 0.06944444444444445 0.46484375 0.04513888888888889
0 0.53125 0.20833333333333334 0.533203125 0.20833333333333334 0.533203125 0.24305555555555555 0.529296875 0.2465277777777778 0.53125 0.21180555555555555
0 0.51171875 0.1909722222222222 0.513671875 0.1909722222222222 0.513671875 0.20833333333333334 0.51171875 0.2152777777777778 0.509765625 0.2152777777777778 0.509765625 0.2013888888888889 0.51171875 0.19444444444444445
0 0.515625 0.2777777777777778 0.521484375 0.2743055555555556 0.521484375 0.3055555555555556 0.5234375 0.3090277777777778 0.521484375 0.3125 0.517578125 0.2986111111111111 0.517578125 0.2881944444444444 0.515625 0.28125
0 0.646484375 0.10416666666666667 0.650390625 0.10069444444444445 0.658203125 0.1076388888888889 0.658203125 0.11805555555555555 0.654296875 0.11805555555555555 0.6484375 0.1076388888888889
0 0.5078125 0.24305555555555555 0.509765625 0.24305555555555555 0.509765625 0.2569444444444444 0.51171875 0.2604166666666667 0.51171875 0.2743055555555556 0.5078125 0.2777777777777778 0.5078125 0.2465277777777778
0 0.59765625 0.6388888888888888 0.599609375 0.6423611111111112 0.60546875 0.6423611111111112 0.60546875 0.6458333333333334 0.587890625 0.6458333333333334 0.5859375 0.6493055555555556 0.580078125 0.6493055555555556 0.578125 0.6423611111111112 0.595703125 0.6388888888888888
0 0.642578125 0.2743055555555556 0.65625 0.3020833333333333 0.65625 0.3125 0.658203125 0.3159722222222222 0.658203125 0.3506944444444444 0.65625 0.3541666666666667 0.65625 0.3680555555555556 0.646484375 0.3784722222222222 0.64453125 0.3784722222222222 0.646484375 0.3784722222222222 0.650390625 0.3680555555555556 0.640625 0.3506944444444444 0.638671875 0.3368055555555556 0.6328125 0.3263888888888889 0.630859375 0.3263888888888889 0.6328125 0.3159722222222222 0.62890625 0.2986111111111111 0.62890625 0.2777777777777778 0.630859375 0.2743055555555556 0.640625 0.2743055555555556