0 0.3125 0.11805555555555555 0.314453125 0.12152777777777778 0.322265625 0.12152777777777778 0.32421875 0.125 0.330078125 0.125 0.33203125 0.12152777777777778 0.34765625 0.12152777777777778 0.373046875 0.1423611111111111 0.37890625 0.1423611111111111 0.380859375 0.1388888888888889 0.388671875 0.1388888888888889 0.388671875 0.1423611111111111 0.369140625 0.15625 0.361328125 0.1701388888888889 0.3515625 0.17708333333333334 0.34765625 0.1840277777777778 0.34375 0.1840277777777778 0.3359375 0.1909722222222222 0.3203125 0.1909722222222222 0.3125 0.17708333333333334 0.306640625 0.1736111111111111 0.298828125 0.19444444444444445 0.294921875 0.19444444444444445 0.29296875 0.1875 0.29296875 0.17708333333333334 0.2890625 0.1701388888888889 0.2890625 0.1597222222222222 0.30078125 0.1597222222222222 0.306640625 0.14930555555555555 0.3125 0.13194444444444445 0.3125 0.1284722222222222 0.306640625 0.12152777777777778 0.310546875 0.11805555555555555
0 0.705078125 0.16666666666666666 0.708984375 0.16666666666666666 0.716796875 0.1736111111111111 0.72265625 0.1736111111111111 0.728515625 0.18055555555555555 0.734375 0.18055555555555555 0.744140625 0.1909722222222222 0.75 0.2013888888888889 0.7578125 0.20833333333333334 0.76171875 0.20833333333333334 0.765625 0.21875 0.7734375 0.2326388888888889 0.775390625 0.2326388888888889 0.78125 0.2465277777777778 0.783203125 0.2465277777777778 0.783203125 0.25 0.791015625 0.2638888888888889 0.794921875 0.2777777777777778 0.8046875 0.2986111111111111 0.8046875 0.3020833333333333 0.80078125 0.3020833333333333 0.78125 0.2847222222222222 0.77734375 0.2847222222222222 0.76171875 0.2673611111111111 0.75390625 0.2673611111111111 0.75390625 0.2638888888888889 0.72265625 0.21180555555555555 0.72265625 0.20833333333333334 0.708984375 0.1840277777777778 0.705078125 0.1701388888888889
0 0.443359375 0.9236111111111112 0.443359375 0.9409722222222222 0.447265625 0.9583333333333334 0.44921875 0.9965277777777778 0.43359375 0.9965277777777778 0.43359375 0.9861111111111112 0.4375 0.96875 0.4375 0.9513888888888888 0.439453125 0.9479166666666666 0.44140625 0.9270833333333334
0 0.39453125 0 0.453125 0 0.458984375 0.020833333333333332 0.47265625 0.04861111111111111 0.47265625 0.052083333333333336 0.478515625 0.0625 0.494140625 0.0798611111111111 0.494140625 0.08333333333333333 0.4921875 0.08333333333333333 0.4765625 0.06597222222222222 0.46484375 0.0625 0.462890625 0.059027777777777776 0.45703125 0.059027777777777776 0.455078125 0.05555555555555555 0.44921875 0.05555555555555555 0.4375 0.04513888888888889 0.43359375 0.04513888888888889 0.42578125 0.034722222222222224 0.419921875 0.03125 0.40625 0.006944444444444444 0.392578125 0.013888888888888888 0.390625 0.010416666666666666 0.39453125 0.003472222222222222
0 0.724609375 0.8611111111111112 0.728515625 0.8645833333333334 0.736328125 0.8819444444444444 0.736328125 0.8888888888888888 0.73828125 0.8923611111111112 0.73828125 0.9201388888888888 0.734375 0.9236111111111112 0.728515625 0.9236111111111112 0.72265625 0.9131944444444444 0.720703125 0.9027777777777778 0.7109375 0.8854166666666666 0.7109375 0.875 0.72265625 0.8645833333333334
0 0.416015625 0.027777777777777776 0.4296875 0.04861111111111111 0.44140625 0.052083333333333336 0.455078125 0.06597222222222222 0.4609375 0.08333333333333333 0.47265625 0.10416666666666667 0.4921875 0.12152777777777778 0.4921875 0.1284722222222222 0.486328125 0.1284722222222222 0.47265625 0.11458333333333333 0.46875 0.11458333333333333 0.4609375 0.1076388888888889 0.44140625 0.1076388888888889 0.439453125 0.10416666666666667 0.4296875 0.10416666666666667 0.427734375 0.10069444444444445 0.421875 0.10416666666666667 0.416015625 0.09375 0.408203125 0.08680555555555555 0.404296875 0.08680555555555555 0.392578125 0.07291666666666667 0.373046875 0.04513888888888889 0.365234375 0.041666666666666664 0.357421875 0.03125 0.353515625 0.03125 0.359375 0.024305555555555556 0.36328125 0.027777777777777776 0.373046875 0.020833333333333332 0.41015625 0.020833333333333332 0.4140625 0.027777777777777776
0 0.693359375 0.9444444444444444 0.69921875 0.9444444444444444 0.69921875 0.9479166666666666 0.705078125 0.9548611111111112 0.7109375 0.9722222222222222 0.7109375 0.9826388888888888 0.708984375 0.9895833333333334 0.705078125 0.9965277777777778 0.697265625 0.9965277777777778 0.693359375 0.9895833333333334 0.693359375 0.9826388888888888 0.69140625 0.9791666666666666 0.69140625 0.9513888888888888 0.693359375 0.9479166666666666
0 0.091796875 0 0.10546875 0 0.10546875 0.003472222222222222 0.103515625 0.003472222222222222 0.091796875 0.027777777777777776 0.08984375 0.027777777777777776 0.091796875 0.003472222222222222
0 0.759765625 0.041666666666666664 0.796875 0.041666666666666664 0.802734375 0.052083333333333336 0.8046875 0.052083333333333336 0.814453125 0.0763888888888889 0.81640625 0.08680555555555555 0.822265625 0.09375 0.818359375 0.09375 0.79296875 0.0763888888888889 0.78125 0.07291666666666667 0.763671875 0.052083333333333336 0.76171875 0.04513888888888889
0 0.599609375 0.020833333333333332 0.59765625 0.04861111111111111 0.5859375 0.06944444444444445 0.58203125 0.08333333333333333 0.5625 0.11458333333333333 0.552734375 0.12152777777777778 0.548828125 0.1284722222222222 0.5390625 0.13194444444444445 0.533203125 0.1388888888888889 0.505859375 0.1423611111111111 0.50390625 0.14583333333333334 0.48828125 0.1527777777777778 0.482421875 0.1597222222222222 0.474609375 0.1597222222222222 0.49609375 0.1388888888888889 0.5078125 0.11805555555555555 0.515625 0.09722222222222222 0.517578125 0.09722222222222222 0.5234375 0.08680555555555555 0.5234375 0.08333333333333333 0.525390625 0.08333333333333333 0.546875 0.052083333333333336 0.572265625 0.027777777777777776 0.576171875 0.027777777777777776 0.572265625 0.034722222222222224 0.57421875 0.041666666666666664 0.58984375 0.041666666666666664 0.59765625 0.027777777777777776 0.59765625 0.024305555555555556
0 0.177734375 0 0.2109375 0 0.2109375 0.006944444444444444 0.216796875 0.027777777777777776 0.216796875 0.03819444444444445 0.205078125 0.03819444444444445 0.203125 0.034722222222222224 0.193359375 0.03125 0.181640625 0.017361111111111112 0.177734375 0.010416666666666666 0.177734375 0.003472222222222222
0 0.865234375 0.13541666666666666 0.87109375 0.1388888888888889 0.87890625 0.1527777777777778 0.880859375 0.1527777777777778 0.880859375 0.15625 0.884765625 0.1597222222222222 0.884765625 0.16319444444444445 0.892578125 0.17708333333333334 0.900390625 0.1840277777777778 0.921875 0.2152777777777778 0.923828125 0.2152777777777778 0.966796875 0.3020833333333333 0.978515625 0.3125 0.98828125 0.3159722222222222 0.994140625 0.3229166666666667 0.9921875 0.3298611111111111 0.98828125 0.3298611111111111 0.97265625 0.3159722222222222 0.96875 0.3159722222222222 0.94921875 0.3020833333333333 0.9140625 0.2951388888888889 0.908203125 0.2881944444444444 0.904296875 0.2881944444444444 0.890625 0.2777777777777778 0.8671875 0.25 0.849609375 0.21875 0.841796875 0.19444444444444445 0.8359375 0.1840277777777778 0.830078125 0.17708333333333334 0.82421875 0.17708333333333334 0.82421875 0.16319444444444445 0.826171875 0.1597222222222222 0.830078125 0.1597222222222222 0.8359375 0.16666666666666666 0.849609375 0.16666666666666666 0.8515625 0.16319444444444445 0.865234375 0.16319444444444445 0.8671875 0.16666666666666666 0.873046875 0.16666666666666666 0.875 0.1597222222222222 0.865234375 0.1388888888888889
0 0.751953125 0.9375 0.7578125 0.9583333333333334 0.7578125 0.9826388888888888 0.759765625 0.9861111111111112 0.759765625 0.9930555555555556 0.7578125 0.9965277777777778 0.7421875 0.9965277777777778 0.740234375 0.9930555555555556 0.740234375 0.9722222222222222 0.73828125 0.96875 0.740234375 0.9652777777777778 0.740234375 0.9548611111111112 0.7421875 0.9479166666666666 0.748046875 0.9375 0.75 0.9375
0 0.7109375 0.875 0.7265625 0.8611111111111112 0.736328125 0.8784722222222222 0.73828125 0.8923611111111112 0.748046875 0.9201388888888888 0.748046875 0.9305555555555556 0.744140625 0.9340277777777778 0.734375 0.9340277777777778 0.724609375 0.9201388888888888 0.71875 0.8993055555555556 0.7109375 0.8854166666666666 0.7109375 0.8784722222222222
0 0 0 0.048828125 0 0.056640625 0.027777777777777776 0.064453125 0.041666666666666664 0.076171875 0.052083333333333336 0.080078125 0.052083333333333336 0.080078125 0.059027777777777776 0.078125 0.059027777777777776 0.072265625 0.052083333333333336 0.068359375 0.052083333333333336 0.060546875 0.04513888888888889 0.041015625 0.04513888888888889 0.0390625 0.041666666666666664 0.03515625 0.041666666666666664 0.01171875 0.020833333333333332 0.005859375 0.010416666666666666 0 0.006944444444444444 0 0.003472222222222222