0 0.546875 0.09027777777777778 0.55078125 0.09027777777777778 0.560546875 0.1111111111111111 0.5703125 0.11805555555555555 0.58984375 0.11805555555555555 0.591796875 0.12152777777777778 0.59765625 0.1111111111111111 0.59765625 0.1076388888888889 0.6015625 0.1076388888888889 0.6015625 0.11805555555555555 0.595703125 0.1284722222222222 0.591796875 0.1423611111111111 0.583984375 0.1423611111111111 0.58203125 0.14583333333333334 0.56640625 0.1423611111111111 0.564453125 0.14583333333333334 0.560546875 0.1423611111111111 0.5625 0.13541666666666666 0.55859375 0.13194444444444445 0.5546875 0.12152777777777778 0.55078125 0.12152777777777778 0.548828125 0.11805555555555555 0.546875 0.09375
0 0.564453125 0.3923611111111111 0.568359375 0.3888888888888889 0.57421875 0.3888888888888889 0.5859375 0.4027777777777778 0.583984375 0.40625 0.576171875 0.40625 0.564453125 0.3958333333333333
0 0.5604166666666667 0.12314814814814816 0.007291666666666667 0.02037037037037037
0 0.50390625 0.08333333333333333 0.5078125 0.09375 0.513671875 0.09375 0.51953125 0.1076388888888889 0.51953125 0.11805555555555555 0.513671875 0.11805555555555555 0.50390625 0.10069444444444445 0.50390625 0.08680555555555555
0 0.5234375 0.3159722222222222 0.525390625 0.3194444444444444 0.529296875 0.3194444444444444 0.529296875 0.3368055555555556 0.52734375 0.34375 0.513671875 0.3402777777777778 0.513671875 0.3194444444444444 0.515625 0.3159722222222222 0.521484375 0.3159722222222222
0 0.611328125 0.7986111111111112 0.611328125 0.8298611111111112 0.609375 0.8333333333333334 0.6015625 0.8298611111111112 0.599609375 0.8229166666666666 0.599609375 0.8125 0.6015625 0.8055555555555556 0.609375 0.7986111111111112
0 0.41015625 0.1388888888888889 0.412109375 0.1423611111111111 0.416015625 0.1423611111111111 0.416015625 0.14583333333333334 0.412109375 0.14930555555555555 0.40625 0.14930555555555555 0.404296875 0.1527777777777778 0.400390625 0.14930555555555555 0.400390625 0.1423611111111111 0.40234375 0.1388888888888889 0.408203125 0.1388888888888889
0 0.421875 0.0763888888888889 0.42578125 0.0798611111111111 0.423828125 0.09027777777777778 0.416015625 0.09027777777777778 0.4140625 0.08680555555555555 0.4140625 0.0798611111111111 0.419921875 0.0763888888888889
0 0.42578125 0.0798611111111111 0.4296875 0.0798611111111111 0.435546875 0.08680555555555555 0.435546875 0.09375 0.42578125 0.09375 0.423828125 0.09027777777777778 0.42578125 0.08333333333333333
0 0.5546875 0.4027777777777778 0.560546875 0.3958333333333333 0.56640625 0.4027777777777778 0.56640625 0.4236111111111111 0.564453125 0.4270833333333333 0.564453125 0.4375 0.5625 0.4375 0.55859375 0.4479166666666667 0.552734375 0.4513888888888889 0.548828125 0.4583333333333333 0.548828125 0.4652777777777778 0.54296875 0.4583333333333333 0.537109375 0.4722222222222222 0.537109375 0.4652777777777778 0.533203125 0.4513888888888889 0.533203125 0.4479166666666667 0.5390625 0.4479166666666667 0.54296875 0.4409722222222222 0.54296875 0.4270833333333333 0.544921875 0.4270833333333333 0.5546875 0.40625
0 0.439453125 0.15625 0.44921875 0.16319444444444445 0.447265625 0.1701388888888889 0.443359375 0.1701388888888889 0.44140625 0.1736111111111111 0.435546875 0.1736111111111111 0.43359375 0.1701388888888889 0.43359375 0.1597222222222222 0.4375 0.15625
0 0.521484375 0.4583333333333333 0.5234375 0.4583333333333333 0.5234375 0.4652777777777778 0.52734375 0.4756944444444444 0.52734375 0.4895833333333333 0.529296875 0.4930555555555556 0.529296875 0.4965277777777778 0.5234375 0.5 0.517578125 0.4861111111111111 0.51953125 0.4791666666666667 0.51953125 0.4652777777777778 0.521484375 0.4618055555555556
0 0.51953125 0.2777777777777778 0.529296875 0.2777777777777778 0.525390625 0.2951388888888889 0.517578125 0.2951388888888889 0.517578125 0.2847222222222222 0.51953125 0.28125
0 0.56640625 0.6423611111111112 0.568359375 0.6458333333333334 0.580078125 0.6458333333333334 0.58203125 0.6493055555555556 0.580078125 0.6597222222222222 0.58203125 0.6631944444444444 0.5859375 0.6631944444444444 0.587890625 0.6597222222222222 0.5859375 0.6631944444444444 0.5859375 0.6701388888888888 0.591796875 0.6770833333333334 0.583984375 0.6875 0.5625 0.6875 0.556640625 0.6979166666666666 0.552734375 0.6944444444444444 0.552734375 0.6875 0.5546875 0.6840277777777778 0.5546875 0.6666666666666666 0.556640625 0.6631944444444444 0.556640625 0.6493055555555556 0.560546875 0.6388888888888888 0.564453125 0.6423611111111112
0 0.5546875 0.8020833333333334 0.5546875 0.7881944444444444 0.556640625 0.78125 0.564453125 0.7708333333333334 0.572265625 0.7708333333333334 0.5703125 0.7881944444444444 0.56640625 0.7986111111111112 0.5625 0.8020833333333334 0.556640625 0.8020833333333334
0 0.6205729166666667 0.0763888888888889 0.005729166666666666 0.01574074074074074
0 0.435546875 0.052083333333333336 0.439453125 0.0625 0.431640625 0.06944444444444445 0.427734375 0.06597222222222222 0.427734375 0.05555555555555555 0.43359375 0.052083333333333336
0 0.505859375 0.3958333333333333 0.505859375 0.3715277777777778 0.5078125 0.3680555555555556 0.509765625 0.3680555555555556 0.509765625 0.3958333333333333 0.5078125 0.3958333333333333
0 0.376953125 0.2048611111111111 0.376953125 0.19791666666666666 0.37890625 0.19444444444444445 0.384765625 0.19444444444444445 0.388671875 0.2013888888888889 0.392578125 0.2013888888888889 0.39453125 0.2048611111111111 0.392578125 0.20833333333333334 0.380859375 0.20833333333333334 0.37890625 0.2048611111111111
0 0.42578125 0.03819444444444445 0.431640625 0.04513888888888889 0.431640625 0.04861111111111111 0.42578125 0.05555555555555555 0.419921875 0.052083333333333336 0.419921875 0.041666666666666664 0.423828125 0.03819444444444445
0 0.353515625 0.2222222222222222 0.357421875 0.22916666666666666 0.369140625 0.2361111111111111 0.376953125 0.2534722222222222 0.376953125 0.2673611111111111 0.36328125 0.2673611111111111 0.361328125 0.2708333333333333 0.34375 0.2708333333333333 0.34375 0.2604166666666667 0.341796875 0.2569444444444444 0.341796875 0.2361111111111111 0.34375 0.22916666666666666 0.3515625 0.2222222222222222
0 0.62890625 0.875 0.630859375 0.875 0.63671875 0.8854166666666666 0.65625 0.8854166666666666 0.658203125 0.8888888888888888 0.658203125 0.9166666666666666 0.65234375 0.9166666666666666 0.63671875 0.8923611111111112 0.630859375 0.8923611111111112 0.626953125 0.8958333333333334 0.62890625 0.8784722222222222
0 0.591796875 0.2638888888888889 0.591796875 0.2569444444444444 0.59375 0.2534722222222222 0.615234375 0.2361111111111111 0.623046875 0.2222222222222222 0.623046875 0.2152777777777778 0.626953125 0.20833333333333334 0.64453125 0.2013888888888889 0.654296875 0.1909722222222222 0.658203125 0.1909722222222222 0.658203125 0.2361111111111111 0.654296875 0.23958333333333334 0.640625 0.23958333333333334 0.6171875 0.2569444444444444 0.609375 0.2569444444444444 0.603515625 0.2638888888888889 0.59375 0.2638888888888889