0 0.196875 0.4273148148148148 0.07604166666666666 0.02314814814814815
0 0.8046875 0.4409722222222222 0.814453125 0.4479166666666667 0.818359375 0.4548611111111111 0.818359375 0.4618055555555556 0.81640625 0.4652777777777778 0.7890625 0.4618055555555556 0.787109375 0.4583333333333333 0.7734375 0.4548611111111111 0.77734375 0.4444444444444444 0.783203125 0.4444444444444444 0.78515625 0.4409722222222222 0.802734375 0.4409722222222222
0 0.2890625 0.5729166666666666 0.291015625 0.5763888888888888 0.3046875 0.5798611111111112 0.322265625 0.5972222222222222 0.322265625 0.6076388888888888 0.3125 0.6180555555555556 0.310546875 0.6215277777777778 0.310546875 0.6319444444444444 0.306640625 0.6354166666666666 0.298828125 0.6354166666666666 0.296875 0.6388888888888888 0.271484375 0.6388888888888888 0.26953125 0.6423611111111112 0.26953125 0.6354166666666666 0.265625 0.6284722222222222 0.26171875 0.6284722222222222 0.25390625 0.6458333333333334 0.25 0.6458333333333334 0.248046875 0.6423611111111112 0.244140625 0.6458333333333334 0.20703125 0.6458333333333334 0.205078125 0.6493055555555556 0.19140625 0.6527777777777778 0.189453125 0.65625 0.177734375 0.65625 0.17578125 0.6180555555555556 0.181640625 0.6076388888888888 0.185546875 0.6041666666666666 0.19140625 0.6041666666666666 0.193359375 0.6006944444444444 0.193359375 0.5902777777777778 0.201171875 0.5833333333333334 0.208984375 0.5833333333333334 0.2109375 0.5798611111111112 0.21875 0.5798611111111112 0.220703125 0.5763888888888888 0.228515625 0.5763888888888888 0.23046875 0.5729166666666666 0.23828125 0.5729166666666666 0.240234375 0.5694444444444444 0.27734375 0.5694444444444444 0.279296875 0.5729166666666666 0.287109375 0.5729166666666666
0 0.20703125 0.3784722222222222 0.208984375 0.3819444444444444 0.216796875 0.3819444444444444 0.2265625 0.3888888888888889 0.228515625 0.3923611111111111 0.2265625 0.3993055555555556 0.17578125 0.3993055555555556 0.173828125 0.3958333333333333 0.173828125 0.3888888888888889 0.17578125 0.3819444444444444 0.18359375 0.3715277777777778 0.189453125 0.3715277777777778 0.193359375 0.3784722222222222 0.205078125 0.3784722222222222
0 0.5859375 0.6076388888888888 0.599609375 0.6076388888888888 0.607421875 0.6180555555555556 0.6171875 0.625 0.62109375 0.6319444444444444 0.6328125 0.6423611111111112 0.65234375 0.6770833333333334 0.65625 0.6805555555555556 0.65625 0.6840277777777778 0.6484375 0.6840277777777778 0.623046875 0.6597222222222222 0.615234375 0.65625 0.611328125 0.6493055555555556 0.595703125 0.6354166666666666 0.5859375 0.6180555555555556 0.5859375 0.6111111111111112
0 0.08203125 0.28125 0.087890625 0.2916666666666667 0.068359375 0.2951388888888889 0.052734375 0.3090277777777778 0.025390625 0.3159722222222222 0.0234375 0.3194444444444444 0 0.3194444444444444 0 0.3020833333333333 0.00390625 0.2986111111111111 0.009765625 0.2986111111111111 0.01953125 0.2916666666666667 0.02734375 0.2916666666666667 0.029296875 0.2881944444444444 0.0390625 0.2881944444444444 0.041015625 0.2847222222222222 0.068359375 0.2847222222222222 0.0703125 0.28125 0.080078125 0.28125
0 0.255859375 0.24305555555555555 0.255859375 0.2534722222222222 0.251953125 0.2604166666666667 0.2421875 0.2673611111111111 0.232421875 0.28125 0.228515625 0.28125 0.20703125 0.2986111111111111 0.1953125 0.2986111111111111 0.193359375 0.2951388888888889 0.193359375 0.2881944444444444 0.203125 0.2743055555555556 0.2109375 0.2708333333333333 0.21484375 0.2604166666666667 0.21875 0.2604166666666667 0.2265625 0.25 0.234375 0.2569444444444444 0.23828125 0.2569444444444444 0.25 0.2465277777777778 0.25390625 0.2465277777777778
0 0.27734375 0.3923611111111111 0.27734375 0.3854166666666667 0.28515625 0.375 0.291015625 0.375 0.296875 0.3680555555555556 0.30078125 0.3680555555555556 0.3203125 0.3541666666666667 0.330078125 0.3541666666666667 0.33203125 0.3506944444444444 0.357421875 0.3506944444444444 0.359375 0.3541666666666667 0.35546875 0.3576388888888889 0.349609375 0.3576388888888889 0.341796875 0.3680555555555556 0.337890625 0.3680555555555556 0.326171875 0.3784722222222222 0.322265625 0.3784722222222222 0.314453125 0.3854166666666667 0.30859375 0.3854166666666667 0.30078125 0.3923611111111111 0.279296875 0.3923611111111111
0 0.552734375 0.4618055555555556 0.5546875 0.4652777777777778 0.56640625 0.4652777777777778 0.568359375 0.46875 0.564453125 0.4861111111111111 0.55859375 0.4965277777777778 0.544921875 0.4965277777777778 0.53515625 0.4826388888888889 0.53125 0.4826388888888889 0.529296875 0.4791666666666667 0.53125 0.4722222222222222 0.537109375 0.46875 0.541015625 0.4618055555555556 0.55078125 0.4618055555555556
0 0.998046875 0.3402777777777778 0.998046875 0.3645833333333333 0.994140625 0.3645833333333333 0.9921875 0.3680555555555556 0.962890625 0.3645833333333333 0.9609375 0.3611111111111111 0.9609375 0.3541666666666667 0.962890625 0.3506944444444444 0.966796875 0.3506944444444444 0.974609375 0.34375 0.98046875 0.34375 0.982421875 0.3402777777777778 0.99609375 0.3402777777777778
0 0.3203125 0.3368055555555556 0.3203125 0.3298611111111111 0.33203125 0.3055555555555556 0.3359375 0.3055555555555556 0.35546875 0.2916666666666667 0.365234375 0.2916666666666667 0.3671875 0.2951388888888889 0.3671875 0.3125 0.35546875 0.3263888888888889 0.349609375 0.3263888888888889 0.337890625 0.3368055555555556 0.322265625 0.3368055555555556
0 0.3658854166666667 0.4212962962962963 0.0234375 0.024074074074074074
0 0.15234375 0.5208333333333334 0.154296875 0.5243055555555556 0.154296875 0.5381944444444444 0.1484375 0.5520833333333334 0.140625 0.5520833333333334 0.13671875 0.5451388888888888 0.13671875 0.5347222222222222 0.142578125 0.5243055555555556 0.150390625 0.5208333333333334
0 0.078125 0.3715277777777778 0.08203125 0.3680555555555556 0.107421875 0.3680555555555556 0.109375 0.3645833333333333 0.150390625 0.3645833333333333 0.150390625 0.3715277777777778 0.15234375 0.375 0.15234375 0.3784722222222222 0.13671875 0.3784722222222222 0.134765625 0.3819444444444444 0.119140625 0.3854166666666667 0.111328125 0.3923611111111111 0.1015625 0.3923611111111111 0.099609375 0.3958333333333333 0.08203125 0.3958333333333333 0.078125 0.3854166666666667 0.078125 0.375
0 0.234375 0.3020833333333333 0.234375 0.3090277777777778 0.23828125 0.3194444444444444 0.234375 0.3229166666666667 0.228515625 0.3229166666666667 0.212890625 0.3402777777777778 0.17578125 0.34375 0.166015625 0.3506944444444444 0.146484375 0.3506944444444444 0.14453125 0.3472222222222222 0.140625 0.3472222222222222 0.138671875 0.3402777777777778 0.146484375 0.3298611111111111 0.16015625 0.3263888888888889 0.17578125 0.3159722222222222 0.197265625 0.3125 0.19921875 0.3090277777777778 0.22265625 0.3090277777777778 0.224609375 0.3055555555555556 0.232421875 0.3055555555555556
0 0.673828125 0.4097222222222222 0.68359375 0.4166666666666667 0.69921875 0.4201388888888889 0.701171875 0.4270833333333333 0.697265625 0.4270833333333333 0.6953125 0.4305555555555556 0.666015625 0.4305555555555556 0.6640625 0.4270833333333333 0.650390625 0.4236111111111111 0.6484375 0.4201388888888889 0.6484375 0.4131944444444444 0.65234375 0.4131944444444444 0.654296875 0.4097222222222222 0.671875 0.4097222222222222
0 0.1953125 0.4270833333333333 0.197265625 0.4305555555555556 0.205078125 0.4305555555555556 0.20703125 0.4270833333333333 0.216796875 0.4270833333333333 0.21875 0.4305555555555556 0.240234375 0.4305555555555556 0.240234375 0.4409722222222222 0.23828125 0.4444444444444444 0.22265625 0.4444444444444444 0.220703125 0.4479166666666667 0.212890625 0.4479166666666667 0.2109375 0.4513888888888889 0.203125 0.4513888888888889 0.201171875 0.4548611111111111 0.1640625 0.4548611111111111 0.16015625 0.4513888888888889 0.16015625 0.4409722222222222 0.1640625 0.4375 0.169921875 0.4375 0.171875 0.4340277777777778 0.189453125 0.4305555555555556 0.193359375 0.4270833333333333
0 0.259765625 0.4305555555555556 0.271484375 0.4166666666666667 0.283203125 0.4131944444444444 0.28515625 0.4097222222222222 0.322265625 0.4097222222222222 0.322265625 0.4131944444444444 0.31640625 0.4201388888888889 0.30078125 0.4236111111111111 0.28515625 0.4340277777777778 0.26171875 0.4340277777777778
0 0.369140625 0.3576388888888889 0.373046875 0.3715277777777778 0.37109375 0.3784722222222222 0.35546875 0.3784722222222222 0.353515625 0.375 0.34375 0.3715277777777778 0.34765625 0.3611111111111111 0.3671875 0.3576388888888889
0 0.234375 0.3819444444444444 0.2421875 0.375 0.25390625 0.3715277777777778 0.255859375 0.3680555555555556 0.26171875 0.3680555555555556 0.263671875 0.3645833333333333 0.287109375 0.3611111111111111 0.287109375 0.3680555555555556 0.271484375 0.3819444444444444 0.259765625 0.3854166666666667 0.25390625 0.3923611111111111 0.236328125 0.3923611111111111 0.234375 0.3854166666666667
0 0.095703125 0.4583333333333333 0.109375 0.4513888888888889 0.115234375 0.4444444444444444 0.130859375 0.4409722222222222 0.1328125 0.4375 0.16015625 0.4375 0.15625 0.4479166666666667 0.15234375 0.4479166666666667 0.14453125 0.4548611111111111 0.138671875 0.4548611111111111 0.126953125 0.4652777777777778 0.109375 0.46875 0.099609375 0.4756944444444444 0.095703125 0.4722222222222222 0.09375 0.4652777777777778 0.095703125 0.4618055555555556
0 0.357421875 0.5694444444444444 0.361328125 0.5833333333333334 0.357421875 0.5902777777777778 0.353515625 0.6076388888888888 0.341796875 0.6284722222222222 0.333984375 0.6284722222222222 0.33984375 0.59375 0.333984375 0.5798611111111112 0.330078125 0.5555555555555556 0.33203125 0.5520833333333334 0.337890625 0.5520833333333334 0.33984375 0.5555555555555556 0.34375 0.5555555555555556 0.34765625 0.5625 0.3515625 0.5625 0.35546875 0.5694444444444444
0 0.939453125 0.3819444444444444 0.935546875 0.3923611111111111 0.935546875 0.3993055555555556 0.943359375 0.4201388888888889 0.94921875 0.4270833333333333 0.94921875 0.4340277777777778 0.951171875 0.4375 0.951171875 0.4479166666666667 0.9453125 0.4583333333333333 0.943359375 0.4583333333333333 0.939453125 0.4444444444444444 0.935546875 0.4409722222222222 0.9296875 0.4236111111111111 0.9296875 0.3958333333333333 0.93359375 0.3854166666666667 0.9375 0.3819444444444444
0 0.341796875 0.4618055555555556 0.341796875 0.4583333333333333 0.3359375 0.4479166666666667 0.3359375 0.4409722222222222 0.333984375 0.4375 0.3359375 0.4305555555555556 0.341796875 0.4305555555555556 0.349609375 0.4513888888888889 0.349609375 0.4618055555555556 0.34375 0.4618055555555556
0 0.92578125 0.5208333333333334 0.9296875 0.5138888888888888 0.947265625 0.5104166666666666 0.94921875 0.5138888888888888 0.96484375 0.5138888888888888 0.966796875 0.5173611111111112 0.974609375 0.5173611111111112 0.9765625 0.5208333333333334 0.984375 0.5208333333333334 0.986328125 0.5243055555555556 0.998046875 0.5243055555555556 0.998046875 0.5486111111111112 0.966796875 0.5486111111111112 0.96484375 0.5451388888888888 0.95703125 0.5451388888888888 0.94921875 0.5381944444444444 0.943359375 0.5381944444444444 0.94140625 0.5347222222222222 0.931640625 0.53125 0.927734375 0.5243055555555556
0 0.13671875 0.3090277777777778 0.140625 0.3159722222222222 0.140625 0.3298611111111111 0.13671875 0.3368055555555556 0.1328125 0.3368055555555556 0.126953125 0.3263888888888889 0.126953125 0.3125 0.12890625 0.3090277777777778 0.134765625 0.3090277777777778
0 0.166015625 0.3576388888888889 0.169921875 0.3472222222222222 0.1796875 0.3472222222222222 0.181640625 0.34375 0.21484375 0.34375 0.21875 0.3541666666666667 0.21484375 0.3576388888888889 0.20703125 0.3576388888888889 0.205078125 0.3611111111111111 0.16796875 0.3576388888888889
0 0.564453125 0.3923611111111111 0.572265625 0.4027777777777778 0.572265625 0.4097222222222222 0.556640625 0.4201388888888889 0.548828125 0.4201388888888889 0.544921875 0.4131944444444444 0.53515625 0.40625 0.533203125 0.3923611111111111 0.5390625 0.3819444444444444 0.556640625 0.3819444444444444 0.5625 0.3923611111111111
0 0.861328125 0.5347222222222222 0.861328125 0.5416666666666666 0.830078125 0.5416666666666666 0.828125 0.5451388888888888 0.80078125 0.5520833333333334 0.79296875 0.5590277777777778 0.775390625 0.5590277777777778 0.771484375 0.5520833333333334 0.7734375 0.5416666666666666 0.79296875 0.5243055555555556 0.80078125 0.5243055555555556 0.802734375 0.5208333333333334 0.8359375 0.5208333333333334 0.837890625 0.5243055555555556 0.845703125 0.5243055555555556 0.859375 0.5347222222222222
0 0.333984375 0.40625 0.3359375 0.4097222222222222 0.341796875 0.4097222222222222 0.3515625 0.4166666666666667 0.35546875 0.4236111111111111 0.35546875 0.4270833333333333 0.3515625 0.4305555555555556 0.333984375 0.4305555555555556 0.32421875 0.4201388888888889 0.322265625 0.4131944444444444 0.33203125 0.40625
0 0.228515625 0.25 0.232421875 0.2569444444444444 0.240234375 0.2569444444444444 0.25390625 0.2465277777777778 0.25390625 0.2534722222222222 0.25 0.2604166666666667 0.23046875 0.28125 0.2265625 0.28125 0.205078125 0.2986111111111111 0.177734375 0.2951388888888889 0.16796875 0.3020833333333333 0.1484375 0.3020833333333333 0.146484375 0.2986111111111111 0.1484375 0.2916666666666667 0.154296875 0.2847222222222222 0.16796875 0.2743055555555556 0.173828125 0.2743055555555556 0.17578125 0.2708333333333333 0.185546875 0.2673611111111111 0.1875 0.2638888888888889 0.193359375 0.2638888888888889 0.1953125 0.2604166666666667 0.21484375 0.2604166666666667 0.2265625 0.25
0 0.13229166666666667 0.41712962962962963 0.084375 0.03796296296296296
0 0.021484375 0.3854166666666667 0.025390625 0.3888888888888889 0.029296875 0.40625 0.01953125 0.4131944444444444 0 0.4131944444444444 0 0.3923611111111111 0.009765625 0.3854166666666667 0.01953125 0.3854166666666667
0 0.21484375 0.2604166666666667 0.212890625 0.2673611111111111 0.205078125 0.2743055555555556 0.201171875 0.2743055555555556 0.19140625 0.2916666666666667 0.19140625 0.2951388888888889 0.177734375 0.2951388888888889 0.16796875 0.3020833333333333 0.146484375 0.3020833333333333 0.146484375 0.2951388888888889 0.150390625 0.2881944444444444 0.162109375 0.2777777777777778 0.166015625 0.2777777777777778 0.173828125 0.2708333333333333 0.1796875 0.2708333333333333 0.1875 0.2638888888888889 0.193359375 0.2638888888888889 0.1953125 0.2604166666666667 0.212890625 0.2604166666666667
0 0.998046875 0.3159722222222222 0.998046875 0.3368055555555556 0.966796875 0.3368055555555556 0.96484375 0.3333333333333333 0.955078125 0.3333333333333333 0.943359375 0.3229166666666667 0.9453125 0.3159722222222222 0.951171875 0.3159722222222222 0.953125 0.3125 0.990234375 0.3125 0.9921875 0.3159722222222222 0.99609375 0.3159722222222222
0 0.3671875 0.3125 0.37109375 0.3194444444444444 0.37109375 0.3298611111111111 0.369140625 0.3368055555555556 0.35546875 0.3368055555555556 0.35546875 0.3263888888888889 0.359375 0.3194444444444444 0.365234375 0.3159722222222222
0 0.6796875 0.3680555555555556 0.6875 0.375 0.693359375 0.375 0.701171875 0.3854166666666667 0.71875 0.3854166666666667 0.72265625 0.3888888888888889 0.72265625 0.3958333333333333 0.720703125 0.3993055555555556 0.70703125 0.3993055555555556 0.697265625 0.3923611111111111 0.6796875 0.3923611111111111 0.677734375 0.3888888888888889 0.66796875 0.3854166666666667 0.662109375 0.3784722222222222 0.662109375 0.3715277777777778 0.6640625 0.3680555555555556 0.677734375 0.3680555555555556