0 0.7265625 0.3888888888888889 0.728515625 0.3923611111111111 0.73828125 0.3923611111111111 0.748046875 0.3993055555555556 0.75 0.40625 0.75 0.4201388888888889 0.740234375 0.4340277777777778 0.732421875 0.4270833333333333 0.7265625 0.4166666666666667 0.716796875 0.4097222222222222 0.712890625 0.4027777777777778 0.712890625 0.3923611111111111 0.724609375 0.3888888888888889
0 0.244140625 0.5729166666666666 0.24609375 0.5763888888888888 0.265625 0.5798611111111112 0.275390625 0.5868055555555556 0.279296875 0.59375 0.283203125 0.59375 0.2890625 0.6041666666666666 0.291015625 0.6041666666666666 0.2890625 0.6111111111111112 0.2890625 0.6215277777777778 0.275390625 0.6388888888888888 0.2578125 0.6423611111111112 0.255859375 0.6458333333333334 0.244140625 0.6458333333333334 0.228515625 0.65625 0.173828125 0.65625 0.171875 0.6527777777777778 0.171875 0.6458333333333334 0.17578125 0.6354166666666666 0.171875 0.6284722222222222 0.171875 0.6111111111111112 0.177734375 0.6041666666666666 0.193359375 0.6041666666666666 0.1953125 0.5972222222222222 0.1875 0.5902777777777778 0.193359375 0.5798611111111112 0.205078125 0.5798611111111112 0.20703125 0.5763888888888888 0.21484375 0.5763888888888888 0.216796875 0.5729166666666666 0.2421875 0.5729166666666666
0 0.669921875 0.4270833333333333 0.671875 0.4305555555555556 0.669921875 0.4444444444444444 0.66015625 0.4583333333333333 0.65234375 0.4583333333333333 0.646484375 0.4513888888888889 0.625 0.4583333333333333 0.623046875 0.4548611111111111 0.615234375 0.4548611111111111 0.61328125 0.4513888888888889 0.619140625 0.4444444444444444 0.625 0.4444444444444444 0.626953125 0.4409722222222222 0.638671875 0.4409722222222222 0.640625 0.4375 0.65234375 0.4375 0.66796875 0.4270833333333333
0 0.580078125 0.6041666666666666 0.591796875 0.6041666666666666 0.60546875 0.6180555555555556 0.609375 0.6180555555555556 0.642578125 0.6597222222222222 0.65234375 0.6666666666666666 0.6640625 0.6805555555555556 0.6640625 0.6840277777777778 0.65625 0.6736111111111112 0.64453125 0.6736111111111112 0.6328125 0.6631944444444444 0.62890625 0.6631944444444444 0.626953125 0.6597222222222222 0.6171875 0.65625 0.611328125 0.6493055555555556 0.6015625 0.6458333333333334 0.59765625 0.6388888888888888 0.587890625 0.6319444444444444 0.58203125 0.6215277777777778 0.580078125 0.6076388888888888
0 0.5703125 0.2847222222222222 0.576171875 0.2743055555555556 0.580078125 0.2743055555555556 0.5859375 0.2673611111111111 0.6015625 0.2604166666666667 0.603515625 0.2638888888888889 0.603515625 0.2708333333333333 0.599609375 0.2777777777777778 0.59765625 0.2881944444444444 0.59375 0.2916666666666667 0.578125 0.2916666666666667 0.576171875 0.2881944444444444 0.572265625 0.2881944444444444
0 0.12109375 0.2743055555555556 0.123046875 0.2777777777777778 0.134765625 0.2743055555555556 0.134765625 0.2916666666666667 0.130859375 0.2881944444444444 0.119140625 0.2881944444444444 0.111328125 0.2951388888888889 0.103515625 0.2951388888888889 0.1015625 0.2986111111111111 0.0859375 0.2986111111111111 0.083984375 0.3020833333333333 0.05078125 0.3020833333333333 0.046875 0.2986111111111111 0.046875 0.2916666666666667 0.052734375 0.2847222222222222 0.05859375 0.2847222222222222 0.064453125 0.2777777777777778 0.076171875 0.2777777777777778 0.078125 0.2743055555555556 0.119140625 0.2743055555555556
0 0.35963541666666665 0.4574074074074074 0.04010416666666666 0.027777777777777776
0 0.177734375 0.2638888888888889 0.208984375 0.2361111111111111 0.21484375 0.2361111111111111 0.228515625 0.22569444444444445 0.240234375 0.22569444444444445 0.2421875 0.2222222222222222 0.248046875 0.2222222222222222 0.255859375 0.2152777777777778 0.255859375 0.2222222222222222 0.25 0.2326388888888889 0.21484375 0.2638888888888889 0.203125 0.2673611111111111 0.201171875 0.2708333333333333 0.1953125 0.2708333333333333 0.193359375 0.2743055555555556 0.177734375 0.2743055555555556 0.177734375 0.2673611111111111
0 0.3671875 0.3402777777777778 0.373046875 0.3506944444444444 0.373046875 0.3645833333333333 0.365234375 0.3645833333333333 0.36328125 0.3680555555555556 0.35546875 0.3680555555555556 0.353515625 0.3715277777777778 0.34375 0.3715277777777778 0.341796875 0.375 0.32421875 0.375 0.322265625 0.3784722222222222 0.3125 0.3784722222222222 0.310546875 0.3819444444444444 0.298828125 0.3819444444444444 0.296875 0.3784722222222222 0.298828125 0.3715277777777778 0.3046875 0.3680555555555556 0.30859375 0.3611111111111111 0.3203125 0.3576388888888889 0.3359375 0.3472222222222222 0.345703125 0.3472222222222222 0.34765625 0.34375 0.365234375 0.3402777777777778
0 0.9588541666666667 0.374537037037037 0.06041666666666667 0.04722222222222222
0 0.55859375 0.4201388888888889 0.564453125 0.4270833333333333 0.560546875 0.4340277777777778 0.556640625 0.4340277777777778 0.5546875 0.4375 0.544921875 0.4375 0.54296875 0.4409722222222222 0.5390625 0.4409722222222222 0.537109375 0.4375 0.537109375 0.4236111111111111 0.5390625 0.4201388888888889 0.556640625 0.4201388888888889
0 0.189453125 0.3645833333333333 0.193359375 0.375 0.19140625 0.3819444444444444 0.162109375 0.3819444444444444 0.16015625 0.3854166666666667 0.1484375 0.3854166666666667 0.146484375 0.3888888888888889 0.10546875 0.3888888888888889 0.103515625 0.3854166666666667 0.09765625 0.3854166666666667 0.09375 0.3819444444444444 0.09375 0.3715277777777778 0.09765625 0.3680555555555556 0.103515625 0.3680555555555556 0.10546875 0.3645833333333333 0.115234375 0.3645833333333333 0.1171875 0.3611111111111111 0.142578125 0.3611111111111111 0.14453125 0.3645833333333333 0.1640625 0.3645833333333333 0.166015625 0.3680555555555556 0.1875 0.3680555555555556
0 0.359375 0.5833333333333334 0.359375 0.5902777777777778 0.3515625 0.6111111111111112 0.34765625 0.6111111111111112 0.345703125 0.6145833333333334 0.333984375 0.6145833333333334 0.33203125 0.6180555555555556 0.32421875 0.6180555555555556 0.3203125 0.6145833333333334 0.3125 0.6006944444444444 0.30859375 0.5868055555555556 0.310546875 0.5833333333333334 0.32421875 0.5833333333333334 0.330078125 0.5902777777777778 0.3359375 0.5902777777777778 0.337890625 0.59375 0.349609375 0.59375 0.357421875 0.5868055555555556
0 0.23828125 0.3055555555555556 0.240234375 0.3090277777777778 0.26171875 0.3090277777777778 0.263671875 0.3055555555555556 0.267578125 0.3055555555555556 0.267578125 0.3125 0.265625 0.3159722222222222 0.251953125 0.3263888888888889 0.240234375 0.3298611111111111 0.23828125 0.3333333333333333 0.232421875 0.3333333333333333 0.23046875 0.3368055555555556 0.21484375 0.3368055555555556 0.212890625 0.3402777777777778 0.19921875 0.3368055555555556 0.193359375 0.3298611111111111 0.1875 0.3298611111111111 0.18359375 0.3263888888888889 0.1796875 0.3194444444444444 0.18359375 0.3125 0.1875 0.3125 0.1953125 0.3055555555555556 0.236328125 0.3055555555555556
0 0.12890625 0.4270833333333333 0.1328125 0.4166666666666667 0.146484375 0.4097222222222222 0.162109375 0.3958333333333333 0.16796875 0.3958333333333333 0.177734375 0.3888888888888889 0.1875 0.3888888888888889 0.189453125 0.3854166666666667 0.212890625 0.3819444444444444 0.21484375 0.3854166666666667 0.212890625 0.3923611111111111 0.19921875 0.3958333333333333 0.181640625 0.4131944444444444 0.177734375 0.4131944444444444 0.1640625 0.4236111111111111 0.15234375 0.4270833333333333 0.150390625 0.4305555555555556 0.14453125 0.4305555555555556 0.142578125 0.4340277777777778 0.1328125 0.4340277777777778 0.130859375 0.4305555555555556
0 0.21666666666666667 0.3523148148148148 0.034375 0.02314814814814815
0 0.1171875 0.4513888888888889 0.115234375 0.4652777777777778 0.111328125 0.4652777777777778 0.1015625 0.4756944444444444 0.09375 0.4756944444444444 0.091796875 0.46875 0.091796875 0.4548611111111111 0.09375 0.4513888888888889 0.115234375 0.4513888888888889
0 0.21484375 0.3819444444444444 0.21875 0.3784722222222222 0.2265625 0.3819444444444444 0.23046875 0.3854166666666667 0.23828125 0.4027777777777778 0.255859375 0.4027777777777778 0.2578125 0.3993055555555556 0.263671875 0.3993055555555556 0.265625 0.4027777777777778 0.265625 0.4131944444444444 0.248046875 0.4131944444444444 0.240234375 0.4201388888888889 0.236328125 0.4270833333333333 0.23828125 0.4340277777777778 0.236328125 0.4409722222222222 0.23046875 0.4340277777777778 0.185546875 0.4375 0.18359375 0.4340277777777778 0.18359375 0.4270833333333333 0.19140625 0.4166666666666667 0.224609375 0.4027777777777778 0.2265625 0.3993055555555556 0.216796875 0.3923611111111111 0.21484375 0.3854166666666667
0 0.998046875 0.3020833333333333 0.998046875 0.3159722222222222 0.99609375 0.3125 0.9921875 0.3125 0.9921875 0.3055555555555556 0.99609375 0.3020833333333333
0 0.328125 0.3923611111111111 0.330078125 0.3993055555555556 0.328125 0.40625 0.3125 0.4131944444444444 0.306640625 0.4201388888888889 0.29296875 0.4166666666666667 0.291015625 0.4131944444444444 0.291015625 0.40625 0.298828125 0.3958333333333333 0.326171875 0.3958333333333333
0 0.2908854166666667 0.3574074074074074 0.05364583333333333 0.037037037037037035
0 0.21484375 0.2708333333333333 0.23046875 0.25 0.248046875 0.2361111111111111 0.255859375 0.22569444444444445 0.26953125 0.22569444444444445 0.279296875 0.21875 0.291015625 0.21875 0.279296875 0.23958333333333334 0.279296875 0.25 0.275390625 0.2569444444444444 0.26171875 0.2604166666666667 0.25390625 0.2673611111111111 0.23828125 0.2708333333333333 0.236328125 0.2743055555555556 0.216796875 0.2743055555555556
0 0.1875 0.4409722222222222 0.189453125 0.4444444444444444 0.1875 0.4479166666666667 0.177734375 0.4479166666666667 0.17578125 0.4513888888888889 0.16796875 0.4513888888888889 0.166015625 0.4548611111111111 0.158203125 0.4548611111111111 0.15625 0.4583333333333333 0.1484375 0.4583333333333333 0.146484375 0.4618055555555556 0.13671875 0.4618055555555556 0.134765625 0.4652777777777778 0.126953125 0.4652777777777778 0.125 0.46875 0.115234375 0.4618055555555556 0.115234375 0.4513888888888889 0.119140625 0.4513888888888889 0.125 0.4444444444444444 0.140625 0.4409722222222222 0.142578125 0.4375 0.1796875 0.4375 0.181640625 0.4409722222222222 0.185546875 0.4409722222222222
0 0.8125 0.4340277777777778 0.828125 0.4444444444444444 0.84375 0.4444444444444444 0.84375 0.4479166666666667 0.837890625 0.4548611111111111 0.826171875 0.4548611111111111 0.82421875 0.4583333333333333 0.810546875 0.4583333333333333 0.802734375 0.4513888888888889 0.796875 0.4409722222222222 0.80078125 0.4340277777777778 0.810546875 0.4340277777777778
0 0.248046875 0.5729166666666666 0.25 0.5763888888888888 0.2578125 0.5763888888888888 0.267578125 0.5833333333333334 0.2734375 0.5972222222222222 0.271484375 0.6041666666666666 0.267578125 0.6076388888888888 0.259765625 0.6076388888888888 0.2578125 0.6111111111111112 0.25390625 0.6076388888888888 0.244140625 0.6076388888888888 0.2421875 0.6041666666666666 0.232421875 0.6041666666666666 0.23046875 0.6076388888888888 0.212890625 0.6111111111111112 0.189453125 0.5902777777777778 0.193359375 0.5798611111111112 0.197265625 0.5798611111111112 0.19921875 0.5763888888888888 0.21484375 0.5763888888888888 0.216796875 0.5729166666666666 0.224609375 0.5729166666666666 0.2265625 0.5694444444444444 0.23046875 0.5729166666666666 0.24609375 0.5729166666666666
0 0.998046875 0.4826388888888889 0.998046875 0.5208333333333334 0.99609375 0.5173611111111112 0.990234375 0.5173611111111112 0.98828125 0.5138888888888888 0.9765625 0.5104166666666666 0.97265625 0.5034722222222222 0.96875 0.5034722222222222 0.962890625 0.4930555555555556 0.962890625 0.4861111111111111 0.966796875 0.4826388888888889 0.99609375 0.4826388888888889
0 0.115234375 0.3020833333333333 0.123046875 0.3090277777777778 0.1328125 0.3090277777777778 0.140625 0.3159722222222222 0.142578125 0.3229166666666667 0.142578125 0.3298611111111111 0.138671875 0.3368055555555556 0.1328125 0.3368055555555556 0.126953125 0.3298611111111111 0.115234375 0.3055555555555556
0 0.33203125 0.3506944444444444 0.33203125 0.3541666666666667 0.330078125 0.3541666666666667 0.32421875 0.3645833333333333 0.3203125 0.3784722222222222 0.314453125 0.3784722222222222 0.3125 0.3819444444444444 0.296875 0.3819444444444444 0.296875 0.375 0.30078125 0.3680555555555556 0.3125 0.3576388888888889 0.318359375 0.3576388888888889 0.3203125 0.3541666666666667 0.326171875 0.3541666666666667 0.330078125 0.3506944444444444
0 0.54296875 0.3854166666666667 0.548828125 0.3854166666666667 0.5625 0.375 0.572265625 0.375 0.572265625 0.3888888888888889 0.57421875 0.3923611111111111 0.57421875 0.3993055555555556 0.5703125 0.40625 0.556640625 0.4097222222222222 0.5546875 0.40625 0.54296875 0.40625 0.541015625 0.4027777777777778 0.541015625 0.3923611111111111 0.54296875 0.3888888888888889
0 0.8046875 0.5069444444444444 0.806640625 0.5104166666666666 0.830078125 0.5138888888888888 0.8359375 0.5208333333333334 0.841796875 0.5208333333333334 0.84375 0.5243055555555556 0.853515625 0.5277777777777778 0.86328125 0.5381944444444444 0.87109375 0.5381944444444444 0.873046875 0.5416666666666666 0.876953125 0.5416666666666666 0.87890625 0.5381944444444444 0.880859375 0.5416666666666666 0.873046875 0.5520833333333334 0.841796875 0.5486111111111112 0.83984375 0.5451388888888888 0.8203125 0.5451388888888888 0.8125 0.5381944444444444 0.796875 0.5347222222222222 0.78515625 0.5243055555555556 0.783203125 0.5208333333333334 0.783203125 0.5138888888888888 0.79296875 0.5069444444444444 0.802734375 0.5069444444444444
0 0.140625 0.3472222222222222 0.13671875 0.3576388888888889 0.125 0.3576388888888889 0.123046875 0.3611111111111111 0.1015625 0.3645833333333333 0.099609375 0.3680555555555556 0.095703125 0.3680555555555556 0.091796875 0.375 0.0859375 0.3680555555555556 0.0859375 0.3611111111111111 0.103515625 0.3576388888888889 0.10546875 0.3541666666666667 0.125 0.3541666666666667 0.1328125 0.3472222222222222 0.138671875 0.3472222222222222
0 0.3671875 0.5798611111111112 0.357421875 0.6041666666666666 0.353515625 0.6180555555555556 0.353515625 0.6284722222222222 0.33984375 0.6319444444444444 0.322265625 0.65625 0.310546875 0.65625 0.31640625 0.6388888888888888 0.32421875 0.6284722222222222 0.32421875 0.6215277777777778 0.310546875 0.5972222222222222 0.30859375 0.5902777777777778 0.310546875 0.5833333333333334 0.32421875 0.5833333333333334 0.330078125 0.5902777777777778 0.3359375 0.5902777777777778 0.337890625 0.59375 0.349609375 0.59375 0.35546875 0.5833333333333334 0.359375 0.5798611111111112 0.365234375 0.5798611111111112
0 0.771484375 0.3541666666666667 0.7734375 0.3611111111111111 0.76953125 0.3611111111111111 0.767578125 0.3645833333333333 0.7578125 0.3645833333333333 0.748046875 0.3715277777777778 0.73828125 0.3715277777777778 0.734375 0.3784722222222222 0.73046875 0.3784722222222222 0.72265625 0.3854166666666667 0.69140625 0.3854166666666667 0.6875 0.3819444444444444 0.6875 0.375 0.69921875 0.3645833333333333 0.71484375 0.3611111111111111 0.716796875 0.3576388888888889 0.732421875 0.3576388888888889 0.734375 0.3611111111111111 0.740234375 0.3611111111111111 0.7421875 0.3576388888888889 0.75 0.3576388888888889 0.751953125 0.3541666666666667 0.76953125 0.3541666666666667
0 0.353515625 0.4027777777777778 0.36328125 0.4097222222222222 0.375 0.4097222222222222 0.37890625 0.4201388888888889 0.369140625 0.4270833333333333 0.34765625 0.4270833333333333 0.337890625 0.4201388888888889 0.3359375 0.4131944444444444 0.3359375 0.40625 0.337890625 0.4027777777777778 0.3515625 0.4027777777777778
0 0.7109375 0.3923611111111111 0.7109375 0.4027777777777778 0.70703125 0.40625 0.6953125 0.40625 0.693359375 0.4097222222222222 0.671875 0.4097222222222222 0.66796875 0.40625 0.669921875 0.3993055555555556 0.681640625 0.3888888888888889 0.70703125 0.3888888888888889 0.708984375 0.3923611111111111
0 0.32421875 0.375 0.32421875 0.3680555555555556 0.333984375 0.3506944444444444 0.34765625 0.3472222222222222 0.349609375 0.34375 0.357421875 0.34375 0.359375 0.3402777777777778 0.369140625 0.3402777777777778 0.373046875 0.3472222222222222 0.373046875 0.3645833333333333 0.35546875 0.3680555555555556 0.353515625 0.3715277777777778 0.345703125 0.3715277777777778 0.34375 0.375 0.326171875 0.375
0 0.578125 0.3958333333333333 0.580078125 0.3993055555555556 0.5703125 0.4097222222222222 0.54296875 0.40625 0.541015625 0.4027777777777778 0.541015625 0.3888888888888889 0.54296875 0.3854166666666667 0.5546875 0.3819444444444444 0.5625 0.375 0.572265625 0.375 0.572265625 0.3888888888888889 0.576171875 0.3958333333333333