0 0.626953125 0.4583333333333333 0.638671875 0.4583333333333333 0.638671875 0.4618055555555556 0.634765625 0.4652777777777778 0.634765625 0.4722222222222222 0.638671875 0.4826388888888889 0.638671875 0.5277777777777778 0.63671875 0.53125 0.630859375 0.53125 0.630859375 0.5138888888888888 0.62890625 0.5104166666666666 0.62890625 0.4756944444444444 0.630859375 0.46875 0.626953125 0.4618055555555556
0 0.484375 0.3159722222222222 0.48828125 0.3159722222222222 0.48828125 0.3472222222222222 0.484375 0.3333333333333333 0.484375 0.3194444444444444
0 0.4744791666666667 0.6300925925925926 0.011458333333333333 0.036111111111111115
0 0.6015625 0.6736111111111112 0.60546875 0.6770833333333334 0.6171875 0.6736111111111112 0.61328125 0.6840277777777778 0.615234375 0.6909722222222222 0.619140625 0.6944444444444444 0.619140625 0.7048611111111112 0.62109375 0.7118055555555556 0.619140625 0.7152777777777778 0.6171875 0.7395833333333334 0.615234375 0.7395833333333334 0.609375 0.7291666666666666 0.609375 0.71875 0.607421875 0.7152777777777778 0.609375 0.7083333333333334 0.609375 0.6840277777777778 0.603515625 0.6770833333333334
0 0.541015625 0.2673611111111111 0.544921875 0.2777777777777778 0.544921875 0.3020833333333333 0.54296875 0.3055555555555556 0.54296875 0.3159722222222222 0.5390625 0.3125 0.5390625 0.2881944444444444 0.541015625 0.2847222222222222 0.541015625 0.2743055555555556 0.5390625 0.2708333333333333
0 0.505859375 0.3784722222222222 0.509765625 0.3958333333333333 0.5078125 0.3993055555555556 0.5078125 0.40625 0.505859375 0.40625 0.505859375 0.3819444444444444
0 0.341796875 0.9409722222222222 0.341796875 0.9305555555555556 0.34375 0.9270833333333334 0.349609375 0.9270833333333334 0.345703125 0.9409722222222222 0.34375 0.9409722222222222
0 0.486328125 0.2465277777777778 0.48828125 0.2465277777777778 0.486328125 0.2708333333333333 0.484375 0.2708333333333333 0.484375 0.2569444444444444 0.486328125 0.25
0 0.65234375 0.5277777777777778 0.654296875 0.5277777777777778 0.658203125 0.5381944444444444 0.658203125 0.5451388888888888 0.65625 0.5486111111111112 0.658203125 0.5520833333333334 0.658203125 0.5590277777777778 0.65625 0.5625 0.65625 0.5798611111111112 0.650390625 0.5798611111111112 0.650390625 0.5486111111111112 0.65234375 0.5451388888888888 0.65234375 0.53125
0 0.486328125 0.2986111111111111 0.48828125 0.3020833333333333 0.48828125 0.3229166666666667 0.486328125 0.3159722222222222 0.486328125 0.3020833333333333
0 0.626953125 0.4791666666666667 0.626953125 0.5104166666666666 0.62890625 0.5138888888888888 0.62890625 0.5208333333333334 0.626953125 0.5243055555555556 0.626953125 0.5347222222222222 0.623046875 0.5416666666666666 0.6171875 0.5416666666666666 0.615234375 0.5347222222222222 0.615234375 0.5173611111111112 0.6171875 0.5138888888888888 0.6171875 0.5 0.62109375 0.4895833333333333 0.62109375 0.4826388888888889 0.625 0.4791666666666667
0 0.470703125 0.3194444444444444 0.474609375 0.3298611111111111 0.474609375 0.34375 0.474609375 0.3333333333333333 0.470703125 0.3229166666666667
0 0.60546875 0.2465277777777778 0.607421875 0.25 0.61328125 0.25 0.626953125 0.2881944444444444 0.626953125 0.3159722222222222 0.625 0.3194444444444444 0.625 0.3402777777777778 0.623046875 0.34375 0.623046875 0.3506944444444444 0.630859375 0.375 0.630859375 0.3819444444444444 0.623046875 0.3715277777777778 0.6171875 0.3715277777777778 0.61328125 0.375 0.619140625 0.3541666666666667 0.6171875 0.3506944444444444 0.6171875 0.34375 0.609375 0.3298611111111111 0.607421875 0.3229166666666667 0.607421875 0.3125 0.59765625 0.2986111111111111 0.6015625 0.2881944444444444 0.6015625 0.28125 0.599609375 0.2777777777777778 0.599609375 0.25 0.603515625 0.2465277777777778
0 0.501953125 0.3194444444444444 0.505859375 0.3333333333333333 0.50390625 0.3402777777777778 0.5 0.3333333333333333 0.5 0.3263888888888889 0.501953125 0.3229166666666667
0 0.640625 0.90625 0.64453125 0.90625 0.6484375 0.9236111111111112 0.6484375 0.9270833333333334 0.64453125 0.9305555555555556 0.640625 0.9236111111111112 0.640625 0.9097222222222222
0 0.51953125 0.06597222222222222 0.521484375 0.06944444444444445 0.537109375 0.06944444444444445 0.529296875 0.0763888888888889 0.529296875 0.09375 0.52734375 0.10069444444444445 0.51171875 0.125 0.505859375 0.125 0.50390625 0.12152777777777778 0.50390625 0.11458333333333333 0.501953125 0.1111111111111111 0.501953125 0.10416666666666667 0.50390625 0.10069444444444445 0.501953125 0.09375 0.501953125 0.08333333333333333 0.5078125 0.08333333333333333 0.51953125 0.06944444444444445
0 0.501953125 0.5347222222222222 0.509765625 0.5625 0.5078125 0.5659722222222222 0.5078125 0.5729166666666666 0.5 0.5381944444444444
0 0.576171875 0.6388888888888888 0.576171875 0.6597222222222222 0.57421875 0.6597222222222222 0.57421875 0.6423611111111112
0 0.64453125 0.09027777777777778 0.646484375 0.09722222222222222 0.64453125 0.10069444444444445 0.64453125 0.11458333333333333 0.63671875 0.1423611111111111 0.634765625 0.14583333333333334 0.63671875 0.1111111111111111 0.642578125 0.09375
0 0.466796875 0.2708333333333333 0.46875 0.2777777777777778 0.46875 0.2881944444444444 0.470703125 0.2916666666666667 0.470703125 0.3020833333333333 0.46875 0.3090277777777778 0.466796875 0.3090277777777778 0.46484375 0.2743055555555556
0 0.447265625 0.03125 0.451171875 0.04861111111111111 0.44921875 0.08680555555555555 0.447265625 0.09027777777777778 0.443359375 0.09027777777777778 0.4453125 0.08680555555555555 0.4453125 0.034722222222222224
0 0.56640625 0.4131944444444444 0.568359375 0.4166666666666667 0.578125 0.4166666666666667 0.578125 0.4201388888888889 0.560546875 0.4201388888888889 0.55859375 0.4236111111111111 0.556640625 0.4166666666666667 0.55859375 0.4131944444444444 0.564453125 0.4131944444444444
0 0.494140625 0.2465277777777778 0.49609375 0.2465277777777778 0.49609375 0.2708333333333333 0.494140625 0.2708333333333333 0.494140625 0.25
0 0.6328125 0.5381944444444444 0.634765625 0.5416666666666666 0.634765625 0.5763888888888888 0.626953125 0.59375 0.62109375 0.59375 0.619140625 0.5902777777777778 0.619140625 0.5659722222222222 0.623046875 0.5555555555555556 0.623046875 0.5486111111111112 0.62890625 0.5381944444444444 0.630859375 0.5381944444444444
0 0.490234375 0.5625 0.494140625 0.5625 0.498046875 0.5763888888888888 0.498046875 0.6006944444444444 0.49609375 0.6006944444444444 0.4921875 0.5902777777777778 0.490234375 0.5659722222222222
0 0.34375 0.40625 0.34765625 0.40625 0.345703125 0.4201388888888889 0.34375 0.4201388888888889 0.341796875 0.4131944444444444 0.34375 0.4097222222222222
0 0.490234375 0.6076388888888888 0.494140625 0.6076388888888888 0.498046875 0.6215277777777778 0.498046875 0.6388888888888888 0.4921875 0.6215277777777778 0.4921875 0.6111111111111112
0 0.560546875 0.6597222222222222 0.5703125 0.6597222222222222 0.572265625 0.6631944444444444 0.57421875 0.6597222222222222 0.587890625 0.6597222222222222 0.58984375 0.6631944444444444 0.5859375 0.6666666666666666 0.580078125 0.6666666666666666 0.578125 0.6631944444444444 0.576171875 0.6666666666666666 0.560546875 0.6666666666666666 0.560546875 0.6631944444444444
0 0.501953125 0.3263888888888889 0.5078125 0.3506944444444444 0.5078125 0.3611111111111111 0.50390625 0.3541666666666667 0.501953125 0.3298611111111111
0 0.50390625 0.2465277777777778 0.509765625 0.2638888888888889 0.509765625 0.2708333333333333 0.505859375 0.2743055555555556 0.505859375 0.25
0 0.51171875 0.2638888888888889 0.513671875 0.2951388888888889 0.51171875 0.2986111111111111 0.509765625 0.2673611111111111
0 0.560546875 0.6215277777777778 0.564453125 0.6215277777777778 0.560546875 0.6388888888888888 0.55859375 0.6354166666666666 0.560546875 0.625